test/:
20201117
20201118
20201119
20201120
20201123
20201124
20201125
20201130
20201201
20201203
20201204
20201207
20201208
20201209
20201214
20201215
20201217
20201222
20201223
20201224
20201230
20201231
20210106
20210107
20210108
20210111
20210112
20210113
20210114
20210115
20210119
20210122
20210125
20210126
20210127
20210128
20210129
20210201
20210202
20210203
20210204
20210205
20210208
20210209
20210222
20210223
20210224
20210225
20210302
20210303
20210304
20210305
20210310
20210311
20210316
20210317
20210318
20210319
20210322
20210323
20210324
20210325
20210326
20210330
20210331
20210401
20210405
20210406
20210408
20210409
20210412
20210413
20210414
20210415
20210416
20210419
20210420
20210421
20210422
20210423
20210426
20210427
20210428
20210429
20210504
20210505
20210506
20210507
20210510
20210511
20210512
20210513
20210514
20210517
20210518
20210519
20210520
20210521
20210524
20210525
20210526
20210527
20210528
20210601
20210602
20210603
20210607
20210608
20210609
20210610
20210611
20210614
20210615
20210616
20210617
20210618
20210621
20210622
20210623
20210624
20210625
20210628
20210629
20210629mb
20210630
20210701
20210702
20210706
202107066
2021070666
logs
