EJH 5.21 6 2.83 11.040
LAIX 1.72 4 0.9023 7.624
SCPS 3.34 7 3.61 6.475
EEIQ 4.33 5 4.13 5.240
NEGG 3.07 20 12.79 4.800
NVOS 1.65 5 1.75 4.710
AACG 2.14 5 2.38 4.495
CPOP 2.34 5 2.97 3.935
VRPX 1.77 9 4.25 3.744
AUVI 2.56 8 5.58 3.664
DPW 1.56 5 2.13 3.660
JZXN 1.63 4 2.24 2.908
JG 1.30 3 1.5 2.598
EYES 1.22 6 2.86 2.556
JAN 3.24 5 6.54 2.475
NRXP 3.86 6 9.39 2.466
FCEL .18 130 9.48 2.340
KOSS 5.35 7 16.45 2.275
SIEB 1.53 5 3.46 2.210
AAME 1.97 5 4.49 2.190
CEMI .75 7 2.44 2.149
NAOV .27 11 1.39 2.134
AGRI .95 5 2.37 2.000
NURO 1.47 11 8.3 1.947
HX 1.40 6 4.37 1.920
BSQR .35 13 2.41 1.885
SGOC 1.19 9 5.99 1.782
TYME .45 4 1.01 1.780
INDP 2.52 5 7.47 1.685
AMC 1.21 57 40.79 1.653
CARV 3.92 6 14.65 1.602
MRIN 2.01 5 6.53 1.535
SPCE 1.26 24 19.94 1.512
IRNT 3.02 6 12.22 1.482
DWAC 30.01 3 63.25 1.422
GRTS 2.64 6 11.19 1.410
RMED .72 6 3.13 1.380
SPRT .81 20 11.8 1.360
AREC .62 5 2.3 1.345
CRTD .81 6 3.66 1.326
TAOP 1.35 3 3.21 1.260
SAVA 2.65 27 56.66 1.242
BBIG .30 20 4.78 1.240
WAVE 1.72 5 7.065 1.215
BTBT 1.45 10 11.93 1.210
NCTY 2.63 5 10.88 1.205
BIDU 1.78 117 165.37 1.170
PMCB 1.11 3 2.92 1.140
SNAP .57 113 52.94 1.130
ALYA 1.03 3 2.75 1.122
AUUD .41 7 2.58 1.106
JCS 1.40 3 3.8 1.104
EVK .60 6 3.26 1.104
CSCW .39 2 0.7089 1.100
SSY .91 3 2.48 1.098
NMRD 1.66 4 6.05 1.096
HGSH 1.16 2 2.12 1.094
GME 2.99 82 218.33 1.066
LMNL .65 3 1.85 1.053
CHCI 1.54 3 4.4027 1.047
PHUN .42 11 4.39 1.045
BNTC 1.24 3 3.56 1.044
FTEK .69 3 1.98 1.044
MARK .46 4 1.77 1.036
CTIB .40 5 1.95 1.025
LHDX 1.58 4 6.17 1.024
IGC .49 3 1.46 1.005
NIO .54 76 41.5 .988
WORX .44 4 1.78 .988
DLPN 2.14 5 10.91 .980
YJ .40 2 0.8219 .972
WAFU 1.50 4 6.2 .964
PBTS 1.24 1 1.29 .961
MTSL 1.08 3 3.37 .960
OCGN 1.12 11 12.73 .957
ERYP .89 3 2.82 .945
BLIN .41 8 3.45 .944
ANPC 1.24 2 2.63 .942
NVFY .73 3 2.34 .933
PRFX .77 3 2.48 .930
UPC .73 3 2.4 .912
ACRS 2.12 7 16.2 .910
TPST 2.19 5 12.24 .890
MOXC 1.33 4 6.16 .860
WHLM 1.20 4 5.62 .852
SJ 1.24 4 5.89 .840
CETX 1.20 1 1.44 .833
PTIX .84 2 2.04 .822
GRTX .50 3 1.83 .819
HOFV .98 2 2.41 .812
XPEV .47 81 46.64 .810
BB .84 11 11.73 .781
IMPL 1.70 5 10.98 .770
SYPR .80 4 4.15 .768
VVOS .78 4 4.11 .756
ANVS 3.73 6 30.01 .744
FULC 2.54 6 20.48 .744
CNET 1.11 1 1.51 .735
ASM .69 1 0.9386 .735
EYEG 1.45 1 1.98 .732
RIDE .85 5 5.79 .730
BBBY 1.02 14 19.3 .728
ADGI 3.21 7 31.1 .721
LODE .56 3 2.33 .720
PALI .71 3 2.96 .717
SNOA 1.43 3 5.99 .714
IDEX .36 4 2.02 .712
DYNT .22 5 1.56 .705
SPCB .32 2 0.9068 .704
CANF 1.04 1 1.49 .697
EBET 3.45 6 29.62 .696
OSAT 1.21 3 5.21 .696
HCWB 1.14 2 3.27 .696
BNGO .36 12 6.12 .696
VERY 1.39 4 8.1 .684
OPAD 1.25 4 7.32 .680
MVIS 1.51 4 8.93 .676
STAF .58 2 1.76 .658
MNOV 1.12 2 3.5 .640
TERN 1.53 4 9.6 .636
KALV 1.44 8 18.22 .632
VTNR .39 8 4.92 .632
CBAT .70 2 2.22 .630
MEDS .53 5 4.19 .630
NBRV .76 1 1.215 .625
SPI 1.06 3 5.1 .621
AQMS .39 3 1.89 .618
NVAX 10.98 11 195.2 .616
MBRX .81 2 2.64 .612
WEI .57 1 0.9332 .610
RETO .66 1 1.09 .605
DTST .84 3 4.21 .597
NVDA 1.10 148 265.98 .592
ZCMD 1.01 1 1.75 .577
TIGR .50 8 7.06 .560
ANY .23 16 6.45 .560
SOS .61 2 2.19 .556
LGHL .30 4 2.15 .556
OBLN .56 3 3.05 .549
XTLB 1.09 2 3.97 .548
ORPH .57 4 4.16 .548
HOOD 1.59 13 37.04 .546
GTEC 1.57 2 5.73 .546
AVXL 2.41 5 22.08 .545
EXPR .47 5 4.28 .545
EVOL .74 2 2.72 .544
ATNF .90 3 5.06 .531
VYGR 1.06 2 3.99 .530
HTBX 1.46 2 5.51 .528
LIZI .40 4 3.03 .528
COHN 1.95 5 18.75 .520
ZEV 1.17 4 8.94 .520
IPHA .78 4 5.97 .520
PETZ 1.22 1 2.37 .514
HUSN .29 4 2.26 .512
ALEC 2.10 6 24.53 .510
LWAC 1.73 5 16.98 .505
DBGI .42 5 4.14 .505
WINT .31 3 1.84 .504
FLGC .46 5 4.57 .500
OPTT 1.10 1 2.21 .497
ENOB 1.18 4 9.5 .496
ZKIN .71 2 2.86 .496
BCRX .68 9 12.4 .486
WBX 8.99 1 18.5 .485
GEG .90 1 1.875 .480
NRBO .49 2 2.035 .480
GOVX .35 6 4.37 .480
MOHO .11 3 0.6897 .477
SCKT .74 4 6.27 .472
APTO .39 3 2.48 .471
LEDS 1.24 3 7.96 .465
VERB .12 8 2.04 .464
ATXI .74 1 1.62 .456
KXIN .17 6 2.23 .456
AMBO .61 1 1.3395 .455
TSLA 4.31 151 1213.86 .453
KNBE 1.81 6 23.93 .450
GLSI 3.27 5 36.65 .445
ALF 1.08 2 4.85 .444
HGEN 1.21 3 8.22 .441
RFL .71 5 8 .440
JFU .22 3 1.5 .438
RCON .51 2 2.38 .428
ENVB .27 3 1.93 .417
NTRB 1.15 2 5.52 .416
TQQQ .56 137 163.82 .411
GFAI .51 2 2.48 .410
WHLR .54 2 2.66 .406
OXBR .30 5 3.7 .405
GALT .44 3 3.27 .402
ACY .99 19 45.38 .399
GRVI .74 3 5.54 .399
ACOR .41 4 4.14 .396
RSLS .27 4 2.72 .396
MVST .71 5 8.95 .395
TRCH .98 2 4.95 .394
GNLN .36 2 1.82 .394
LEXX .84 3 6.4 .393
BABA .78 98 166.24 .392
SLGG .64 2 3.26 .392
PME .26 1 0.662 .392
APRE .69 3 5.28 .390
GROM .76 2 3.9 .388
BPTH .95 2 4.9084 .386
DTSS .87 1 2.25 .386
MINM .32 2 1.69 .378
AVGR .04 7 0.74 .378
WNW 1.34 1 3.56 .376
DWSN .44 2 2.33 .376
AYRO .60 2 3.24 .370
LIFE 1.09 3 8.81 .369
ONCS .68 1 1.85 .367
ENG .30 3 2.44 .366
ATOS .21 5 2.84 .365
ENTX .77 2 4.23 .364
ADMA .54 1 1.49 .362
RHE 1.27 2 7.05 .360
DYAI .51 3 4.24 .360
UAVS .36 3 2.99 .360
OTLK .38 2 2.13 .356
OBSV .18 5 2.51 .355
BILI 1.28 22 79.2 .352
CHNR .12 4 1.35 .352
CRIS 1.20 2 6.92 .346
FGEN 1.47 3 12.75 .345
UONE .37 7 7.55 .343
PIRS .23 7 4.68 .343
ZG 3.78 6 65.86 .342
XELB .34 2 1.98 .342
AGEN .15 10 4.4 .340
ADMP .36 1 1.06 .339
GRU 1.51 1 4.48 .337
DQ 3.36 7 69.54 .336
BTCM .72 4 8.53 .336
WISH .58 3 5.21 .333
IPA 1.04 2 6.28 .330
ARPO .72 1 2.2 .327
MTP .56 1 1.73 .323
RAPT 1.77 7 38.42 .322
KMPH 1.03 3 9.55 .321
GDEV .87 3 8.13 .321
OLB .77 3 7.13 .321
ENSC .72 1 2.25 .320
PSTV .60 1 1.88 .319
WATT .32 2 2.01 .318
ENZ .54 2 3.4 .316
APOP .84 5 13.17 .315
HAPP .30 1 0.95 .315
ARAV 1.21 1 3.89 .311
NNOX 1.69 5 26.96 .310
WPRT .58 2 3.72 .310
NKLA .28 14 12.71 .308
XELA .09 7 2.03 .308
DARE .47 1 1.53 .307
BNTX 5.49 17 295.41 .306
SGBX .32 3 3.11 .306
BON .62 3 6.18 .300
AVCT .60 1 2 .300
KBSF .46 2 3.05 .300
TRIT .34 5 5.63 .300
NEXT .29 4 3.86 .300
SLS .91 3 9.19 .297
JRJC .67 3 6.71 .297
UFAB .46 2 3.17 .290
QFIN .76 8 21.09 .288
GPN 3.54 11 134.87 .286
AVIR 1.14 3 11.99 .285
TATT .65 3 6.83 .285
OSMT .13 4 1.82 .284
LJPC .62 2 4.37 .282
CERE 1.78 7 44.38 .280
SBEA 1.45 2 10.34 .280
DDD .90 10 31.38 .280
CCXI 3.66 3 38.99 .279
ADIL .45 2 3.22 .278
VOXX 1.16 3 12.59 .276
BHTG .33 1 1.2 .275
GSM .27 7 6.89 .273
CTSO .42 4 6.12 .272
CLF .63 10 22.65 .270
VBLT .32 2 2.37 .270
RNXT .73 2 5.43 .268
NEPT .07 2 0.5204 .268
BNR 1.30 3 14.51 .267
MRNA 2.77 33 345.92 .264
IMTX 1.15 3 13.18 .261
GMBL .88 2 6.76 .260
GEVO .49 4 7.49 .260
HUGE .37 1 1.42 .260
LMFA .35 5 6.64 .260
BGFV 1.20 7 31.73 .259
LYEL 1.21 3 13.99 .258
IMNM 1.42 4 21.95 .256
XBIO .06 8 1.83 .256
IFRX .62 2 4.88 .254
BBLG 1.14 1 4.5 .253
DBVT .07 11 2.98 .253
APPS 3.13 6 72.81 .252
OCUP 1.04 1 4.13 .251
IGIC .70 3 8.41 .249
PBR .31 8 9.9 .248
RKDA .49 1 1.98 .247
DOCS 3.04 6 73.44 .246
MITO .28 1 1.14 .245
RLMD 1.57 4 25.4 .244
CMMB 1.24 2 10.11 .244
AFRM 3.62 11 161.08 .242
VTSI .98 2 8.06 .242
BYSI 1.25 3 15.52 .240
NNVC .44 3 5.47 .240
MRKR .36 1 1.5 .240
AEHR .27 24 24.89 .240
PLG .61 1 2.55 .239
UPST 4.74 17 330.11 .238
EOSE 1.39 2 11.63 .238
LAZR 1.40 3 17.59 .237
KODK .86 2 7.23 .236
INFI .16 4 2.71 .236
FLGT 4.22 5 88.12 .235
ONCT .45 2 3.82 .234
SQBG .73 2 6.24 .232
MTTR .69 8 23.58 .232
SDC .64 2 5.51 .232
MTL .12 8 4.04 .232
NVCR 2.63 10 110.37 .230
BTX 1.13 2 9.79 .230
FCX .42 23 38.23 .230
CRDF 1.40 1 6.1 .229
NNDM .48 3 6.25 .228
VIVE .26 2 2.28 .228
STG 1.13 1 4.97 .227
ALDX 1.09 2 9.63 .226
KURA 1.39 3 18.37 .225
TEDU .09 2 0.8 .224
DELL 1.75 7 55.2 .217
PENN 2.02 8 72.73 .216
AAPL .32 108 151.49 .216
TSP 1.75 5 39.9 .215
FB .75 106 331.62 .212
SKLZ .67 4 12.46 .212
AKTX .36 1 1.692 .212
SALM .20 4 3.77 .212
ZM 4.40 14 285.66 .210
RBLX 2.36 7 78.36 .210
VERU .59 3 8.35 .210
SNES .16 2 1.51 .210
TELL .13 7 4.32 .210
ASTR .53 4 10.1 .208
OVID .38 2 3.65 .208
KULR .33 2 3.16 .208
RAIL .24 4 4.55 .208
HOL .84 3 12.35 .204
ZY .78 3 11.43 .204
IMMR .33 6 9.58 .204
IMMP .32 3 4.65 .204
MESO 1.26 1 6.24 .201
W 6.80 8 268.9 .200
DDS 6.22 9 281.82 .198
VNET 1.13 3 17.09 .198
PLUG .92 9 40.04 .198
SE 5.17 14 353.66 .196
TASK 1.74 7 60.06 .196
KSS 1.63 7 56.53 .196
CHMA .37 2 3.76 .196
WIMI .27 4 5.43 .196
ORMP .40 13 25.08 .195
CLSD .35 3 5.38 .195
OCX .70 1 3.59 .194
ZLAB 3.42 6 103.87 .192
OCG .23 4 4.74 .192
AESE .35 1 1.83 .191
EZFL .57 1 2.99 .190
CHGG 2.17 3 34.08 .189
NTEC .46 4 9.63 .188
CAN .43 4 9.11 .188
AMZN 8.18 93 3384 .186
CVV .46 2 4.91 .186
SNMP .11 2 1.18 .186
M .72 8 30.56 .184
IMV .15 2 1.62 .184
OCG .07 13 4.74 .182
AZYO 1.08 1 5.9613 .181
EXPI 1.38 6 45.94 .180
GPS .75 6 24.53 .180
MDIA .50 3 8.33 .180
CARA 1.57 2 17.59 .178
HUYA .53 3 8.88 .177
MDNA .05 8 2.22 .176
CLII .84 3 14.36 .174
CLPS .56 1 3.21 .174
CLPS .56 1 3.21 .174
JFIN .36 2 4.11 .174
GTT .41 1 2.36 .173
NETE 1.04 2 12.05 .172
BLUW .83 2 9.63 .172
MOSY .55 2 6.39 .172
BODY .47 2 5.41 .172
LCID 2.11 3 36.545 .171
OPNT 1.39 3 24.34 .171
DKS 1.82 13 131.53 .169
OSTK 2.60 7 104.8 .168
AMTX 1.20 3 21.6 .165
ERJ .53 5 16.04 .165
LOOP .74 4 17.68 .164
SKT 1.17 3 21.34 .162
MAT 1.16 3 21.42 .162
CELC 1.05 3 19.35 .162
AXLA .26 2 3.2 .162
ENSV .20 1 1.23 .162
MQ 1.26 4 30.81 .160
BWAY .68 2 8.7 .156
BCLI .46 1 2.94 .156
LEGN 1.61 5 51.75 .155
TAL .32 2 4.15 .154
ACB .36 3 6.94 .153
PRTA 1.18 8 59.38 .152
CCJ .53 8 27.19 .152
MOGO .24 4 6.21 .152
FENG .11 2 1.44 .152
EVGN .43 1 2.83 .151
DE 5.37 10 343.05 .150
TWTR 1.69 5 54.53 .150
DLO 1.53 5 50.18 .150
GTIM .74 1 4.94 .149
VCVC 1.46 1 9.85 .148
SIF 1.16 1 7.813 .148
IONQ 1.14 2 15.35 .148
SOFI .85 4 22.96 .148
SHOP 32.80 7 1495.34 .147
TTD 1.62 7 76.71 .147
FSTX 1.04 1 7.05 .147
ALTO .28 3 5.62 .147
ORGS .70 1 4.79 .146
LYFT 1.43 5 49.03 .145
SCR 1.05 5 35.58 .145
MSTR 14.75 8 810.25 .144
IRDM 1.55 4 41.93 .144
EDSA 1.24 1 8.59 .144
GIII 1.11 4 30.48 .144
ME .45 4 12.37 .144
AAL .38 8 20.63 .144
GSAT .12 2 1.65 .144
RIG .09 6 3.66 .144
SCYX .79 1 5.5 .143
BGI .23 2 3.2 .142
TLRY .52 3 10.86 .141
IAC 3.19 7 153.34 .140
ARVN 1.91 7 93.31 .140
DMAC .31 2 4.37 .140
VIH 1.31 1 9.36 .139
SQ 1.73 23 252.48 .138
AEY .31 1 2.26 .137
EDTK .10 2 1.45 .136
DNUT .63 3 13.86 .135
KR .40 15 42.95 .135
TENX .21 1 1.56 .134
CIEN .44 19 60.2 .133
AUPH .69 6 30.39 .132
ISEE .62 4 18.58 .132
SOHU .47 6 21.27 .132
GENE .13 3 2.93 .132
LBPH .92 1 7.01 .131
BKKT 4.57 1 35.07 .130
CELH 2.77 5 104.85 .130
FIGS 1.12 5 42.27 .130
NIU 1.17 3 26.84 .129
MARA .52 16 64.66 .128
ARMP .49 1 3.8 .128
VLDR .86 1 6.77 .127
SAM 9.40 7 507.73 .126
DUOL 7.27 3 169.12 .126
LIVE 1.37 3 32.49 .126
DLTR 2.90 5 113.27 .125
THCB 1.25 1 10 .125
NGM 1.25 2 19.97 .124
CYTK 1.17 4 36.67 .124
LI 1.29 3 30.96 .123
ACHL .89 1 7.18 .123
AFMD .87 1 7.02 .123
HJLI 1.27 1 10.38 .122
DPZ 5.62 11 485.26 .121
FUV 1.54 1 12.63 .121
AMD 1.50 11 130.53 .121
NBEV .19 1 1.56 .121
SPLK 4.15 5 166.25 .120
AMEH 1.16 8 74.96 .120
ZIM 1.15 6 54.96 .120
MAXR .83 4 27.05 .120
SONO .70 6 34.99 .120
FBRX .40 1 3.33 .120
IRIX .35 3 8.69 .120
SBBP .12 2 2 .120
CMTL 3.13 1 26.46 .118
NLS 1.33 1 11.2 .118
SHEN 1.11 3 27.95 .117
SRNE .85 1 7.23 .117
AA .62 9 47.43 .117
CIFR .35 3 8.93 .117
PBLA .25 1 2.12 .117
HCM .93 4 31.25 .116
PDD 2.15 5 92.39 .115
CPE 1.27 5 53.19 .115
SEMR 1.48 2 25.96 .114
RIOT 1.25 3 32.76 .114
TVTX 1.19 3 30.75 .114
HIPO .25 2 4.34 .114
IKT .24 1 2.12 .113
SSKN .22 1 1.93 .113
MSFT .41 112 334 .112
TESS .34 2 6.02 .112
SSL .14 14 16.86 .112
EDIT 1.47 3 38.69 .111
JWN 1.19 3 32.14 .111
SI 5.04 5 222.13 .110
ALLO 1.11 2 20.16 .110
LTHM .35 10 30.21 .110
LIVX .17 2 3.07 .110
SBS .15 5 6.56 .110
DAL 1.14 4 41.24 .108
SSNT .66 1 6.0694 .108
CCL .63 4 23.17 .108
PRPO .09 3 2.45 .108
CPG .09 6 4.87 .108
ARCE .89 2 16.49 .106
ENLV .49 2 9.17 .106
WTER .09 2 1.68 .106
RGEN 4.41 7 292.34 .105
CAT 3.09 7 203.55 .105
DKNG 1.00 5 46.84 .105
UBER .97 5 45.72 .105
NFLX .76 105 688.29 .105
PRPL .70 3 19.82 .105
ATIF .43 1 4.07 .105
AN 1.67 8 122.38 .104
GH 1.57 8 114.5 .104
CAH 1.34 4 50.4 .104
APXT 1.27 1 12.11 .104
AUTL .31 2 5.95 .104
ORCL .37 34 96.15 .102
MSGE 1.88 4 73.34 .100
CREE 1.64 5 79.12 .100
MOS 1.01 4 39.48 .100
BKYI .32 1 3.2 .100
REGN 7.44 9 652.1 .099
CLDX 1.61 3 47.87 .099
ASAN 1.50 9 132.44 .099
RMBL 1.41 3 41.99 .099
AEO 1.32 2 26.52 .098
PFE .63 7 44.82 .098
ULBI .31 2 6.21 .098
CNC 2.42 3 73.9 .096
VMW 2.23 6 131.68 .096
VLO 1.86 4 75.88 .096
FISV 1.64 6 101.46 .096
VSCO 1.28 4 52.75 .096
GP .49 3 14.85 .096
ACI .43 8 34.99 .096
LAD 6.41 5 331.2 .095
BTWN .95 1 9.91 .095
MFNC 1.02 2 21.5 .094
JKS 1.76 3 56.29 .093
PTGX 1.05 3 32.93 .093
JRVR 1.48 2 31.66 .092
FFHL .44 2 9.52 .092
CRON .13 4 5.52 .092
GRVY 1.33 7 100.54 .091
CHRA .40 1 4.37 .091
MRUS 1.44 2 31.62 .090
FRD 1.28 1 14.18 .090
RUN 1.10 5 58.31 .090
RRGB .96 2 21.06 .090
ON .89 6 57.85 .090
VNE .55 6 35.43 .090
CPSH .51 1 5.61 .090
STEM .47 5 24.94 .090
INM .14 1 1.54 .090
MRO .11 15 16.49 .090
TOST 5.65 1 62.99 .089
NXTP .14 1 1.56 .089
MBII .08 1 0.8949 .089
MDB 5.88 8 521.2 .088
PYPL 2.54 8 230.38 .088
DASH 2.38 8 206.02 .088
SKX 1.09 4 47.58 .088
PINS 1.00 4 44.68 .088
HOG .90 4 39.25 .088
FLWS .75 4 34.04 .088
EAT 1.21 3 41.42 .087
UAA .78 3 26.54 .087
AEI .09 2 2.05 .086
JD 1.44 5 81.36 .085
RRD .16 5 9.11 .085
DIS 2.12 7 170.08 .084
KMB 1.96 6 132.11 .084
CTRN 1.77 4 84.14 .084
TMUS 1.73 6 121.94 .084
VRNT 1.32 3 46.92 .084
JPM 1.20 12 170.53 .084
BAC 1.06 4 48.37 .084
BJ .79 7 61.16 .084
EVGO .43 2 10.18 .084
GKOS 4.45 1 53.46 .083
OVV 1.51 2 36.67 .082
SFIX 1.46 2 34.9 .082
COUR 1.32 2 32.19 .082
BQ .08 2 1.95 .082
BKE 1.30 3 46.56 .081
LMT 2.70 10 331.35 .080
XBI 2.27 5 134.15 .080
PKG 2.17 5 135.38 .080
BBY 2.06 5 125.1 .080
MDT 1.95 5 121.18 .080
ACMR 1.83 5 107.82 .080
USB 1.25 4 61.83 .080
LUV 1.03 4 49.46 .080
HPQ .63 4 31.25 .080
EQ .53 1 6.6 .080
GURE .46 1 5.75 .080
LC .39 10 47.04 .080
RVI .24 2 5.96 .080
ENPH 3.10 6 236.58 .078
RL 1.69 6 122.94 .078
BCYC 1.49 3 56.53 .078
DDL 1.22 2 30.9 .078
PFGC 1.21 3 46.47 .078
INTC .70 6 50.39 .078
YPF .17 2 4.28 .078
AEMD .09 3 3.41 .078
EL 3.86 7 340.38 .077
FRO .07 11 9.07 .077
TJX 1.32 4 68.43 .076
DFH 1.18 1 15.51 .076
EQOS .46 1 6.02 .076
IMAB 1.00 5 63.6 .075
UWMC .55 1 7.25 .075
ABCL 1.31 1 17.62 .074
YMM .58 2 15.29 .074
CNFR .10 2 2.69 .074
DUOT .40 1 5.42 .073
SIVB 7.01 8 755.03 .072
IWM 2.93 6 238.64 .072
MS .97 8 102.61 .072
SLV .79 2 21.81 .072
SJM .78 12 125.37 .072
STX .76 9 93.46 .072
SLB .60 4 32.98 .072
EOLS .55 1 7.58 .072
CSCO .52 8 57.65 .072
YEXT .91 1 12.66 .071
TBLA .70 1 9.85 .071
CLNE .67 1 9.42 .071
CLOV .56 1 7.82 .071
ANIX .38 1 5.33 .071
BIIB 4.00 5 279.59 .070
A 1.64 7 158.2 .070
TWST 1.37 7 134.4 .070
IBM 1.31 7 127.13 .070
LOGI 1.16 5 80.7 .070
SMLP 1.07 2 29.73 .070
XPDI .10 10 13.82 .070
RCAT .10 2 2.8 .070
TDC 1.32 3 56.53 .069
CGC .94 1 13.54 .069
VXX .46 3 19.82 .069
ROST 2.08 4 117.33 .068
TSN 1.42 4 81.72 .068
C 1.23 4 69 .068
ATVI 1.15 4 66.75 .068
DXC 1.11 2 32.48 .068
FL .92 4 51.97 .068
WFC .91 4 52 .068
DRN .48 4 27.22 .068
KZIA .41 2 11.91 .068
HNST .35 2 10.09 .068
EDU .14 1 2.05 .068
THC 4.91 1 73.68 .066
SNPS 3.69 6 333.41 .066
UNH 3.07 11 457.33 .066
FATE 1.36 3 60.38 .066
MO 1.00 3 44.96 .066
MYGN .98 2 29.28 .066
T .56 3 25.18 .066
FANG 1.53 5 111.81 .065
BYND 1.46 5 104.51 .065
ABSI 1.13 1 17.27 .065
SNOW 2.91 8 353.14 .064
TSCO 1.77 8 215.77 .064
TTC 1.60 4 97.98 .064
XLNX 1.56 8 191.57 .064
AMAT 1.16 8 142.75 .064
CRCT .96 2 29.98 .064
APP .81 8 98.36 .064
WMT .70 16 150.18 .064
SBH .56 2 17.4 .064
K .51 8 63.34 .064
HWCC .34 1 5.3 .064
ROKU 2.89 7 313.66 .063
V 2.08 7 208.1 .063
LAW 1.23 3 56.14 .063
BZUN 1.12 1 17.51 .063
ATAI 1.09 1 17.25 .063
MRTN .38 3 17.32 .063
BZ 1.15 2 36.06 .062
SBTX .57 1 9.1 .062
PATI .50 2 16.075 .062
THTX .22 1 3.5 .062
SWN .16 2 5.06 .062
SEDG 3.56 6 352.99 .060
MA 3.51 6 329.43 .060
SITM 3.41 5 274.1 .060
LLY 2.73 6 266.26 .060
WSM 2.54 5 203.88 .060
NEWR 1.30 4 84.67 .060
CHKP 1.25 6 116.43 .060
HAS 1.13 5 93.55 .060
COP .78 6 72.74 .060
AMKR .70 2 22.87 .060
ORGO .35 2 11.38 .060
FLXN .55 1 9.29 .059
GBR .24 1 4.04 .059
PLTR .77 2 26.12 .058
NPTN .67 1 11.52 .058
VIPS .66 1 11.52 .057
PPBT .26 1 4.49 .057
CALA .11 1 1.92 .057
DOMO 1.26 4 88.4 .056
TTCF 1.07 1 18.83 .056
CSIQ .58 4 39.53 .056
SILK .52 7 61.61 .056
IRCP .04 4 2.81 .056
HRL .48 5 43.36 .055
TME .45 1 8.04 .055
AZN .33 11 63.83 .055
ITRO .07 1 1.27 .055
VTGN .03 5 2.6 .055
DPST 3.25 1 60.04 .054
LII 2.97 6 300 .054
ADSK 2.96 6 308.37 .054
ABNB 1.58 6 172.87 .054
SPT 1.25 6 125.51 .054
LPX 1.24 3 67.2 .054
LL 1.01 1 18.38 .054
FITB .82 3 44.7 .054
STRO .65 2 23.51 .054
APG .62 2 22.79 .054
KO .51 6 56.29 .054
ZNGA .20 2 7.16 .054
ECOM 1.37 1 25.5 .053
CLSK 1.17 1 21.85 .053
EVA 3.59 1 67.96 .052
KEYS 2.52 4 183.46 .052
CM 1.70 4 122.89 .052
CRNC 1.55 4 112.96 .052
DOCN 1.29 4 94.54 .052
APPN 1.29 4 99 .052
TAP 1.23 2 46.85 .052
SCHW 1.13 4 83.33 .052
INCY .93 4 66.79 .052
PSTG .74 2 27.97 .052
FLO .35 4 25.5 .052
GBS .11 1 2.12 .051
NXPI 2.32 5 215.78 .050
AMGN 2.27 5 218.13 .050
KYMR 1.69 2 65.13 .050
TSC 1.55 1 30.7 .050
GWRE 1.30 5 123.03 .050
RSI .55 2 21.2 .050
OEG .14 1 2.79 .050
EKSO .11 2 4.28 .050
LOW 1.83 7 234.3 .049
ROLL 1.78 7 227.78 .049
HON 1.76 7 222.8 .049
SUPN 1.50 1 30.03 .049
GT 1.09 1 21.99 .049
MNSO .82 1 16.53 .049
CDEV .37 1 7.5 .049
ZS 2.89 6 327.5 .048
GS 2.81 8 417.9 .048
PKI 2.16 4 174.09 .048
COF 1.87 4 153.9 .048
WM 1.29 6 159.72 .048
YETI 1.27 4 104.37 .048
NTAP 1.16 4 90 .048
MNST 1.05 4 87.32 .048
FA .96 1 19.84 .048
PG .95 8 145.05 .048
FTCH .94 2 39.16 .048
VMEO .85 2 35.02 .048
XONE .67 2 26.92 .048
SPTN .60 2 24.37 .048
GGAL .57 1 11.75 .048
GIS .55 6 63.14 .048
EPU .48 3 29.56 .048
XLE .47 6 57.43 .048
AGNC .26 3 15.99 .048
RKT .84 1 17.62 .047
SWI .79 1 16.74 .047
FFIE .41 1 8.56 .047
KHC .88 2 37.42 .046
GNOG .78 1 16.91 .046
ACH .67 1 14.33 .046
KIRK .60 2 25.25 .046
WDAY 2.61 5 288.96 .045
ABT 1.28 5 128.7 .045
GM .87 3 56 .045
MRK .81 5 88.68 .045
QCOM .75 9 138.48 .045
CRMT .72 9 122.41 .045
XOM .33 9 63.93 .045
GMTX .17 1 3.74 .045
SNDL .03 1 0.6594 .045
ASML 4.13 11 830.02 .044
BHVN 1.74 4 148.48 .044
JBL 1.39 2 63.18 .044
ARMK .42 4 37.93 .044
BIOC .09 2 3.95 .044
ANTM 2.99 6 424.63 .042
LIN 2.33 6 328.41 .042
STT 1.48 3 99.6 .042
CVS 1.40 3 96.34 .042
NFE 1.27 1 30.01 .042
MMM 1.20 7 182.23 .042
OKE .92 3 63.92 .042
FUBO .74 2 33.87 .042
MU .55 6 71.25 .042
TBIO .53 3 37.36 .042
BBWI .53 6 75 .042
MRVL .51 6 69.25 .042
MOMO .19 3 13.4 .042
VSTM .06 2 2.85 .042
AMRS .60 1 14.58 .041
CAR 12.01 1 298.09 .040
CI 1.83 5 218.25 .040
DAVA 1.77 4 162.47 .040
BURL 1.68 8 290.84 .040
EA 1.51 4 139.5 .040
ADI 1.48 5 178.8 .040
UHS 1.30 4 124.84 .040
TGT 1.14 10 260.41 .040
NKE .89 8 172.5 .040
OTIS .88 4 80.61 .040
GLD .79 10 165.77 .040
PDCO .67 2 33.47 .040
WOOF .51 2 25.04 .040
VIR .39 4 36.8 .040
BP .28 4 27.26 .040
KDMN .10 4 9.48 .040
ET .08 5 9.68 .040
COTY .08 5 9.1 .040
WGO 1.39 2 72.69 .038
SM 1.36 1 35.12 .038
FCBP 1.08 1 29.1 .037
CHPT .93 1 24.81 .037
ADBE 4.10 6 655.18 .036
DG 2.03 4 223.72 .036
ESTC 1.65 4 169.42 .036
CLX 1.52 4 165.36 .036
HD 1.21 12 368.97 .036
EGRX 1.01 2 53.76 .036
KNL .92 1 25.04 .036
DD .80 4 80.15 .036
BEKE .69 1 18.95 .036
LZB .64 2 35.08 .036
ATHM .49 3 39.96 .036
SPWH .22 3 17.31 .036
ALAC .21 2 11.5814 .036
SLHG .10 1 2.74 .036
NOK .04 6 5.77 .036
COST 2.84 7 502.33 .035
LH 1.59 7 287.49 .035
XM 1.53 1 43.42 .035
RACE 1.50 7 255.68 .035
SPG 1.20 5 166.24 .035
UPS 1.15 7 212.74 .035
ABBV .85 5 117.57 .035
TNA .83 5 106.45 .035
SANA .82 1 23.15 .035
EQT .73 1 20.43 .035
RY .61 7 106.67 .035
SRNG .41 1 11.42 .035
TEO .18 1 5.13 .035
OLLI 1.29 2 73.43 .034
BLDR 1.03 2 60.26 .034
RF .86 1 24.71 .034
AZO 6.70 11 1791.68 .033
RCUS 1.22 1 36.15 .033
TGTX 1.11 1 32.91 .033
CRM 1.06 11 302.89 .033
VIEW .21 1 6.31 .033
BKNG 10.17 8 2435.33 .032
HCA 2.20 4 250 .032
LITE 1.46 2 86.81 .032
DEN .72 4 88.88 .032
FLOW .63 4 77.45 .032
HNP .33 2 20.31 .032
FENC .31 1 9.58 .032
D .31 8 75.48 .032
ALZN .07 1 2.18 .032
LAC .94 1 29.47 .031
FOE .67 1 21.38 .031
BLK 6.24 5 951.7 .030
COIN 2.06 6 344.38 .030
UAL 1.50 1 49.05 .030
TTWO 1.26 5 184.16 .030
AKAM 1.20 3 110.87 .030
TRI 1.16 3 115.47 .030
PEP 1.13 5 164.3 .030
GRUB .15 3 14.32 .030
OXY .05 29 33.85 .029
GOOG 3.73 28 2935.8 .028
AAP 1.82 4 230.96 .028
ATKR 1.43 2 100.55 .028
PLD 1.05 4 147.65 .028
DUK .78 4 102.54 .028
ANF .67 2 46.27 .028
CL .61 4 77.27 .028
PLCE .92 3 98.29 .027
CTKB .66 1 24.03 .027
MPC .62 3 63.68 .027
INMD 2.55 1 95.09 .026
BLFS 1.55 1 58.41 .026
RTX 1.21 2 88.67 .026
VZ .73 2 52.94 .026
PCVX .65 1 25 .026
TRIL .47 1 17.85 .026
UNIT .38 1 14.22 .026
B 1.08 1 41.81 .025
AXP 1.02 5 172.61 .025
LEN .59 5 101.91 .025
STE 1.42 4 222.72 .024
SNA 1.40 4 211.03 .024
ALXN 1.24 4 182.5 .024
J 1.23 3 141.15 .024
MCD .98 8 250.4 .024
AZPN .96 4 157.81 .024
QDEL .95 4 138.39 .024
FAST .39 4 57.27 .024
HHR .37 4 53.14 .024
VSH .18 3 20.37 .024
GSKY .15 2 12.38 .024
TTM .11 8 32.88 .024
ACHV .11 2 8.85 .024
NEE .95 2 85.24 .022
CRTO .90 1 40.09 .022
BIG .59 2 51.03 .022
OLN 1.34 1 61.05 .021
BEST .01 3 1.35 .021
INTU 2.61 5 622.87 .020
STZ 1.17 4 220.69 .020
NUAN 1.13 1 55.2 .020
HRI .96 4 191.42 .020
XLK .67 5 163.66 .020
XLV .63 5 135.29 .020
MFGP .03 4 5.38 .020
UHAL 1.98 9 754.31 .018
AIT .91 2 98.38 .018
IYC .84 2 85.72 .018
PSTX .12 1 6.5 .018
IRBO .83 1 46.33 .017
CNA .83 1 46.24 .017
GPK .37 1 20.56 .017
SELF .09 1 5.14 .017
STMP 1.59 4 329.61 .016
JNJ 1.48 2 165.06 .016
LANC 1.43 2 162.09 .016
KMX 1.24 2 147.51 .016
UTHR .86 4 203.21 .016
AMOM .66 1 39.1381 .016
PTON .37 4 89.9 .016
FRBK .05 1 3 .016
CROX .67 5 173.3 .015
HRC .48 5 155.1 .015
XLP .27 5 72.51 .015
ABUS .06 1 3.85 .015
PAYX .94 2 123.45 .014
ADMS .06 2 8.23 .014
TNET 1.38 1 103.7 .013
CAI .78 1 55.97 .013
TDG 1.87 4 623 .012
TSM .54 3 114.01 .012
GE .40 4 105.97 .012
PPC .17 2 28.26 .012
CHNG .15 2 21.62 .012
PNRG .79 1 69.1 .011
ALC .88 1 86.3 .010
ECHO .49 1 48.12 .010
INOV .22 2 40.74 .010
ESXB .13 1 12.11 .010
GTS .33 1 35.49 .009
IEC .14 1 15.34 .009
SVBI .13 1 13.63 .009
SLVO .02 3 5.33 .009
HFBL .16 1 19.5668 .008
PBT .04 2 8.18 .008
LMRK .13 1 16.32 .007
ROG 1.67 1 269.8 .006
SYKE .14 3 54 .006
ITRN .07 3 26.68 .006
PSP .06 2 16.66 .006
CLDR .08 1 15.99 .005
SAFM .85 1 188.85 .004
VOOV .73 1 148.95 .004
TAAG .09 1 20.9494 .004
KIN .02 2 9.25 .004
RAVN .10 3 57.83 .003
IACB .01 3 9.95 .003
SPY 1.31 1 464.72 .002
CXP .04 1 19.16 .002
SIC .03 1 14.49 .002
NWHM .02 1 8.99 .002
EIC .02 2 18.37 .002
DSE .02 1 9.49 .002
ULTA .62 1 381.78 .001
VCAR .03 1 17.925 .001
PMD .01 1 8.51 .001
WYNN .06 3 93.48 0
ULTA .05 12 381.78 0
WYNN .04 4 93.48 0
VALN .03 1 46.38 0
BLNK .02 11 32.68 0
RTLR .01 8 11.61 0
INFL .01 2 31.3 0
DFP .01 2 28.4403 0
WMPN 0 4 12.29 0
QADB 0 4 87.51 0
PAE 0 1 9.93 0
NLSP 0 1 2.25 0
NSYS -.12 1 10 -.012
