EJH 5.21 6 1.83 17.076
SCPS 3.34 7 2.11 11.074
LAIX 1.72 4 0.7047 9.760
AACG 2.14 5 1.39 7.695
EEIQ 4.33 5 3.25 6.660
CPOP 2.34 5 1.76 6.645
NVOS 1.65 5 1.52 5.425
DPW 1.56 5 1.53 5.095
AUVI 2.32 9 4.8 4.347
NEGG 3.07 20 14.12 4.340
VVOS 1.65 6 2.28 4.338
JZXN 1.63 4 1.51 4.316
VRPX 1.77 9 3.8 4.185
EYES 1.22 6 1.85 3.954
NRXP 2.89 8 5.955 3.880
JAN 2.73 6 4.54 3.606
JG 1.30 3 1.13 3.450
FCEL .18 130 7.195 3.250
HX 1.40 6 2.69 3.120
SIEB 1.53 5 2.6 2.940
KOSS 5.35 7 12.99 2.877
CEMI .60 8 1.76 2.720
AAME 1.97 5 3.78 2.605
NAOV .27 11 1.14 2.596
NURO 1.47 11 6.41 2.519
IRNT 3.02 6 7.29 2.484
BBIG .30 21 2.54 2.478
TYME .45 4 0.7399 2.432
BSQR .35 13 1.87 2.431
AMC 1.21 57 28.79 2.394
RMED .72 6 1.82 2.370
AGRI .95 5 2.03 2.335
OCGN 1.04 12 5.4 2.304
INDP 2.52 5 5.62 2.240
CARV 3.92 6 11.37 2.064
SPCE 1.26 24 14.64 2.064
MRIN 2.01 5 4.9 2.050
LMNL .65 3 0.9638 2.022
DWAC 22.11 4 43.81 2.016
RETO .72 2 0.7446 1.932
ANPC 1.24 2 1.29 1.922
BTBT 1.45 10 7.9 1.830
AREC .62 5 1.75 1.770
PBTS 1.24 1 0.7155 1.733
PHUN .37 14 2.99 1.722
SGOC 1.19 9 6.2 1.719
SAVA 2.72 28 43.96 1.708
WAVE 1.72 5 5.219 1.645
NCTY 2.63 5 8.16 1.610
NMRD 1.66 4 4.12 1.608
AUUD .41 7 1.79 1.603
MARK .46 4 1.15 1.600
CSCW .39 2 0.4949 1.576
BYSI 1.25 5 4.11 1.520
SSY .91 3 1.81 1.506
JCS 1.40 3 2.81 1.494
PRFX .57 4 1.54 1.480
GRTS 2.25 7 10.71 1.470
TAOP 1.35 3 2.77 1.461
CTIB .40 5 1.38 1.445
EVK .60 6 2.52 1.428
BIDU 1.87 118 147.65 1.416
GME 2.99 82 167.12 1.394
WORX .44 4 1.28 1.372
SPRT .81 20 11.8 1.360
FTEK .69 3 1.53 1.350
PMCB 1.11 3 2.47 1.347
DLPN 2.14 5 7.99 1.335
MOXC 1.33 4 3.99 1.332
TPST 2.19 5 8.29 1.320
SNOA 1.51 4 4.57 1.320
BNTC 1.24 3 2.82 1.317
YJ .40 2 0.61 1.310
WAFU 1.50 4 4.58 1.308
BLIN .41 8 2.52 1.296
RNXT 1.96 4 6.06 1.292
BNGO .36 12 3.34 1.284
ERYP .79 4 2.48 1.272
ALYA .77 4 2.42 1.272
UPC .73 3 1.75 1.251
CETX 1.20 1 0.965 1.243
SNAP .57 113 47.92 1.243
NIO .53 77 32.34 1.232
SYPR .80 4 2.6 1.228
IGC .49 3 1.2 1.224
CRTD .39 7 2.23 1.218
HGSH 1.16 2 1.91 1.214
PALI .71 3 1.78 1.194
NVFY .73 3 1.86 1.176
GRTX .50 3 1.28 1.170
ACRS 2.12 7 12.64 1.169
RIDE .68 7 4.05 1.169
STAF .58 2 0.9935 1.166
SOS .61 2 1.12 1.088
LODE .56 3 1.55 1.083
CNET 1.11 1 1.03 1.077
ANVS 3.73 6 20.97 1.062
CANF 1.04 1 0.98 1.061
NBRV .76 1 0.7175 1.059
SPCB .32 2 0.6046 1.058
FULC 2.54 6 14.42 1.056
DYNT .22 5 1.05 1.045
ANY .21 20 3.99 1.040
LHDX 1.58 4 6.14 1.028
BB .84 11 9.03 1.023
HOFV .98 2 1.92 1.020
IDEX .36 4 1.41 1.020
PTIX .84 2 1.65 1.018
WHLM 1.20 4 4.72 1.016
OSAT 1.21 3 3.68 .984
IMPL 1.70 5 8.64 .980
SJ 1.24 4 5.06 .980
DBGI .42 5 2.16 .970
MTSL 1.08 3 3.37 .960
CHCI 1.54 3 4.83 .954
HCWB 1.14 2 2.47 .922
KALV 1.44 8 12.48 .920
MVIS 1.17 5 6.35 .920
ADGI 2.98 10 32.53 .910
MEDS .53 5 2.92 .905
HOOD 1.41 14 21.9 .896
LIZI .40 4 1.78 .896
SPI .89 4 4.03 .880
CBAT .50 3 1.71 .876
TERN 1.53 4 7 .872
EBET 3.45 6 23.99 .858
ZKIN .71 2 1.69 .840
ORPH .57 4 2.73 .832
DTST .84 3 3.03 .831
VTNR .37 10 4.51 .820
PPSI .67 9 7.33 .819
ASM .69 1 0.84689 .814
NVAX 8.92 13 141.86 .806
MBRX .81 2 2.02 .800
ACIU 1.91 2 4.83 .790
MOHO .11 3 0.4245 .777
BBBY .90 16 18.58 .768
VYGR 1.06 2 2.8 .756
XPEV .46 84 46.28 .756
AQMS .39 3 1.55 .753
VERY 1.39 4 7.4 .748
ZEV 1.17 4 6.25 .748
ALF 1.08 2 2.9 .744
ATNF .66 4 3.53 .744
EYEG 1.45 1 1.95 .743
HTBX 1.46 2 3.95 .738
GROM .76 2 2.06 .736
WBX 8.99 1 12.43 .723
GOVX .36 7 3.56 .707
AVCT .60 1 0.85 .705
NRBO .49 2 1.39 .704
KXIN .17 6 1.45 .702
XTLB 1.09 2 3.11 .700
LGHL .30 4 1.71 .700
MNOV .74 3 3.21 .690
SYTA 1.89 1 2.76 .684
ENVB .27 3 1.18 .684
HGEN 1.21 3 5.31 .681
TIGR .50 8 5.87 .680
OPAD 1.25 4 7.38 .676
EXPR .47 5 3.47 .675
IPHA .78 4 4.65 .668
OPTT 1.10 1 1.65 .666
AVXL 2.41 5 17.99 .665
LEDS 1.24 3 5.59 .663
GFAI .51 2 1.54 .662
VERB .12 8 1.45 .656
RFL .71 5 5.44 .650
ACOR .41 4 2.52 .648
GNLN .36 2 1.11 .648
WEI .57 1 0.8822 .646
EVOL .74 2 2.3 .642
NVDA 1.27 158 300.37 .632
ALEC 2.10 6 19.83 .630
DTSS .87 1 1.38 .630
WINT .31 3 1.48 .627
ATXI .74 1 1.19 .621
RCON .51 2 1.66 .614
COHN 1.95 5 16 .605
RSLS .27 4 1.81 .596
BABA .77 99 123.6 .594
OLB .77 3 3.9 .591
AYRO .60 2 2.03 .590
XELA .09 7 1.07 .588
ZCMD 1.01 1 1.72 .587
AMBO .61 1 1.04 .586
AUPH 1.40 8 19.15 .584
SCKT .74 4 5.06 .584
CHNR .12 4 0.821 .584
JFU .22 3 1.13 .582
KNBE 1.80 7 21.5 .581
ISPC 1.43 5 12.27 .580
ACY .99 19 32.65 .570
XELB .34 2 1.21 .560
GALT .44 3 2.36 .558
TQQQ .64 139 153.59 .556
APRE .69 3 3.71 .555
OTLK .38 2 1.37 .554
UONE .37 7 4.65 .553
BCRX .62 10 11.18 .550
OBLN .56 3 3.05 .549
ONCS .68 1 1.24 .548
APTO .28 4 2.03 .548
ENG .30 3 1.64 .546
HUSN .29 4 2.12 .544
KTTA 1.49 1 2.74 .543
WHLR .54 2 2 .540
FLGC .19 6 2.1 .540
NNOX 1.69 5 15.72 .535
ENSC .72 1 1.35 .533
DQ 3.36 7 44.06 .532
LEXX .84 3 4.72 .531
GRVI .74 3 4.2 .528
ADMP .36 1 0.6901 .521
PENN 2.65 10 50.74 .520
ATOS .21 5 2.01 .520
UAVS .36 3 2.08 .519
AVGR .04 7 0.5375 .518
MVST .61 6 7.06 .516
WNW 1.34 1 2.61 .513
MINM .32 2 1.25 .512
CRIS 1.20 2 4.71 .508
WPRT .58 2 2.28 .508
BILI 1.28 23 57 .506
GLSI 3.27 5 32.11 .505
LWAC 1.73 5 16.98 .505
ABUS .27 7 3.71 .504
PIRS .23 7 3.26 .490
GTEC .80 4 6.55 .488
ENTX .77 2 3.15 .488
PSTV .60 1 1.23 .487
GEG .90 1 1.86 .483
MARA 1.03 20 41.81 .480
WISH .58 3 3.61 .480
RHE 1.27 2 5.31 .478
HAPP .30 1 0.63 .476
BKKT 2.95 2 12.57 .468
OSMT .13 4 1.11 .468
ARAV 1.21 1 2.6 .465
NKLA .31 15 9.88 .465
MQ 1.18 7 17.7 .462
UFAB .46 2 1.99 .462
BGFV .97 10 20.92 .460
SLS .69 4 5.96 .460
ENOB .94 5 10.23 .455
BPTH .95 2 4.2 .452
SDC .64 2 2.85 .448
MTP .56 1 1.25 .448
WATT .32 2 1.43 .446
BTCM .72 4 6.46 .444
SLGG .64 2 2.88 .444
OBSV .18 5 2.03 .440
AVIR 1.14 3 7.76 .438
MRAM 2.30 2 10.54 .436
VNET 1.13 3 7.83 .432
MRNA 3.13 39 265.33 .429
DYAI .51 3 3.55 .429
NTRB 1.15 2 5.4 .424
ADMA .54 1 1.28 .421
RAPT 1.77 7 29.5 .420
SGBX .32 3 2.27 .420
LIFE 1.09 3 7.8 .417
BTX 1.13 2 5.42 .416
LYEL 1.21 3 8.73 .414
RKDA .49 1 1.19 .411
BFRI 1.74 1 4.25 .409
IFRX .58 3 4.26 .408
EYPT 5.86 1 14.54 .403
BHTG .33 1 0.8209 .401
LCID 1.81 10 44.86 .400
BODY .47 2 2.35 .400
AGEN .10 12 3.03 .396
LAZR 1.16 5 14.65 .395
TRIT .34 5 4.28 .395
TRCH .98 2 4.95 .394
CERE 1.78 7 31.28 .392
GMBL .88 2 4.5 .390
DDD .70 12 21.65 .384
GEVO .49 4 5.15 .380
KMPH 1.03 3 8.13 .378
DWSN .44 2 2.33 .376
NEXT .29 4 3.07 .376
BON .62 3 4.95 .375
ORMP .35 17 15.58 .374
APPS 3.13 6 49.8 .372
AFRM 2.60 16 110.95 .368
ZG 3.19 7 60.27 .364
GDEV .87 3 7.14 .363
IPA 1.04 2 5.74 .362
DOCS 2.62 8 57.56 .360
RLMD 1.57 4 17.38 .360
IMNM 1.42 4 15.62 .360
IMTX .98 4 10.83 .360
ASTR .62 5 8.59 .360
IMMP .16 7 3.1 .357
VIVE .26 2 1.46 .356
MITO .28 1 0.7895 .354
PLG .24 3 2.03 .354
VTSI .56 4 6.31 .352
XBIO .06 8 1.35 .352
MDIA .50 3 4.26 .351
MTL .08 13 2.89 .351
VOXX 1.16 3 10 .348
IMMR .33 6 5.64 .348
AEHR .19 29 14.89 .348
STG 1.13 1 3.25 .347
CLSD .35 3 3.03 .345
ADIL .45 2 2.64 .340
MRKR .36 1 1.06 .339
ONCT .45 2 2.66 .338
EOSE 1.39 2 8.24 .336
CTSO .42 4 4.95 .336
LGVN 1.37 5 20.25 .335
PRPL .68 5 10.06 .335
CMMB 1.24 2 7.43 .332
KURA 1.04 4 12.42 .332
SNMP .11 2 0.66 .332
NNDM .48 3 4.33 .330
NEPT .07 2 0.425 .328
ARPO .72 1 2.2 .327
GRU 1.51 1 4.62 .326
TEDU .09 2 0.55 .326
SPLK 6.20 6 113.54 .324
BNR 1.30 3 11.98 .324
QFIN .77 9 20.83 .324
WIMI .27 4 3.32 .324
BBLG 1.14 1 3.53 .322
SOFI .73 7 15.72 .322
LJPC .62 2 3.83 .322
ENZ .54 2 3.34 .322
HUGE .37 1 1.15 .321
M .56 16 27.13 .320
EVGO .45 8 11.25 .320
LMFA .35 5 5.4 .320
ZLAB 3.42 6 64.04 .318
PME .26 1 0.82 .317
ALDX 1.09 2 6.89 .316
SKLZ .67 4 8.45 .316
ZM 3.91 15 185.84 .315
APOP .84 5 13.17 .315
TSLA 2.96 157 1009.01 .314
CCXI 3.66 3 35.03 .312
KODK .86 2 5.5 .312
JRJC .67 3 6.44 .312
TATT .65 3 6.23 .312
NVCR 2.63 10 83.3 .310
SNES .16 2 1.0299 .310
FGEN 1.47 3 14.19 .309
TASK 1.74 7 39.09 .308
GSM .27 7 6.08 .308
UPST 2.99 19 176.16 .304
INFI .16 4 2.08 .304
VBLT .21 3 2.06 .303
OCX .70 1 2.32 .301
KBSF .46 2 3.05 .300
ALTO .29 5 4.78 .300
GPN 3.54 11 127.03 .297
CLF .57 11 20.37 .297
TELL .11 9 3.31 .297
HUYA .53 4 7.07 .296
AMD 1.97 21 139.06 .294
CRDF .78 2 5.28 .294
VLDR .76 2 5.16 .294
MOSY .55 2 3.75 .292
OCUP .51 2 3.49 .292
OXBR .30 5 5.13 .290
SE 4.40 17 246.87 .289
RSKD 1.24 2 8.61 .288
VERU .45 4 6.18 .288
NNVC .44 3 4.56 .288
CAN .43 4 5.91 .288
SBEA 1.45 2 10.1 .286
AEI .09 2 0.6302 .284
ZY .78 3 8.26 .282
RBLX 2.35 14 113.25 .280
ASAN 1.33 14 65.86 .280
MTTR .48 14 23.36 .280
PBR .34 9 10.75 .279
SALM .20 4 2.88 .276
BNTX 2.94 27 279.83 .270
KSS 1.41 10 51.07 .270
DBVT .07 11 2.81 .264
AZYO 1.08 1 4.1 .263
JFIN .36 2 2.74 .262
IGIC .70 3 7.99 .261
EZFL .57 1 2.18 .261
DDS 6.58 10 246.11 .260
RAIL .24 4 3.66 .260
CARA 1.57 2 12.14 .258
ME .34 6 7.88 .258
BRLT 2.17 2 16.96 .254
FIGS 1.33 6 31.26 .252
CLPS .57 1 2.27 .251
CLPS .57 1 2.27 .251
MDNA .05 8 1.57 .248
ABSI 1.25 2 10.24 .244
DARE .47 1 1.92 .244
PLUG .92 9 34.05 .243
ATAI 1.29 2 10.58 .242
W 6.80 8 221.3 .240
NLS .84 2 7 .240
FCX .41 24 37.37 .240
FENG .11 2 0.91 .240
IONQ .65 7 18.79 .238
AKTX .36 1 1.51 .238
BIOC .22 4 3.7 .236
DLO 1.53 5 32.45 .235
AMEH 2.05 9 76 .234
EXPI 1.38 6 34.75 .234
AMTX 1.20 3 15.24 .234
CELC 1.05 3 13.34 .234
OVID .38 2 3.23 .234
SQBG .73 2 6.24 .232
EVGN .43 1 1.85 .232
CCJ .47 11 22.11 .231
EDSA 1.24 1 5.39 .230
TSP 1.75 5 38.7 .225
ORGS .70 1 3.15 .222
OCG .07 13 4.11 .221
SHOP 28.96 11 1428.12 .220
MESO .65 2 5.87 .220
CVV .46 2 4.18 .220
MOGO .24 4 4.36 .220
OCG .23 4 4.11 .220
CHGG 2.17 3 29.43 .219
AAPL .35 109 165.32 .218
OSTK 2.60 7 82.82 .217
CPE 1.54 7 49.16 .217
GPS .54 7 17.34 .217
SI 4.55 8 165.37 .216
FB .72 108 317.87 .216
STEM .68 6 18.72 .216
ERJ .35 9 14.23 .216
FSTX 1.04 1 4.84 .214
IMV .15 2 1.4 .214
DUOL 7.27 3 101.57 .213
ENSV .20 1 0.936899 .213
CELH 1.96 7 64.79 .210
LOOP .55 5 12.89 .210
AXLA .26 2 2.49 .208
SQ 1.73 23 179.72 .207
PRTA 1.04 9 44.06 .207
FOSL 1.09 2 10.53 .206
HOL .84 3 12.35 .204
TLRY .47 4 9.15 .204
DELL 1.75 7 58.75 .203
DOCN 1.74 10 85.94 .200
CGC 1.01 2 10.15 .198
EDTK .10 2 1.01 .198
CHMA .37 2 3.76 .196
GSAT .12 2 1.23 .194
MSTR 14.75 8 596.47 .192
DKNG .99 6 30.68 .192
NIU .93 4 19.07 .192
DNUT .38 8 15.73 .192
GENE .13 3 2.02 .192
PDD 2.15 5 56.01 .190
XAIR 1.97 1 10.36 .190
AMZN 8.00 94 3427.37 .188
JWN .98 4 20.57 .188
NTEC .46 4 9.63 .188
DKS 1.27 17 106.84 .187
AESE .35 1 1.87 .187
TWTR 1.40 6 44.47 .186
ACHL .89 1 4.8 .185
NVTS 1.62 2 17.45 .184
SCYX .31 4 6.65 .184
BWAY .68 2 7.4685 .182
PUBM 6.66 1 36.65 .181
TENX .21 1 1.16 .181
TOST 3.31 2 36.74 .180
HHR 1.07 9 51.97 .180
SOHU .47 6 15.6 .180
ACB .36 3 5.97 .180
RIG .09 6 2.92 .180
AEY .31 1 1.73 .179
FBRX .40 1 2.24 .178
ISEE .62 4 13.83 .176
ARVN 1.91 7 75.65 .175
GIII 1.02 5 28.71 .175
LBPH .92 1 5.25 .175
BYND 2.00 6 67.34 .174
FUBO 1.01 3 17.36 .174
CLII .84 3 14.36 .174
TESS .30 3 5.17 .174
GTT .41 1 2.36 .173
BLUW .83 2 9.63 .172
GTIM .74 1 4.3 .172
SEMR 1.11 3 19.47 .171
TGTX .93 3 16.3 .171
LYFT 1.43 5 41.95 .170
AA .78 10 45.56 .170
FUV .77 2 9.03 .170
DMAC .31 2 3.61 .170
HIPO .25 2 2.94 .170
IAC 3.19 7 129.11 .168
NEWR 2.93 6 101.78 .168
SKT 1.17 3 20.7 .168
DRN .57 8 26.29 .168
NBEV .19 1 1.14 .166
MITQ .36 1 2.17 .165
CIFR .35 3 6.34 .165
FLGT 2.27 6 81.94 .162
DNA 1.58 1 9.74 .162
JD 1.40 9 75.19 .162
LAC .60 9 32.66 .162
BKYI .19 2 2.34 .162
ZIM 1.29 7 55.68 .161
SRNE .85 1 5.25 .161
SSNT .34 2 4.23 .160
NETE 1.04 2 13.09 .158
EDIT 1.47 3 28.07 .156
SSKN .22 1 1.41 .156
IKT .24 1 1.55 .154
AAL .32 9 17.93 .153
IRDM 1.55 4 39.8 .152
COTY .19 8 9.8 .152
NXTP .14 1 0.9258 .151
APP 1.38 10 89.82 .150
RIOT .73 6 28.14 .150
HNST .41 3 8.04 .150
AUTL .30 3 5.94 .150
CALA .11 1 0.732 .150
PRPO .09 3 1.8 .150
VCVC 1.46 1 9.85 .148
DDL 1.22 2 16.3 .148
OMER 1.00 1 6.84 .146
SCR 1.05 5 35.58 .145
MAT .63 5 21.42 .145
CPSH .51 1 3.5 .145
LI .76 6 30.51 .144
ENLV .49 2 6.75 .144
PETZ .17 4 4.63 .144
WTER .09 2 1.25 .144
DE 4.88 11 354.51 .143
TAL .32 2 4.46 .142
PBLA .25 1 1.75 .142
AFMD .43 2 6.1 .140
ORCL .36 35 88.94 .140
KULR .06 7 2.91 .140
VIH 1.31 1 9.36 .139
EQOS .46 1 3.3 .139
DPST 2.33 3 49.93 .138
LEGN 1.04 6 45 .138
SONO .70 6 29.77 .138
ATIF .43 1 3.12 .137
GH 1.57 8 88.71 .136
NGM 1.25 2 18.24 .136
CPIX .24 4 6.94 .136
U 4.07 5 147.57 .135
JKS 1.23 5 44.38 .135
TDC 1.17 5 42.1 .135
RUN 1.10 5 40.35 .135
CRON .12 5 4.32 .135
SAM 9.40 7 492.26 .133
RL 2.39 7 122.56 .133
CLDX 1.61 3 36.42 .132
FRD 1.28 1 9.67 .132
MRUS 1.10 3 24.79 .132
BQ .08 2 1.2 .132
TISI .17 1 1.29 .131
DASH 2.11 10 161.54 .130
DAL 1.02 5 38.14 .130
CYTK .96 5 36.16 .130
LC .39 10 29.17 .130
SIF 1.16 1 8.97 .129
AEMD .09 3 2.08 .129
ALLO 1.11 2 17.22 .128
HCM .93 4 28.89 .128
CLOV .28 2 4.33 .128
FENC .27 2 4.19 .128
TVTX 1.19 3 27.77 .126
SHEN 1.11 3 26.27 .126
JRVR 1.10 3 25.89 .126
LUV .99 6 45.56 .126
MRO .12 18 15.6 .126
THCB 1.25 1 10 .125
BCLI .46 1 3.68 .125
BZ 1.22 3 29.54 .123
GP .49 3 11.78 .123
GAME .43 1 3.47 .123
UWMC .29 3 6.91 .123
CMTL 3.13 1 25.64 .122
SFIX 1.46 2 23.87 .122
HJLI 1.27 1 10.38 .122
KZR .82 2 13.44 .122
PFE .57 11 51.48 .121
CYAD .56 1 4.6 .121
ANIX .38 1 3.13 .121
VSCO 1.29 5 52.1 .120
VIR .79 6 38.39 .120
FTCH .67 6 33.32 .120
EQ .53 1 4.4 .120
CCL .45 5 18.59 .120
CIEN .38 20 61.18 .120
ULBI .31 2 5.12 .120
SBBP .12 2 2 .120
RGEN 4.41 7 247.59 .119
TWST 1.37 7 79.49 .119
GRVY 1.33 7 78.19 .119
DLTR 1.90 9 137.81 .117
LIVE 1.37 3 35.1 .117
BGI .19 3 4.8 .117
SBS .09 9 6.68 .117
MAXR .83 4 28.03 .116
CRCT .70 4 24 .116
IRIX .18 4 6.03 .116
MBII .08 1 0.6838 .116
ACMR 1.83 5 76.5 .115
BZUN .80 2 13.96 .114
MSFT .47 114 326.19 .114
CAT 2.86 8 201.28 .112
CAH 1.34 4 47.7 .112
JPM 1.29 14 160.16 .112
TTCF .86 2 15.16 .112
DPZ 5.62 11 517.08 .110
BIGC 4.50 1 40.59 .110
RRGB .96 2 17.18 .110
MOS .76 5 34.47 .110
PATI .50 2 9.03 .110
FFHL .44 2 7.93 .110
LIVX .17 2 3.07 .110
MDB 5.57 9 429.34 .108
MSGE 1.88 4 69.06 .108
DIS 1.86 9 150.37 .108
RMBL 1.41 3 38.67 .108
BKE .89 6 48.07 .108
PTON .78 6 42.49 .108
FLWS .75 4 26.92 .108
BFLY .72 1 6.64 .108
UBER .71 6 38.49 .108
SSL .12 18 17.92 .108
GKOS 4.45 1 41.45 .107
YMM .58 2 10.94 .106
LAD 6.41 5 293.88 .105
BHVN 2.12 5 100.24 .105
MDT 1.66 7 110.24 .105
NFLX .76 105 612.69 .105
LTHM .21 15 27.2 .105
VLO 1.86 4 70.41 .104
AN 1.67 8 124.57 .104
APXT 1.27 1 12.11 .104
PINS 1.00 4 37.82 .104
LAW 1.23 3 35.5 .102
AMRS .60 1 5.84 .102
KZIA .41 2 7.92 .102
KR .30 17 45.11 .102
CLNE .67 1 6.59 .101
XBI 2.27 5 109.58 .100
CREE 1.64 5 79.12 .100
DOMO 1.26 4 48.55 .100
IMAB 1.00 5 49.35 .100
EOLS .55 1 5.5 .100
RCAT .10 2 1.98 .100
REGN 7.44 9 625 .099
SNOW 3.82 9 341.66 .099
CNC 2.42 3 71.77 .099
PYPL 2.14 9 184.86 .099
EAT 1.21 3 36.13 .099
ARMP .49 1 4.94 .099
CREX .15 1 1.51 .099
KMB 1.99 7 136.42 .098
XM 1.66 2 33.87 .098
FANG 1.55 7 108.23 .098
CPG .07 7 4.82 .098
ABCL 1.31 1 13.5 .097
BIIB 3.69 6 224.11 .096
COUR 1.32 2 27.35 .096
AEO 1.32 2 27.28 .096
SKX 1.09 4 44.48 .096
PTGX 1.05 3 32.81 .096
BTWN .95 1 9.83 .096
OPNT .73 4 30.13 .096
ZNGA .15 4 6.21 .096
IS .76 1 7.97 .095
MFNC 1.02 2 21.5 .094
INM .14 1 1.48 .094
KRYS 6.33 1 67.53 .093
KIRK .48 3 15.24 .093
HOG .90 4 37.68 .092
VMEO .85 2 18.3 .092
ROIV .83 1 9 .092
UAA .56 4 23.98 .092
CHRA .40 1 4.31 .092
ROKU 2.89 7 210.16 .091
DUOT .40 1 4.35 .091
GBR .24 1 2.61 .091
XPDI .09 13 11.4 .091
FRO .05 13 6.89 .091
ESTC 1.71 6 110.55 .090
BBY 1.65 6 104.66 .090
FISV 1.64 6 103.13 .090
USB 1.06 5 56.88 .090
OVV 1.01 3 33.32 .090
SPTN .74 3 24.31 .090
VNE .55 6 35.28 .090
CSCO .53 10 56.96 .090
LOW 2.16 11 251.18 .088
VMW 1.34 8 115.58 .088
GURE .46 1 5.21 .088
CNFR .10 2 2.26 .088
BLDR 2.17 3 73.38 .087
BCYC 1.49 3 50.35 .087
YEXT .91 1 10.37 .087
APT .45 1 5.13 .087
ARCE .89 2 20.47 .086
VTGN .03 5 1.69 .085
ENPH 2.57 7 212.94 .084
TMUS 1.73 6 115.63 .084
CRNC 1.55 4 71.97 .084
FATE 1.36 3 47.84 .084
TJX 1.03 6 72.64 .084
TTD .62 14 89.63 .084
SILK .52 7 42.71 .084
YPF .17 2 3.99 .084
XMTR 3.46 1 41.24 .083
SBTX .57 1 6.86 .083
GDYN 3.03 1 36.92 .082
STRO .65 2 15.55 .082
FFIE .22 2 5.28 .082
PFGC 1.21 3 44.01 .081
COP .72 9 72.81 .081
SLV .56 3 20.71 .081
XLE .53 9 55.96 .081
SIVB 7.01 8 693.39 .080
ASML 3.96 16 756.39 .080
A 1.31 10 151.47 .080
C 1.06 5 62.52 .080
FL .92 4 44.07 .080
STX .84 10 103.59 .080
PLTR .77 2 18.8 .080
IWM 2.93 6 219.02 .078
SPT 1.25 6 94.81 .078
MYGN .98 2 25.02 .078
WFC .66 6 48.81 .078
CHPT .54 3 20.74 .078
SLB .41 6 30.01 .078
RVI .24 2 6.02 .078
ET .11 6 8.18 .078
EL 3.86 7 341.55 .077
LMT 2.51 11 339.96 .077
SPG 1.69 7 152.6 .077
BJ .79 7 68.29 .077
KO .64 7 54.91 .077
ACI .29 11 36.81 .077
WYNN 1.62 4 84.91 .076
SMLP 1.07 2 27.838 .076
PKG 2.17 5 136.19 .075
EDU .14 1 1.85 .075
ROST 2.08 4 112.68 .072
V 2.00 8 202.68 .072
ABNB 1.72 8 180.85 .072
CM 1.42 6 110.72 .072
APPN 1.29 4 68.14 .072
DXC 1.11 2 30.76 .072
IBM 1.03 9 119.91 .072
LOGI .99 6 78.63 .072
MNSO .82 1 11.26 .072
VIPS .66 1 9.15 .072
T .56 3 23.28 .072
TME .45 1 6.18 .072
TBLA .70 1 9.85 .071
MA 3.58 7 333.33 .070
SITM 2.97 7 283.34 .070
ZS 2.79 7 274.36 .070
WSM 2.54 5 177.47 .070
CTRN 1.11 5 76.6 .070
GNOG .78 1 11.13 .070
MS .74 10 99.27 .070
VRNT .69 5 47.74 .070
HPQ .55 5 36.93 .070
INTC .54 7 50.99 .070
K .49 10 63.58 .070
ORGO .35 2 9.82 .070
BLNK .18 14 32.44 .070
GBS .11 1 1.57 .070
EKSO .11 2 3.06 .070
SM .68 3 29.38 .069
CYTH .34 1 4.9 .069
PLCE 1.60 4 90.2 .068
TSN 1.42 4 83.48 .068
WMT .68 17 139 .068
CSIQ .58 4 32.94 .068
THTX .22 1 3.19 .068
GGAL .16 4 9.39 .068
SLHG .10 1 1.47 .068
THC 4.91 1 72.63 .067
SEDG 3.56 6 307.63 .066
CHKP 1.25 6 112.28 .066
MO 1.00 3 44.43 .066
WOOF .43 3 19.46 .066
MRTN .38 3 16.73 .066
GMTX .17 1 2.56 .066
UNH 2.55 13 460.11 .065
TTC 1.42 5 102.66 .065
DFH 1.18 1 18.15 .065
XLNX 1.11 13 213.41 .065
SCHW 1.08 5 80.37 .065
ATVI .81 5 58.09 .065
GT .30 5 21.49 .065
PPBT .26 1 3.99 .065
KYMR 1.69 2 52.57 .064
RSI .55 2 16.92 .064
HWCC .34 1 5.3 .064
IRCP .04 4 2.36 .064
GS 2.93 9 389.3 .063
LLY 2.28 7 246.33 .063
RRD .10 7 10.45 .063
SUPN .95 2 30.07 .062
BEKE .61 2 19.65 .062
OXY .06 31 29.84 .062
LL 1.01 1 16.34 .061
SNPS 3.69 6 345.45 .060
NXPI 2.38 6 224.28 .060
COIN 1.63 10 263.24 .060
CRM 1.37 12 258.75 .060
JBL 1.23 3 59.71 .060
SJM .78 12 130.98 .060
AMKR .70 2 23 .060
FLXN .55 1 9.12 .060
BAC .47 6 44.15 .060
KHC .42 5 34.27 .060
XOM .38 10 61.58 .060
FLO .28 6 25.68 .060
MOMO .19 3 9.33 .060
SWN .10 3 4.91 .060
RNG 11.84 1 199.99 .059
CFLT 4.09 1 68.75 .059
KMX 2.82 3 144.5 .057
EQT .39 3 19.73 .057
INTU 4.61 8 645.34 .056
ADBE 4.59 8 622.04 .056
ROLL 1.78 7 205.68 .056
HON 1.76 7 206.25 .056
ECOM 1.37 1 24.36 .056
YETI 1.27 4 85.55 .056
UAL 1.24 2 43.99 .056
WM 1.17 8 163.48 .056
AMAT 1.16 8 147.38 .056
ABT 1.14 7 132.47 .056
INCY .93 4 65.01 .056
CUE .62 1 10.97 .056
OEG .14 1 2.47 .056
GWRE 1.30 5 114.14 .055
ITRO .07 1 1.27 .055
LII 2.97 6 327.82 .054
WDAY 2.46 6 269.09 .054
DG 2.15 6 225.53 .054
TSCO 1.52 9 227.46 .054
FA .96 1 17.47 .054
HAS .94 6 98.62 .054
FITB .82 3 43.58 .054
CRMT .72 9 108.86 .054
SBH .38 3 20.23 .054
SWI .79 1 14.65 .053
TRI 1.63 4 119.04 .052
TSC 1.55 1 29.68 .052
NFE 1.27 1 24.4 .052
TAP 1.23 2 46.84 .052
NTAP 1.16 4 88.2 .052
APG .62 2 23.78 .052
PDCO .41 4 29.72 .052
VXX .35 4 25.78 .052
SNDL .03 1 0.5744 .052
LPX 1.24 3 71.51 .051
VIEW .21 1 4.05 .051
EVA 3.59 1 70.58 .050
AMGN 2.27 5 208.79 .050
STE 2.26 5 225.49 .050
EA 1.35 5 126.31 .050
OTIS .91 5 84.01 .050
TNA .83 5 80.99 .050
SANA .82 1 16.36 .050
XONE .67 2 26.7 .050
ACH .67 1 13.33 .050
MRK .42 10 73.42 .050
RKT .41 2 15.89 .050
VSTM .06 2 2.38 .050
MFGP .05 5 4.57 .050
ADSK 2.04 7 265.56 .049
HRL .31 7 43.03 .049
KEYS 2.52 4 195.15 .048
COF 1.87 4 145.94 .048
DAVA 1.77 4 139.37 .048
OLLI 1.29 2 53.68 .048
TGT 1.06 12 242.97 .048
MNST 1.05 4 85.71 .048
GE .86 6 96.01 .048
EPU .48 3 28.3 .048
AGNC .26 3 15.65 .048
SPWH .22 3 12.95 .048
AZN .21 16 55.41 .048
PANW 23.18 1 501.22 .046
RF .52 2 22.44 .046
STT 1.48 3 93.61 .045
CVS 1.40 3 92.65 .045
OKE .92 3 60.89 .045
NKE .92 9 168.91 .045
PG .85 9 152.15 .045
PSTG .49 3 31.55 .045
ATHM .49 3 32.66 .045
CAR 6.00 2 265.3 .044
LSI 3.13 2 137.95 .044
PKI 2.16 4 181.48 .044
BLFS 1.55 1 35.15 .044
ALC .92 4 80.25 .044
GLD .70 11 166.22 .044
ERF .44 1 9.91 .044
ARMK .42 4 35.47 .044
TTM .13 11 30.8 .044
NPTN .67 1 15.3 .043
ANTM 2.99 6 403.62 .042
LITE 1.30 3 87.08 .042
MMM 1.20 7 177.2 .042
EGRX 1.01 2 46.63 .042
INMD .99 3 68.75 .042
GM .87 3 59.84 .042
RY .61 7 101.17 .042
MRVL .57 7 85.43 .042
TBIO .53 3 37.36 .042
BBWI .53 6 74.16 .042
ANF .52 3 36.1 .042
NOK .04 6 5.69 .042
LIN 1.83 8 325.03 .040
CI 1.83 5 206.59 .040
BURL 1.68 8 288.15 .040
ADI 1.48 5 181.06 .040
UHS 1.30 4 126.06 .040
DD .80 4 76.39 .040
MU .42 8 82.45 .040
GIS .36 8 64.44 .040
HMHC .31 2 15.35 .040
KDMN .10 4 9.5 .040
GRUB .15 3 11.07 .039
VGR .61 1 15.71 .038
IRTC 3.69 1 97.64 .037
FCBP 1.08 1 29.1 .037
PCTY 8.94 1 244.72 .036
COST 2.55 9 533.2 .036
HCA 2.20 4 233.77 .036
CLX 1.52 4 168.73 .036
WGO 1.39 2 74.46 .036
J 1.33 4 141.35 .036
AXP 1.07 6 160.68 .036
KNL .92 1 25.04 .036
ABBV .83 6 121.35 .036
LEN .70 6 114.79 .036
LZB .64 2 35.05 .036
GPK .38 2 20.46 .036
ALAC .21 2 11.63 .036
AAP 1.79 5 230.02 .035
LH 1.59 7 289.26 .035
TTWO 1.26 5 164.4 .035
UPS 1.15 7 202.06 .035
LESL .77 1 21.39 .035
SRNG .41 1 11.42 .035
BP .21 5 27.33 .035
ALZN .07 1 1.98 .035
CTKB .66 1 18.93 .034
AZO 6.70 11 1879.99 .033
LPTX .08 1 2.4 .033
BEST .01 3 0.8715 .033
BKNG 10.17 8 2227.28 .032
DEN .72 4 81.78 .032
PCVX .65 1 20.18 .032
MPC .54 4 62.86 .032
HNP .33 2 19.62 .032
AHPI .17 1 5.17 .032
ACHV .11 2 6.85 .032
TEO .08 2 4.99 .032
RMD 8.09 1 260.3 .031
FOE .67 1 21.57 .031
BLK 6.24 5 896.7 .030
PWR 3.42 1 112.96 .030
AKAM 1.20 3 111.05 .030
PEP 1.13 5 166.42 .030
NEE .59 5 89.15 .030
XLF .58 2 38.61 .030
VALN .52 3 48.46 .030
GOOG 3.73 28 2875.93 .028
RTX 1.21 2 83.76 .028
VZ .73 2 51.07 .028
FLOW .63 4 84.57 .028
CL .61 4 78.58 .028
HOLI .43 1 15.11 .028
ENIC .06 1 2.08 .028
RCUS 1.22 1 43.83 .027
ATKR 1.43 2 108.45 .026
BIG .59 2 43.82 .026
QCOM .43 13 175.45 .026
VRTX 5.31 1 205.06 .025
DUK .57 5 101.21 .025
TRIL .47 1 18.44 .025
XLY 1.73 3 201.93 .024
SNA 1.40 4 210.24 .024
OLN 1.34 1 53.78 .024
ALXN 1.24 4 182.5 .024
PLD 1.05 4 156.55 .024
MCD .98 8 255.79 .024
AZPN .96 4 148.02 .024
QDEL .95 4 139.7 .024
XLK .73 6 166.7 .024
VSH .18 3 20.84 .024
GSKY .15 2 11.64 .024
UNIT .11 3 13.31 .024
CDEV .04 4 6.15 .024
SLVO .03 4 4.97 .024
B 1.08 1 46.74 .023
SPB 2.21 1 99.97 .022
CRTO .90 1 39.84 .022
RACE .58 11 258.53 .022
ON .16 11 61.92 .022
JNJ 1.21 3 162.94 .021
STN .44 3 55.82 .021
CLSK .30 1 14.01 .021
STZ 1.17 4 230.87 .020
NUAN 1.13 1 55.09 .020
HRI .96 4 172.24 .020
IRBO .83 1 42.26 .019
CNA .83 1 43.53 .019
UHAL 1.98 9 704.67 .018
LANC 1.43 2 152.69 .018
AMOM .66 1 34.947 .018
CROX .46 9 158.9 .018
D .17 9 74.29 .018
HD .68 17 415.7 .017
PSTX .12 1 6.74 .017
CSPR .11 1 6.44 .017
STMP 1.59 4 329.61 .016
AIT .91 2 101.85 .016
UTHR .86 4 188.72 .016
IYC .39 4 82.48 .016
SELF .09 1 5.36 .016
AXON 2.25 1 148.22 .015
MGTX .27 1 17.05 .015
VCLO .25 1 16.0488 .015
PAYX .94 2 121.93 .014
XLV .31 7 131.11 .014
CHNG .15 2 20.47 .014
ADMS .06 2 8.22 .014
FRBK .05 1 3.455 .014
TNET 1.38 1 98.95 .013
CAI .78 1 56 .013
TDG 1.87 4 601.62 .012
PNRG .79 1 62.145 .012
TSM .54 3 119.14 .012
HRC .42 6 155.74 .012
PPC .17 2 27.95 .012
HDGE .12 3 25.15 .012
SPY 2.43 2 458.79 .010
ECHO .49 1 48.24 .010
INOV .22 2 41.06 .010
ESXB .06 2 11.3 .010
GTS .33 1 35.69 .009
IEC .14 1 15.34 .009
SVBI .13 1 13.63 .009
RTLR .02 9 10.97 .009
HFBL .16 1 19.75 .008
XLP .13 8 72.83 .008
PBT .04 2 9 .008
LMRK .13 1 16.27 .007
ROG 1.67 1 272 .006
SYKE .14 3 54 .006
FAST .11 6 62 .006
ITRN .07 3 25.3 .006
PSP .04 3 15.54 .006
VOOV .73 1 145.97 .005
CONE .46 1 89.01 .005
JQUA .26 1 43.65 .005
CLDR .08 1 15.99 .005
SAFM .85 1 190.67 .004
TAAG .09 1 20.9494 .004
CPLG .07 1 15.33 .004
KIN .02 2 9.25 .004
RAVN .10 3 58.08 .003
IACB .01 3 7.95 .003
CXP .04 1 19.26 .002
SIC .03 1 14.49 .002
NWHM .02 1 8.99 .002
EIC .02 2 17.92 .002
DSE .02 1 9.49 .002
ULTA .62 1 390.02 .001
VCAR .03 1 15.46 .001
PMD .01 1 7 .001
ULTA .05 12 390.02 0
INFL .01 2 29.99 0
DFP .01 3 27.56 0
WMPN 0 4 12 0
QQC 0 2 32.58 0
QADB 0 4 87.54 0
PAE 0 1 9.91 0
ONON 0 1 51.42 0
NLSP 0 1 1.3 0
LHAA 0 1 9.76 0
HWBK 0 1 23.86 0
EPAY 0 1 44.18 0
DVD 0 1 3.6 0
APWC 0 1 2.99 0
NSYS -.12 1 10.26 -.011
