EJH 5.21 6 2.1 14.880
SCPS 3.34 7 2.28 10.248
LAIX 1.72 4 0.7538 9.124
AACG 2.14 5 1.5 7.130
CPOP 2.34 5 1.85 6.320
EEIQ 4.33 5 3.53 6.130
NVOS 1.65 5 1.4 5.890
DPW 1.56 5 1.63 4.785
AUVI 2.32 9 4.71 4.428
VVOS 1.65 6 2.49 3.972
VRPX 1.77 9 4.16 3.825
EYES 1.22 6 1.94 3.768
NEGG 3.07 20 16.89 3.620
NRXP 2.89 8 6.45 3.584
JG 1.30 3 1.09 3.576
JZXN 1.63 4 1.89 3.448
JAN 3.24 5 4.74 3.415
HX 1.40 6 2.54 3.306
SIEB 1.53 5 2.62 2.915
FCEL .18 130 8.15 2.860
NAOV .27 11 1.04 2.849
KOSS 5.35 7 13.35 2.800
AAME 1.97 5 3.85 2.555
CEMI .60 8 1.91 2.512
IRNT 3.02 6 7.56 2.394
BSQR .35 13 1.91 2.379
AGRI .95 5 2.02 2.350
INDP 2.52 5 5.42 2.320
NURO 1.47 11 7.03 2.299
RMED .72 6 1.88 2.292
TYME .45 4 0.79 2.276
AMC 1.21 57 30.28 2.223
BBIG .30 21 2.84 2.205
MRIN 2.01 5 4.98 2.015
CARV 3.92 6 11.69 2.010
SPCE 1.26 24 15.08 1.992
OCGN 1.04 12 6.31 1.968
RETO .72 2 0.7541 1.908
DWAC 22.11 4 47.11 1.876
AREC .62 5 1.76 1.760
LMNL .65 3 1.11 1.755
SGOC 1.19 9 6.2 1.719
ANY .38 19 4.33 1.653
BTBT 1.45 10 9.14 1.580
SAVA 2.72 28 48.35 1.568
PBTS 1.24 1 0.7993 1.551
CSCW .39 2 0.5026 1.550
MARK .46 4 1.19 1.544
EVK .60 6 2.38 1.512
ANPC 1.24 2 1.65 1.502
SSY .91 3 1.82 1.500
NMRD 1.66 4 4.45 1.492
NCTY 2.63 5 8.94 1.470
AUUD .41 7 1.98 1.449
CTIB .40 5 1.41 1.415
BYSI 1.25 5 4.44 1.405
JCS 1.40 3 2.9858 1.404
WAVE 1.72 5 6.145 1.395
MOXC 1.33 4 3.91 1.360
SPRT .81 20 11.8 1.360
TAOP 1.35 3 2.98 1.359
PMCB 1.11 3 2.45 1.359
PRFX .57 4 1.69 1.348
FTEK .69 3 1.57 1.317
TPST 2.19 5 8.3 1.315
GME 2.99 82 181.56 1.312
DLPN 2.14 5 8.2 1.300
GRTS 2.25 7 12.21 1.288
SNOA 1.51 4 4.68 1.288
BIDU 1.78 117 148.96 1.287
PHUN .34 13 3.5 1.261
CETX 1.20 1 0.9519 1.260
WAFU 1.50 4 4.78 1.252
ALYA .77 4 2.46 1.252
BNTC 1.24 3 2.98 1.248
WORX .44 4 1.41 1.248
ERYP .79 4 2.54 1.244
SNAP .57 113 47.91 1.243
SYPR .80 4 2.6 1.228
BLIN .41 8 2.67 1.224
CRTD .39 7 2.26 1.204
GRTX .50 3 1.27 1.179
IGC .49 3 1.25 1.176
ACRS 2.12 7 12.69 1.169
UPC .73 3 1.88 1.164
BNGO .36 12 3.71 1.164
RNXT 1.96 4 6.77 1.156
RIDE .68 7 4.14 1.148
STAF .58 2 1.01 1.148
HGSH 1.16 2 2.05 1.130
NVFY .73 3 1.96 1.116
NIO .53 77 36.2 1.078
LODE .56 3 1.59 1.056
DYNT .22 5 1.04 1.055
WHLM 1.20 4 4.59 1.044
FULC 2.54 6 14.74 1.032
NBRV .76 1 0.738 1.029
HOFV .98 2 1.91 1.026
PALI .71 3 2.08 1.023
SPCB .32 2 0.6266 1.020
SOS .61 2 1.2 1.016
CNET 1.11 1 1.1 1.009
OSAT 1.21 3 3.62 1.002
BB .84 11 9.28 .990
CANF 1.04 1 1.06 .981
PTIX .84 2 1.72 .976
ANVS 3.73 6 22.98 .972
IDEX .36 4 1.48 .972
LHDX 1.58 4 6.51 .968
CHCI 1.54 3 4.78 .966
MTSL 1.08 3 3.37 .960
IMPL 1.70 5 8.89 .955
YJ .40 2 0.8605 .928
PPSI 1.11 7 8.44 .917
MEDS .53 5 2.98 .885
EBET 3.45 6 23.85 .864
SJ 1.24 4 5.73 .864
KALV 1.44 8 13.45 .856
DBGI .42 5 2.46 .850
MVIS 1.17 5 6.9 .845
ASM .69 1 0.816 .845
HCWB 1.14 2 2.8 .814
HOOD 1.41 14 24.2 .812
LIZI .40 4 1.97 .812
CBAT .50 3 1.88 .795
TERN 1.53 4 7.7 .792
BBBY .90 16 18.15 .784
VTNR .37 10 4.69 .780
DTST .84 3 3.25 .774
MBRX .81 2 2.09 .774
AQMS .39 3 1.51 .774
ORPH .57 4 2.94 .772
SPI .89 4 4.64 .764
ACIU 1.91 2 5.02 .760
ZKIN .71 2 1.87 .758
XPEV .46 84 48.29 .756
TIGR .50 8 5.28 .752
EYEG 1.45 1 1.95 .743
GROM .76 2 2.05 .740
NVAX 9.95 12 161.97 .732
OPAD 1.25 4 6.84 .728
WBX 8.99 1 12.42 .723
VYGR 1.06 2 2.93 .722
MNOV .74 3 3.14 .705
WEI .57 1 0.81 .703
MOHO .11 3 0.4688 .702
HTBX 1.46 2 4.17 .700
XTLB 1.09 2 3.14 .694
ZEV 1.17 4 6.75 .692
ATNF .66 4 3.86 .680
VERY 1.39 4 8.29 .668
AVXL 2.41 5 18.04 .665
IPHA .78 4 4.74 .656
NRBO .49 2 1.49 .656
ALF 1.08 2 3.34 .646
ENVB .27 3 1.26 .642
ADGI 2.98 10 46.49 .640
VERB .12 8 1.5 .640
GOVX .36 7 3.92 .637
LEDS 1.24 3 5.83 .636
EVOL .74 2 2.32 .636
LGHL .30 4 1.88 .636
OPTT 1.10 1 1.74 .632
ACOR .41 4 2.61 .628
RFL .71 5 5.69 .620
GNLN .36 2 1.16 .620
COHN 1.95 5 15.85 .615
DTSS .87 1 1.43 .608
ALEC 2.10 6 20.65 .606
HGEN 1.21 3 5.98 .606
KXIN .17 6 1.68 .606
EXPR .47 5 3.88 .605
RSLS .27 4 1.78 .604
BABA .77 99 122 .594
ATXI .74 1 1.26 .587
RCON .51 2 1.74 .586
GFAI .51 2 1.78 .572
WHLR .54 2 1.89 .570
WINT .31 3 1.63 .570
SCKT .74 4 5.2 .568
AYRO .60 2 2.11 .568
KNBE 1.80 7 22.02 .567
ONCS .68 1 1.2 .566
FLGC .19 6 2.01 .564
JFU .22 3 1.18 .558
CHNR .12 4 0.8617 .556
GLSI 3.27 5 29.38 .555
OTLK .38 2 1.38 .550
OBLN .56 3 3.05 .549
HUSN .29 4 2.14 .540
GALT .44 3 2.45 .537
ACY .99 19 34.48 .532
UONE .37 7 4.82 .532
APTO .28 4 2.09 .532
XELA .09 7 1.18 .532
OLB .77 3 4.34 .531
AMBO .61 1 1.15 .530
XELB .34 2 1.28 .530
APRE .69 3 3.9 .528
ENG .30 3 1.7 .528
ZCMD 1.01 1 1.9152 .527
ENSC .72 1 1.38 .521
PENN 2.65 10 50.26 .520
BCRX .62 10 11.87 .520
AUPH 1.51 7 20.14 .518
WISH .58 3 3.36 .516
UAVS .36 3 2.1 .513
LWAC 1.73 5 16.98 .505
LEXX .84 3 5 .504
AVGR .04 7 0.5502 .504
CRIS 1.20 2 4.77 .502
ISPC 1.61 4 12.81 .500
WPRT .58 2 2.32 .500
ATOS .21 5 2.1 .500
ENTX .77 2 3.12 .492
GRVI .74 3 4.49 .492
ADMP .36 1 0.7307 .492
DQ 3.36 7 48.21 .483
BILI 1.28 23 59.17 .483
PIRS .23 7 3.3 .483
GEG .90 1 1.88 .478
MINM .32 2 1.34 .476
NNOX 1.69 5 17.69 .475
RHE 1.27 2 5.34 .474
NVDA 1.25 158 321.26 .474
NKLA .31 15 9.88 .465
WNW 1.34 1 2.89 .463
LGVN 2.06 4 18 .456
MVST .61 6 8.05 .450
HAPP .30 1 0.6687 .448
KTTA 1.49 1 3.35 .444
GTEC .80 4 7.15 .444
SGBX .32 3 2.19 .438
BPTH .95 2 4.35 .436
TRIT .34 5 3.9 .435
BGFV .97 10 22.45 .430
DYAI .51 3 3.56 .429
SLGG .64 2 2.98 .428
SDC .64 2 2.99 .428
OSMT .13 4 1.21 .428
MQ 1.18 7 19.26 .427
UFAB .46 2 2.15 .426
WATT .32 2 1.5 .426
PSTV .60 1 1.41 .425
OBSV .18 5 2.11 .425
SLS .69 4 6.45 .424
ABUS .46 4 4.31 .424
BKKT 2.95 2 13.96 .422
ZG 3.78 6 53.77 .420
AVIR 1.14 3 8.11 .420
TQQQ .58 138 158.02 .414
MTP .56 1 1.3587 .412
RKDA .49 1 1.19 .411
BTCM .72 4 7.03 .408
LIFE 1.09 3 8.06 .405
ENOB .94 5 11.48 .405
AVCT .60 1 1.48 .405
MRAM 2.30 2 11.36 .404
MARA 1.03 20 49.07 .400
ADMA .54 1 1.36 .397
BTX 1.13 2 5.7 .396
AGEN .10 12 3.02 .396
TRCH .98 2 4.95 .394
BHTG .33 1 0.8411 .392
ARAV 1.21 1 3.09 .391
GMBL .88 2 4.5 .390
BODY .47 2 2.46 .382
LYEL 1.21 3 9.51 .381
LCID 2.05 9 48.41 .378
CERE 1.78 7 32.83 .378
RAPT 1.77 7 32.21 .378
IPA 1.04 2 5.52 .376
DWSN .44 2 2.33 .376
EYPT 5.86 1 15.6 .375
KMPH 1.03 3 8.22 .375
BON .62 3 4.95 .375
DDD .70 12 22.08 .372
GEVO .49 4 5.24 .372
NEXT .29 4 3.1 .372
NTRB 1.15 2 6.23 .368
APPS 3.13 6 50.67 .366
LAZR 1.16 5 15.72 .365
MTTR .80 13 28.5 .364
IFRX .58 3 4.83 .360
VIVE .26 2 1.44 .360
PLG .24 3 2 .360
AFRM 2.60 16 113.75 .352
CTSO .42 4 4.75 .352
XBIO .06 8 1.34 .352
LMFA .35 5 4.95 .350
RLMD 1.57 4 17.85 .348
VNET 1.13 3 9.68 .348
VTSI .56 4 6.39 .348
AEHR .19 29 15.61 .348
IMTX .98 4 11.35 .344
OXBR .30 5 4.41 .340
GDEV .87 3 7.65 .339
MTL .08 13 3.02 .338
IMNM 1.42 4 16.72 .336
LJPC .62 2 3.69 .336
EVGO .57 7 11.79 .336
ADIL .45 2 2.68 .334
MITO .28 1 0.8383 .334
GRU 1.51 1 4.5217 .333
VOXX 1.16 3 10.37 .333
BFRI 1.74 1 5.25 .331
PRPL .68 5 10.22 .330
M .62 15 27.7 .330
IMMR .33 6 5.93 .330
IMMP .16 7 3.36 .329
ARPO .72 1 2.2 .327
NNDM .48 3 4.45 .321
ENZ .54 2 3.36 .320
GPN 3.54 11 121.81 .319
SPLK 6.20 6 116.92 .318
FGEN 1.47 3 13.76 .318
MRKR .36 1 1.13 .318
CLSD .35 3 3.28 .318
SNMP .11 2 0.6902 .318
INFI .16 4 2.02 .316
APOP .84 5 13.17 .315
QFIN .77 9 21.99 .315
TSLA 2.96 157 1084.6 .314
NEPT .07 2 0.445 .314
ONCT .45 2 2.87 .312
JRJC .67 3 6.45 .309
TATT .65 3 6.29 .309
EOSE 1.39 2 8.99 .308
SOFI .73 7 16.43 .308
SKLZ .67 4 8.62 .308
CLF .57 11 20.13 .308
TELL .11 9 3.21 .306
OCX .70 1 2.29 .305
DOCS 2.62 8 67.51 .304
KURA 1.04 4 13.52 .304
MDIA .50 3 4.94 .303
GSM .27 7 6.22 .301
ZM 3.91 15 191.75 .300
BNR 1.30 3 12.98 .300
BBLG 1.14 1 3.79 .300
ASTR .62 5 10.25 .300
KBSF .46 2 3.05 .300
KODK .86 2 5.77 .298
VLDR .76 2 5.1 .298
MRNA 2.43 37 301.49 .296
ALDX 1.09 2 7.33 .296
STG 1.13 1 3.82 .295
CCXI 3.66 3 37.06 .294
TASK 1.74 7 41.34 .294
HUGE .37 1 1.27 .291
UPST 2.84 18 177 .288
CMMB 1.24 2 8.61 .288
NNVC .44 3 4.55 .288
PBR .34 9 10.47 .288
WIMI .27 4 3.7 .288
PME .26 1 0.9 .288
MOSY .55 2 3.84 .286
SBEA 1.45 2 10.2 .284
CRDF .78 2 5.46 .284
SNES .16 2 1.12 .284
ZLAB 3.42 6 71.44 .282
NVCR 2.63 10 91.37 .280
ALTO .29 5 5.12 .280
KSS 1.57 9 49.89 .279
RSKD 1.24 2 8.87 .278
DARE .47 1 1.69 .278
VBLT .21 3 2.26 .276
SALM .20 4 2.89 .276
OCUP .51 2 3.75 .272
ZY .78 3 8.64 .270
FCX .41 24 37.1 .264
DBVT .07 11 2.81 .264
BRLT 2.17 2 16.62 .260
RAIL .24 4 3.67 .260
IGIC .70 3 8.1 .258
VERU .45 4 6.95 .256
TEDU .09 2 0.7 .256
ME .34 6 8 .252
AMD 1.96 19 150.68 .247
FIGS 1.33 6 32.22 .246
EZFL .57 1 2.32 .245
NLS .84 2 6.87 .244
CARA 1.57 2 12.89 .242
CLPS .57 1 2.36 .241
CLPS .57 1 2.36 .241
DDS 6.58 10 272.72 .240
SE 3.98 16 261.11 .240
JFIN .36 2 2.99 .240
ORMP .27 16 17.52 .240
ABSI 1.25 2 10.56 .236
MESO .65 2 5.47 .236
BNTX 3.18 26 333.49 .234
EXPI 1.38 6 35.24 .234
OVID .38 2 3.24 .234
SQBG .73 2 6.24 .232
GPS .54 7 16.3 .231
TSP 1.75 5 37.9 .230
ATAI 1.29 2 11.14 .230
AZYO 1.08 1 4.7 .229
AKTX .36 1 1.59 .226
DLO 1.53 5 33.71 .225
PLUG .92 9 36.42 .225
ORGS .70 1 3.11 .225
ERJ .35 9 13.8 .225
CPIX .32 3 4.22 .225
W 6.80 8 236.43 .224
CPE 1.54 7 47.99 .224
OCG .23 4 4.1 .224
BIOC .22 4 3.91 .224
MDNA .05 8 1.74 .224
EVGN .43 1 1.92 .223
CHGG 2.17 3 28.95 .222
OCG .07 13 4.1 .221
CCJ .52 10 23.12 .220
EDSA 1.24 1 5.71 .217
AMTX 1.20 3 16.55 .216
CELC 1.05 3 14.44 .216
FB .68 107 310.39 .214
HUYA .53 3 7.38 .213
ENSV .20 1 0.9471 .211
OSTK 2.60 7 84.62 .210
DELL 1.75 7 57.15 .210
IONQ .65 7 21.45 .210
LOOP .55 5 13.03 .210
CVV .46 2 4.38 .210
ASAN 1.51 13 91 .208
FENG .11 2 1.05 .208
AMEH 2.05 9 88.54 .207
SQ 1.73 23 192.15 .207
HOL .84 3 12.35 .204
STEM .68 6 19.66 .204
CELH 1.96 7 65.52 .203
DNUT .42 7 14.17 .203
FOSL 1.09 2 10.86 .200
CAN .43 4 8.51 .200
IMV .15 2 1.49 .200
KULR .13 5 3.22 .200
FSTX 1.04 1 5.21 .199
DUOL 7.27 3 109.71 .198
TLRY .47 4 9.54 .196
CHMA .37 2 3.76 .196
MOGO .24 4 4.82 .196
CGC 1.01 2 10.36 .194
TWTR 1.40 6 42.65 .192
AXLA .26 2 2.73 .190
AMZN 8.00 94 3437.36 .188
JWN .98 4 20.56 .188
NTEC .46 4 9.63 .188
DKS 1.27 17 113.91 .187
DKNG .99 6 31.3 .186
TOST 3.31 2 35.69 .184
NIU .93 4 20.19 .184
AESE .35 1 1.9 .184
SCYX .31 4 6.67 .184
ACHL .89 1 4.89 .182
PDD 2.15 5 59.28 .180
PRTA 1.04 9 49.67 .180
MITQ .36 1 1.99 .180
RIG .09 6 2.92 .180
TENX .21 1 1.18 .177
PUBM 6.66 1 37.86 .175
BYND 2.00 6 67.36 .174
NVTS 1.62 2 18.52 .174
CLII .84 3 14.36 .174
ACB .36 3 6.14 .174
DMAC .31 2 3.55 .174
GENE .13 3 2.21 .174
GTT .41 1 2.36 .173
BLUW .83 2 9.63 .172
BWAY .68 2 7.87 .172
SKT 1.17 3 20.49 .171
HHR 1.07 9 55.51 .171
SHOP 25.38 10 1447.15 .170
LYFT 1.43 5 41.15 .170
GIII 1.02 5 29.4 .170
AA .78 10 44.82 .170
GTIM .74 1 4.35 .170
GSAT .12 2 1.4 .170
EDTK .10 2 1.17 .170
MSTR 14.75 8 683.36 .168
IAC 3.19 7 127.61 .168
ARVN 1.91 7 76.46 .168
SEMR 1.11 3 19.62 .168
SOHU .47 6 16.24 .168
AEY .31 1 1.84 .168
LBPH .92 1 5.52 .166
FUBO 1.01 3 18.2 .165
TGTX .93 3 16.78 .165
FBRX .40 1 2.42 .165
FUV .77 2 9.28 .164
ISEE .62 4 14.86 .164
AEI .09 2 1.09 .164
NEWR 2.93 6 105.52 .162
FLGT 2.27 6 83.55 .162
AAL .32 9 17.42 .162
ZIM 1.29 7 54.83 .161
DRN .60 7 25.16 .161
NBEV .19 1 1.19 .159
NETE 1.04 2 13.09 .158
BKYI .19 2 2.39 .158
RBLX 1.60 12 116.92 .156
IRDM 1.55 4 39.32 .156
DNA 1.58 1 10.22 .154
SRNE .85 1 5.51 .154
COTY .19 8 9.67 .152
RIOT 1.02 5 32.97 .150
HNST .41 3 8.16 .150
SSNT .34 2 4.52 .150
SSKN .22 1 1.47 .149
VCVC 1.46 1 9.85 .148
WTER .09 2 1.21 .148
ENLV .49 2 6.65 .146
HIPO .25 2 3.41 .146
SCR 1.05 5 35.58 .145
MAT .63 5 21.52 .145
CPSH .51 1 3.51 .145
EDIT 1.47 3 30.03 .144
APP 1.46 9 90.32 .144
AUTL .30 3 6.21 .144
PETZ .17 4 4.67 .144
DE 4.88 11 350.62 .143
PBLA .25 1 1.76 .142
NXTP .14 1 0.9813 .142
PRPO .09 3 1.89 .141
SAM 9.40 7 460.85 .140
RL 2.39 7 119.14 .140
ORCL .36 35 89.99 .140
VIH 1.31 1 9.36 .139
DPST 2.33 3 50.5 .138
CIFR .35 3 7.59 .138
CALA .11 1 0.798 .137
XAIR 1.97 1 14.4 .136
OMER 1.00 1 7.32 .136
LAC .61 8 34.44 .136
TDC 1.17 5 42.76 .135
DAL 1.02 5 36.64 .135
IKT .24 1 1.77 .135
CRON .12 5 4.4 .135
NGM 1.25 2 18.72 .132
SIF 1.16 1 8.78 .132
LI .76 6 33.91 .132
SONO .70 6 31.44 .132
BCLI .46 1 3.48 .132
AFMD .43 2 6.58 .130
SHEN 1.11 3 25.32 .129
ATIF .43 1 3.33 .129
TISI .17 1 1.31 .129
GH 1.57 8 95.98 .128
TESS .34 2 5.28 .128
SI 4.14 6 194.26 .126
DLTR 1.90 9 134.83 .126
CLDX 1.61 3 37.61 .126
JD 1.56 7 84.46 .126
SFIX 1.46 2 22.95 .126
DOCN 1.31 9 90.47 .126
TVTX 1.19 3 28.08 .126
MRUS 1.10 3 25.91 .126
JRVR 1.10 3 25.84 .126
LEGN 1.04 6 48.66 .126
LUV .99 6 45.34 .126
TAL .32 2 5.01 .126
FENC .27 2 4.25 .126
BGI .19 3 4.45 .126
MRO .12 18 15.58 .126
THCB 1.25 1 10 .125
JKS 1.23 5 48.56 .125
RUN 1.10 5 42.31 .125
CYTK .96 5 38.15 .125
CCL .45 5 17.89 .125
CLOV .28 2 4.5 .124
LIVE 1.37 3 33.32 .123
FRD 1.28 1 10.38 .123
HJLI 1.27 1 10.38 .122
CMTL 3.13 1 25.82 .121
DASH 2.11 10 166.12 .120
DDL 1.22 2 20.28 .120
MAXR .83 4 27.51 .120
PFE .65 10 53.04 .120
ACI .44 10 35.98 .120
LC .39 10 31.4 .120
CIEN .38 20 61.68 .120
ULBI .31 2 5.1 .120
UWMC .29 3 7.15 .120
SBBP .12 2 2 .120
CPG .09 6 4.38 .120
ANIX .38 1 3.22 .118
EQOS .46 1 3.93 .117
SBS .09 9 6.55 .117
ALLO 1.11 2 19.09 .116
IRIX .18 4 6.11 .116
BQ .08 2 1.36 .116
VSCO 1.29 5 53.95 .115
RRGB .96 2 16.73 .114
BKE .89 6 46.52 .114
FTCH .67 6 34.07 .114
AEMD .09 3 2.36 .114
MSFT .39 113 329.49 .113
RGEN 4.41 7 268.82 .112
CAT 2.86 8 196.79 .112
VMW 1.91 7 117.34 .112
CAH 1.34 4 46.81 .112
GRVY 1.33 7 79.75 .112
JPM 1.29 14 161.21 .112
HCM .93 4 32.9 .112
BZUN .80 2 14.06 .112
CRCT .70 4 24.32 .112
BZ 1.22 3 32.5 .111
EQ .53 1 4.75 .111
GP .49 3 12.96 .111
LAD 6.41 5 290.03 .110
DPZ 5.62 11 525 .110
ACMR 1.83 5 81.57 .110
KZR .82 2 14.8 .110
LIVX .17 2 3.07 .110
MBII .08 1 0.7249 .110
AAPL .32 109 163.76 .109
MSGE 1.88 4 67.45 .108
DIS 1.86 9 147.2 .108
RMBL 1.41 3 39.16 .108
TTD .92 12 95.89 .108
TTCF .86 2 15.82 .108
FLWS .75 4 26.87 .108
UBER .71 6 38.12 .108
GKOS 4.45 1 41.59 .106
PATI .50 2 9.41 .106
U 5.45 3 152.34 .105
TWST 1.37 7 91.07 .105
NFLX .76 105 616.47 .105
MOS .76 5 34.64 .105
VLO 1.86 4 71.17 .104
AN 1.67 8 126.8 .104
APXT 1.27 1 12.11 .104
PINS 1.00 4 37.58 .104
BFLY .72 1 6.92 .104
BIGC 4.50 1 43.53 .103
VIR .79 6 45.94 .102
FFHL .44 2 8.5 .102
KR .30 17 44.65 .102
SSL .12 17 17.61 .102
XM 1.66 2 32.83 .100
CREE 1.64 5 79.12 .100
AEO 1.32 2 26.26 .100
CLNE .67 1 6.66 .100
AMRS .60 1 5.96 .100
ZNGA .15 4 5.77 .100
REGN 7.44 9 634 .099
CNC 2.42 3 71.42 .099
PYPL 2.14 9 187.15 .099
LAW 1.23 3 36.43 .099
EAT 1.21 3 35.69 .099
ARMP .49 1 4.91 .099
KMB 1.99 7 132.79 .098
EOLS .55 1 5.59 .098
GAME .43 1 4.39 .097
MDB 5.88 8 481.59 .096
BIIB 3.69 6 228.52 .096
FISV 1.64 6 99.86 .096
SKX 1.09 4 45.03 .096
PTGX 1.05 3 32.69 .096
BTWN .95 1 9.83 .096
YEXT .91 1 9.43 .096
HOG .90 4 37.38 .096
OPNT .73 4 29.6 .096
YMM .58 2 11.89 .096
XBI 2.27 5 114.57 .095
BHVN 2.12 5 109.29 .095
SLB .58 5 29.32 .095
MFNC 1.02 2 21.5 .094
RCAT .10 2 2.12 .094
ROIV .83 1 8.84 .093
KIRK .48 3 15.48 .093
INM .14 1 1.49 .093
ARCE .89 2 19.31 .092
VMEO .85 2 18.41 .092
UAA .56 4 23.5 .092
CREX .15 1 1.62 .092
ROKU 2.89 7 210.26 .091
DUOT .40 1 4.35 .091
FRO .05 13 6.84 .091
TMUS 1.73 6 110.36 .090
BBY 1.65 6 103.92 .090
COUR 1.32 2 28.72 .090
USB 1.06 5 56.6 .090
IS .76 1 8.4 .090
SPTN .74 3 24.07 .090
VNE .55 6 35.54 .090
KRYS 6.33 1 70.8 .089
LOW 2.16 11 250.39 .088
ABCL 1.31 1 14.83 .088
GBR .24 1 2.72 .088
CNFR .10 2 2.27 .088
PFGC 1.21 3 41.11 .087
OVV 1.01 3 33.92 .087
GURE .46 1 5.27 .087
CHRA .40 1 4.56 .087
IMAB 1.00 5 57.43 .085
WMT .68 17 135.47 .085
CRNC 1.55 4 70.63 .084
MDT 1.53 6 107.28 .084
TJX 1.03 6 70.25 .084
BJ .79 7 64.38 .084
INTC .70 6 49.5 .084
KO .64 7 53.07 .084
LTHM .19 14 28.88 .084
YPF .17 2 3.96 .084
SLV .56 3 20.69 .081
CSCO .51 9 56.15 .081
PKG 2.17 5 131.92 .080
V 2.00 8 198.29 .080
ABNB 1.72 8 169.6 .080
A 1.31 10 150.99 .080
C 1.06 5 63.81 .080
FL .92 4 44.64 .080
PTON .74 5 44.45 .080
STRO .65 2 16.24 .080
KZIA .41 2 10.01 .080
MFGP .08 5 4.72 .080
VTGN .03 5 1.8 .080
SBTX .57 1 7.19 .079
ENPH 3.10 6 235 .078
IWM 2.93 6 219.21 .078
CM 1.42 6 107.15 .078
PLTR .77 2 19.69 .078
WFC .66 6 48.91 .078
RVI .24 2 6.14 .078
XPDI .09 13 13.32 .078
EL 3.86 7 334.67 .077
MA 3.58 7 320.2 .077
GDYN 3.03 1 39.27 .077
LMT 2.51 11 330.53 .077
SPG 1.69 7 151.86 .077
COP .80 7 71.26 .077
SILK .52 7 43.83 .077
WYNN 1.62 4 82.29 .076
DOMO 1.26 4 65.15 .076
MYGN .98 2 25.53 .076
APT .45 1 5.91 .076
XMTR 3.46 1 46.13 .075
ESTC 1.89 5 118.28 .075
BCYC 1.49 3 57.53 .075
FATE 1.36 3 52.6 .075
CLSK 1.17 1 16.02 .073
SIVB 7.01 8 712.2 .072
ROST 2.08 4 110.56 .072
PLCE 1.60 4 86.17 .072
APPN 1.29 4 68.89 .072
SPT 1.25 6 102.48 .072
DXC 1.11 2 30.54 .072
IBM 1.03 9 116.9 .072
LOGI .99 6 79.29 .072
SJM .78 12 127.85 .072
SM .68 3 28.17 .072
T .56 3 23.05 .072
ORGO .35 2 9.62 .072
TBLA .70 1 9.85 .071
SITM 2.97 7 291.7 .070
SMLP 1.07 2 30.17 .070
ATVI .81 5 57.29 .070
MS .74 10 98.86 .070
VRNT .69 5 47.37 .070
HPQ .55 5 37.64 .070
K .49 10 61.93 .070
ON .45 10 62.54 .070
GT .30 5 20.88 .070
THTX .22 1 3.14 .070
MO 1.00 3 43.21 .069
CHPT .54 3 23.29 .069
MRTN .38 3 16.36 .069
TSN 1.42 4 80.79 .068
DFH 1.18 1 17.27 .068
MNSO .82 1 11.94 .068
GNOG .78 1 11.32 .068
CYTH .34 1 4.99 .068
PPBT .26 1 3.78 .068
EKSO .11 2 3.21 .068
SLHG .10 1 1.47 .068
EDU .14 1 2.06 .067
THC 4.91 1 74.02 .066
SEDG 3.56 6 318.54 .066
CHKP 1.25 6 111.12 .066
BEKE .61 2 18.48 .066
WOOF .43 3 19.23 .066
FFIE .22 2 6.58 .066
SWN .10 3 4.49 .066
UNH 2.55 13 446.02 .065
WSM 2.54 5 184.66 .065
TTC 1.42 5 102.18 .065
CTRN 1.11 5 80.09 .065
SCHW 1.08 5 80.12 .065
VIPS .66 1 10.05 .065
TME .45 1 6.87 .065
GMTX .17 1 2.61 .065
SNOW 2.91 8 360.28 .064
LL 1.01 1 15.68 .064
CSIQ .58 4 35.22 .064
RSI .55 2 16.67 .064
HWCC .34 1 5.3 .064
GGAL .16 4 9.53 .064
IRCP .04 4 2.42 .064
GS 2.93 9 387.54 .063
LLY 2.28 7 247.88 .063
COIN 2.02 9 284.71 .063
STX .76 9 105.11 .063
CRMT .72 9 100.66 .063
RRD .10 7 10.63 .063
KYMR 1.69 2 54.15 .062
AMKR .70 2 22.31 .062
EQT .58 2 18.55 .062
OXY .06 31 29.65 .062
SNPS 3.69 6 349.67 .060
ASML 3.50 15 789.38 .060
NXPI 2.38 6 222.73 .060
CRM 1.37 12 261.2 .060
JBL 1.23 3 59.35 .060
FANG 1.07 6 106.43 .060
SUPN .95 2 31.18 .060
FLXN .55 1 9.12 .060
KHC .53 4 33.25 .060
BAC .47 6 44.89 .060
XOM .38 10 61.28 .060
FLO .28 6 25.46 .060
RNG 11.84 1 198.67 .059
OEG .14 1 2.34 .059
UAL 1.24 2 41.64 .058
KMX 2.82 3 144.09 .057
SBH .38 3 19.51 .057
MOMO .19 3 9.65 .057
GBS .11 1 1.92 .057
ROLL 1.78 7 198.92 .056
HON 1.76 7 204 .056
ECOM 1.37 1 24.39 .056
YETI 1.27 4 88.93 .056
WM 1.17 8 163.74 .056
AMAT 1.16 8 146.49 .056
ABT 1.14 7 128.38 .056
ACH .67 1 11.86 .056
BLNK .18 14 36.33 .056
AMGN 2.27 5 201.17 .055
GWRE 1.30 5 117.18 .055
FA .96 1 17.39 .055
SWI .79 1 14.33 .055
ITRO .07 1 1.27 .055
LII 2.97 6 311.62 .054
WDAY 2.46 6 266.66 .054
DG 2.15 6 215.81 .054
TSCO 1.52 9 227.65 .054
TAP 1.23 2 45.38 .054
HAS .94 6 98.67 .054
GE .86 6 95.23 .054
FITB .82 3 43.94 .054
MRK .50 9 73.89 .054
CFLT 4.09 1 77.01 .053
COF 1.87 4 143.36 .052
TRI 1.63 4 120.68 .052
INCY .93 4 66.63 .052
APG .62 2 23.3 .052
PDCO .41 4 29.78 .052
VXX .35 4 25.72 .052
VIEW .21 1 4.02 .052
EVA 3.59 1 70.27 .051
TSC 1.55 1 29.82 .051
NFE 1.27 1 24.58 .051
LPX 1.24 3 70.49 .051
EPU .48 3 28.1 .051
STE 2.26 5 220.63 .050
OTIS .91 5 82.85 .050
TNA .83 5 81.46 .050
XONE .67 2 26.7 .050
CUE .62 1 12.29 .050
RKT .41 2 15.89 .050
SNDL .03 1 0.592 .050
ADSK 2.04 7 257.66 .049
MMM 1.20 7 170.26 .049
GIS .46 7 62.86 .049
HRL .31 7 41.96 .049
INTU 4.61 8 672.12 .048
ADBE 4.59 8 671.88 .048
ZS 2.89 6 331.97 .048
KEYS 2.52 4 198.48 .048
PKI 2.16 4 179.99 .048
DAVA 1.77 4 146.52 .048
EA 1.51 4 122.59 .048
STT 1.48 3 92.39 .048
NTAP 1.16 4 90.18 .048
TGT 1.06 12 245.5 .048
MNST 1.05 4 82.96 .048
XLNX .90 12 218.7 .048
ARMK .42 4 33.77 .048
XLE .34 8 55.58 .048
AGNC .26 3 15.46 .048
ERF .44 1 9.47 .046
VSTM .06 2 2.6 .046
CI 1.83 5 197.79 .045
CVS 1.40 3 89.99 .045
LITE 1.30 3 85.32 .045
OKE .92 3 60.69 .045
NKE .92 9 170 .045
PG .85 9 147.26 .045
PSTG .49 3 31.6 .045
ATHM .49 3 31.46 .045
AZN .18 15 54.79 .045
ET .08 5 8.32 .045
CAR 6.00 2 268.12 .044
LSI 3.13 2 136.31 .044
SANA .82 1 18.37 .044
GLD .70 11 165.24 .044
NPTN .67 1 15.17 .044
RF .52 2 22.63 .044
TTM .13 11 31.97 .044
PANW 23.18 1 535.3 .043
ANTM 2.99 6 399.74 .042
LIN 1.99 7 324 .042
GM .87 3 61.02 .042
ABBV .83 6 116.87 .042
RY .61 7 100.1 .042
TBIO .53 3 37.36 .042
BBWI .53 6 74.51 .042
ANF .52 3 35.31 .042
MRVL .51 6 71.03 .042
BLFS 1.55 1 37.12 .041
BURL 1.68 8 293 .040
ADI 1.48 5 180.63 .040
UHS 1.30 4 121.62 .040
OLLI 1.29 2 62.86 .040
EGRX 1.01 2 48.6 .040
DD .80 4 75.28 .040
MU .42 8 82.88 .040
BP .28 4 27.06 .040
KDMN .10 4 9.5 .040
VGR .61 1 15.51 .039
ALC 1.58 2 79.67 .038
WGO 1.39 2 72.84 .038
GPK .38 2 19.97 .038
HMHC .31 2 15.59 .038
FCBP 1.08 1 29.1 .037
LESL .77 1 20.45 .037
COST 2.55 9 525.51 .036
HCA 2.20 4 232.06 .036
CLX 1.52 4 166.47 .036
J 1.33 4 142.03 .036
AXP 1.07 6 156.77 .036
KNL .92 1 25.04 .036
DEN .72 4 78.4 .036
LEN .70 6 113.11 .036
LZB .64 2 33.95 .036
HNP .33 2 17.87 .036
SPWH .22 3 16.94 .036
ALAC .21 2 11.6201 .036
GRUB .15 3 12.13 .036
NOK .04 6 5.74 .036
IRTC 3.69 1 104.79 .035
AAP 1.79 5 228.76 .035
LH 1.59 7 291.27 .035
TTWO 1.26 5 161.38 .035
UPS 1.15 7 199.9 .035
PEP 1.13 5 160.62 .035
SRNG .41 1 11.42 .035
PCTY 8.94 1 257.4 .034
ALZN .07 1 2.02 .034
AZO 6.70 11 1868.29 .033
CTKB .66 1 19.49 .033
BKNG 10.17 8 2171.93 .032
INMD 1.16 2 72 .032
HD .98 16 407.77 .032
CL .61 4 75.48 .032
MPC .54 4 63.33 .032
TEO .08 2 4.99 .032
RMD 8.09 1 255.88 .031
FOE .67 1 21.45 .031
PCVX .65 1 20.4 .031
BLK 6.24 5 918.85 .030
PWR 3.42 1 113.59 .030
AKAM 1.20 3 110.95 .030
NEE .59 5 88.62 .030
XLF .58 2 38.66 .030
ACHV .11 2 7.1 .030
BEST .01 3 0.9753 .030
GOOG 3.73 28 2875.53 .028
RTX 1.21 2 81.66 .028
BLDR 1.03 2 73.32 .028
VZ .73 2 50.73 .028
FLOW .63 4 84.2 .028
HOLI .43 1 14.85 .028
ENIC .06 1 2.07 .028
RCUS 1.22 1 44.99 .027
BIG .59 2 43.62 .026
VRTX 5.31 1 204.45 .025
OLN 1.34 1 52.5 .025
DUK .57 5 97.65 .025
TRIL .47 1 18.44 .025
ATKR 1.43 2 110.07 .024
SNA 1.40 4 210.07 .024
ALXN 1.24 4 182.5 .024
PLD 1.05 4 154.42 .024
MCD .98 8 248.8 .024
AZPN .96 4 145.98 .024
QDEL .95 4 146.5 .024
STN .44 3 54.85 .024
QCOM .43 12 177.03 .024
XLP .29 6 70.69 .024
VSH .18 3 20.79 .024
GSKY .15 2 11.55 .024
UNIT .11 3 13.43 .024
CDEV .04 4 5.84 .024
SLVO .03 4 4.96 .024
B 1.08 1 45.24 .023
CRTO .90 1 38.88 .023
RACE .58 11 262.48 .022
SPB 2.21 1 101.07 .021
JNJ 1.21 3 157.09 .021
STZ 1.17 4 225.26 .020
NUAN 1.13 1 55.09 .020
HRI .96 4 162.8 .020
IRBO .83 1 42.89 .019
CNA .83 1 43.17 .019
UHAL 1.98 9 723.62 .018
LANC 1.43 2 150.28 .018
AIT .91 2 98.31 .018
AMOM .66 1 36.27 .018
CROX .46 9 166.15 .018
XLV .44 6 130.13 .018
D .17 9 71.84 .018
CSPR .11 1 6.47 .017
STMP 1.59 4 329.61 .016
UTHR .86 4 189.29 .016
IYC .39 4 82.45 .016
PSTX .12 1 7.22 .016
SELF .09 1 5.3 .016
XLK .67 5 167.94 .015
AXON 2.25 1 159.36 .014
TNET 1.38 1 98.14 .014
PAYX .94 2 120.65 .014
MGTX .27 1 18.52 .014
VCLO .25 1 17.26 .014
CHNG .15 2 20.77 .014
ADMS .06 2 8.22 .014
FRBK .05 1 3.4 .014
CAI .78 1 56 .013
TDG 1.87 4 581.99 .012
XLY 1.39 2 203.61 .012
PNRG .79 1 61.25 .012
TSM .54 3 121.7 .012
HRC .42 6 155.76 .012
PPC .17 2 28.06 .012
HDGE .12 3 25.42 .012
ECHO .49 1 48.24 .010
INOV .22 2 41.06 .010
ESXB .06 2 11.77 .010
GTS .33 1 35.48 .009
IEC .14 1 15.34 .009
SVBI .13 1 13.63 .009
RTLR .02 9 10.91 .009
HFBL .16 1 19.75 .008
PBT .04 2 9.02 .008
LMRK .13 1 16.26 .007
ROG 1.67 1 271 .006
SYKE .14 3 54 .006
FAST .11 6 59.66 .006
ITRN .07 3 25.96 .006
PSP .04 3 15.72 .006
VOOV .73 1 144.14 .005
CONE .46 1 89.16 .005
JQUA .26 1 43.57 .005
CLDR .08 1 15.99 .005
SAFM .85 1 188.22 .004
TAAG .09 1 20.9494 .004
CPLG .07 1 15.35 .004
KIN .02 2 9.25 .004
RAVN .10 3 58.08 .003
IACB .01 3 7.95 .003
SPY 1.31 1 457.4 .002
CXP .04 1 19.22 .002
SIC .03 1 14.49 .002
NWHM .02 1 8.99 .002
EIC .02 2 17.6 .002
DSE .02 1 9.49 .002
ULTA .62 1 383.64 .001
VCAR .03 1 16.23 .001
PMD .01 1 7.2604 .001
ULTA .05 12 383.64 0
INFL .01 2 29.74 0
DFP .01 3 27.65 0
WMPN 0 4 12.1 0
VALN 0 2 62.88 0
QQC 0 2 32.9608 0
QADB 0 4 87.54 0
PAE 0 1 9.89 0
ONON 0 1 51.42 0
NLSP 0 1 1.64 0
LHAA 0 1 9.79 0
HWBK 0 1 24.2 0
EPAY 0 1 45.32 0
DVD 0 1 3.61 0
APWC 0 1 2.99 0
NSYS -.12 1 10.9013 -.011
