EJH 5.21 6 2.62 11.928
LAIX 1.72 4 0.8708 7.900
SCPS 3.34 7 4.19 5.579
EEIQ 4.33 5 4.24 5.105
AACG 2.14 5 2.3 4.650
NVOS 1.65 5 1.82 4.530
NEGG 3.07 20 13.67 4.480
CPOP 2.34 5 2.93 3.990
AUVI 2.56 8 5.2 3.936
VRPX 1.77 9 4.24 3.753
DPW 1.56 5 2.29 3.405
NRXP 3.86 6 6.95 3.330
FCEL .17 129 6.71 3.225
JZXN 1.63 4 2.07 3.148
JAN 3.24 5 5.91 2.740
EYES 1.22 6 2.9 2.520
KOSS 5.35 7 15.35 2.436
JG 1.96 2 1.63 2.404
SIEB 1.53 5 3.28 2.330
CEMI .75 7 2.38 2.205
AAME 1.97 5 4.5 2.185
SGOC 1.48 8 5.79 2.040
BSQR .35 13 2.23 2.028
TYME .45 4 0.9715 1.852
AMC 1.23 55 37.25 1.815
NURO 1.69 10 9.43 1.790
GRTS 3.14 5 9.07 1.730
INDP 2.52 5 7.35 1.710
TAOP 1.35 3 2.6 1.557
CSCW .39 2 0.5146 1.514
SAVA 3.02 26 51.49 1.508
RMED 1.25 4 3.34 1.496
BBIG .42 18 5.01 1.494
NAOV .27 11 2 1.485
IRNT 3.52 5 12 1.465
EVK .60 6 2.55 1.410
GME 2.99 82 172.68 1.394
HGSH 1.16 2 1.67 1.388
CARV 3.92 6 17.23 1.362
SPRT .81 20 11.8 1.360
WAVE 1.72 5 6.75 1.270
MRIN 2.01 5 7.94 1.265
CETX 1.20 1 0.9501 1.263
AREC .72 4 2.3 1.252
SJ 1.24 4 3.965 1.248
FTEK 1.03 2 1.7 1.210
AGRI .76 3 1.89 1.206
BIDU 1.78 117 162.09 1.170
NMRD 1.66 4 5.73 1.156
PBTS 1.24 1 1.09 1.137
YJ .40 2 0.7092 1.128
SPCE 1.14 23 23.22 1.127
ALYA 1.03 3 2.74 1.125
AUUD .54 5 2.41 1.120
PHUN .20 5 0.9024 1.105
NCTY 2.63 5 11.97 1.095
SSY .91 3 2.53 1.077
LHDX 1.58 4 5.86 1.076
BNTC 1.24 3 3.53 1.053
PMCB 1.11 3 3.19 1.041
IGC .49 3 1.42 1.035
CHCI 1.54 3 4.54 1.017
NVFY .73 3 2.2 .993
BB .84 11 9.28 .990
BTBT 1.30 9 11.86 .981
LMNL .65 3 2 .975
NIO .48 75 35.64 .975
EBET 3.45 6 21.43 .960
MTSL 1.08 3 3.37 .960
XPEV .46 80 37.42 .960
OCGN 1.45 5 7.69 .940
CNET 1.11 1 1.18 .940
BBBY 1.07 13 14.85 .936
CTIB .64 3 2.06 .930
UPC .73 3 2.36 .927
PRFX .77 3 2.58 .894
RIDE .85 5 4.78 .885
WAFU 1.94 3 6.615 .879
CRTD .66 3 2.25 .879
PTIX .84 2 1.93 .870
RETO .66 1 0.76 .868
PALI .71 3 2.45 .867
WORX .44 4 2.04 .860
WHLM 1.59 3 5.62 .846
ANPC 1.24 2 2.94 .842
ASM .69 1 0.8208 .840
DLPN 2.14 5 12.85 .830
ANVS 3.73 6 26.96 .828
VVOS .78 4 3.76 .828
ACRS 2.12 7 17.95 .826
SYPR 1.65 2 4 .824
BLIN .41 8 3.98 .824
IMPL 1.70 5 10.59 .800
SNOA 1.43 3 5.44 .786
SNAP .58 112 73.53 .784
HOFV .98 2 2.54 .770
BNGO .36 11 5.11 .770
WEI .57 1 0.7456 .764
EYEG 1.45 1 1.9 .763
XELA .21 6 1.65 .762
IDEX .36 4 1.9 .756
NVAX 13.77 9 164.05 .747
OSAT 1.82 2 4.95 .734
TSLA 4.22 145 785.49 .725
ENOB 1.70 3 7.05 .723
TPST 2.19 5 15.2 .720
MOXC 1.77 3 7.43 .714
SPI 1.60 2 4.48 .714
SPCB .32 2 0.895 .714
AVXL 2.41 5 16.88 .710
NVDA 1.22 142 206.95 .710
CANF 1.04 1 1.49 .697
DYNT .22 5 1.6 .685
NBRV .76 1 1.11 .684
LODE 1.63 1 2.44 .668
STAF .58 2 1.77 .654
ADGI 3.21 7 34.32 .651
KALV 1.44 8 17.77 .648
SCKT 1.43 3 6.7 .639
CBAT .70 2 2.22 .630
EVOL 1.45 1 2.31 .627
ZCMD 1.01 1 1.62 .623
VERY 1.85 3 8.9443 .618
MNOV 1.12 2 3.64 .614
MVIS 1.51 4 9.92 .608
DTST .84 3 4.19 .600
MOHO .11 3 0.549899 .600
MBRX 1.60 1 2.69 .594
TERN 1.53 4 10.31 .592
OPAD 1.25 4 8.5 .588
ZEV 1.49 3 7.61 .585
LGHL .66 2 2.27 .580
HGEN 1.21 3 6.25 .579
ORPH .73 3 3.82 .573
SOS .61 2 2.13 .572
FULC 2.54 6 26.48 .570
ANY .36 13 8.28 .559
ATXI .74 1 1.33 .556
MEDS .53 5 4.77 .555
XTLB 1.09 2 3.94 .552
OPTT 1.10 1 2 .550
OBLN .56 3 3.05 .549
VTNR .43 7 5.56 .539
MVST 1.01 4 7.53 .536
ALEC 2.10 6 23.76 .528
NRBO .49 2 1.86 .526
GOVX .35 6 4 .522
IPHA .78 4 5.96 .520
OXBR .30 5 2.87 .520
XELB .34 2 1.31 .518
HOOD 1.85 12 42.07 .516
LIZI .40 4 3.13 .508
GTEC 1.57 2 6.185 .506
APTO .55 2 2.17 .506
LWAC 1.73 5 16.98 .505
JCS 1.40 3 8.31 .504
ATNF .90 3 5.35 .504
HTBX 1.46 2 5.84 .500
ZKIN .71 2 2.83 .500
DBGI .48 3 2.89 .498
ADMA .54 1 1.09 .495
COHN 1.95 5 19.88 .490
LEDS 1.87 2 7.65 .488
KNBE 2.06 5 21.93 .465
ERYP 1.39 2 5.98 .464
HUSN .29 4 2.48 .464
DTSS .87 1 1.89 .460
AMBO .61 1 1.34 .455
KXIN .21 5 2.35 .445
VYGR 1.06 2 4.8 .440
GLSI 3.27 5 37.29 .435
GRVI .74 3 5.12 .432
ENG .53 2 2.48 .426
FGEN 1.47 3 10.42 .423
RCON 1.01 1 2.4 .420
GEG .90 1 2.14 .420
SLGG 1.26 1 3.01 .418
ENVB .27 3 1.93 .417
AQMS .43 2 2.07 .414
DWSN .96 1 2.33 .412
AYRO 1.18 1 2.9 .406
WINT .31 3 2.28 .405
MINM .32 2 1.58 .404
AEHR .41 20 19.86 .400
RAPT 1.77 7 30.89 .399
TQQQ .47 133 127.48 .399
BILI 1.28 22 70.96 .396
TRCH .98 2 4.95 .394
BABA .78 98 163.95 .392
WATT .77 1 1.96 .392
RSLS 1.08 1 2.76 .391
NNOX 1.69 5 21.49 .390
WNW 1.34 1 3.46 .387
KMPH 1.70 2 8.77 .386
APRE .69 3 5.39 .384
WHLR .54 2 2.8 .384
ACY .99 19 49.35 .380
CHNR .12 4 1.26 .380
DQ 3.36 7 61.41 .378
CERE 1.78 7 32.6 .378
LEXX .84 3 6.64 .378
GALT .44 3 3.48 .378
JFU .22 3 1.75 .375
ONCS .68 1 1.82 .373
ALF 1.08 2 5.79 .372
BCRX .78 7 14.46 .371
AVGR .04 7 0.748 .371
ACOR .41 4 4.49 .364
NKLA .28 14 10.68 .364
PME .26 1 0.72 .361
SKLZ .97 3 8.05 .360
LIFE 1.69 2 9.42 .358
PIRS .28 6 4.71 .354
WPRT .58 2 3.28 .352
WISH .58 3 4.92 .351
MRNA 3.75 29 304.91 .348
PSTV .60 1 1.72 .348
NEXT .37 3 3.19 .345
OTLK .38 2 2.2 .344
ADMP .36 1 1.06 .339
IPA 1.04 2 6.13 .338
ARAV 1.21 1 3.62 .334
ENTX .77 2 4.6 .334
MTP .56 1 1.6985 .329
ARPO .72 1 2.2 .327
FLGC .62 3 5.68 .327
GNLN .36 2 2.21 .324
ATOS .26 4 3.18 .324
HAPP .30 1 0.9294 .322
VOXX 1.74 2 10.85 .320
IMNM 1.42 4 17.71 .320
RHE 1.27 2 7.93 .320
DDD 1.09 8 26.6 .320
CRIS 1.20 2 7.51 .318
NVCR 3.93 9 111.49 .315
SLS .91 3 8.68 .312
TATT .65 3 6.25 .312
LJPC .62 2 3.98 .310
FB 1.00 103 330.05 .309
VERB .09 7 2.04 .308
AFRM 4.66 9 135.03 .306
ENSC .72 1 2.35 .306
TRIT .58 3 5.64 .306
TIGR .66 5 10.7 .305
KBSF .46 2 3.01 .304
VBLT .32 2 2.11 .302
NNVC .44 3 4.37 .300
LYEL 1.21 3 12.2 .297
DYAI .51 3 5.13 .297
BTCM .72 4 9.63 .296
FCX .50 21 34.13 .294
OBSV .28 3 2.85 .294
GEVO .49 4 6.63 .292
UAVS .83 1 2.85 .291
DARE .47 1 1.62 .290
GDEV .87 3 9.02 .288
BPTH 1.44 1 5.01 .287
BNTX 5.57 13 243.02 .286
QFIN .76 8 21.39 .280
DDS 6.22 9 199.21 .279
LAZR 1.40 3 14.98 .279
BON .62 3 6.6 .279
PLG .61 1 2.19 .278
UFAB .46 2 3.32 .276
GRU 1.18 1 4.29 .275
LOOP 1.57 2 11.45 .274
LMFA .33 4 4.81 .272
EXPR .31 4 4.52 .272
OSMT .13 4 1.91 .272
BTX 1.13 2 8.32 .270
ENZ .54 2 3.99 .270
BHTG .33 1 1.22 .270
CMMB 1.24 2 9.26 .266
KULR .52 1 1.95 .266
DOCS 3.04 6 70.38 .258
ALDX 1.09 2 8.44 .258
PLUG .89 8 27.65 .256
IMTX 1.15 3 13.38 .255
NNDM .48 3 5.59 .255
TELL .18 5 3.51 .255
RNXT .73 2 5.71 .254
HX .42 2 3.29 .254
HUGE .37 1 1.46 .253
STG 1.13 1 4.48 .252
CAN .43 4 6.72 .252
FLGT 4.22 5 83.82 .250
KODK 1.72 1 6.87 .250
XBIO .06 8 1.9 .248
BYSI 1.25 3 15.21 .246
TSP 1.75 5 35.33 .245
KSS 1.63 7 46.04 .245
VIVE .52 1 2.12 .245
GSM .27 7 7.65 .245
RLMD 1.57 4 25.43 .244
IGIC .70 3 8.615 .243
IMMP .32 3 3.94 .243
EOSE 1.39 2 11.43 .242
OCUP 1.04 1 4.29 .242
ADIL .45 2 3.7 .242
APOP .84 5 17.31 .240
RKDA .49 1 2.04 .240
ORMP .46 12 23 .240
CTSO .42 4 6.91 .240
NEPT .07 2 0.579 .240
ZM 4.40 14 253.97 .238
BNR 1.96 2 16.38 .238
AVCT .60 1 2.56 .234
SQBG .73 2 6.24 .232
AKTX .36 1 1.56 .230
MESO 1.26 1 5.54 .227
ONCT .45 2 3.95 .226
MRKR .36 1 1.6 .225
CARA 1.57 2 13.97 .224
INFI .16 4 2.85 .224
GPN 3.44 10 151.46 .220
EXPI 1.84 5 41.44 .220
RAIL .24 4 4.3 .220
W 7.31 7 234.22 .217
TASK 2.03 6 56.04 .216
SNES .16 2 1.48 .216
CCXI 8.67 1 40.5 .214
AAPL .40 107 142.81 .214
CRDF 1.40 1 6.57 .213
SKT 1.76 2 16.51 .212
COTY .43 4 7.97 .212
OVID .38 2 3.61 .210
OCX .70 1 3.35 .208
SDC .64 2 6.12 .208
OCG .21 4 3.98 .208
ZY .78 3 11.18 .207
VERU .59 3 8.45 .207
UONE .59 3 8.55 .207
HOL .84 3 12.35 .204
CLSD .35 3 5.1 .204
SNMP .11 2 1.08 .202
VNET 1.13 3 16.86 .201
MDIA .50 3 7.42 .201
AESE .35 1 1.74 .201
MITO .28 1 1.4 .200
ZLAB 3.42 6 101.7 .198
GPS .75 6 22.08 .198
CHMA .37 2 3.76 .196
RBLX 2.77 5 70.22 .195
OCG .06 13 3.98 .195
CVV .46 2 4.7 .194
CLPS .56 1 2.9 .193
CLPS .56 1 2.9 .193
IMV .15 2 1.56 .192
NTEC .46 4 9.63 .188
AMZN 8.18 93 3288.62 .186
SE 4.62 13 316.07 .182
UPST 4.49 13 310.92 .182
TTD 2.55 5 70.72 .180
BGFV .70 6 23.26 .180
JFIN .36 2 3.99 .180
MTL .25 3 4.11 .180
AGEN .12 9 5.72 .180
KURA 1.66 2 18.63 .178
CELC 1.58 2 17.59 .178
BODY .47 2 5.27 .178
SQ 1.96 22 238.49 .176
TEDU .09 2 1.02 .176
CLII .84 3 14.36 .174
VTSI 1.97 1 11.38 .173
GTT .41 1 2.36 .173
BLUW .83 2 9.63 .172
FENG .11 2 1.27 .172
MARK .08 2 0.93 .172
BWAY 1.35 1 7.885 .171
AMTX 1.20 3 20.78 .171
ZG 3.17 5 90.67 .170
ISEE 1.48 2 17.35 .170
WIMI .69 1 4.06 .169
OSTK 2.20 6 75.87 .168
ALLO 1.11 2 13.13 .168
AZYO 1.08 1 6.405 .168
M .64 6 22.21 .168
HUYA .53 3 9.42 .168
EVGN .43 1 2.56 .167
IRDM 1.55 4 37.02 .164
GIII 1.11 4 26.95 .164
RRD .40 2 4.93 .162
ARVN 1.91 7 82.25 .161
EDSA 1.24 1 7.66 .161
GSAT .12 2 1.49 .160
MDNA .05 8 2.47 .160
MARA .59 12 42.96 .156
ASTR .41 3 7.83 .156
PBR .29 6 10.82 .156
EDTK .10 2 1.28 .156
FIGS 1.12 5 35.33 .155
EZFL .57 1 3.68 .154
DMAC .31 2 4 .154
OPNT 1.39 3 27.14 .153
SCYX .79 1 5.14 .153
ACB .36 3 7.01 .153
ALTO .28 3 5.4 .153
FSTX 1.04 1 6.81 .152
BGI .47 1 3.1 .151
SCR 1.05 5 34.49 .150
AFMD .87 1 5.81 .149
VCVC 1.46 1 9.85 .148
VIR 1.85 3 37.03 .147
FUV 1.54 1 10.43 .147
TLRY .52 3 10.49 .147
BCLI .46 1 3.12 .147
FBRX .40 1 2.72 .147
NLS 1.33 1 9.1 .146
GTIM .74 1 5.04 .146
GENE .22 2 2.98 .146
DLTR 2.90 5 98.45 .145
CELH 2.77 5 94.1 .145
OLB .65 1 4.48 .145
AMD 1.77 9 104.68 .144
ZIM 1.62 4 43.98 .144
GRTX 1.18 1 8.14 .144
AAL .38 8 20.13 .144
VLDR .86 1 6.05 .142
MOSY .76 1 5.35 .142
ORGS .70 1 4.9 .142
NIU 1.17 3 24.72 .141
ARMP .49 1 3.4699 .141
KR .42 14 39.58 .140
ENSV .20 1 1.43 .139
IAC 3.29 6 140.82 .138
FLWS 1.34 3 28.69 .138
MOGO .23 3 4.91 .138
NETE 1.05 1 7.64 .137
LI 1.94 2 28.49 .136
DLO 1.91 4 55.93 .136
TVTX 1.79 2 26.09 .136
PRTA 1.18 8 69.41 .136
NBEV .19 1 1.39 .136
SPLK 4.15 5 150.9 .135
JWN 1.19 3 26.19 .135
DNUT .63 3 13.97 .135
MAT 1.28 2 19.01 .134
SIF 1.16 1 8.6508 .134
TAL .32 2 4.76 .134
AEY .31 1 2.3 .134
VIH 1.31 1 9.78 .133
LEGN 1.79 4 53.53 .132
IRIX .35 3 7.93 .132
SRNE .85 1 6.46 .131
IKT .24 1 1.84 .130
LTHM .39 8 24.02 .128
STX 1.75 6 81.63 .126
SEMR 1.48 2 23.16 .126
MAXR 1.20 3 28.38 .126
SOHU .47 6 21.75 .126
CIEN .40 18 52.34 .126
PBLA .25 1 1.98 .126
THCB 1.25 1 10 .125
GMBL .80 1 6.39 .125
PTGX 4.41 1 35.36 .124
EDIT 1.47 3 35.61 .123
LIVE 1.37 3 33.16 .123
HJLI 1.27 1 10.38 .122
DPZ 5.62 11 480.32 .121
JRJC .70 1 5.77 .121
ENPH 3.89 5 161.26 .120
RIOT 1.57 2 25.83 .120
GH 1.57 8 103.6 .120
NGM 1.25 2 20.54 .120
CYTK 1.17 4 38.01 .120
AMEH 1.16 8 74.13 .120
CLF .33 8 20.63 .120
TENX .21 1 1.75 .120
SBBP .12 2 2 .120
SAM 9.40 7 536.36 .119
RGEN 4.41 7 258.78 .119
TESS .64 1 5.4 .118
REGN 7.44 9 546.26 .117
CCJ .84 3 21.53 .117
SI 4.86 4 162.64 .116
RUN 1.35 4 45.06 .116
VSCO 1.95 3 50.43 .114
RMBL 1.41 3 36.24 .114
GP .49 3 12.8 .114
SSKN .22 1 1.92 .114
DE 4.88 8 343.17 .112
DKS 1.67 8 113.27 .112
AA 1.31 4 46.03 .112
ABSI 1.13 1 10.03 .112
HCM .93 4 32.63 .112
AVIR 2.17 2 38.84 .110
PDD 2.15 5 96.22 .110
AEO 1.32 2 23.97 .110
LIVX .17 2 3.07 .110
WTER .09 2 1.62 .110
MSFT .40 109 294.23 .109
MSGE 1.88 4 68.12 .108
SHEN 1.68 2 31.09 .108
SSNT .66 1 6.08 .108
DBVT .09 6 4.95 .108
FRD 1.28 1 11.92 .107
ACHL .89 1 8.28 .107
CPSH .51 1 4.79 .106
GRVY 1.33 7 88 .105
STEM .47 5 21.97 .105
PRPO .09 3 2.52 .105
MDB 5.88 8 449 .104
APXT 1.27 1 12.11 .104
DAL 1.14 4 43.38 .104
MTTR 1.03 2 19.55 .104
NFLX .69 104 632.66 .104
CCL .63 4 23.83 .104
AUTL .31 2 5.88 .104
ATIF .43 1 4.15 .103
LBPH .92 1 9 .102
ENLV .49 2 9.5 .102
ORCL .37 34 95.29 .102
LAD 6.41 5 320.24 .100
APPS 1.99 4 78.05 .100
CREE 1.64 5 79.12 .100
DDL 1.22 2 24.12 .100
BKYI .32 1 3.18 .100
AXLA .29 1 2.88 .100
CAH 1.64 3 48.72 .099
PRPL .70 3 20.66 .099
DASH 2.82 7 195.3 .098
ACI .39 7 27.07 .098
CSIQ 1.59 2 33.03 .096
UAA .97 2 19.99 .096
BTWN .95 1 9.81 .096
MRO .14 12 16.07 .096
CRON .13 4 5.37 .096
DELL 2.08 5 105.2 .095
FLXN .55 1 5.78 .095
MFNC 1.02 2 21.5 .094
GURE .46 1 4.8664 .094
HPQ .88 3 27.68 .093
VLO 1.86 4 78.6 .092
BKE 1.86 2 40.04 .092
MRUS 1.44 2 30.99 .092
INM .14 1 1.51 .092
AEI .09 2 1.94 .092
TWST 1.37 7 101.14 .091
XBI 2.27 5 124.07 .090
BBY 2.06 5 108.88 .090
RRGB 1.93 1 21.38 .090
ARCE 1.78 1 19.62 .090
LYFT 1.70 3 54.89 .090
JD 1.44 5 78 .090
VNE .55 6 35.58 .090
FFHL .44 2 9.66 .090
SFIX 1.46 2 32.86 .088
ABCL 1.31 1 14.85 .088
ERJ .84 2 18.81 .088
EQ .53 1 6 .088
ATAI 1.09 1 12.55 .086
ULBI .31 2 7.09 .086
MBII .08 1 0.92 .086
XLNX 2.75 5 155.2 .085
SPT 1.96 5 113.84 .085
RL 1.95 5 111.46 .085
ASAN 1.87 5 105.9 .085
UWMC .55 1 6.47 .085
ANIX .38 1 4.42 .085
VRNT 1.94 2 45.62 .084
PINS 1.45 3 51.64 .084
JPM 1.20 12 166.64 .084
CHRA .40 1 4.72 .084
YEXT .91 1 11.01 .082
PATI .50 2 11.91 .082
IMMR .28 2 6.78 .082
SIVB 7.01 8 666.51 .080
UNH 3.56 10 404.99 .080
SITM 3.41 5 210.08 .080
CAT 3.14 5 192.89 .080
ABNB 2.80 5 169.97 .080
ACMR 1.83 5 113.18 .080
TJX 1.32 4 63.02 .080
USB 1.25 4 61.85 .080
CLSK 1.17 1 14.53 .080
SONO .50 5 30.19 .080
SBS .14 4 6.89 .080
EOLS .55 1 6.96 .079
CPE 4.57 1 57.96 .078
LAW 1.23 3 46.68 .078
CIFR .48 1 6.14 .078
DIS 2.12 7 176.74 .077
MS 1.19 7 100.04 .077
CLNE .67 1 8.67 .077
FRO .07 11 9.05 .077
DKNG 1.84 2 47.91 .076
PFGC 1.82 2 46.93 .076
JRVR 1.48 2 38.2 .076
LUV 1.03 4 51.67 .076
WFC .91 4 47.28 .076
VMW 2.32 5 147.59 .075
PKG 2.17 5 138.09 .075
TSN 1.98 3 78.34 .075
MDT 1.95 5 125.27 .075
CTRN 1.79 3 71.26 .075
WMT .77 15 139.66 .075
MRTN .38 3 15.04 .075
UBER 1.78 2 47.77 .074
SLV .79 2 20.88 .074
KZIA .41 2 10.79 .074
DFH 1.18 1 16.05 .073
SNPS 3.69 6 288.74 .072
SNOW 2.91 8 309.79 .072
TDC 1.99 2 54.72 .072
EAT 1.81 2 50.2 .072
CRNC 1.55 4 86.01 .072
BAC 1.08 3 43.78 .072
CGC .94 1 13.05 .072
SBH .56 2 15.48 .072
DRN .55 3 22.05 .072
CNFR .10 2 2.71 .072
BCYC 3.83 1 53.73 .071
TBLA .70 1 9.85 .071
CLOV .56 1 7.85 .071
EVGO .55 1 7.65 .071
SEDG 3.89 5 276.82 .070
ZS 3.84 5 267.7 .070
WSM 2.54 5 171.41 .070
TSCO 2.08 7 193.53 .070
A 1.64 7 150.02 .070
FISV 1.58 5 107.89 .070
HOG 1.32 2 36.97 .070
SOFI 1.29 1 18.39 .070
AN 1.24 7 117.6 .070
IMAB 1.00 5 67.3 .070
CSCO .56 7 54.93 .070
BQ .08 2 2.27 .070
C 1.23 4 72.35 .068
STRO .65 2 18.61 .068
IRCP .17 1 2.47 .068
RFL 2.08 1 30.82 .067
LLY 2.73 6 233.94 .066
NEWR 1.67 3 74.95 .066
FLOW 1.65 3 72.03 .066
FL 1.59 2 47.3 .066
DUOT .40 1 6 .066
SSL .12 11 19.31 .066
CPG .12 3 5.22 .066
BIIB 4.00 5 285.83 .065
IWM 3.04 5 220.31 .065
AMAT 1.73 5 127.5 .065
FANG 1.53 5 109.9 .065
COP 1.03 5 73.97 .065
DXC 1.11 2 33.73 .064
PLTR .77 2 23.53 .064
K .51 8 62.76 .064
HWCC .34 1 5.3 .064
YPF .31 1 4.82 .064
ASML 5.22 9 730.27 .063
VMEO 1.70 1 26.75 .063
QCOM 1.18 7 124.94 .063
SLB .71 3 32.46 .063
T .56 3 26.03 .063
SILK .52 7 56.53 .063
FATE 1.76 2 56.55 .062
THTX .22 1 3.505 .062
EDU .14 1 2.24 .062
SBTX .57 1 9.33 .061
ADSK 3.38 5 276.54 .060
LII 2.97 6 295.36 .060
UPS 2.33 5 181.74 .060
NXPI 2.32 5 185.94 .060
NTAP 1.88 3 91.69 .060
YETI 1.72 3 83.75 .060
CRCT 1.61 1 26.69 .060
CLDX 1.59 2 52.51 .060
DOMO 1.26 4 83.57 .060
CHKP 1.25 6 118.91 .060
SMLP 1.07 2 35.28 .060
APP .87 6 86.34 .060
INTC .68 5 53.44 .060
AZN .39 10 60.8 .060
BZUN 1.12 1 18.98 .059
VIPS .66 1 11.18 .059
GBR .24 1 4.06 .059
LPX 1.87 2 63.88 .058
GT 1.09 1 18.6 .058
TTCF 1.07 1 18.23 .058
PSTG .74 2 25.39 .058
FUBO .74 2 25.12 .058
XONE .67 2 22.54 .058
TME .45 1 7.66 .058
HAS 1.73 3 88.54 .057
QADB 1.69 3 87.38 .057
PTON 1.69 3 84.87 .057
YMM .89 1 15.58 .057
PPBT .26 1 4.5 .057
GS 2.81 8 392.81 .056
IBM 2.00 4 142.43 .056
KMB 1.88 4 132.87 .056
LOW 1.83 7 208.85 .056
ROLL 1.78 7 215.48 .056
CM 1.70 4 116.88 .056
BYND 1.46 4 100.58 .056
APPN 1.29 4 91.21 .056
KIRK .60 2 21.3 .056
LC .24 8 30.55 .056
LIN 3.50 5 296.19 .055
LL 1.01 1 18.21 .055
RKT .84 1 15.12 .055
GGAL .57 1 10.25 .055
HRL .48 5 41.69 .055
ITRO .07 1 1.27 .055
KEYS 3.02 3 161.76 .054
TTC 1.75 3 95.67 .054
MYGN 1.67 1 30.88 .054
TNA 1.63 3 85.93 .054
ATVI 1.42 3 77.61 .054
FITB .82 3 43.49 .054
CRMT .72 9 117.63 .054
MQ .60 2 21.84 .054
RSI .55 2 20.32 .054
VXX .46 3 25.12 .054
ORGO .35 2 12.53 .054
ZNGA .20 2 7.37 .054
CALA .11 1 2.02 .054
AEMD .10 2 3.61 .054
ECOM 1.37 1 25.72 .053
TWTR 1.66 2 62.1 .052
SUPN 1.50 1 28.42 .052
JKS 1.26 2 47.26 .052
TAP 1.23 2 45.85 .052
MNSO .82 1 15.74 .052
SPTN .60 2 22.88 .052
MNST 1.59 3 89.27 .051
EPU .48 3 27.86 .051
RIG .07 3 3.97 .051
WDAY 2.61 5 255.9 .050
AMGN 2.27 5 206.7 .050
FTCH 1.88 1 37.49 .050
SKX 1.05 2 41.08 .050
SJM .67 10 121.63 .050
KO .56 5 54.12 .050
AMRS .60 1 12.05 .049
XOM .48 7 62.18 .049
OEG .14 1 2.82 .049
GBS .11 1 2.21 .049
TMUS 2.01 3 121.22 .048
GWRE 1.92 3 118.77 .048
BHVN 1.74 4 141.68 .048
BURL 1.68 8 277.45 .048
BZ 1.59 1 32.83 .048
STT 1.48 3 90.97 .048
DOCN 1.41 3 83.84 .048
CVS 1.40 3 84.28 .048
MOS 1.02 2 41.92 .048
CHPT .93 1 19.07 .048
BBWI .53 6 62.52 .048
XLE .47 6 56.36 .048
VTGN .04 3 2.47 .048
OVV 1.80 1 38.05 .047
EKSO .20 1 4.24 .047
WOOF .51 2 21.82 .046
GMTX .17 1 3.65 .046
BIOC .09 2 3.85 .046
ROKU 3.09 5 323.36 .045
V 2.27 5 230.27 .045
HON 2.02 5 215.29 .045
LMT 1.95 9 357.08 .045
ROST 1.70 3 107.87 .045
COUR 1.39 1 30.49 .045
PG 1.37 5 141.73 .045
FA .96 1 21 .045
ARMK .56 3 36.77 .045
HD 1.48 11 334.34 .044
ABT 1.40 4 116.88 .044
MU .79 4 69.22 .044
GNOG .78 1 17.63 .044
AGNC .36 2 16.17 .044
SNDL .03 1 0.6752 .044
VIEW .21 1 4.83 .043
ADBE 4.10 6 576.86 .042
ANTM 2.99 6 380.91 .042
MMM 1.40 6 176.28 .042
JBL 1.39 2 63.33 .042
INCY 1.38 2 64.81 .042
OLLI 1.29 2 61.12 .042
NKE 1.02 7 150.28 .042
TBIO .53 3 37.36 .042
MRVL .51 6 64.62 .042
SPWH .38 2 17.63 .042
ON 1.84 1 44.48 .041
SANA .82 1 19.65 .041
SWI .79 1 18.87 .041
DAVA 3.12 2 153.56 .040
MA 2.96 5 354.96 .040
CI 1.83 5 203.93 .040
ESTC 1.65 4 159.28 .040
BLFS 1.55 1 38.38 .040
ADI 1.48 5 167.9 .040
OKE 1.26 2 61.9 .040
AMKR 1.03 1 25.16 .040
PDCO .67 2 32.64 .040
FLO .52 2 24.95 .040
ME .16 2 7.68 .040
QDEL 1.84 3 135.85 .039
NFE 1.27 1 32.4 .039
OTIS 1.10 3 81.62 .039
SCHW 1.03 3 76.61 .039
RF .86 1 22.02 .039
HNST .37 1 9.33 .039
KDMN .12 3 8.99 .039
MFGP .07 3 5.06 .039
DUOL 6.32 1 165 .038
RCUS 1.22 1 31.48 .038
MO .93 2 46.71 .038
ACH .67 1 17.62 .038
LZB .64 2 33.15 .038
TTM .52 2 26.35 .038
FCBP 1.08 1 29.1 .037
APG .76 1 20.27 .037
SLHG .10 1 2.7 .037
COST 3.15 6 451.85 .036
EL 2.10 6 311.71 .036
WGO 1.39 2 76.01 .036
UHS 1.30 4 130.1 .036
TGT 1.11 9 228.9 .036
KNL .92 1 25.04 .036
LOGI .87 4 87.85 .036
DEN .72 4 72.01 .036
ALAC .21 2 11.42 .036
TEO .18 1 4.99 .036
NOK .07 3 5.8 .036
BLK 6.24 5 839.73 .035
COIN 1.85 5 256.5 .035
LH 1.59 7 274.22 .035
SRNG .41 1 11.42 .035
LITE 1.46 2 84.16 .034
TGTX 1.11 1 32.02 .034
EGRX 1.01 2 56.78 .034
ATHM .86 2 50.23 .034
ANF .67 2 39.33 .034
AZO 6.70 11 1681.37 .033
AXP 2.00 3 173.46 .033
BEKE .69 1 20.52 .033
FAST .58 3 52.23 .033
FENC .31 1 9.29 .033
BKNG 10.17 8 2467.41 .032
BLDR 1.77 1 55.2 .032
ATKR 1.43 2 87.55 .032
TTWO 1.42 4 173.69 .032
PLD 1.05 4 128.53 .032
ABBV .93 4 110.34 .032
GLD .70 8 164.23 .032
FOE .67 1 20.72 .032
BP .49 2 28.87 .032
HNP .33 2 20 .032
D .31 8 72.12 .032
COF 1.82 3 166.18 .030
HRI 1.71 3 167.22 .030
MCD 1.68 5 247.7 .030
KYMR 1.63 1 52.77 .030
AKAM 1.62 2 102.2 .030
UAL 1.50 1 49.18 .030
CROX 1.41 3 130.4 .030
KHC 1.11 1 36.78 .030
CRM 1.02 10 273.75 .030
CHGG .96 2 62.28 .030
PLCE .92 3 88.48 .030
CTKB .66 1 21.61 .030
DD 1.98 1 69.76 .028
LEN .73 4 93.5 .028
MRK .63 4 80.63 .028
OXY .04 28 33.39 .028
GOOG 4.33 27 2776.95 .027
AAP 1.93 3 212.12 .027
DG 1.89 3 209.79 .027
UTHR 1.84 3 195.38 .027
ALXN 1.66 3 182.5 .027
J 1.23 3 133.99 .027
ACHV .23 1 8.27 .027
GRUB .15 3 15.31 .027
RTX 1.21 2 89.89 .026
VZ .73 2 53.24 .026
PCVX .65 1 24.73 .026
BIG .59 2 44.99 .026
TRIL .47 1 17.91 .026
MOMO .16 2 11.94 .026
MPC 1.66 1 64.56 .025
STZ 1.94 3 219.7 .024
NEE 1.91 1 77.83 .024
PEP 1.88 2 156.24 .024
CNC 1.57 1 63.1 .024
STE 1.42 4 221.54 .024
GM 1.42 1 58.09 .024
SNA 1.40 4 213.67 .024
TSM 1.36 2 110.26 .024
SPG 1.12 3 132.62 .024
B 1.08 1 43.6 .024
CRTO .90 1 36.35 .024
GIS .75 2 61.69 .024
RY .66 4 102.73 .024
CL .61 3 75.8 .024
PFE .21 6 42.06 .024
VSH .18 3 20.16 .024
ET .06 4 9.93 .024
EA 1.67 2 139.47 .022
HHR 1.26 1 55.38 .022
ADMS .18 1 8.07 .022
PKI 1.33 3 168.52 .021
CLX 1.16 3 163.48 .021
INTU 2.61 5 525.41 .020
IYC 1.62 1 78.25 .020
NUAN 1.13 1 55.21 .020
BEST .02 2 1.84 .020
AIT 1.83 1 95.02 .019
IRBO .83 1 42.4 .019
AMOM .66 1 34.61 .019
GPK .37 1 18.81 .019
UHAL 1.98 9 698.52 .018
DUK 1.84 1 100.53 .018
JNJ 1.48 2 160.93 .018
CNA .83 1 44.54 .018
PSTX .12 1 6.65 .018
SELF .09 1 5.29 .017
STMP 1.59 4 329.61 .016
LANC 1.43 2 172.69 .016
WM .75 4 154.72 .016
FRBK .05 1 3.05 .016
HCA 1.27 3 240.42 .015
PYPL 1.01 5 255.05 .015
HRC .84 3 151.49 .015
AZPN 2.37 1 159 .014
CHNG .15 2 20.77 .014
PAYX 1.56 1 117.34 .013
TNET 1.38 1 99.66 .013
CAI .78 1 55.9 .013
PYPL .39 13 255.05 .013
KMX 1.64 1 130.54 .012
RACE .92 3 215.16 .012
PNRG .79 1 64.2 .012
GE .40 4 104.08 .012
PBT .04 2 6.2 .012
INOV .46 1 40.7 .011
ESXB .13 1 11.54 .011
TRI .68 2 113.9 .010
ECHO .49 1 48.12 .010
PPC .17 2 28.8 .010
SVBI .13 1 12.97 .010
XLV .47 3 126.94 .009
GTS .33 1 35.22 .009
IEC .14 1 15.34 .009
SLVO .02 3 5.15 .009
TDG 1.87 4 637.14 .008
MSTR .94 8 708.82 .008
XLP .63 1 70.05 .008
HFBL .16 1 18.5001 .008
LMRK .13 1 16.5 .007
SYKE .14 3 54 .006
ITRN .07 3 28.12 .006
PSP .06 2 15.02 .006
VOOV .73 1 144.19 .005
CLDR .08 1 15.99 .005
SAFM .85 1 187.98 .004
RAVN .16 2 57.8 .004
KIN .02 2 9.25 .004
IACB .02 2 9.92 .004
SPY 1.31 1 437.86 .002
CXP .04 1 19.12 .002
VCAR .03 1 11.6928 .002
SIC .03 1 14.44 .002
NWHM .02 1 8.99 .002
DSE .02 1 9.49 .002
ULTA .62 1 378.37 .001
DFP .03 1 28 .001
PMD .01 1 8.39 .001
SHOP .67 5 1357.01 0
XLK .10 3 151.96 0
WYNN .06 3 88.98 0
MSTR .06 118 708.82 0
ULTA .05 12 378.37 0
WYNN .04 4 88.98 0
SHOP .03 88 1357.01 0
BLNK .02 11 27.09 0
XPDI .01 4 10.2 0
RTLR .01 8 11.84 0
INFL .01 2 30.34 0
WMPN 0 4 12.45 0
GSKY 0 1 11.35 0
EIC -.08 1 18.9 -.004
NSYS -.12 1 11.8267 -.010
