EDTK .01 2 1.66
IACB .04 1 9.84
IMMP .04 3 3.69
IMNM .04 0 14.03
AEI .05 2 1.84
ACY .06 15 24.99
AEMD .09 2 4.29
CRON .09 4 6.92
MOHO .10 3 0.7077
ATHE .11 3
IMNM .12 1 14.03
JFU .13 3 1.7
MOGO .14 3 6.91
CHNR .15 3 1.41
MDNA .16 3 2.18
ET .17 2 9.11
INFI .17 4 3.03
IRCP .17 1 2.37
AGEN .18 1 5.85
EVGO .18 1 12.44
FRO .19 3 7.65
HUSN .22 4 2.99
IKT .22 1 2.09
MRTN .22 3 15.37
CTIB .23 4 1.86
KBSF .23 2 3.84
ATOS .24 5 3.18
AAPL .26 105 145.86
AGNC .26 2 16.18
GEVO .26 2 5.8
ASTR .27 3 11.66
INOV .27 1 36.87
BBIG .28 6 3.03
EPU .28 2 26.33
M .28 2 19.81
ACY .31 3 24.99
FCX .31 12 38.73
IGC .32 3 1.77
LIZI .33 4 4.71
CHMA .34 2 3.76
ACI .35 2 28.56
ARPO .35 2 2.02
CLSD .35 2 5.39
HNST .37 1 13.83
HOFV .37 3 3
ME .38 1 1.4
MDIA .39 2 9.8
AAL .41 6 21.23
BGI .42 1 2.62
AUTL .43 1 5.98
CAN .45 4 9.75
LJPC .45 2 4.18
MEDS .46 5 4.78
ACOR .47 2 3.36
KR .47 9 43
ABBV .48 3 113.72
LMNL .50 3 2.84
BLIN .52 6 5.22
ENZ .52 2 3.17
FITB .52 2 38.69
GALT .52 3 3.43
D .53 5 76.93
CHKP .55 4 122.49
AMRS .57 1 14.79
GRVI .57 3 5.72
CCL .59 3 23.99
ANY .60 3 4.1
GLD .62 5 164
HCM .63 2 41.37
CLF .64 3 25.75
AVIR .65 1 25.0
GTIM .65 1 4.88
MO .65 2 47.72
ERJ .66 1 15.28
AUUD .67 3 2.79
BP .67 1 25.64
EVK .67 5 3.48
MPC .68 1 54.55
COP .69 4 57.19
APG .74 1 22.92
BTCM .74 1 8.68
CHKP .74 3 122.49
FUBO .74 2 31.82
LL .78 1 2.88
BABA .79 91 194.86
LEN .79 2 108.84
ARMK .80 2 35.09
BBBY .83 12 29.54
CNA .83 1 43.9
AEHR .86 7 6.05
MARA .86 5 35.18
IPA .87 2 7.42
MRK .88 2 76.19
FB .90 100 359.96
AEO .93 2 35.51
CTSO .94 1 7.8
CTSO .94 1 7.8
EYES .95 6 3.78
ABT .98 2 121.46
AMKR .99 1 23.53
ENSC .99 1 3.61
EGRX 1.01 2 47.73
EIC 1.01 0 16.24
GT 1.01 1 17.01
FAST 1.02 1 53.15
HOG 1.02 2 40.12
CGC 1.04 1 19.19
GPS 1.04 2 30.38
GP 1.05 1 15.85
MINM 1.07 3 2.29
ATAI 1.09 1 18.65
ALXN 1.12 2 182.5
MAT 1.12 2 22.24
HGSH 1.13 2 1.95
ERYP 1.14 2 6.05
K 1.16 3 64.46
LYFT 1.25 3 53.91
HHR 1.26 1 42.84
KHC 1.27 1 37.01
BCRX 1.30 4 15.575
GTEC 1.35 2 6.91
JZXN 1.36 4 3.97
GM 1.37 1 52.85
COUR 1.39 1 40.91
EOSE 1.39 2 15.01
CVS 1.40 3 84.95
HJLI 1.40 1 6.44
LUV 1.41 2 51.84
CRM 1.42 8 242.28
CNC 1.44 1 70.47
EYEG 1.45 1 1.78
AMC 1.48 44 31.55
AA 1.52 2 23.83
MOS 1.56 1 31.27
BJ 1.57 2 52.48
CSIQ 1.57 1 41.48
ARVN 1.58 3 89.91
INCY 1.59 1 77.95
CRTD 1.60 3 3.14
BNR 1.61 2 21.35
BZ 1.61 1 34.13
BIDU 1.65 113 164.95
LI 1.65 2 30.72
FLOW 1.66 3 79.63
IMTX 1.67 2 11.97
BLDR 1.69 1 47.31
CAH 1.74 3 50.63
BILI 1.76 18 80.37
ATVI 1.77 2 85
JNJ 1.77 2 173.8
A 1.79 4 156.52
AMD 1.82 7 107.68
LEGN 1.82 3 49.0
JBL 1.87 2 60.35
MSFT 1.94 103 286.95
BTBT 1.97 6 14.82
MMM 2.00 3 201.57
EIC 2.02 1 16.24
IBM 2.03 4 142.13
CYTK 2.06 2 32.53
AGRI 2.11 1 5.53
EXPI 2.13 3 50.26
FGEN 2.15 2 12.43
CHGG 2.22 1 85.0
MCD 2.33 2 235.55
AVXL 2.35 4 18
CERE 2.43 3 25
ATKR 2.48 1 83.82
LOGI 2.48 2 107.98
LEXX 2.52 1 5.76
MOXC 2.52 2 8.82
LPX 2.53 1 55.27
KNBE 2.55 3 21.03
BYSI 2.56 1 23.6
LMT 2.58 7 363.3
J 2.68 1 15.28
AKAM 2.70 1 112.41
BIIB 2.70 3 339.05
LC 2.76 3 29.36
LC 2.76 3 29.36
CLX 2.92 2 165.71
MRIN 2.93 6 5.625
CRNC 2.97 2 116.64
FANG 3.02 1 80.54
BYND 3.16 2 130.32
ALEC 3.17 3 27.46
AACG 3.20 3 2.94
KXIN 3.27 3 2.83
CARV 3.28 3 19.41
GME 3.44 74 158.78
EDIT 3.56 1 56.48
HOOD 3.56 5 51.19
GS 3.61 5 413.89
BHVN 3.71 2 117.28
ENPH 3.73 2 182.29
LIN 3.83 3 306.3
HCA 3.89 1 249.32
AN 4.07 2 9.96
APPS 4.16 1 60.05
CLDX 4.17 1 43.26
COF 4.22 1 159.96
LLY 4.23 3 264.1
HON 4.47 1 229.27
LH 4.80 2 297.96
COST 4.87 2 444.3
AXP 4.88 1 173.12
MA 4.97 3 364.24
APPN 5.04 2 100.35
AMEH 5.29 1 111.1
CPOP 5.30 1 59.65
ANVS 5.36 3 37.25
KMB 5.57 1 135.82
FULC 6.92 2 20.2
FLGT 7.33 3 95.15
BLK 7.59 1 880.67
CI 7.65 1 206.05
GPN 7.75 3 169.56
AMZN 7.93 90 3292.11
LAD 8.29 1 371.73
AMGN 8.30 1 228.8
MRNA 9.07 14 385.33
ANTM 10.86 1 383.57
COIN 11.86 1 278.14
BAC 13.77 3 37.85
ASML 18.43 1 719.77
JPM 19.88 8 161.16
BNTX 20.64 2 446.24
BODY 20.64 0 8.69
KO 28.11 2 56.47
BKNG 34.22 1 2209.57
C 35.26 2 29.37
MSTR 35.37 1 630.07
BODY 41.28 1 8.69
MS 48.51 2 92.62
