SHOP 28.96 11 1354.28 .231
PANW 23.18 1 512.5 .045
DWAC 22.11 4 49.83 1.772
MSTR 14.75 8 580.38 .200
RNG 11.84 1 185.58 .063
BKNG 10.17 8 2124.93 .032
SAM 9.40 7 518.5 .126
PCTY 8.94 1 227.81 .039
NVAX 8.92 13 168.43 .676
RMD 8.09 1 256.46 .031
REGN 7.44 9 670.97 .099
DUOL 7.27 3 100.57 .216
SIVB 7.01 8 676.68 .080
AMZN 6.99 94 3381.83 .188
PUBM 6.66 1 34.58 .192
DDS 6.58 10 254.22 .250
LAD 6.41 5 279 .110
KRYS 6.33 1 70.32 .090
BLK 6.24 5 902.38 .030
SPLK 6.20 6 109.35 .336
W 6.04 9 206.11 .261
CAR 6.00 2 226.06 .052
EYPT 5.86 1 14.69 .398
DPZ 5.62 11 523.15 .110
MDB 5.57 9 478.55 .099
KOSS 5.35 7 12.37 3.024
VRTX 5.31 1 209.24 .025
EJH 5.21 6 1.75 17.862
AZO 5.11 12 1999.54 .024
THC 4.91 1 76.26 .064
DE 4.88 11 348.55 .154
ADBE 4.68 10 614.86 .070
INTU 4.61 8 639.48 .056
SI 4.55 8 139.21 .256
WBX 4.49 2 13.6 .660
GKOS 4.45 1 43.26 .102
RGEN 4.41 7 252.53 .119
EEIQ 4.33 5 3.37 6.420
TMX 4.26 1 44.15 .096
SE 4.12 19 224.72 .342
U 4.07 5 140 .145
CARV 3.92 6 9.54 2.460
ZM 3.91 15 181.94 .315
EL 3.86 7 356.76 .070
SNOW 3.82 9 350.6 .090
GOOG 3.73 28 2899.41 .028
ANVS 3.73 6 19.98 1.116
IRTC 3.69 1 89.18 .041
BIIB 3.69 6 230.76 .090
CCXI 3.66 3 33.17 .330
SNPS 3.62 7 345.93 .070
MA 3.58 7 340.55 .070
GPN 3.54 11 128.23 .297
XMTR 3.46 1 43.09 .080
EBET 3.45 6 18.9 1.092
ZLAB 3.42 6 62.69 .324
DQ 3.36 7 41.93 .560
SCPS 3.34 7 1.9 12.299
TOST 3.31 2 34 .194
GLSI 3.27 5 26.19 .620
BNTX 3.21 30 276.77 .330
ZG 3.19 7 57.57 .385
IAC 3.19 7 122.47 .182
ASML 3.16 17 754.39 .068
MRNA 3.13 39 277.16 .429
LSI 3.13 2 141.3 .044
CMTL 3.13 1 23.54 .132
APPS 3.13 6 50.45 .372
TSLA 3.09 156 958.51 .468
NEGG 3.07 20 12.13 5.060
GDYN 3.03 1 36.99 .081
IRNT 3.02 6 6.66 2.718
UPST 2.99 19 144.95 .380
GME 2.99 82 147.69 1.640
ANTM 2.99 6 433.94 .036
SITM 2.97 7 266.78 .077
LII 2.97 6 324.1 .054
BKKT 2.95 2 13.53 .436
NEWR 2.93 6 98.28 .174
IWM 2.93 6 214.18 .078
GS 2.93 9 388.82 .063
ROKU 2.89 7 221.55 .091
NRXP 2.89 8 5.515 4.192
CAT 2.86 8 201.64 .112
KMX 2.82 3 141.31 .057
ZS 2.79 7 284.34 .063
JAN 2.73 6 3.9 4.200
SAVA 2.72 28 46.94 1.596
SEDG 2.70 7 298.3 .063
PWR 2.69 2 110.76 .048
PENN 2.65 10 46.65 .560
COST 2.65 12 545.34 .048
NVCR 2.63 10 83.2 .310
NCTY 2.63 5 8.4 1.565
DOCS 2.62 8 53.18 .392
ADGI 2.61 11 7.26 3.949
OSTK 2.60 7 67.22 .266
AFRM 2.60 16 105.77 .384
BIGC 2.58 2 37.55 .136
ENPH 2.57 7 202.32 .084
UNH 2.55 13 479.46 .065
WSM 2.54 5 170 .070
FULC 2.54 6 16.33 .930
INDP 2.52 5 6.12 2.055
LMT 2.51 11 345.64 .077
WDAY 2.46 6 273.35 .048
SPY 2.43 2 463.36 .010
AVXL 2.41 5 18.17 .660
PEAR 2.37 1 5.61 .422
CPOP 2.34 5 1.71 6.840
DPST 2.33 3 46.28 .150
AUVI 2.32 9 4.4 4.743
RBLX 2.31 15 107.67 .315
CFLT 2.29 2 62.89 .072
LLY 2.28 7 249.38 .063
FLGT 2.27 6 84.92 .156
AMGN 2.27 5 213.74 .050
STE 2.26 5 226.83 .045
GRTS 2.25 7 11.45 1.372
AXON 2.25 1 145.73 .015
SPB 2.21 1 95.8 .023
HCA 2.20 4 245.11 .032
TPST 2.19 5 6.92 1.580
PKG 2.17 5 130.63 .080
CHGG 2.17 3 27.47 .234
BLDR 2.17 3 76.64 .084
PKI 2.16 4 182.19 .044
LOW 2.16 11 252.46 .088
PDD 2.15 5 61.62 .170
KEYS 2.15 5 197.99 .050
DG 2.15 6 225.45 .054
PYPL 2.14 9 186.8 .099
DLPN 2.14 5 8 1.335
AACG 2.14 5 1.42 7.535
CRM 2.12 13 255.59 .104
BHVN 2.12 5 104.05 .100
ACRS 2.12 7 13.19 1.120
DASH 2.11 10 156.43 .130
ALEC 2.10 6 21.06 .594
ROST 2.08 4 109.6 .072
AMEH 2.05 9 70.93 .252
ADSK 2.04 7 263.22 .049
MRIN 2.01 5 4.57 2.195
BYND 2.00 6 69.31 .168
UHAL 1.98 9 710.17 .018
XAIR 1.97 1 9.24 .213
AAME 1.97 5 3.6137 2.725
RNXT 1.96 4 5.4 1.448
CELH 1.96 7 62.76 .217
COHN 1.95 5 15.72 .620
KMB 1.92 8 138.09 .104
ACIU 1.91 2 5 .764
LCID 1.90 13 40.87 .598
DLTR 1.90 9 139.24 .117
SYTA 1.89 1 3.59 .526
RL 1.89 8 116.86 .128
MSGE 1.88 4 63.96 .116
BIDU 1.88 118 142.89 1.534
TDG 1.87 4 583.74 .012
COF 1.87 4 147.92 .048
VLO 1.86 4 68.19 .108
DIS 1.86 9 149.1 .108
ESTC 1.83 7 113.79 .112
CI 1.83 5 216.62 .040
ACMR 1.83 5 72.78 .125
KNBE 1.80 7 23.4 .532
ROLL 1.78 7 199.95 .056
CERE 1.78 7 29.73 .413
AMD 1.78 22 135.6 .286
VRPX 1.77 9 3.8 4.185
RAPT 1.77 7 30.48 .406
DAVA 1.77 4 146.74 .048
HON 1.76 7 206.68 .056
XBI 1.75 6 108.77 .096
TSP 1.75 5 32.8 .265
TASK 1.74 7 42.62 .280
DOCN 1.74 10 74.49 .230
SQ 1.73 23 170.72 .230
LWAC 1.73 5 16.98 .505
WAVE 1.72 5 5.25 1.635
LIN 1.72 9 334.5 .045
LAIX 1.72 4 0.728 9.448
IMPL 1.70 5 8.5 1.000
SPG 1.69 7 150.93 .077
NNOX 1.69 5 16.55 .510
KYMR 1.69 2 53.5 .062
BURL 1.68 8 280.08 .040
ROG 1.67 1 271.3 .006
AN 1.67 8 115.98 .112
NMRD 1.66 4 5.02 1.320
MDT 1.66 7 111.69 .098
VVOS 1.65 6 2.52 3.924
V 1.65 9 209.98 .063
NVOS 1.65 5 1.32 6.250
FISV 1.64 6 104.23 .090
CREE 1.64 5 79.12 .100
TRI 1.63 4 117.78 .052
JZXN 1.63 4 1.6 4.072
COIN 1.63 10 255.86 .060
WYNN 1.62 4 83.32 .076
NVTS 1.62 2 15.94 .202
EVA 1.62 2 70.04 .046
CVS 1.62 4 98.78 .064
CLDX 1.61 3 37.49 .126
PLCE 1.60 4 81.54 .076
STMP 1.59 4 329.61 .016
LHDX 1.58 4 4.99 1.264
DNA 1.58 1 9.5 .166
RLMD 1.57 4 18.22 .344
GH 1.57 8 91.45 .136
CARA 1.57 2 11.99 .260
DPW 1.56 5 1.6 4.875
BFRI 1.56 2 5.5 .566
TSC 1.55 1 29.13 .053
IRDM 1.55 4 39.92 .152
FANG 1.55 7 104.07 .098
CRNC 1.55 4 78.08 .076
BLFS 1.55 1 33.13 .046
ARVN 1.55 8 65.85 .184
CPE 1.54 7 47.23 .224
CHCI 1.54 3 4.41 1.047
TERN 1.53 4 5.98 1.020
SIEB 1.53 5 2.3 3.325
DLO 1.53 5 33.54 .225
TSCO 1.52 9 234.19 .054
MRAM 1.52 3 10.6 .429
CLX 1.52 4 172.67 .032
SNOA 1.51 4 4.65 1.296
GRU 1.51 1 4.66 .324
XLY 1.50 4 198.55 .028
WAFU 1.50 4 4.44 1.348
KTTA 1.49 1 2.06 .723
CNC 1.49 5 81.85 .090
BCYC 1.49 3 51.87 .084
STT 1.48 3 92.1 .048
ADI 1.48 5 176.28 .040
NURO 1.47 11 5.76 2.805
FGEN 1.47 3 13.43 .327
EDIT 1.47 3 28.62 .153
VCVC 1.46 1 9.85 .148
HTBX 1.46 2 3.98 .732
AAP 1.46 6 235.39 .036
SBEA 1.45 2 10.07 .286
EYEG 1.45 1 1.95 .743
BTBT 1.45 10 6.83 2.120
BBY 1.45 7 101.37 .098
KALV 1.44 8 13.16 .872
BRLT 1.44 3 15.81 .273
LYFT 1.43 5 38.98 .180
LANC 1.43 2 155.81 .018
ISPC 1.43 5 12.54 .570
ATKR 1.43 2 107.62 .026
TTC 1.42 5 98.41 .070
TSN 1.42 4 85.75 .064
IMNM 1.42 4 16.56 .340
DELL 1.42 8 54.63 .200
CM 1.42 6 110.73 .072
RMBL 1.41 3 36.98 .114
KSS 1.41 10 49.5 .280
HOOD 1.41 14 19.13 1.022
TWTR 1.40 6 44.35 .186
SNA 1.40 4 212.89 .024
JD 1.40 9 77.65 .162
JCS 1.40 3 2.31 1.818
HX 1.40 6 2.34 3.588
AUPH 1.40 8 18.01 .616
WGO 1.39 2 69.69 .038
VERY 1.39 4 7.495 .740
LH 1.39 8 294.66 .032
EOSE 1.39 2 7.81 .354
TNET 1.38 1 93.74 .014
EXPI 1.38 6 32.68 .252
APP 1.38 10 87.53 .150
TWST 1.37 7 84.16 .112
LIVE 1.37 3 33.15 .123
LGVN 1.37 5 17.72 .385
ECOM 1.37 1 24.31 .056
FATE 1.36 3 50.17 .081
TAOP 1.35 3 2.25 1.800
NXPI 1.35 8 219.99 .048
EA 1.35 5 126.85 .050
WNW 1.34 1 2.44 .549
OLN 1.34 1 54.47 .024
CAH 1.34 4 48.93 .108
MOXC 1.33 4 4.11 1.292
J 1.33 4 140.25 .036
GRVY 1.33 7 70.09 .126
FIGS 1.33 6 25.13 .312
NVDA 1.32 160 283.37 .640
COUR 1.32 2 25.41 .102
AEO 1.32 2 23.82 .110
VIH 1.31 1 9.36 .139
ABCL 1.31 1 13.16 .099
A 1.31 10 151.88 .080
UHS 1.30 4 127.89 .040
LITE 1.30 3 102.59 .036
JG 1.30 3 1.16 3.360
GWRE 1.30 5 111.87 .055
BNR 1.30 3 11.3 .345
VSCO 1.29 5 49.98 .125
OLLI 1.29 2 50.61 .050
JPM 1.29 14 159.13 .112
ATAI 1.29 2 10.02 .256
APPN 1.29 4 66.99 .076
FRD 1.28 1 9.5 .134
BILI 1.28 23 52.97 .552
YETI 1.27 4 88.01 .056
RHE 1.27 2 5.41 .468
NFE 1.27 1 22.3 .056
HJLI 1.27 1 10.38 .122
APXT 1.27 1 12.11 .104
TTWO 1.26 5 167.63 .035
SPCE 1.26 24 14.65 2.064
DOMO 1.26 4 47.09 .104
THCB 1.25 1 10 .125
SPT 1.25 6 89.77 .078
OPAD 1.25 4 6.97 .716
NGM 1.25 2 17.66 .140
CHKP 1.25 6 111.75 .066
BYSI 1.25 5 4.07 1.535
ABSI 1.25 2 10.07 .248
UAL 1.24 2 41.38 .058
SJ 1.24 4 5 .992
RSKD 1.24 2 7.77 .318
PBTS 1.24 1 0.7466 1.660
LPX 1.24 3 73.71 .048
LEDS 1.24 3 5.27 .705
EDSA 1.24 1 5.17 .239
CMMB 1.24 2 7.81 .316
BNTC 1.24 3 2.97 1.251
ANPC 1.24 2 1.2 2.066
ALXN 1.24 4 182.5 .024
TAP 1.23 2 45.87 .052
LAW 1.23 3 37.25 .099
JKS 1.23 5 45.29 .135
HOG 1.23 5 37.82 .160
RCUS 1.22 1 39.3 .031
EYES 1.22 6 1.85 3.954
DDL 1.22 2 15.42 .158
BZ 1.22 3 39.97 .090
PFGC 1.21 3 43.75 .081
OSAT 1.21 3 3.81 .951
LYEL 1.21 3 9.74 .372
JNJ 1.21 3 170.29 .021
HGEN 1.21 3 4.24 .855
EAT 1.21 3 35.57 .102
ARAV 1.21 1 2.58 .468
AMC 1.21 57 24.5 2.793
ZIM 1.20 10 48.2 .240
WHLM 1.20 4 5 .960
MMM 1.20 7 174.72 .042
CRIS 1.20 2 4.45 .538
CETX 1.20 1 0.9099 1.318
AMTX 1.20 3 14.44 .249
AKAM 1.20 3 114.24 .030
TVTX 1.19 3 26.35 .135
SGOC 1.19 9 6.2 1.719
MQ 1.18 7 16.98 .483
DFH 1.18 1 18.69 .063
ZEV 1.17 4 6.1 .764
WM 1.17 8 162.58 .056
VMW 1.17 9 110.44 .090
TDC 1.17 5 42.02 .135
STZ 1.17 4 236.81 .016
SKT 1.17 3 18.98 .183
MVIS 1.17 5 5.9 .990
VOXX 1.16 3 10.03 .345
SIF 1.16 1 7.5912 .152
NTAP 1.16 4 86.84 .052
LAZR 1.16 5 15.08 .380
HGSH 1.16 2 2.25 1.030
AMAT 1.16 8 147.73 .056
UPS 1.15 7 203.74 .035
NTRB 1.15 2 5.12 .448
HCWB 1.14 2 2.465 .924
BBLG 1.14 1 3.76 .303
AVIR 1.14 3 8.02 .426
ABT 1.14 7 132.94 .056
VNET 1.13 3 8.21 .411
STG 1.13 1 4.15 .272
PEP 1.13 5 169.39 .030
NUAN 1.13 1 55.06 .020
BTX 1.13 2 4.91 .460
XLNX 1.11 13 209.81 .065
SHEN 1.11 3 26.5 .123
SEMR 1.11 3 18.95 .174
PMCB 1.11 3 2.4 1.386
DXC 1.11 2 30.8 .072
CTRN 1.11 5 77.68 .070
CNET 1.11 1 1.15 .965
ALLO 1.11 2 14.3 .154
ABNB 1.11 9 167.96 .054
XM 1.10 3 32.03 .102
RUN 1.10 5 35.5 .150
OPTT 1.10 1 1.73 .635
MRUS 1.10 3 28.11 .117
JRVR 1.10 3 26.04 .126
INMD 1.10 4 65.3 .064
XTLB 1.09 2 2.985 .730
SKX 1.09 4 43.27 .100
FOSL 1.09 2 9.99 .218
ALDX 1.09 2 6.76 .322
SFIX 1.08 3 18.5 .174
SCHW 1.08 5 80.79 .065
MTSL 1.08 3 3.37 .960
FCBP 1.08 1 29.1 .037
B 1.08 1 46.25 .023
AZYO 1.08 1 6.1 .177
ALF 1.08 2 2.67 .808
SMLP 1.07 2 27.1536 .078
AXP 1.07 6 162.85 .036
VYGR 1.06 2 2.77 .764
USB 1.06 5 57.31 .090
TGT 1.06 12 235.28 .048
C 1.06 5 60.64 .085
SCR 1.05 5 35.58 .145
PTGX 1.05 3 29.75 .105
MNST 1.05 4 90.37 .044
CELC 1.05 3 11.96 .261
PRTA 1.04 9 42.11 .216
OCGN 1.04 12 4.81 2.592
NETE 1.04 2 13.09 .158
LEGN 1.04 6 48.54 .126
KURA 1.04 4 12.3 .336
IPA 1.04 2 5.36 .388
FSTX 1.04 1 4.71 .220
CANF 1.04 1 1.125 .924
TJX 1.03 6 72.94 .084
MARA 1.03 20 37.33 .540
KMPH 1.03 3 7.66 .402
IBM 1.03 9 123.76 .072
MFNC 1.02 2 21.5 .094
GIII 1.02 5 26.85 .185
DAL 1.02 5 36.53 .135
ZCMD 1.01 1 1.79 .564
TMUS 1.01 7 117.31 .056
OVV 1.01 3 32.13 .093
LL 1.01 1 16.86 .059
FUBO 1.01 3 16.7 .180
EGRX 1.01 2 46.66 .042
DKS 1.01 18 106.14 .162
CGC 1.01 2 9.15 .220
PINS 1.00 4 35.62 .112
OMER 1.00 1 7.1 .140
MO 1.00 3 45.4 .066
IMAB 1.00 5 49.4 .100
LUV .99 6 40.24 .144
LOGI .99 6 81.55 .072
DKNG .99 6 27.81 .210
ACY .99 19 39.08 .475
TRCH .98 2 4.95 .394
MYGN .98 2 25.76 .076
MCD .98 8 262.52 .024
JWN .98 4 20.24 .192
IMTX .98 4 11.77 .332
HOFV .98 2 1.75 1.120
HHR .98 11 49.99 .209
BGFV .97 10 19.62 .490
RRGB .96 2 16.19 .118
HRI .96 4 163.6 .020
FA .96 1 16.62 .057
AZPN .96 4 149.1 .024
SUPN .95 2 28.18 .066
QDEL .95 4 141.11 .024
BTWN .95 1 9.81 .096
BPTH .95 2 4.27 .444
AGRI .95 5 2.11 2.250
PAYX .94 2 122.43 .014
HAS .94 6 100.4 .054
ENOB .94 5 8.49 .550
TGTX .93 3 15.59 .177
NIU .93 4 17.07 .216
LIFE .93 4 7.78 .476
HCM .93 4 32.2 .112
PLUG .92 9 30.55 .270
OKE .92 3 59.37 .045
NKE .92 9 165.4 .045
LBPH .92 1 5.68 .161
KNL .92 1 25.04 .036
JBL .92 4 63.26 .056
YEXT .91 1 10.28 .088
SSY .91 3 1.79 1.524
OTIS .91 5 84.81 .050
BIG .91 3 42.21 .063
ALC .91 5 82.33 .055
AIT .91 2 100.17 .018
GEG .90 1 2.03 .443
CRTO .90 1 40.31 .022
BBBY .90 16 16.4 .864
SPI .89 4 3.88 .916
BKE .89 6 48.06 .108
ARCE .89 2 21.21 .082
ACHL .89 1 4.45 .200
RTX .88 3 83.5 .030
GMBL .88 2 4.3 .408
GM .87 3 58.4 .042
GDEV .87 3 7.61 .342
DTSS .87 1 1.34 .649
UTHR .86 4 193.93 .016
TTCF .86 2 15.96 .106
KODK .86 2 5.11 .336
GE .86 6 92.11 .054
XLK .85 7 169.45 .035
VMEO .85 2 17.54 .096
SRNE .85 1 6.1 .139
SAFM .85 1 189.56 .004
PG .85 9 158.25 .045
STX .84 10 102.44 .080
PTIX .84 2 1.62 1.036
NLS .84 2 6.54 .256
HOL .84 3 12.35 .204
FL .84 5 42.75 .095
DTST .84 3 3.51 .717
CLII .84 3 14.36 .174
BB .84 11 8.6 1.067
APOP .84 5 13.17 .315
TNA .83 5 76.2 .050
ROIV .83 1 8.36 .099
MAXR .83 4 26.66 .124
IRBO .83 1 40.95 .020
CNA .83 1 44.22 .018
BLUW .83 2 9.63 .172
ABBV .83 6 127.29 .036
SANA .82 1 16.75 .048
MNSO .82 1 10.3 .079
KZR .82 2 12.36 .132
FITB .82 3 43.12 .057
BABA .82 98 126.58 .588
SPRT .81 20 11.8 1.360
MBRX .81 2 2.1 .770
ATVI .81 5 59.52 .065
VALN .80 4 51.14 .060
SYPR .80 4 2.4 1.332
GTEC .80 4 6.2 .516
DD .80 4 77.64 .040
CYTK .80 6 37.12 .126
BZUN .80 2 14.14 .112
BLU .80 2 8.19 .194
ASAN .80 16 64.92 .192
VIR .79 6 46.03 .102
SWI .79 1 13.89 .056
PNRG .79 1 65.9996 .011
ERYP .79 4 2.375 1.328
BJ .79 7 65.82 .084
ZY .78 3 7.79 .300
WMT .78 18 144.94 .090
SJM .78 12 135.18 .060
PTON .78 6 39.26 .114
IPHA .78 4 4.94 .628
GNOG .78 1 10.14 .076
CAI .78 1 56 .013
AA .78 10 50.46 .150
QFIN .77 9 20.85 .324
PLTR .77 2 18.64 .082
OLB .77 3 3.89 .591
LESL .77 1 21.53 .035
FUV .77 2 8.69 .176
ENTX .77 2 3.03 .508
ALYA .77 4 2.41 1.276
VLDR .76 2 4.99 .304
NFLX .76 105 597.99 .105
NBRV .76 1 0.624 1.217
MOS .76 5 35.81 .105
LI .76 6 31.06 .144
IS .76 1 7.58 .100
GROM .76 2 2.21 .686
FLWS .75 4 22.25 .132
SPTN .74 3 24.61 .090
SCKT .74 4 4.66 .632
MS .74 10 98.82 .070
MNOV .74 3 2.82 .786
GTIM .74 1 4.32 .171
GRVI .74 3 4.53 .489
EVOL .74 2 2.18 .678
ATXI .74 1 1.02 .725
VZ .73 2 50.65 .028
VOOV .73 1 147.4 .004
UPC .73 3 1.74 1.257
SQBG .73 2 6.24 .232
SOFI .73 7 14.48 .350
RIOT .73 6 24.93 .174
OPNT .73 4 32.6 .088
NVFY .73 3 1.9546 1.119
RMED .72 6 1.75 2.466
RETO .72 2 0.7745 1.858
FB .72 108 333.74 .216
DEN .72 4 76.51 .036
CRMT .72 9 107.44 .054
COP .72 9 70.68 .090
BTCM .72 4 6.29 .456
BFLY .72 1 6.82 .105
ARPO .72 1 2.2 .327
ZKIN .71 2 1.4 1.014
UBER .71 6 37.26 .114
RFL .71 5 5.4 .655
PALI .71 3 1.87 1.137
EFOI .71 2 3.51 .404
TTD .70 15 88.33 .105
TBLA .70 1 9.85 .071
SONO .70 6 29.09 .144
ORGS .70 1 2.91 .240
OCX .70 1 2.15 .325
LEN .70 6 111.15 .036
IGIC .70 3 7.85 .267
GLD .70 11 165.44 .044
DDD .70 12 21.04 .396
CRCT .70 4 23.71 .116
AMKR .70 2 22.26 .062
VRNT .69 5 49.48 .065
SLS .69 4 6.17 .444
LAC .69 10 30.6 .220
FTEK .69 3 1.44 1.437
ASM .69 1 0.7999 .862
APRE .69 3 3.4 .606
STEM .68 6 17.56 .228
SM .68 3 29.22 .069
RIDE .68 7 4 1.190
ONCS .68 1 1.18 .576
HD .68 17 402.2 .017
BWAY .68 2 7.83 .172
XONE .67 2 26.7 .050
SKLZ .67 4 8.19 .324
PPSI .67 9 8.59 .693
PLD .67 5 158.73 .020
NPTN .67 1 15.14 .044
JRJC .67 3 6.62 .303
FTCH .67 6 29.69 .132
FOE .67 1 21.53 .031
CLNE .67 1 6.03 .111
ACH .67 1 12.83 .052
WFC .66 6 48.89 .078
VIPS .66 1 8.85 .074
QCOM .66 14 181.98 .042
CTKB .66 1 17.61 .037
ATNF .66 4 4.05 .648
AMOM .66 1 34.5733 .019
TATT .65 3 6.31 .309
STRO .65 2 14.53 .088
PCVX .65 1 21.56 .030
MESO .65 2 4.17 .310
LMNL .65 3 0.9217 2.115
IONQ .65 7 16.1 .280
TQQQ .64 138 155.5 .552
SLGG .64 2 2.55 .500
SDC .64 2 2.53 .504
LZB .64 2 36.1 .034
MAT .63 5 20.18 .155
LEXX .63 4 4.65 .540
FLOW .63 4 86.36 .028
ULTA .62 1 389.65 .001
LJPC .62 2 4.29 .288
ISEE .62 4 14.46 .168
CUE .62 1 10.86 .057
BON .62 3 4.8518 .381
BCRX .62 10 11.43 .540
ASTR .62 5 8.54 .360
AREC .62 5 1.69 1.830
APG .62 2 22.89 .054
VGR .61 1 15.19 .040
SOS .61 2 1.03 1.184
RY .61 7 100.02 .042
MVST .61 6 7.51 .486
CL .61 4 82.13 .028
BEKE .61 2 19.13 .062
AMBO .61 1 0.965899 .631
PSTV .60 1 1.12 .535
EVK .60 6 2.365 1.518
CEMI .60 8 1.62 2.960
AYRO .60 2 1.88 .638
AMRS .60 1 5.21 .115
NEE .59 5 90.03 .030
YMM .58 2 10.87 .106
XLF .58 2 38.86 .028
WPRT .58 2 2.14 .542
WISH .58 3 3.19 .543
STAF .58 2 0.9621 1.204
RACE .58 11 253.31 .022
IFRX .58 3 3.99 .435
CSIQ .58 4 30.98 .072
WEI .57 1 0.85 .670
SNAP .57 113 46.85 1.356
SBTX .57 1 6.03 .094
PRFX .57 4 1.59 1.432
PFE .57 13 55.54 .130
ORPH .57 4 2.68 .848
EZFL .57 1 1.93 .295
DRN .57 8 25.6 .176
CLPS .57 1 2.14 .266
CLPS .57 1 2.14 .266
CLF .57 11 20.47 .297
VTSI .56 4 6.14 .364
UAA .56 4 22.25 .100
T .56 3 22.29 .075
SLV .56 3 20.31 .081
OBLN .56 3 3.05 .549
MTP .56 1 1.26 .444
M .56 16 25.78 .336
LODE .56 3 1.45 1.158
CYAD .56 1 4.22 .132
VNE .55 6 35.13 .090
RSI .55 2 15.86 .068
MOSY .55 2 4.22 .260
LOOP .55 5 12.04 .225
FLXN .55 1 9.12 .060
EOLS .55 1 5.83 .094
ENSC .55 3 3.5 .471
WHLR .54 2 1.88 .574
TSM .54 3 116.29 .012
MRK .54 11 73.72 .077
MPC .54 4 62.45 .032
INTC .54 7 49.7 .070
GPS .54 7 16.51 .224
ENZ .54 2 3.47 .310
ADMA .54 1 1.27 .425
XLE .53 9 55.42 .081
TBIO .53 3 37.36 .042
NIO .53 77 32.3 1.232
MEDS .53 5 2.81 .940
HUYA .53 4 7.34 .288
HPQ .53 6 35.6 .084
EQ .53 1 4.44 .119
CHPT .53 4 19.5 .108
BBWI .53 6 73.45 .042
SILK .52 7 39.88 .091
RF .52 2 21.83 .046
ANF .52 3 34.08 .045
RCON .51 2 1.43 .712
OCUP .51 2 3.72 .274
MSFT .51 114 328.34 .114
GFAI .51 2 1.24 .822
DYAI .51 3 3.88 .393
CROX .51 10 153.57 .030
CPSH .51 1 3.94 .129
TIGR .50 8 5.37 .744
PATI .50 2 8.9 .112
MDIA .50 3 3.83 .390
GRTX .50 3 2.7 .555
CBAT .50 3 1.92 .780
RKDA .49 1 1.06 .462
PSTG .49 3 31.65 .045
NRBO .49 2 1.4 .700
K .49 10 63.37 .070
IGC .49 3 1.18 1.245
GP .49 3 11.79 .123
GEVO .49 4 5 .392
ENLV .49 2 6.19 .158
ECHO .49 1 48.24 .010
ATHM .49 3 30.29 .048
ARMP .49 1 4.43 .110
NNDM .48 3 4.06 .354
MTTR .48 14 22.3 .294
KIRK .48 3 14.51 .099
EPU .48 3 27.57 .051
CSCO .48 11 57.77 .088
TRIL .47 1 18.44 .025
TLRY .47 4 8.05 .232
SOHU .47 6 16.35 .168
EXPR .47 5 3.18 .735
DARE .47 1 1.82 .258
CCJ .47 11 21.17 .242
BODY .47 2 2.21 .424
BAC .47 6 44.13 .060
XPEV .46 84 44.47 .840
UFAB .46 2 1.905 .482
NTEC .46 4 9.63 .188
MARK .46 4 1.08 1.700
KO .46 9 57.8 .063
KBSF .46 2 3.05 .300
GURE .46 1 5.015 .091
EQOS .46 1 2.54 .181
CVV .46 2 4.15 .220
CONE .46 1 89.58 .005
BCLI .46 1 3.24 .141
VERU .45 4 5.94 .300
TYME .45 4 0.7294 2.464
TME .45 1 6.38 .070
ONCT .45 2 2.56 .350
EVGO .45 8 11.06 .320
CRDF .45 3 5.35 .252
CCL .45 5 18.15 .120
APT .45 1 5.42 .083
ADIL .45 2 2.6 .346
WORX .44 4 1.23 1.428
STN .44 3 54.85 .024
NNVC .44 3 4.19 .315
GALT .44 3 2.16 .609
FFHL .44 2 7.88 .110
DWSN .44 2 2.3 .382
WOOF .43 3 19.23 .066
HOLI .43 1 14.54 .029
GAME .43 1 2.89 .148
EVGN .43 1 1.78 .241
CAN .43 4 5.56 .308
ATIF .43 1 3.179 .135
HRC .42 6 155.96 .012
DBGI .42 5 2.34 .895
CTSO .42 4 4.56 .368
ARMK .42 4 34.22 .048
SRNG .41 1 11.42 .035
SLB .41 6 29.67 .078
RKT .41 2 15.92 .050
PDCO .41 4 28.61 .056
KZIA .41 2 7.41 .110
HNST .41 3 7.81 .156
GTT .41 1 2.36 .173
FCX .41 24 37.96 .240
ERF .41 2 9.64 .084
DUK .41 6 102.77 .018
BLIN .41 8 2.48 1.320
AUUD .41 7 2.13 1.344
ACOR .41 4 2.5 .656
YJ .40 2 0.65 1.230
LIZI .40 4 1.78 .896
FBRX .40 1 2.13 .187
DUOT .40 1 5.81 .068
CTIB .40 5 1.27 1.570
CHRA .40 1 4.41 .090
IYC .39 4 81.41 .016
HALO .39 1 34.64 .011
ERJ .39 10 14.53 .260
EQT .39 3 21.27 .054
CSCW .39 2 0.4921 1.584
CRTD .39 7 2.14 1.274
AQMS .39 3 1.37 .852
XOM .38 10 61.54 .060
SBH .38 3 19.83 .057
RDUS .38 1 6.77 .056
OVID .38 2 3.27 .232
OTLK .38 2 1.39 .546
MRTN .38 3 16.5 .069
GPK .38 2 19.81 .038
DNUT .38 8 15.99 .184
ANIX .38 1 3.08 .123
VTNR .37 10 4.2 .880
UONE .37 7 4.8 .539
MRVL .37 8 85.29 .032
HUGE .37 1 1.14 .324
GT .37 6 20.51 .108
CHMA .37 2 3.76 .196
UAVS .36 3 1.8 .600
MRKR .36 1 1.01 .356
MITQ .36 1 2.28 .157
JFIN .36 2 2.57 .280
IDEX .36 4 1.4 1.028
GOVX .36 7 3.51 .714
GNLN .36 2 1.01 .712
BNGO .36 12 3.26 1.320
AKTX .36 1 1.51 .238
ADMP .36 1 0.6434 .559
ACB .36 3 5.87 .183
VXX .35 4 21.93 .060
PHUN .35 16 3.04 1.840
ORMP .35 19 14.63 .437
ORGO .35 2 9.33 .074
ORCL .35 36 99.89 .108
ON .35 12 62.98 .060
LMFA .35 5 5.62 .310
KHC .35 6 34.78 .060
CLSD .35 3 2.84 .369
CIFR .35 3 4.78 .219
BSQR .35 13 1.82 2.496
AESE .35 1 1.75 .200
AAPL .35 111 174.33 .222
XELB .34 2 1.21 .560
TRIT .34 5 3.19 .530
SSNT .34 2 4.22 .160
ME .34 6 7.48 .270
HWCC .34 1 5.3 .064
CYTH .34 1 4.09 .083
MU .33 9 83.29 .027
IMMR .33 6 5.24 .372
HNP .33 2 23.21 .028
GTS .33 1 35.65 .009
CIEN .33 21 73.98 .084
BHTG .33 1 0.837 .394
WATT .32 2 1.35 .474
TAL .32 2 4.41 .144
SPCB .32 2 0.615 1.040
SGBX .32 3 2.17 .441
PRPL .32 6 9.15 .204
MINM .32 2 1.18 .542
GIS .32 10 65.91 .040
AAL .32 9 16.91 .162
XLV .31 7 135.3 .014
WINT .31 3 1.51 .615
ULBI .31 2 5.3 .116
SCYX .31 4 6.63 .184
NKLA .31 15 9.51 .480
HRL .31 7 47.9 .042
HMHC .31 2 15.45 .040
DMAC .31 2 3.76 .164
AEY .31 1 1.75 .177
TESS .30 3 6.75 .132
PBR .30 10 10.89 .270
OXBR .30 5 6.03 .245
LGHL .30 4 1.62 .740
KR .30 17 45.58 .102
HAPP .30 1 0.6001 .499
ENG .30 3 1.48 .606
CLSK .30 1 12.11 .024
BBIG .30 21 2.95 2.121
AVCT .30 2 1.22 .490
AUTL .30 3 5.63 .159
UWMC .29 3 6.75 .126
NEXT .29 4 2.64 .436
HUSN .29 4 3.35 .344
ALTO .29 5 4.71 .305
AFMD .29 3 5.37 .162
MITO .28 1 0.8544 .327
LC .28 11 26.19 .110
FLO .28 6 26.37 .060
CLOV .28 2 4.04 .138
APTO .28 4 1.11 1.008
WIMI .27 4 3.25 .332
RSLS .27 4 1.99 .540
NAOV .27 11 1.01 2.937
MGTX .27 1 20.45 .013
INCY .27 5 68.59 .015
GSM .27 7 5.93 .315
FENC .27 2 4.08 .132
ENVB .27 3 1.13 .714
ACI .27 12 30.25 .096
VIVE .26 2 1.45 .358
PPBT .26 1 3.94 .065
PME .26 1 0.777 .334
JQUA .26 1 44.25 .005
AXLA .26 2 2.43 .212
VCLO .25 1 15.75 .015
PBLA .25 1 1.65 .151
HIPO .25 2 2.78 .178
RVI .24 2 6.1 .078
RAIL .24 4 4.02 .236
PLG .24 3 1.82 .393
MOGO .24 4 3.41 .280
IKT .24 1 1.64 .146
GBR .24 1 2.55 .094
CPIX .24 4 4.26 .224
PIRS .23 7 3.2 .497
THTX .22 1 3.22 .068
SSKN .22 1 1.42 .154
SPWH .22 3 11.1 .057
JFU .22 3 1.15 .573
INOV .22 2 41.06 .010
FFIE .22 2 4.99 .088
DYNT .22 5 1.03 1.065
BIOC .22 4 3.85 .228
ABUS .22 8 4.14 .424
VBLT .21 3 2.14 .294
TENX .21 1 1.18 .177
LTHM .21 15 25.37 .120
BP .21 5 26.55 .035
AZN .21 16 54.5 .048
ATOS .21 5 1.91 .545
ANY .21 20 3.62 1.160
ALAC .21 2 11.67 .034
SALM .20 4 2.87 .276
ENSV .20 1 0.9381 .213
NBEV .19 1 1.06 .179
MOMO .19 3 9.31 .060
FLGC .19 6 1.98 .570
COTY .19 8 9.82 .152
BKYI .19 2 2.27 .166
BGI .19 3 4.26 .132
AGNC .19 4 15.19 .048
AEHR .19 29 15.05 .348
VSH .18 3 20.39 .024
IRIX .18 4 6.11 .116
FCEL .18 130 6.33 3.640
BLNK .18 14 29.97 .084
TISI .17 1 1.19 .142
PPC .17 2 28.21 .012
PETZ .17 4 4.52 .148
LIVX .17 2 3.07 .110
KXIN .17 6 1.26 .804
GMTX .17 1 2.43 .069
D .17 9 76.6 .018
AHPI .17 1 5.11 .033
SNES .16 2 1.09 .292
OCG .16 4 4.37 .144
INFI .16 4 2.43 .260
IMMP .16 7 3.31 .336
HFBL .16 1 19.55 .008
GGAL .16 4 9.33 .068
ZNGA .15 4 6.18 .096
IMV .15 2 1.38 .216
GSKY .15 2 11.63 .024
GRUB .15 3 10.54 .042
CREX .15 1 1.5018 .099
CHNG .15 2 20.83 .014
SYKE .14 3 54 .006
OEG .14 1 2.69 .052
NXTP .14 1 0.94 .148
INM .14 1 1.38 .101
IEC .14 1 15.34 .009
EDU .14 1 2.2 .063
XLP .13 8 75.21 .008
VIEW .13 2 4.23 .060
TTM .13 11 31.69 .044
SVBI .13 1 13.63 .009
OSMT .13 4 1.05 .492
LMRK .13 1 16.44 .007
GENE .13 3 2.04 .189
VERB .12 8 1.54 .616
SBBP .12 2 2 .120
PSTX .12 1 6.7 .017
MRO .12 18 15.18 .126
HDGE .12 3 25.28 .012
GSAT .12 2 1.28 .186
CRON .12 5 4.08 .145
CHNR .12 4 0.6302 .760
UNIT .11 3 12.78 .024
TELL .11 9 2.85 .342
SNMP .11 2 0.7092 .310
MOHO .11 3 0.46 .717
GBS .11 1 1.72 .063
FENG .11 2 0.899 .244
FAST .11 6 63.03 .006
ET .11 6 8.25 .078
EKSO .11 2 2.96 .074
CSPR .11 1 6.29 .017
CALA .11 1 0.7183 .153
ACHV .11 2 6.79 .032
SLHG .10 1 1.395 .071
RCAT .10 2 2.02 .098
RAVN .10 3 58.08 .003
OBSV .10 6 2.13 .276
KDMN .10 4 9.5 .040
EDTK .10 2 1.06 .188
CNFR .10 2 2.34 .084
AGEN .10 12 3.11 .384
YPF .09 3 3.81 .069
XPDI .09 13 10.69 .104
XELA .09 7 1.16 .539
WTER .09 2 1.26 .142
TEDU .09 2 0.4499 .400
TAAG .09 1 20.9494 .004
SELF .09 1 5.3 .016
RRD .09 8 11.01 .064
RIG .09 6 2.88 .186
PRPO .09 3 1.8 .150
CXM .09 1 14.65 .006
CPG .09 8 4.71 .152
AEMD .09 3 2.13 .126
AEI .09 2 0.6 .300
TEO .08 2 5.01 .030
SSL .08 21 15.9 .105
SBS .08 10 6.89 .110
MBII .08 1 0.66 .121
LPTX .08 1 2.3 .034
CLDR .08 1 15.99 .005
BQ .08 2 1.14 .140
SWN .07 4 4.74 .056
NEPT .07 2 0.4 .350
MTL .07 15 2.58 .405
ITRO .07 1 1.27 .055
ITRN .07 3 24.54 .006
DBVT .07 11 2.67 .286
CPLG .07 1 15.45 .004
ALZN .07 1 3.08 .022
XBIO .06 8 1.32 .360
VSTM .06 2 2.25 .052
OXY .06 31 28.74 .062
KULR .06 7 2.92 .140
ESXB .06 2 11.3 .010
ENIC .06 1 1.95 .030
ADMS .06 2 8.22 .014
ULTA .05 12 389.65 0
OCG .05 13 4.37 .143
MFGP .05 5 4.36 .055
MDNA .05 8 1.53 .256
FRBK .05 1 3.76 .013
PSP .04 3 15.34 .006
PBT .04 2 8.8 .008
NOK .04 6 5.96 .036
IRCP .04 4 2.25 .068
CXP .04 1 19.28 .002
CDEV .04 4 6.23 .024
AVGR .04 7 0.4999 .560
VTGN .03 5 1.78 .080
VCAR .03 1 14.56 .002
SNDL .03 1 0.5623 .053
SLVO .03 4 4.89 .024
SIC .03 1 14.49 .002
RTLR .02 9 10.58 .009
NWHM .02 1 8.99 .002
KIN .02 2 9.25 .004
EPAY .02 2 49.37 0
EIC .02 2 16.79 .002
DSE .02 1 9.49 .002
PMD .01 1 7.34 .001
INFL .01 2 29.86 0
IACB .01 3 7.95 .003
DFP .01 3 27.81 0
BEST .01 3 0.9309 .030
WMPN 0 4 12.18 0
QQC 0 2 32.6952 0
QADB 0 4 87.54 0
PAE 0 1 9.92 0
ONON 0 1 51.42 0
NLSP 0 1 1.27 0
LHAA 0 1 9.81 0
HWBK 0 1 24.03 0
FRO 0 16 6.61 0
DVD 0 1 3.59 0
APWC 0 1 2.99 0
NSYS -.12 1 10.27 -.011
