BKNG 17.64 6 2340.74
MSTR 14.90 6 588.39
NVAX 14.88 8 226.92
REGN 12.57 6 640.89
DPZ 10.53 7 497.06
W 9.22 6 280.61
SAM 8.67 6 524.36
BNTX 8.38 6 339.01
AZO 8.36 6 1585.16
SE 8.13 8 329.62
AMZN 8.07 92 3355.73
DE 6.81 6 339.73
ASML 6.72 6 840.74
KOSS 6.42 6 16.95
RGEN 5.79 4 306.05
NVCR 5.71 6 127.2
ROKU 5.65 4 316.01
EBET 5.51 4 27.35
MDB 5.49 6 489.27
EEIQ 5.44 4 6.41
ADGI 5.39 4 46.23
IAC 5.23 4 127.77
EJH 5.21 6 3
SEDG 5.15 4 268.72
SPLK 5.11 4 146.76
UHAL 5.06 6 646.26
BLK 5.03 4 857.27
GPN 4.99 6 160.12
SCPS 4.93 5 4.26
COST 4.91 4 451.14
ENPH 4.87 4 152.44
UPST 4.75 10 293.47
ANVS 4.75 5 30.95
CARV 4.74 5 13.15
MA 4.60 4 339.69
DASH 4.59 5 220.32
GOOG 4.55 25 2780.34
ZM 4.42 13 280.67
AFRM 4.41 6 107.7
GLSI 4.33 4 42.4
SNOW 4.31 5 310.07
SITM 4.31 4 218.16
LLY 4.31 4 231.64
WDAY 4.30 4 267.19
BIIB 4.30 4 298.49
ZS 4.26 3 269.98
ZG 4.16 4 95.92
AUVI 4.12 5 6.78
ROLL 4.11 2 215.55
SNA 4.09 2 211.87
TSLA 4.08 144 730.17
INDP 4.08 4 8.75
OPAD 4.03 1 12.71
V 4.02 3 220.05
IRNT 4.02 4 33.34
DOCS 3.99 4 85.66
STE 3.98 1 212.52
GRTS 3.97 4 11.81
SPT 3.95 1 128.91
LOW 3.95 4 205.27
EAT 3.93 1 49.68
SIVB 3.90 4 587.63
SIEB 3.89 2 3.44
FANG 3.89 1 79.11
KMB 3.87 2 134.51
NRXP 3.86 6 10.03
HCA 3.85 2 255.03
BNTC 3.84 1 3.75
CAT 3.80 3 190.82
VRNT 3.78 1 43.57
ZLAB 3.76 5 124.05
ACMR 3.76 2 98.27
FULC 3.74 4 30.97
TSCO 3.73 2 205.59
CELH 3.73 3 89.67
SHEN 3.71 1 30.2
OCGN 3.71 2 7.44
BHVN 3.71 2 132.57
KZIA 3.69 1 10.65
PKG 3.68 2 139.72
CTRN 3.67 2 70.59
CRMT 3.67 4 118.88
CI 3.61 3 202.53
AMEH 3.61 2 82.81
LAW 3.60 1 49.45
PDD 3.58 4 94.18
QDEL 3.57 1 152.73
ADBE 3.54 5 641.29
AN 3.50 3 118.82
UHS 3.49 2 144.58
SKT 3.49 1 16.61
LIN 3.48 4 302.21
AMGN 3.47 4 215.11
TVTX 3.46 1 22.2
TDC 3.44 1 52.99
OTIS 3.43 1 89.2
LAIX 3.43 2 0.86
RAPT 3.42 4 35.91
SFIX 3.41 1 36.37
RBLX 3.40 4 77.77
TERN 3.38 2 10.35
SNPS 3.38 4 321.3
ADSK 3.38 5 283.6
STZ 3.34 2 210.13
FIGS 3.34 2 38.74
NMRD 3.33 2 6.11
SI 3.30 2 101.98
PKI 3.30 2 183.94
MCD 3.30 2 239.09
DQ 3.27 6 56.75
LHDX 3.26 2 7.68
UNH 3.25 9 412.7
SAVA 3.25 24 48.26
KURA 3.24 1 20.07
JAN 3.24 5 5.98
CPOP 3.24 4 2.98
SCR 3.23 2 33.99
KALV 3.18 4 17.95
OPNT 3.16 1 24.02
BYND 3.16 2 112.27
FLGT 3.14 4 88.87
BKE 3.14 1 40.57
ALEC 3.14 4 25.77
GRVY 3.11 3 91.02
LAD 3.10 4 328.53
VSCO 3.09 2 60.33
RLMD 3.08 2 27.41
PTON 3.08 1 100.73
OLLI 3.08 1 66.07
GS 3.08 7 378.13
ADI 3.08 3 169.48
XLNX 3.06 4 149.94
KMPH 3.04 1 8.72
CLX 3.04 2 164.78
TASK 3.03 4 73.42
CREE 3.02 3 83.93
NEGG 3.00 20 15.81
DOMO 3.00 2 77.06
GME 2.99 82 192.2
DKS 2.98 5 131.91
J 2.97 1 127.88
UBER 2.96 1 39.79
SEMR 2.96 1 27.34
IMAB 2.96 2 72.32
ARVN 2.96 3 92.29
RL 2.95 3 111.05
JRVR 2.95 1 33.32
TSM 2.93 1 114.7
LH 2.92 4 293.91
FATE 2.92 1 67.2
LWAC 2.89 3 16.98
LOOP 2.88 1 10.5
WGO 2.86 1 66.94
WAVE 2.86 3 7.65
LITE 2.84 1 84.79
TPST 2.81 4 14.43
HTBX 2.80 1 6.09
ABNB 2.80 5 161.64
WAFU 2.79 2 6.07
VERY 2.78 2 7.81
MOXC 2.78 2 6.91
WSM 2.77 4 182.92
YETI 2.76 2 96.26
STX 2.76 3 82.95
TTWO 2.75 2 148.84
NVOS 2.75 3 1.87
IRDM 2.75 2 43.56
ABT 2.75 2 124.87
SLS 2.74 1 9.79
PFGC 2.74 1 45.2
MNST 2.74 1 92.79
COF 2.73 2 156.37
TNA 2.70 2 80.67
NXPI 2.70 3 202.78
MVIS 2.70 2 11.85
MRNA 2.70 25 423.33
AKAM 2.70 1 108.56
KNBE 2.69 4 23.78
EL 2.69 5 310.6
VMW 2.68 4 138.92
HAS 2.68 2 95.6
DLPN 2.68 4 12.2
COHN 2.68 4 19.37
AACG 2.67 4 2.33
BURL 2.66 3 292.26
XBI 2.65 4 128.76
DOCN 2.65 2 79.62
DDS 2.64 6 199.5
PEP 2.63 1 153.61
NCTY 2.63 5 11.02
UTHR 2.62 2 198.51
DTST 2.61 1 4.75
DPW 2.61 3 2.25
NEWR 2.60 2 76.18
RMBL 2.58 1 33.45
TTD 2.55 5 69.71
IWM 2.55 3 217.19
DEN 2.54 1 69.73
LPX 2.53 1 59.34
FL 2.53 1 49.96
DDL 2.53 1 22.54
CLII 2.53 1 14.36
NTAP 2.52 2 88.97
JBL 2.52 1 59.08
HOL 2.52 1 12.35
LEXX 2.49 1 6.39
ALXN 2.49 2 182.5
SJ 2.48 2 4.01
LOGI 2.48 2 95.42
BBY 2.48 4 106.67
AAME 2.47 4 3.83
CRNC 2.46 2 100.9
APPS 2.45 2 63.17
TWST 2.44 5 114.04
LII 2.41 4 306.91
GDEV 2.41 1 8.63
AVXL 2.41 5 16.87
LYEL 2.40 1 11.03
HON 2.39 4 215.73
CM 2.39 2 111.64
PLD 2.38 2 129.06
GIII 2.35 2 28.34
UPS 2.33 5 189.39
SKX 2.32 1 44.83
CYTK 2.32 2 32.43
AGRI 2.32 1 2.26
LAZR 2.31 2 16.53
CHCI 2.31 2 4.85
PRFX 2.29 1 3
ATKR 2.27 1 85.77
SQ 2.23 21 250.23
RTX 2.23 1 83.45
DLTR 2.23 2 87.68
TJX 2.22 3 69.11
STT 2.22 2 82.45
CHGG 2.22 1 73.97
NNOX 2.21 4 22.76
IMNM 2.21 2 23.82
FGEN 2.21 2 11.27
AMD 2.21 7 101.55
OSTK 2.20 6 71.94
VIR 2.19 2 49.7
DXC 2.19 1 34.98
XTLB 2.18 1 4.13
INTU 2.18 4 554.4
TSN 2.17 2 75.7
MDT 2.17 4 128.73
SPG 2.16 2 129.52
SMLP 2.15 1 34.85
PATI 2.15 1 11.89
PATI 2.15 1 11.89
STMP 2.14 3 329
EXPI 2.14 3 43.23
ANTM 2.14 4 376.9
INCY 2.13 1 75.91
IGIC 2.12 1 8.8
ACRS 2.12 7 16.9
TGT 2.11 8 242.14
PRTA 2.11 4 74.81
WM 2.10 2 152.73
CERE 2.10 5 37.46
DELL 2.08 5 100.87
ZIM 2.07 2 54.29
BON 2.06 1 10.1
ALDX 2.06 1 7.99
IMPL 2.05 4 12.75
ASAN 2.05 3 118.9
MFNC 2.04 1 21.5
GH 2.04 4 129.16
COIN 2.04 4 236.53
BTX 2.04 1 9.96
VLO 2.03 2 62.97
JD 2.03 3 74.15
FLWS 2.02 2 32.11
APRE 2.02 1 4.85
TMUS 2.01 3 125.63
MRIN 2.01 5 5.06
IBM 2.00 4 134.31
AXP 2.00 3 160.57
DD 1.98 1 67.93
VTSI 1.97 1 9.31
KSS 1.96 6 52.77
JG 1.96 2 1.745
BNR 1.96 2 19.63
LMT 1.95 9 338.46
LI 1.94 2 26.91
RRGB 1.93 1 21.82
LEGN 1.93 3 44.17
AAP 1.93 3 203.71
GWRE 1.92 3 115.76
BTBT 1.92 7 8.86
NEE 1.91 1 81.69
DLO 1.91 4 60.31
DG 1.89 3 221.79
MSGE 1.88 4 76.12
FTCH 1.88 1 39.1
TDG 1.87 4 614.86
LEDS 1.87 2 7.8
HOOD 1.85 12 40.7
ON 1.84 1 47.67
DUK 1.84 1 99.64
DKNG 1.84 2 57
AIT 1.83 1 82.73
OSAT 1.82 2 5.1
OKE 1.82 1 52.99
DIS 1.79 6 178.61
ANF 1.79 1 37.04
BIDU 1.78 117 154.5
ARCE 1.78 1 22.53
VRPX 1.77 9 5.22
BLDR 1.77 1 52.02
TTC 1.75 3 101.45
TSP 1.75 5 38.03
VOXX 1.74 2 11.5
AMAT 1.73 5 135.53
KODK 1.72 1 6.92
HRI 1.71 3 124.77
HD 1.71 9 331.21
CHKP 1.71 4 114.8
VMEO 1.70 1 32.19
ROST 1.70 3 113.13
LYFT 1.70 3 51.12
ENOB 1.70 3 6.86
LIFE 1.69 2 10.22
MYGN 1.67 1 33.26
EA 1.67 2 130.09
TWTR 1.66 2 60.95
MPC 1.66 1 57.13
SYPR 1.65 2 3.34
FLOW 1.65 3 77.01
ESTC 1.65 4 160.32
KMX 1.64 1 138.21
CAH 1.64 3 51.55
LODE 1.63 1 2.65
KYMR 1.63 1 60.49
JZXN 1.63 4 2.45
MOS 1.62 1 32.16
IYC 1.62 1 77.74
CRCT 1.61 1 30.05
USB 1.60 3 55.68
SPI 1.60 2 5.14
RMED 1.60 3 2.89
MBRX 1.60 1 2.92
WHLM 1.59 3 5.44
CSIQ 1.59 2 34.31
CLDX 1.59 2 51.17
BZ 1.59 1 36.95
A 1.59 5 171.34
FISV 1.58 5 107.33
CELC 1.58 2 18.82
RIOT 1.57 2 27.53
GTEC 1.57 2 5.81
CNC 1.57 1 64.35
CARA 1.57 2 15.31
PAYX 1.56 1 108.38
BLFS 1.55 1 47.21
FUV 1.54 1 11.24
GIS 1.53 1 58.75
UAL 1.50 1 45.27
SUPN 1.50 1 26.82
ZEV 1.49 3 8.73
SGOC 1.48 8 5.57
JNJ 1.48 2 163.81
ISEE 1.48 2 16.22
EDIT 1.47 3 58.2
VCVC 1.46 1 9.85
LGHL 1.46 1 1.24
PINS 1.45 3 52.51
MS 1.45 5 98.63
EYEG 1.45 1 1.79
EVOL 1.45 1 2.06
BPTH 1.44 1 5.26
SNOA 1.43 3 5.23
SCKT 1.43 3 6.21
LANC 1.43 2 168.93
GM 1.42 1 49.37
ATVI 1.42 3 76.18
SCHW 1.41 2 68.8
CROX 1.41 3 151.72
AVIR 1.41 1 28.94
MMM 1.40 6 180.53
JCS 1.40 3 8.74
CVS 1.40 3 84.58
CRDF 1.40 1 6.6
NVDA 1.39 139 211.13
ERYP 1.39 2 6.39
EOSE 1.39 2 12.35
COUR 1.39 1 37.11
TNET 1.38 1 94.92
PG 1.37 5 142.89
LIVE 1.37 3 34.635
ECOM 1.37 1 26.24
APP 1.37 4 70.34
AA 1.37 3 48.46
TAOP 1.35 3 2.76
RUN 1.35 4 42.82
BWAY 1.35 1 7.81
WNW 1.34 1 4.22
NLS 1.33 1 10.22
SLV 1.32 1 20.59
HOG 1.32 2 37.15
AEO 1.32 2 26.22
VIH 1.31 1 10.08
SPY 1.31 1 434.04
NURO 1.31 9 10.47
ABCL 1.31 1 20.65
SPCE 1.29 22 24.75
APPN 1.29 4 98.37
MAT 1.28 2 20.1
FRD 1.28 1 11.56
BILI 1.28 22 69.78
RHE 1.27 2 7.85
HJLI 1.27 1 8.99
APXT 1.27 1 12.11
SLGG 1.26 1 3.29
MESO 1.26 1 5.87
JKS 1.26 2 43.71
HHR 1.26 1 51.21
THCB 1.25 1 10
NGM 1.25 2 22.27
BYSI 1.25 3 15.36
PBTS 1.24 1 1.26
EDSA 1.24 1 11.92
CMMB 1.24 2 12.2
ANPC 1.24 2 3.47
TAP 1.23 2 45.1
C 1.23 4 67.3
AMC 1.23 55 40.29
RCUS 1.22 1 35.11
NKE 1.22 6 154.25
EYES 1.22 6 3.22
BBBY 1.22 12 23.62
KIRK 1.21 1 17.54
HGEN 1.21 3 6.27
ARAV 1.21 1 3.84
MAXR 1.20 3 28.5
JPM 1.20 12 152.96
CRIS 1.20 2 7.97
CETX 1.20 1 1.16
AMTX 1.20 3 13.22
JWN 1.19 3 27.78
QCOM 1.18 7 132.76
GRU 1.18 1 4.2231
GRU 1.18 0 4.2231
GRTX 1.18 1 7.04
DFH 1.18 1 18.89
AYRO 1.18 1 3.35
NIU 1.17 3 23.99
CLSK 1.17 1 11.64
SIF 1.16 1 8.8
HGSH 1.16 2 1.54
IMTX 1.15 3 13.61
DAL 1.14 4 40.78
VNET 1.13 3 17.64
STG 1.13 1 5.75
NUAN 1.13 1 55.18
ABSI 1.13 1 10.97
RY 1.12 2 98.29
MNOV 1.12 2 3.82
BZUN 1.12 1 18.8
TGTX 1.11 1 30.7
PMCB 1.11 3 3.28
KHC 1.11 1 36.21
CNET 1.11 1 1.26
OPTT 1.10 1 2.06
GT 1.09 1 16.51
DDD 1.09 8 27.91
ATAI 1.09 1 15.65
SLB 1.08 1 27.25
RSLS 1.08 1 2.91
MTSL 1.08 3 3.37
FCBP 1.08 1 29.1
BAC 1.08 3 39.11
B 1.08 1 42.83
AZYO 1.08 1 7.45
ALF 1.08 2 6.83
TTCF 1.07 1 19.7
NETE 1.05 1 8.91
OCUP 1.04 1 5.12
KEYS 1.04 2 173.88
IPA 1.04 2 6.64
FSTX 1.04 1 7.22
CANF 1.04 1 1.7
ALLO 1.04 1 24.88
MTTR 1.03 2 19.97
FTEK 1.03 2 1.69
COP 1.03 5 57.07
AMKR 1.03 1 25.9
ALYA 1.03 3 2.72
QADB 1.02 3 86.94
FAST 1.02 1 52.9
CRM 1.02 10 258.22
ZCMD 1.01 1 1.55
RSI 1.01 1 18.56
RCON 1.01 1 2.76
MVST 1.01 4 10.08
LL 1.01 1 19.6
EGRX 1.01 2 49.03
TRCH .98 2 4.95
NFLX .98 101 575.43
HOFV .98 2 3
UAA .97 2 20.45
SKLZ .97 3 10.45
FA .96 1 22.25
DWSN .96 1 2.22
BTWN .95 1 9.79
CGC .94 1 13.52
MO .93 2 48.14
HCM .93 4 38.18
CHPT .93 1 20.25
ABBV .93 4 106.4
RACE .92 3 213.17
PLCE .92 3 83.83
LBPH .92 1 9.39
KNL .92 1 25.04
YEXT .91 1 12.3
WFC .91 4 45.81
SSY .91 3 2.39
GEG .90 1 2.35
CRTO .90 1 33.59
ATNF .90 3 5.81
YMM .89 1 14.76
PLUG .89 8 25.72
ACHL .89 1 5.87
HPQ .88 3 27.24
BABA .88 96 151.49
FB .87 102 355.7
DTSS .87 1 2.03
BCRX .87 6 15.02
AFMD .87 1 6.3
VLDR .86 1 6.08
RF .86 1 19.16
ATHM .86 2 41.36
SRNE .85 1 7.97
SAFM .85 1 190.8
RIDE .85 5 6.53
RKT .84 1 16.59
PTIX .84 2 1.89
HRC .84 3 150.35
CCJ .84 3 21.31
BB .84 11 9.43
UAVS .83 1 3.05
LUV .83 3 49.58
IRBO .83 1 43.15
CNA .83 1 42.02
BLUW .83 2 9.63
SANA .82 1 23.57
MNSO .82 1 13.06
FITB .82 3 38.54
SPRT .81 20 11.8
GMBL .80 1 6.99
SWI .79 1 16.86
SCYX .79 1 5.7
PNRG .79 1 52.95
MU .79 4 72.37
BP .79 1 24.83
ZY .78 3 13.42
VVOS .78 4 4.38
OTLK .78 1 2.27
IPHA .78 4 8.05
HX .78 1 1.64
GNOG .78 1 20.55
CAI .78 1 55.85
WATT .77 1 2.1
SJM .77 7 122.27
PLTR .77 2 26.55
ENTX .77 2 4.64
QFIN .76 8 19.54
NBRV .76 1 1.12
MOSY .76 1 4.89
APG .76 1 20.68
NNVC .75 2 3.79
CEMI .75 7 2.56
SHOP .74 5 1434.53
PSTG .74 2 25.88
MQ .74 1 25.885
GTIM .74 1 4.99
GRVI .74 3 4.83
FUBO .74 2 26.07
ATXI .74 1 1.53
VZ .73 2 54.26
VOOV .73 1 141.04
UPC .73 3 2.34
SQBG .73 2 6.24
RNXT .73 2 7.35
ORPH .73 3 4.34
NVFY .73 3 2.16
LEN .73 4 98.3
MRK .72 2 71.93
ENSC .72 1 3.07
BTCM .72 4 9.87
ARPO .72 1 2.2
AREC .72 4 1.92
ZKIN .71 2 2.91
XLV .71 2 131.15
PALI .71 3 2.58
GLD .71 6 164.94
TBLA .70 1 9.85
PRPL .70 3 22.39
ORGS .70 1 4.92
OCX .70 1 3.85
JRJC .70 1 4.76
CBAT .70 2 2.5
BGFV .70 6 25.34
WIMI .69 1 3.53
BEKE .69 1 15.64
ASM .69 1 0.8
APOP .69 4 5.78
ONCS .68 1 2.06
INTC .68 5 52.98
XONE .67 2 23.27
WMT .67 14 142.74
PDCO .67 2 30.18
FOE .67 1 20.43
CLNE .67 1 7.57
ACH .67 1 19.93
VIPS .66 1 12.23
TIGR .66 5 11.79
SSNT .66 1 5.92
RETO .66 1 0.7815
ERJ .66 1 15.27
CTKB .66 1 25.97
CRTD .66 3 2.88
AMOM .66 1 35.87
TATT .65 3 5.66
STRO .65 2 19.16
PCVX .65 1 25.59
OLB .65 1 4.43
LMNL .65 3 2.52
TESS .64 1 5.3
SDC .64 2 6.49
M .64 5 21.57
LZB .64 2 33.15
GPS .64 5 23.82
FLGC .64 2 5.2
CTIB .64 3 1.88
BBWI .64 5 64.43
ACY .64 16 34.5
XLP .63 1 70.21
DNUT .63 3 14.98
CCL .63 4 23.24
ULTA .62 1 369.74
ORMP .62 10 19.17
LJPC .62 2 4.06
SPWH .61 1 17.6
SOS .61 2 2.45
QADB .61 0 86.94
PYPL .61 5 269.91
PLG .61 1 2.11
MRVL .61 5 60.68
CL .61 3 76.17
AMBO .61 1 1.5246
SPTN .60 2 20.51
PSTV .60 1 1.92
LTHM .60 6 23.26
EVK .60 6 2.96
AVCT .60 1 2.83
AMRS .60 1 12.88
VERU .59 3 8.46
UONE .59 3 7.41
BIG .59 2 47.52
WPRT .58 2 3.25
WISH .58 3 6.07
TRIT .58 3 5.13
STAF .58 2 2.08
SNAP .58 112 71.73
MARA .58 11 33.89
EPU .58 2 26.27
WEI .57 1 0.7949
SBTX .57 1 11.92
GGAL .57 1 9.83
ACI .57 5 29.91
T .56 3 27.21
SBH .56 2 16.65
OBLN .56 3 3.05
MTP .56 1 1.76
KO .56 5 54.06
CSCO .56 7 55.89
CLPS .56 1 2.93
CLPS .56 1 2.93
CLOV .56 1 7.85
ARMK .56 3 32.38
VNE .55 6 34.21
UWMC .55 1 6.8
EVGO .55 1 7.28
EOLS .55 1 7.96
APTO .55 2 2.56
WHLR .54 2 3.03
TQQQ .54 132 133.49
ENZ .54 2 3.46
AUUD .54 5 2.45
ADMA .54 1 1.25
TBIO .53 3 37.36
MEDS .53 5 4.99
HUYA .53 3 8.7
EQ .53 1 6.01
ENG .53 2 2
VIVE .52 1 2.38
TLRY .52 3 11.23
KULR .52 1 2.73
FLO .52 2 23.02
WOOF .51 2 22.31
VTNR .51 6 5.85
SILK .51 4 55.77
K .51 8 63.39
DYAI .51 3 5.41
CPSH .51 1 5.14
AUTL .51 1 6.39
SONO .50 5 36.79
RKDA .49 1 2.04
NRBO .49 2 3.92
IGC .49 3 1.51
GP .49 3 13.49
GEVO .49 4 6.2
ENLV .49 2 10.94
ECHO .49 1 47.79
BBIG .49 16 7.28
ARMP .49 1 3.74
XLE .48 5 47.24
NNDM .48 3 5.66
NIO .48 75 35.17
DBGI .48 3 2.36
CLF .48 7 19.75
AEHR .48 15 10.71
TRIL .47 1 17.3
STEM .47 5 24.32
SOHU .47 6 20.5
MSFT .47 108 294.3
DARE .47 1 1.67
BODY .47 2 6.7
BGI .47 1 2.45
XPEV .46 80 36.59
VXX .46 3 29.74
UFAB .46 2 2.52
NTEC .46 4 9.63
KBSF .46 2 3.09
INOV .46 1 40.45
GURE .46 1 4.622
CVV .46 2 4.365
BCLI .46 1 3.4
TYME .45 4 1.02
TME .45 1 7.42
ONCT .45 2 3.93
BLIN .45 7 3.98
ADIL .45 2 4.12
WORX .44 4 2.16
GALT .44 3 3.66
FFHL .44 2 9.52
FCX .44 17 31.17
EVGN .43 1 2.85
COTY .43 4 8.04
CAN .43 4 7.29
ATIF .43 1 4
AQMS .43 2 1.96
KR .42 14 40.41
SRNG .41 1 11.42
GTT .41 1 2.36
CTSO .41 3 8.51
ASTR .41 3 9.04
ACOR .41 4 4.36
YJ .40 2 0.7044
XOM .40 6 53.69
RRD .40 2 4.27
LIZI .40 4 3.41
GE .40 4 99.81
FBRX .40 1 3.36
DUOT .40 1 6.055
CHRA .40 1 4.66
AAPL .40 107 142.94
MDIA .39 2 8.14
HRL .39 4 41.7
CSCW .39 2 0.8741
OVID .38 2 3.34
MRTN .38 3 15.15
ANIX .38 1 4.69
AAL .38 8 20.33
ORCL .37 34 86.17
NEXT .37 3 2.22
HUGE .37 1 1.45
HNST .37 1 10.15
GPK .37 1 19.09
CHMA .37 2 3.76
MRKR .36 1 1.75
JFIN .36 2 3.61
IDEX .36 4 2.09
GNLN .36 2 2.59
BNGO .36 11 5.17
AKTX .36 1 1.7399
AGNC .36 2 15.91
ADMP .36 1 1.03
ACB .36 3 6.13
ORGO .35 2 15.75
IRIX .35 3 6.76
CLSD .35 3 6.35
BSQR .35 13 2.26
AESE .35 1 1.75
XELB .34 2 1.64
HWCC .34 1 5.3
CIEN .34 17 51.68
LMFA .33 4 4.11
HNP .33 2 19.25
GTS .33 1 35.18
BHTG .33 1 1.42
AZN .33 7 58.5
VBLT .32 2 2.24
TAL .32 2 4.36
SPCB .32 2 0.98
MINM .32 2 1.82
IMMP .32 3 3.64
DRN .32 2 23.75
BKYI .32 1 3.03
ANY .32 10 5.76
YPF .31 1 4.86
WINT .31 3 1.9
ULBI .31 2 7.26
PIRS .31 5 5.49
FENC .31 1 8.5
EXPR .31 4 5.23
DMAC .31 2 3.81
D .31 8 74.6
AEY .31 1 2.45
OXBR .30 5 2.86
LC .30 6 26.87
HAPP .30 1 0.915
HUSN .29 4 2.48
GOVX .29 5 4.22
AXLA .29 1 3.09
OBSV .28 3 3.09
NKLA .28 14 10.6
MITO .28 1 1.32
IMMR .28 2 6.93
ALTO .28 3 4.68
NAOV .27 11 1.97
ENVB .27 3 2.54
PPBT .26 1 4.74
PME .26 1 0.7042
GSM .26 6 7.37
ATOS .26 4 3.28
PBLA .25 1 2.2
MTL .25 3 3.5
RAIL .24 4 4.81
IKT .24 1 2.05
GBR .24 1 3.74
PYPL .23 13 269.91
MOGO .23 3 4.4
KDMN .23 2 8.76
ACHV .23 1 7.92
THTX .22 1 3.52
SSKN .22 1 1.7
JFU .22 3 1.8
GENE .22 2 3.19
DYNT .22 5 1.28
XELA .21 6 1.87
VIEW .21 1 5.33
TENX .21 1 1.28
PFE .21 6 44.2
OCG .21 4 4.04
KXIN .21 5 2.85
ALAC .21 2 11.24
ZNGA .20 2 7.74
PHUN .20 5 0.99
ENSV .20 1 1.15
EKSO .20 1 4.42
SBS .19 3 6.75
NBEV .19 1 1.38
VSH .18 3 20.09
TEO .18 1 4.98
TELL .18 5 3.16
OSMT .18 3 2.99
ET .18 2 8.73
PPC .17 2 28.26
LIVX .17 2 3.04
IRCP .17 1 2.84
GMTX .17 1 4.68
FCEL .17 129 6.12
SNES .16 2 1.56
RAVN .16 2 57.45
MOMO .16 2 10.91
ME .16 2 8.7
INFI .16 4 3.38
HFBL .16 1 18.78
SSL .15 9 14.97
OXY .15 25 25.48
IMV .15 2 1.64
GRUB .15 3 16.22
CHNG .15 2 21.8
SYKE .14 3 54
OEG .14 1 2.92
INM .14 1 1.94
IEC .14 1 15.34
EDU .14 1 1.84
SVBI .13 1 12.19
LMRK .13 1 16.51
ESXB .13 1 10.18
CRON .13 4 5.72
SBBP .12 2 1.99
RIG .12 2 3.2
PSTX .12 1 7.98
GSAT .12 2 1.69
CHNR .12 4 1.24
VERB .11 6 1.77
SNMP .11 2 0.88
MRO .11 11 11.48
MOHO .11 3 0.5323
MFGP .11 2 5.11
GBS .11 1 2.88
FENG .11 2 1.24
CPG .11 2 3.73
CALA .11 1 2.18
XLK .10 3 152.38
SLHG .10 1 2.95
PBR .10 5 9.52
EDTK .10 2 1.31
DBVT .10 5 5.07
CNFR .10 2 2.83
AGEN .10 7 5.82
AEMD .10 2 3.27
WTER .09 2 1.53
TEDU .09 2 1.31
SELF .09 1 5.27
PRPO .09 3 2.87
NOK .09 2 5.35
BIOC .09 2 3.9
AEI .09 2 2.4
MDNA .08 7 2.38
MBII .08 1 0.83
MARK .08 2 1.16
CLDR .08 1 15.92
BQ .08 2 2.43
NEPT .07 2 0.571
ITRO .07 1 1.27
ITRN .07 3 25.29
XBIO .06 8 2.27
WYNN .06 3 82.11
PSP .06 2 15.23
OCG .06 13 4.04
FRO .06 9 7.38
ULTA .05 12 369.74
FRBK .05 1 2.95
WYNN .04 4 82.11
VTGN .04 3 2.8
SHOP .04 88 1434.53
PBT .04 2 5.27
CXP .04 1 19.03
AVGR .04 7 0.7999
VCAR .03 1 11.3685
SNDL .03 1 0.6842
SIC .03 1 14.42
DFP .03 1 28.73
NWHM .02 1 8.99
KIN .02 2 9.25
IACB .02 2 9.91
DSE .02 1 9.49
BLNK .02 11 28.8
BEST .02 2 1.46
XPDI .01 3 10.08
SLVO .01 2 5.08
PMD .01 1 7.68
INFL .01 2 29.35
WMPN 0 4 12.21
GSKY 0 1 11.15
RTLR -.01 7 11.15
EIC -.08 1 16.83
NSYS -.12 1 12.17
