NVAX 13.77 9 170 .729
BKNG 10.17 8 2432.34 .032
SAM 9.40 7 507.56 .126
AMZN 8.18 93 3221 .186
REGN 7.44 9 550.9 .117
W 7.31 7 241.35 .210
SIVB 6.76 7 665.38 .070
AZO 6.70 11 1651.22 .044
LAD 6.41 5 312 .100
BNTX 6.26 12 250.12 .300
BLK 6.24 5 838.78 .035
DDS 6.22 9 190 .288
MDB 5.88 8 452.68 .096
SE 5.62 12 320.94 .204
DPZ 5.62 11 474.62 .121
KOSS 5.35 7 16.03 2.331
ASML 5.22 9 732.87 .063
EJH 5.21 6 2.31 13.530
DE 4.88 8 338.29 .112
AFRM 4.66 9 111.46 .369
UPST 4.49 13 296.3 .195
RGEN 4.41 7 270.39 .112
ZM 4.40 14 257.12 .238
GOOG 4.33 27 2723.54 .027
EEIQ 4.33 5 4.42 4.895
TSLA 4.22 145 780.59 .725
FLGT 4.22 5 79.66 .260
SPLK 4.15 5 142.58 .145
ADBE 4.10 6 566.7 .042
BIIB 4.00 5 280.44 .070
NVCR 3.93 9 110.17 .315
CARV 3.92 6 17.91 1.308
SEDG 3.89 5 258.7 .075
ENPH 3.89 5 147.41 .130
NRXP 3.86 6 8.83 2.622
ZS 3.84 5 258.5 .070
IAC 3.78 5 130.49 .140
MRNA 3.75 29 332.11 .319
ANVS 3.73 6 26.35 .846
SNPS 3.69 6 293.35 .072
LLY 3.67 5 230.93 .075
IRNT 3.52 5 13.42 1.310
LIN 3.50 5 297.83 .055
EBET 3.45 6 24.12 .858
GPN 3.44 10 157.62 .210
ZLAB 3.42 6 102.99 .198
SITM 3.41 5 207.07 .080
ADSK 3.38 5 275.98 .060
DQ 3.36 7 57.3 .406
SCPS 3.34 7 4.12 5.670
COST 3.33 5 446.24 .035
LOW 3.28 5 204.27 .080
GLSI 3.27 5 37.76 .430
UNH 3.25 9 393.43 .072
JAN 3.24 5 6.27 2.580
ADGI 3.21 7 31.87 .700
ZG 3.17 5 86.37 .180
GRTS 3.14 5 9.8 1.600
CAT 3.14 5 192.5 .080
ROKU 3.09 5 304.51 .050
NEGG 3.07 20 13.77 4.440
IWM 3.04 5 221.02 .065
DOCS 3.04 6 78.15 .228
SAVA 3.02 26 57.17 1.352
GME 2.99 82 172.18 1.394
LII 2.97 6 299.31 .054
MA 2.96 5 343.21 .040
SNOW 2.91 8 300.28 .072
DLTR 2.90 5 97.17 .145
DASH 2.82 7 199.5 .098
GS 2.81 8 385.81 .056
ABNB 2.80 5 164.74 .080
RBLX 2.77 5 72.57 .190
CELH 2.77 5 94.92 .145
XLNX 2.75 5 151.77 .090
NCTY 2.63 5 11.34 1.155
WDAY 2.61 5 252.05 .050
INTU 2.61 5 533.35 .020
AUVI 2.56 8 5.58 3.664
TTD 2.55 5 67.6 .185
WSM 2.54 5 169.74 .070
FULC 2.54 6 24.96 .606
INDP 2.52 5 7.12 1.765
AVXL 2.41 5 17.63 .680
CPOP 2.34 5 2.78 4.205
UPS 2.33 5 179.67 .060
VMW 2.32 5 150.12 .075
NXPI 2.32 5 191.63 .060
XBI 2.27 5 123.6 .090
V 2.27 5 224.28 .050
AMGN 2.27 5 211.86 .050
STX 2.26 5 85.15 .130
OSTK 2.20 6 74.57 .174
TPST 2.19 5 15 .730
PKG 2.17 5 141.72 .075
VLO 2.15 3 74.3 .084
PDD 2.15 5 87.42 .120
DLPN 2.14 5 12.13 .880
AACG 2.14 5 2.2638 4.725
DIS 2.12 7 174.61 .084
ACRS 2.12 7 17.1 .861
EL 2.10 6 313.18 .036
ALEC 2.10 6 23.89 .522
TSCO 2.08 7 197.55 .070
DELL 2.08 5 105.93 .095
KNBE 2.06 5 22.71 .450
BBY 2.06 5 106.37 .095
TASK 2.03 6 59.71 .198
HON 2.02 5 215.72 .045
TMUS 2.01 3 125.4 .048
MRIN 2.01 5 7.89 1.270
IBM 2.00 4 143.15 .052
AXP 2.00 3 174.76 .033
TDC 1.99 2 55.15 .072
APPS 1.99 4 73.56 .108
UHAL 1.98 9 662 .018
TSN 1.98 3 78.31 .075
DD 1.98 1 70.97 .027
VTSI 1.97 1 10.55 .186
AAME 1.97 5 4.18 2.355
SQ 1.96 22 235.98 .176
SPT 1.96 5 115.35 .080
JG 1.96 2 1.61 2.434
BNR 1.96 2 15.94 .244
VSCO 1.95 3 52.3 .111
RL 1.95 5 119.45 .080
MDT 1.95 5 125.8 .075
LMT 1.95 9 347.75 .045
COHN 1.95 5 20.22 .480
WAFU 1.94 3 6.2 .936
VRNT 1.94 2 45 .086
STZ 1.94 3 213.06 .027
LI 1.94 2 26.99 .142
RRGB 1.93 1 23.01 .083
LEGN 1.93 3 52.23 .108
AAP 1.93 3 209.02 .027
GWRE 1.92 3 114.77 .048
NEE 1.91 1 79.48 .024
DLO 1.91 4 55.29 .136
ARVN 1.91 7 82.48 .161
AN 1.91 5 115.06 .080
DG 1.89 3 205.61 .027
SI 1.88 3 153 .036
PEP 1.88 2 151.09 .024
NTAP 1.88 3 90.3 .060
MSGE 1.88 4 69.11 .108
KMB 1.88 4 131.93 .056
FTCH 1.88 1 35.93 .052
ANTM 1.88 5 373.55 .025
TDG 1.87 4 645.28 .008
LPX 1.87 2 61.78 .060
LEDS 1.87 2 7.65 .488
BKE 1.86 2 41.38 .088
VIR 1.85 3 35.29 .156
VERY 1.85 3 9.05 .612
HOOD 1.85 12 42.01 .528
COIN 1.85 5 240.09 .035
UTHR 1.84 3 188.75 .027
QDEL 1.84 3 133.79 .039
ON 1.84 1 45.64 .040
EXPI 1.84 5 39.49 .230
DUK 1.84 1 100.17 .018
DKNG 1.84 2 49.29 .074
CI 1.83 5 201.4 .045
AIT 1.83 1 93.33 .019
PFGC 1.82 2 48.2 .074
OSAT 1.82 2 4.96 .732
OKE 1.82 1 60.22 .030
COF 1.82 3 168.72 .030
OTIS 1.81 2 83.36 .042
EAT 1.81 2 50.19 .072
TVTX 1.79 2 25.39 .140
CTRN 1.79 3 73.9 .072
ANF 1.79 1 39.18 .045
UBER 1.78 2 45.61 .078
ROLL 1.78 7 215.39 .056
CERE 1.78 7 30.43 .406
BIDU 1.78 117 149.8 1.287
ASAN 1.78 4 103.16 .068
ARCE 1.78 1 20.07 .088
VRPX 1.77 9 4.48 3.555
RAPT 1.77 7 31.1 .392
MOXC 1.77 3 7.11 .744
BLDR 1.77 1 52.73 .033
AMD 1.77 9 101.81 .153
SKT 1.76 2 16.5 .212
LOGI 1.76 3 87.39 .060
FATE 1.76 2 57.3 .060
TTC 1.75 3 98.79 .051
TSP 1.75 5 34.83 .250
VOXX 1.74 2 11.5 .302
BHVN 1.74 4 142.72 .048
LWAC 1.73 5 16.98 .505
HAS 1.73 3 87.12 .057
AMAT 1.73 5 128.07 .065
YETI 1.72 3 84.83 .060
WAVE 1.72 5 6.355 1.350
LAIX 1.72 4 0.8668 7.936
KODK 1.72 1 6.72 .255
ZIM 1.71 3 44.11 .114
HRI 1.71 3 169.62 .030
HD 1.71 9 329.48 .045
VMEO 1.70 1 28.57 .059
ROST 1.70 3 108.32 .045
LYFT 1.70 3 52.92 .096
KMPH 1.70 2 8.9 .382
IMPL 1.70 5 10.12 .835
ENOB 1.70 3 6.81 .747
CM 1.70 4 114.42 .056
QADB 1.69 3 87.23 .057
PTON 1.69 3 82.56 .060
NURO 1.69 10 9.38 1.800
NNOX 1.69 5 23.42 .360
LYEL 1.69 2 12.13 .278
LIFE 1.69 2 8.54 .394
SHEN 1.68 2 32.28 .104
MCD 1.68 5 245.22 .030
NEWR 1.67 3 73.26 .066
MYGN 1.67 1 31.53 .052
EA 1.67 2 144.09 .022
DKS 1.67 8 118.1 .112
TWTR 1.66 2 59.86 .054
PLD 1.66 3 126.43 .039
NMRD 1.66 4 6.02 1.100
MPC 1.66 1 63.25 .026
KURA 1.66 2 18.73 .176
ALXN 1.66 3 182.5 .027
SYPR 1.65 2 3.8 .868
NVOS 1.65 5 1.88 4.385
FLOW 1.65 3 73.98 .066
ESTC 1.65 4 144.16 .044
KMX 1.64 1 126.23 .012
CREE 1.64 5 79.12 .100
CAH 1.64 3 49.18 .099
A 1.64 7 153.03 .070
TNA 1.63 3 85.37 .057
LODE 1.63 1 2.53 .644
KYMR 1.63 1 61.47 .026
KSS 1.63 7 47.75 .238
JZXN 1.63 4 2.09 3.116
MOS 1.62 1 38.52 .042
IYC 1.62 1 77.84 .020
AKAM 1.62 2 103.18 .030
CRCT 1.61 1 25.95 .062
USB 1.60 3 61.29 .078
SPI 1.60 2 4.62 .692
RMED 1.60 3 2.97 1.614
MBRX 1.60 1 2.75 .581
FANG 1.60 4 104.16 .060
WHLM 1.59 3 5.39 .882
STMP 1.59 4 329.61 .016
MNST 1.59 3 89.55 .051
LH 1.59 7 276.1 .035
FL 1.59 2 45.36 .070
CSIQ 1.59 2 32.08 .098
CLDX 1.59 2 56.04 .056
BZ 1.59 1 35.69 .044
LHDX 1.58 4 6.56 .960
FISV 1.58 5 108.02 .070
CELC 1.58 2 16.79 .188
RLMD 1.57 4 25.93 .240
RIOT 1.57 2 26.34 .118
LOOP 1.57 2 11.22 .278
GTEC 1.57 2 6.28 .500
GH 1.57 8 105.4 .112
CNC 1.57 1 62.71 .025
CARA 1.57 2 14.19 .220
PAYX 1.56 1 116.83 .013
DPW 1.56 5 2.4 3.250
IRDM 1.55 4 38.85 .156
CRNC 1.55 4 85.78 .072
BLFS 1.55 1 40.14 .038
FUV 1.54 1 10.49 .146
CHCI 1.54 3 4.74 .972
TERN 1.53 4 10.35 .588
SIEB 1.53 5 3.21 2.380
GIS 1.53 1 61.54 .024
MVIS 1.51 4 10.89 .552
UAL 1.50 1 50.88 .029
SUPN 1.50 1 26.74 .056
ZEV 1.49 3 8.49 .525
STT 1.48 3 88.72 .048
SGOC 1.48 8 6.05 1.952
SEMR 1.48 2 22.75 .130
JRVR 1.48 2 38.16 .076
JNJ 1.48 2 159.58 .018
ISEE 1.48 2 17.44 .168
ADI 1.48 5 165.37 .040
FGEN 1.47 3 10.25 .429
EDIT 1.47 3 38.23 .114
VCVC 1.46 1 9.85 .148
SFIX 1.46 2 36.12 .080
LITE 1.46 2 81.98 .034
LGHL 1.46 1 2.1 .695
HTBX 1.46 2 5.89 .494
BYND 1.46 4 100.67 .056
PINS 1.45 3 50 .087
OCGN 1.45 5 6.93 1.045
EYEG 1.45 1 1.81 .801
EVOL 1.45 1 2.33 .622
KALV 1.44 8 16.88 .680
BPTH 1.44 1 5.15 .279
SNOA 1.43 3 5.45 .786
SCKT 1.43 3 6.34 .675
LANC 1.43 2 172.98 .016
ATKR 1.43 2 88.29 .032
TTWO 1.42 4 162.02 .032
STE 1.42 4 207.62 .024
IMNM 1.42 4 18.37 .308
GM 1.42 1 54.34 .026
CYTK 1.42 3 36.81 .114
ATVI 1.42 3 76.8 .054
SCHW 1.41 2 75.9 .036
RMBL 1.41 3 36.98 .114
DOCN 1.41 3 79.19 .051
CROX 1.41 3 136.92 .030
AVIR 1.41 1 42.36 .033
SNA 1.40 4 215.68 .024
MMM 1.40 6 177.88 .042
LAZR 1.40 3 15.19 .276
JCS 1.40 3 8.15 .513
CVS 1.40 3 83.64 .048
CRDF 1.40 1 6.96 .201
ABT 1.40 4 115.88 .048
WGO 1.39 2 77.25 .034
OPNT 1.39 3 28 .147
JBL 1.39 2 61.04 .044
ERYP 1.39 2 6.07 .456
EOSE 1.39 2 12.99 .214
COUR 1.39 1 31.2 .044
BTBT 1.39 8 10.35 1.072
TNET 1.38 1 99.57 .013
INCY 1.38 2 65.33 .042
TWST 1.37 7 99.35 .091
PG 1.37 5 139.33 .045
LIVE 1.37 3 37.46 .108
JD 1.37 4 71.62 .076
ECOM 1.37 1 25.7 .053
ACMR 1.37 4 117.7 .044
AA 1.37 3 49.05 .081
TSM 1.36 2 109.26 .024
AMEH 1.36 7 90.79 .098
TAOP 1.35 3 2.48 1.632
RUN 1.35 4 41.01 .128
BWAY 1.35 1 8.3 .162
WNW 1.34 1 3.72 .360
FLWS 1.34 3 31.09 .129
PKI 1.33 3 170.06 .021
NLS 1.33 1 9.21 .144
GRVY 1.33 7 87.5 .105
TJX 1.32 4 65.11 .080
SLV 1.32 1 20.92 .063
HOG 1.32 2 36.59 .072
AEO 1.32 2 24.7 .106
WM 1.31 3 149.85 .024
VIH 1.31 1 10.03 .130
SPY 1.31 1 433.1 .003
ABCL 1.31 1 16.53 .079
UHS 1.30 4 133.86 .036
OLLI 1.29 2 59.06 .042
APPN 1.29 4 88.32 .056
MAT 1.28 2 18.53 .138
FRD 1.28 1 11.98 .106
BILI 1.28 22 64.5 .418
RHE 1.27 2 7.82 .324
HJLI 1.27 1 10.38 .122
HCA 1.27 3 243.11 .015
APXT 1.27 1 12.11 .104
SLGG 1.26 1 3.04 .414
MESO 1.26 1 5.72 .220
JKS 1.26 2 44.92 .056
HHR 1.26 1 50.44 .024
DOMO 1.26 4 81.13 .060
THCB 1.25 1 10 .125
OPAD 1.25 4 8.09 .616
NGM 1.25 2 22.02 .112
CHKP 1.25 6 113.69 .060
BYSI 1.25 3 14.66 .255
SJ 1.24 4 3.7201 1.332
PBTS 1.24 1 1.18 1.050
EDSA 1.24 1 7.11 .174
CMMB 1.24 2 9.99 .248
BNTC 1.24 3 3.49 1.065
ANPC 1.24 2 3 .826
TAP 1.23 2 48.25 .050
NVDA 1.23 141 204.51 .846
LAW 1.23 3 45.32 .081
J 1.23 3 132.28 .027
C 1.23 4 72.53 .064
AMC 1.23 55 37.06 1.815
RCUS 1.22 1 33.62 .036
EYES 1.22 6 2.95 2.478
DDL 1.22 2 23.52 .102
RTX 1.21 2 88.72 .026
KIRK 1.21 1 20 .060
HGEN 1.21 3 6.18 .585
ARAV 1.21 1 3.56 .339
MAXR 1.20 3 27.65 .129
JPM 1.20 12 168.66 .084
CRIS 1.20 2 8.09 .296
CETX 1.20 1 1.07 1.121
AMTX 1.20 3 17.88 .201
MS 1.19 7 99.2 .077
JWN 1.19 3 26.79 .132
QCOM 1.18 7 127.53 .063
PRTA 1.18 8 71.72 .128
GRU 1.18 1 4.335 .272
GRTX 1.18 1 7.94 .148
DFH 1.18 1 16.96 .069
AYRO 1.18 1 3.17 .372
NIU 1.17 3 23.98 .144
CLSK 1.17 1 13.39 .087
SIF 1.16 1 8.6609 .133
HGSH 1.16 2 1.5891 1.458
CLX 1.16 3 162.62 .021
IMTX 1.15 3 13 .264
SPCE 1.14 23 22.53 1.150
DAL 1.14 4 44.74 .100
VNET 1.13 3 16.28 .207
STG 1.13 1 4.65 .243
NUAN 1.13 1 55.29 .020
BTX 1.13 2 9.01 .250
ABSI 1.13 1 11.03 .102
SPG 1.12 3 131.39 .024
RY 1.12 2 101.17 .022
MNOV 1.12 2 3.66 .612
FIGS 1.12 5 37.36 .145
BZUN 1.12 1 17.08 .065
TGTX 1.11 1 32.36 .034
TGT 1.11 9 227.56 .036
PMCB 1.11 3 3.02 1.101
KHC 1.11 1 37.07 .029
GIII 1.11 4 28.9 .152
DXC 1.11 2 35.1 .062
CNET 1.11 1 1.14 .973
OPTT 1.10 1 2.01 .547
XTLB 1.09 2 4.23 .514
GT 1.09 1 19.17 .056
DDD 1.09 8 26.27 .328
ATAI 1.09 1 13.49 .080
ALDX 1.09 2 8.97 .242
SLB 1.08 1 30.59 .035
RSLS 1.08 1 2.54 .425
MTSL 1.08 3 3.37 .960
FCBP 1.08 1 29.1 .037
BAC 1.08 3 44.22 .072
B 1.08 1 43.64 .024
AZYO 1.08 1 6.54 .165
ALF 1.08 2 5.89 .366
TTCF 1.07 1 18.58 .057
SMLP 1.07 2 38.6 .054
BBBY 1.07 13 15.03 .923
APP 1.06 5 73.75 .070
SKX 1.05 2 41.83 .050
SCR 1.05 5 34.26 .150
NETE 1.05 1 7.7 .136
OCUP 1.04 1 4.52 .230
KEYS 1.04 2 162.75 .012
IPA 1.04 2 5.85 .354
FSTX 1.04 1 7.31 .142
CANF 1.04 1 1.57 .662
ALLO 1.04 1 24.32 .042
MTTR 1.03 2 18.19 .112
FTEK 1.03 2 1.69 1.218
COP 1.03 5 71.73 .070
AMKR 1.03 1 25.05 .041
ALYA 1.03 3 2.6457 1.167
NKE 1.02 7 149.46 .042
MFNC 1.02 2 21.5 .094
FAST 1.02 1 51.7 .019
CRM 1.02 10 271.77 .030
ZCMD 1.01 1 1.56 .647
RSI 1.01 1 20.17 .050
RCON 1.01 1 2.7 .374
PYPL 1.01 5 260.15 .015
MVST 1.01 4 7.73 .520
LL 1.01 1 18.78 .053
EGRX 1.01 2 56.21 .034
IMAB 1.00 5 74.5 .065
TRCH .98 2 4.95 .394
HOFV .98 2 2.58 .758
UAA .97 2 21.05 .092
SKLZ .97 3 8.69 .333
FA .96 1 20.96 .045
DWSN .96 1 2.17 .442
CHGG .96 2 69.96 .026
BTWN .95 1 9.82 .096
MSTR .94 8 651.01 .008
CGC .94 1 13.38 .070
MO .93 2 46.17 .040
HCM .93 4 33.56 .108
CHPT .93 1 17.99 .051
ABBV .93 4 109.51 .032
RACE .92 3 209.71 .012
PLCE .92 3 81.95 .033
LBPH .92 1 9.45 .097
KNL .92 1 25.04 .036
YEXT .91 1 11.36 .080
WFC .91 4 47.96 .072
SSY .91 3 2.6 1.050
SLS .91 3 8.61 .315
ACY .91 18 49.32 .324
GEG .90 1 2.19 .410
CRTO .90 1 35.41 .025
ATNF .90 3 5.29 .510
YMM .89 1 14.88 .059
PLUG .89 8 24.37 .288
ACHL .89 1 7.55 .117
HPQ .88 3 28.3 .093
BABA .88 96 143.14 .576
GDEV .87 3 8.06 .321
FB .87 102 332.96 .204
DTSS .87 1 1.905 .456
AFMD .87 1 5.76 .151
VLDR .86 1 5.73 .150
RF .86 1 21.85 .039
ATHM .86 2 46.1 .036
SRNE .85 1 6.41 .132
SAFM .85 1 186.75 .004
RIDE .85 5 5.2 .815
RKT .84 1 15.5 .054
PTIX .84 2 1.89 .888
LEXX .84 3 6.44 .390
HRC .84 3 150.84 .015
HOL .84 3 12.35 .204
DTST .84 3 4.21 .597
CLII .84 3 14.36 .174
CCJ .84 3 21.98 .114
BB .84 11 9.52 .968
APOP .84 5 18.32 .225
UAVS .83 1 2.83 .293
LUV .83 3 54.47 .045
IRBO .83 1 41.82 .019
CNA .83 1 43.27 .019
BLUW .83 2 9.63 .172
SANA .82 1 20.29 .040
MNSO .82 1 15.36 .053
FITB .82 3 43.97 .054
SPRT .81 20 11.8 1.360
GMBL .80 1 6.46 .123
GLD .80 7 164.59 .028
SWI .79 1 17.61 .044
SCYX .79 1 5.07 .155
PNRG .79 1 63.15 .012
MU .79 4 70.5 .044
BP .79 1 28.42 .027
ZY .78 3 13.73 .168
VVOS .78 4 3.99 .780
OTLK .78 1 2.12 .367
IPHA .78 4 6.05 .512
HX .78 1 2.42 .322
GNOG .78 1 17.75 .043
CAI .78 1 55.91 .013
BCRX .78 7 13.73 .392
WATT .77 1 2.05 .375
PRFX .77 3 2.73 .846
PLTR .77 2 23.21 .066
ENTX .77 2 4.58 .336
QFIN .76 8 18.76 .320
NBRV .76 1 1.09 .697
MOSY .76 1 4.78 .158
APG .76 1 20.53 .037
AGRI .76 3 2.04 1.116
NNVC .75 2 4.31 .348
GPS .75 6 23.74 .186
CEMI .75 7 2.44 2.149
PSTG .74 2 25.68 .056
MQ .74 1 20.87 .035
GTIM .74 1 5.64 .131
GRVI .74 3 4.84 .456
FUBO .74 2 23.54 .062
ATXI .74 1 1.37 .540
VZ .73 2 54.51 .026
VOOV .73 1 142.93 .005
UPC .73 3 2.44 .897
SQBG .73 2 6.24 .232
RNXT .73 2 5.72 .254
ORPH .73 3 3.99 .546
NVFY .73 3 2.15 1.017
LEN .73 4 91.85 .028
MRK .72 2 81.6 .016
ENSC .72 1 2.34 .307
CRMT .72 9 118.91 .054
BTCM .72 4 9.24 .308
ARPO .72 1 2.2 .327
AREC .72 4 1.94 1.484
ZKIN .71 2 2.82 .502
XLV .71 2 126.14 .010
PALI .71 3 2.44 .870
TBLA .70 1 9.85 .071
PRPL .70 3 21.36 .096
ORGS .70 1 4.77 .146
OCX .70 1 3.45 .202
NFLX .70 103 634.81 .103
JRJC .70 1 5.3 .132
IGIC .70 3 8.6 .243
CBAT .70 2 2.19 .638
BGFV .70 6 24.35 .168
WIMI .69 1 3.96 .174
BEKE .69 1 17.88 .038
ASM .69 1 0.805 .857
APRE .69 3 5.07 .408
ONCS .68 1 2.04 .333
INTC .68 5 53.95 .060
XONE .67 2 22.67 .058
WMT .67 14 136.62 .056
SJM .67 10 121.32 .050
SHOP .67 5 1318.08 0
PDCO .67 2 32.11 .040
FOE .67 1 20.36 .032
CLNE .67 1 8.08 .082
ACH .67 1 19.18 .034
VIPS .66 1 10.44 .063
TIGR .66 5 9.99 .330
SSNT .66 1 6.08 .108
RETO .66 1 0.817 .807
ERJ .66 1 16.81 .039
CTKB .66 1 22.73 .029
CRTD .66 3 2.37 .834
AMOM .66 1 34.5864 .019
TATT .65 3 6.3 .309
STRO .65 2 18.67 .068
PCVX .65 1 24.12 .026
OLB .65 1 3.85 .168
LMNL .65 3 2.04 .954
TESS .64 1 5.72 .111
SDC .64 2 5.87 .218
M .64 6 22.3 .168
LZB .64 2 32.84 .038
FLGC .64 2 5.3 .240
CTIB .64 3 1.89 1.014
XLP .63 1 69.15 .009
DNUT .63 3 13.89 .135
CCL .63 4 25.42 .096
ULTA .62 1 373.77 .001
LJPC .62 2 4.09 .302
BON .62 3 7.31 .252
SPWH .61 1 17.69 .034
SOS .61 2 2.18 .558
PLG .61 1 1.97 .309
MRVL .61 5 59.39 .050
CL .61 3 74.42 .024
AMBO .61 1 1.37 .445
SPTN .60 2 22.54 .052
PSTV .60 1 1.81 .331
EVK .60 6 2.66 1.350
AVCT .60 1 2.58 .232
AMRS .60 1 12.63 .047
VERU .59 3 8.52 .207
UONE .59 3 8.22 .213
MARA .59 12 37.19 .180
BIG .59 2 43.16 .026
WPRT .58 2 3.16 .366
WISH .58 3 4.78 .363
TRIT .58 3 5.79 .300
STAF .58 2 1.82 .636
SNAP .58 112 73.41 .784
EPU .58 2 26.35 .044
WEI .57 1 0.7368 .773
SBTX .57 1 10.47 .054
GGAL .57 1 10.31 .055
T .56 3 27.35 .060
SBH .56 2 16.6 .066
OBLN .56 3 3.05 .549
MTP .56 1 1.71 .327
KO .56 5 53.08 .050
CSCO .56 7 54.69 .070
CLPS .56 1 2.7 .207
CLPS .56 1 2.7 .207
CLOV .56 1 7.24 .077
ARMK .56 3 36.26 .045
VNE .55 6 35.79 .090
UWMC .55 1 6.76 .081
EVGO .55 1 8.08 .068
EOLS .55 1 7.3 .075
APTO .55 2 2.23 .492
WHLR .54 2 2.92 .368
TQQQ .54 132 123.62 .528
ENZ .54 2 3.49 .308
AUUD .54 5 2.28 1.180
ADMA .54 1 1.14 .473
TBIO .53 3 37.36 .042
MEDS .53 5 4.81 .550
HUYA .53 3 7.81 .201
EQ .53 1 6.99 .075
ENG .53 2 2.83 .374
BBWI .53 6 63.69 .048
VIVE .52 1 2.17 .239
TLRY .52 3 11.1 .138
SILK .52 7 55.43 .063
KULR .52 1 1.98 .262
FLO .52 2 24.35 .042
WOOF .51 2 21.4 .046
VTNR .51 6 5.45 .558
K .51 8 64.02 .056
DYAI .51 3 5.17 .294
CPSH .51 1 4.85 .105
AUTL .51 1 6.12 .083
SONO .50 5 31.56 .075
PATI .50 2 11.4 .086
ORMP .50 11 21.6 .253
RKDA .49 1 2.05 .239
NRBO .49 2 2.2 .444
IGC .49 3 1.47 .999
GP .49 3 13.53 .108
GEVO .49 4 6.31 .308
ENLV .49 2 9.62 .100
ECHO .49 1 48 .010
BBIG .49 16 5.54 1.408
ARMP .49 1 3.48 .140
XLE .48 5 55.04 .040
NNDM .48 3 5.51 .261
NIO .48 75 33.87 1.050
DBGI .48 3 2.68 .537
CLF .48 7 20.76 .161
TRIL .47 1 17.74 .026
STEM .47 5 21.25 .110
SOHU .47 6 20.69 .132
MSFT .47 108 288.76 .108
DARE .47 1 1.58 .297
BODY .47 2 5.49 .170
BGI .47 1 2.91 .161
AEHR .47 17 13.72 .578
XPEV .46 80 35.52 .960
VXX .46 3 26.55 .051
UFAB .46 2 3.22 .284
NTEC .46 4 9.63 .188
KBSF .46 2 2.93 .312
INOV .46 1 40.43 .011
GURE .46 1 4.45 .103
CVV .46 2 4.56 .200
BCLI .46 1 3.17 .145
TYME .45 4 1.01 1.780
TME .45 1 7.11 .063
ONCT .45 2 4.05 .222
FCX .45 19 32.2 .247
ADIL .45 2 3.94 .228
ACI .45 6 29.47 .090
WORX .44 4 2.04 .860
GALT .44 3 3.62 .363
FFHL .44 2 9.64 .090
EVGN .43 1 2.58 .166
COTY .43 4 8.15 .208
CAN .43 4 6.58 .260
ATIF .43 1 4.2 .102
AQMS .43 2 1.96 .438
KR .42 14 39.88 .140
DEN .42 3 73.3 .015
SRNG .41 1 11.42 .035
KZIA .41 2 10.7 .076
GTT .41 1 2.36 .173
CTSO .41 3 8 .153
BLIN .41 8 3.87 .840
ASTR .41 3 7.53 .162
ACOR .41 4 4.14 .396
YJ .40 2 0.6752 1.184
XOM .40 6 61.62 .036
RRD .40 2 5.62 .142
LIZI .40 4 3.04 .524
GE .40 4 104.9 .012
FBRX .40 1 2.8 .142
DUOT .40 1 6.2309 .064
CIEN .40 18 51.94 .126
CHRA .40 1 4.57 .087
AAPL .40 107 141.11 .214
PYPL .39 13 260.15 .013
MDIA .39 2 8.13 .094
LTHM .39 8 23.51 .128
HRL .39 4 41.27 .036
CSCW .39 2 0.5067 1.538
OVID .38 2 3.36 .226
MRTN .38 3 15.42 .072
AZN .38 9 59.89 .054
ANY .38 11 6.2 .671
ANIX .38 1 4.54 .083
AAL .38 8 21.47 .136
ORCL .37 34 91.49 .136
NEXT .37 3 3.05 .363
HUGE .37 1 1.48 .250
HNST .37 1 9.66 .038
GPK .37 1 19.37 .019
CHMA .37 2 3.76 .196
MRKR .36 1 1.72 .209
JFIN .36 2 3.67 .196
IDEX .36 4 1.91 .752
GNLN .36 2 2.38 .302
BNGO .36 11 5.1 .770
AKTX .36 1 1.68 .214
AGNC .36 2 16.05 .044
ADMP .36 1 1.01 .356
ACB .36 3 7.3 .147
ORGO .35 2 13.43 .052
IRIX .35 3 7.61 .135
GOVX .35 6 3.97 .528
CLSD .35 3 5.08 .204
BSQR .35 13 2.24 2.028
AESE .35 1 1.77 .197
XELB .34 2 1.45 .468
HWCC .34 1 5.3 .064
LMFA .33 4 4.45 .296
HNP .33 2 20.09 .032
GTS .33 1 35.22 .009
BHTG .33 1 1.27 .259
VBLT .32 2 2.03 .314
TAL .32 2 4.46 .142
SPCB .32 2 0.95 .672
MINM .32 2 1.8 .354
IMMP .32 3 3.83 .249
DRN .32 2 21.88 .028
BURL .32 7 277.43 .007
BKYI .32 1 3.4 .094
YPF .31 1 4.9 .063
WINT .31 3 2.05 .453
ULBI .31 2 7.05 .086
FENC .31 1 9.41 .032
EXPR .31 4 4.62 .268
DMAC .31 2 3.94 .156
D .31 8 72.78 .032
AEY .31 1 2.38 .130
OXBR .30 5 2.95 .505
HAPP .30 1 0.9067 .330
HUSN .29 4 2.41 .480
AXLA .29 1 2.94 .098
PIRS .28 6 5.05 .330
OBSV .28 3 3.01 .279
NKLA .28 14 10.12 .378
MITO .28 1 1.36 .205
IMMR .28 2 6.78 .082
ALTO .28 3 5.1 .162
NAOV .27 11 1.73 1.716
GSM .27 7 8.64 .217
ENVB .27 3 1.83 .441
PPBT .26 1 4.34 .059
PME .26 1 0.72 .361
ATOS .26 4 3.1 .332
PBLA .25 1 1.96 .127
MTL .25 3 4.09 .183
RAIL .24 4 4.2 .228
IKT .24 1 1.86 .129
GBR .24 1 4.46 .053
MOGO .23 3 4.23 .162
KDMN .23 2 8.88 .050
ACHV .23 1 8.75 .026
THTX .22 1 3.53 .062
SSKN .22 1 1.9 .115
JFU .22 3 1.69 .390
GENE .22 2 3.07 .142
DYNT .22 5 1.43 .765
XELA .21 6 1.75 .720
VIEW .21 1 5.21 .040
TENX .21 1 1.81 .116
PFE .21 6 42.32 .024
OCG .21 4 4.01 .208
KXIN .21 5 2.27 .460
ALAC .21 2 11.34 .036
ZNGA .20 2 7.28 .054
PHUN .20 5 0.879 1.135
ENSV .20 1 1.58 .126
EKSO .20 1 4.3 .046
SBS .19 3 6.74 .084
NBEV .19 1 1.41 .134
VSH .18 3 20.21 .024
TEO .18 1 5.05 .035
TELL .18 5 3.83 .230
OSMT .18 3 3.06 .174
LC .18 7 28.68 .042
ET .18 2 9.86 .036
PPC .17 2 29.24 .010
LIVX .17 2 3.07 .110
IRCP .17 1 2.65 .064
GMTX .17 1 3.81 .044
FCEL .17 129 6.04 3.612
SNES .16 2 1.5 .212
RAVN .16 2 57.9 .004
MOMO .16 2 10.26 .030
ME .16 2 8.16 .038
INFI .16 4 2.9 .220
HFBL .16 1 18.5001 .008
IMV .15 2 1.65 .180
GRUB .15 3 15.34 .027
CHNG .15 2 20.86 .014
BURL .15 15 277.43 0
SYKE .14 3 54 .006
SSL .14 10 19.62 .070
OXY .14 26 32.77 .104
OEG .14 1 2.86 .048
INM .14 1 1.54 .090
IEC .14 1 15.34 .009
EDU .14 1 2.05 .068
SVBI .13 1 12.5 .010
LMRK .13 1 16.43 .007
ESXB .13 1 11.39 .011
CRON .13 4 5.48 .092
SBBP .12 2 2 .120
RIG .12 2 3.94 .060
PSTX .12 1 6.68 .017
GSAT .12 2 1.5 .160
CHNR .12 4 1.19 .400
AGEN .12 9 5.66 .189
VERB .11 6 2.11 .312
SNMP .11 2 1.27 .172
MRO .11 11 15.38 .077
MOHO .11 3 0.5566 .591
MFGP .11 2 5.38 .040
GBS .11 1 2.32 .047
FENG .11 2 1.26 .174
CPG .11 2 5.02 .042
CALA .11 1 1.99 .055
XLK .10 3 150.17 0
SLHG .10 1 2.23 .044
PBR .10 5 10.97 .045
EDTK .10 2 1.17 .170
DBVT .10 5 4.93 .100
CNFR .10 2 2.74 .072
AEMD .10 2 3.42 .058
WTER .09 2 1.42 .126
TEDU .09 2 1.12 .160
SELF .09 1 5.24 .017
PRPO .09 3 2.62 .102
NOK .09 2 5.66 .030
BIOC .09 2 3.84 .046
AEI .09 2 2.12 .084
MBII .08 1 0.9102 .087
MARK .08 2 0.89 .178
CLDR .08 1 15.99 .005
BQ .08 2 2.24 .070
NEPT .07 2 0.5822 .240
ITRO .07 1 1.27 .055
ITRN .07 3 25.68 .006
XBIO .06 8 1.83 .256
WYNN .06 3 85.05 0
PSP .06 2 14.989 .008
OCG .06 13 4.01 .182
MSTR .06 118 651.01 0
FRO .06 9 9.31 .054
ULTA .05 12 373.77 0
MDNA .05 8 2.82 .136
FRBK .05 1 3.09 .016
WYNN .04 4 85.05 0
VTGN .04 3 2.76 .042
PBT .04 2 6.39 .012
CXP .04 1 19.12 .002
AVGR .04 7 0.684 .406
VCAR .03 1 11.59 .002
SNDL .03 1 0.6406 .046
SIC .03 1 14.47 .002
SHOP .03 88 1318.08 0
DFP .03 1 28.58 .001
NWHM .02 1 8.99 .002
KIN .02 2 9.25 .004
IACB .02 2 9.89 .004
DSE .02 1 9.49 .002
BLNK .02 11 26.83 0
BEST .02 2 1.78 .022
XPDI .01 3 10.25 0
SLVO .01 2 5.135 .002
RTLR .01 8 12.06 0
PMD .01 1 8.09 .001
INFL .01 2 29.62 0
WMPN 0 4 12.24 0
GSKY 0 1 11.39 0
EIC -.08 1 17.84 -.004
NSYS -.12 1 12 -.010
