SHOP 25.67 12 1157.31 .264
PANW 23.18 1 522.61 .044
DWAC 22.11 4 63.8 1.384
LULU 16.03 1 346.75 .046
MSTR 14.75 8 506.56 .232
CCMP 11.86 1 188.22 .063
RNG 11.84 1 174.43 .067
BKNG 10.17 8 2469.42 .032
QQQ 9.60 1 380.11 .025
SAM 9.40 7 504.58 .126
PCTY 8.94 1 212.1 .042
RMD 8.09 1 238.37 .033
REGN 7.44 9 621.27 .099
NVAX 7.31 16 130.68 .880
SIVB 7.01 8 711.21 .072
AMZN 6.99 94 3307.24 .188
PUBM 6.66 1 27.24 .244
LAD 6.41 5 297.8 .105
KRYS 6.33 1 62.85 .100
BLK 6.24 5 873.34 .035
SPLK 6.20 6 122.11 .300
W 6.04 9 176.49 .306
CAR 6.00 2 198.83 .060
ADBE 5.88 13 529.89 .143
EYPT 5.86 1 11.86 .494
ASML 5.83 23 729.16 .161
DPZ 5.62 11 486.42 .121
MDB 5.57 9 435 .108
DUOL 5.53 4 102.24 .216
DDS 5.48 11 229.5 .253
KOSS 5.35 7 10.34 3.619
EJH 5.21 6 1.25 25.008
AZO 5.11 12 2000.98 .024
THC 4.91 1 77.55 .063
DE 4.88 11 380.55 .132
INTU 4.61 8 578.72 .056
SI 4.55 8 129.08 .280
WBX 4.49 2 14.07 .638
GKOS 4.45 1 48.15 .092
RGEN 4.41 7 210.59 .140
SMH 4.39 2 303.27 .028
EEIQ 4.33 5 2.55 8.490
SE 3.92 20 187.1 .400
CARV 3.92 6 7.7 3.054
ZM 3.91 15 175.97 .330
WOLF 3.86 1 108.91 .035
GOOG 3.73 28 2771.48 .028
ANVS 3.73 6 17.64 1.266
IRTC 3.69 1 141.32 .026
GME 3.68 83 130.3 2.324
CCXI 3.66 3 34.2 .321
SNPS 3.62 7 340.38 .070
EL 3.61 8 340.57 .080
U 3.60 6 129.71 .162
ABNB 3.59 10 160.71 .220
MA 3.58 7 366.29 .063
GPN 3.54 11 147.01 .264
XMTR 3.46 1 57.59 .060
EBET 3.45 6 14.85 1.392
UNH 3.38 13 469 .091
DQ 3.36 7 39.58 .588
SCPS 3.34 7 1.46 16.009
TOST 3.31 2 29.77 .222
SNOW 3.29 10 301.27 .100
GLSI 3.27 5 20.7 .785
ZG 3.19 7 57.73 .385
IAC 3.19 7 134.57 .161
ROKU 3.14 8 185.7 .128
LSI 3.13 2 141.22 .044
CMTL 3.13 1 23.27 .134
NEGG 3.07 20 9.05 6.780
BIIB 3.06 8 241.52 .096
MRNA 3.05 41 221.39 .533
IRNT 3.02 6 3.53 5.130
UPST 2.99 19 121.06 .456
ANTM 2.99 6 453.73 .036
SITM 2.97 7 245.93 .084
LII 2.97 6 308.58 .054
BKKT 2.95 2 5.92 .996
ZLAB 2.93 7 58.74 .343
NEWR 2.93 6 103.68 .168
IWM 2.93 6 217.61 .078
GS 2.93 9 403.05 .063
NRXP 2.89 8 4.98 4.640
TSLA 2.82 161 1064.4 .322
ZS 2.76 10 277.53 .090
LLY 2.74 11 262.32 .110
SAVA 2.73 29 48.38 1.624
JAN 2.73 6 3.75 4.368
PENN 2.65 10 48.01 .550
NVCR 2.63 10 65.63 .400
NCTY 2.63 5 6.21 2.115
DOCS 2.62 8 47.54 .440
QDEL 2.61 7 130.29 .140
OSTK 2.60 7 52.53 .343
BIGC 2.58 2 33.71 .152
WDAY 2.57 7 255.72 .070
SEDG 2.57 8 261.09 .072
ADGI 2.56 12 6.02 5.100
FULC 2.54 6 15.56 .978
INDP 2.52 5 5.43 2.320
LMT 2.51 11 364.14 .066
PWR 2.42 3 107.77 .066
AVXL 2.41 5 15.4 .780
PEAR 2.37 1 5.13 .461
COST 2.35 14 522.03 .056
CPOP 2.34 5 2.37 4.935
CFLT 2.29 2 69.9 .064
SPY 2.27 4 469.75 .016
FLGT 2.27 6 83.15 .162
STE 2.26 5 231.52 .045
GRTS 2.25 7 6.97 2.254
BHVN 2.25 6 128.79 .102
AXON 2.25 1 149.76 .015
KMX 2.23 4 119.15 .072
SPB 2.21 1 100.31 .022
NUE 2.21 2 110.84 .038
ITCI 2.20 1 40.38 .054
HCA 2.20 4 250.33 .032
TPST 2.19 5 4.44 2.465
AMGN 2.19 6 232.38 .054
PKG 2.17 5 135.91 .075
CHGG 2.17 3 29.59 .219
PKI 2.16 4 178.46 .048
PDD 2.15 5 60.02 .175
LGVN 2.15 6 10.14 1.272
KEYS 2.15 5 186.78 .055
PYPL 2.14 9 182.95 .099
DLPN 2.14 5 7.8 1.370
CI 2.12 6 240.14 .048
ACRS 2.12 7 12.45 1.190
DASH 2.11 10 143.64 .140
APPS 2.11 7 53.56 .273
HRI 2.10 5 159.72 .065
DG 2.10 7 228.65 .063
AUVI 2.10 10 2.09 10.040
ALEC 2.10 6 18.46 .678
TSP 2.05 7 27.78 .511
AMEH 2.05 9 65.12 .279
ADSK 2.04 7 262.39 .049
BYND 2.00 6 69.38 .168
UHAL 1.98 9 690.22 .018
XAIR 1.97 1 8.52 .231
WSM 1.97 6 153.44 .072
AAME 1.97 5 2.85 3.455
RNXT 1.96 4 4.36 1.796
CELH 1.96 7 54.31 .252
COHN 1.95 5 14.8 .655
ISIG 1.93 2 25.37 .152
BNTX 1.93 32 215.8 .256
ACIU 1.91 2 4.76 .802
LCID 1.90 13 41.72 .585
DOCN 1.90 11 70.67 .286
DLTR 1.90 9 137.11 .117
SNA 1.89 5 216.45 .040
RL 1.89 8 117.28 .128
MSGE 1.88 4 73.16 .100
CAT 1.88 10 219.95 .080
BIDU 1.88 118 156.7 1.298
AFRM 1.88 18 81.03 .414
TDG 1.87 4 644 .008
COF 1.87 4 157.15 .044
VLO 1.86 4 83.85 .088
DIS 1.86 9 157.89 .099
TSRI 1.84 1 11.15 .165
ACMR 1.83 5 83.6 .105
ENPH 1.82 8 148.51 .096
MRIN 1.81 6 3.88 2.796
KNBE 1.80 7 21.65 .581
ROLL 1.78 7 201.5 .056
MYNZ 1.78 1 14.09 .126
CERE 1.78 7 28.63 .434
VRPX 1.77 9 3.14 5.067
RAPT 1.77 7 33.16 .371
DAVA 1.77 4 133.99 .052
XBI 1.75 6 103.89 .096
TASK 1.74 7 47.5 .252
LWAC 1.73 5 16.98 .505
WAVE 1.72 5 5.33 1.610
LIN 1.72 9 336.43 .045
LAIX 1.72 4 0.5802 11.856
IMPL 1.70 5 7.7 1.100
NNOX 1.69 5 12.95 .650
KYMR 1.69 2 53.83 .062
SQ 1.68 24 148.43 .264
PAYX 1.68 4 128.77 .052
BURL 1.68 8 247.67 .048
ROG 1.67 1 273.22 .006
AN 1.67 8 114.18 .112
NMRD 1.66 4 4.54 1.460
IMMX 1.66 1 5.43 .305
VVOS 1.65 6 2.06 4.800
TMUS 1.65 10 105.74 .150
NVOS 1.65 5 1.3301 6.200
FISV 1.64 6 107.75 .090
CREE 1.64 5 79.12 .100
TRI 1.63 4 110.99 .056
JZXN 1.63 4 1.41 4.624
NVTS 1.62 2 12.6 .256
GRU 1.62 1 4.81 .336
EVA 1.62 2 74.14 .042
CLDX 1.61 3 35.14 .135
PLCE 1.60 4 73.73 .084
MOLN 1.60 2 21.5 .148
STMP 1.59 4 329.61 .016
LH 1.59 9 291.94 .045
TMX 1.58 3 43.38 .108
LHDX 1.58 4 8.05 .784
DNA 1.58 1 6.83 .231
XLNX 1.57 16 200.52 .112
WYNN 1.57 5 85.3 .090
TTWO 1.57 7 148.42 .070
RLMD 1.57 4 20.52 .304
GH 1.57 8 90.94 .136
CARA 1.57 2 12.29 .254
DPW 1.56 5 1.6 4.875
UTHR 1.55 5 206.25 .035
TSC 1.55 1 32.34 .047
SPG 1.55 8 161.83 .072
IRDM 1.55 4 40.22 .152
CRNC 1.55 4 82.92 .072
BLFS 1.55 1 31.61 .049
CPE 1.54 7 53.47 .196
CHCI 1.54 3 4.63 .996
TERN 1.53 4 6.28 .972
SIEB 1.53 5 2.19 3.490
HD 1.53 21 386.67 .063
DLO 1.53 5 32.47 .235
TSCO 1.52 9 225.8 .054
MRAM 1.52 3 9.91 .459
SNOA 1.51 4 4.55 1.324
WAFU 1.50 4 3.51 1.708
RBLX 1.49 16 89.04 .256
KTTA 1.49 1 1.49 1.000
CNC 1.49 5 77.84 .095
BCYC 1.49 3 51.36 .087
AACG 1.49 7 2.19 4.760
ZIM 1.48 11 61.44 .264
STT 1.48 3 102.35 .042
ADI 1.48 5 173.63 .040
VRTX 1.47 2 226.15 .012
NURO 1.47 11 5.06 3.190
FGEN 1.47 3 14.11 .312
EDIT 1.47 3 25.77 .171
VCVC 1.46 1 9.85 .148
HTBX 1.46 2 3.08 .948
DPST 1.46 4 64.13 .088
AAP 1.46 6 232.01 .036
SBEA 1.45 2 10.09 .286
KMB 1.45 10 143.14 .100
EYEG 1.45 1 1.95 .743
COIN 1.45 11 237.23 .066
BTBT 1.45 10 5.35 2.710
BBY 1.45 7 104.09 .091
KALV 1.44 8 13.1 .872
FATE 1.44 4 47.54 .120
AMD 1.44 29 137.31 .290
LANC 1.43 2 168.46 .016
CRM 1.43 15 234.84 .090
TTC 1.42 5 100.18 .070
IMNM 1.42 4 11.64 .484
RMBL 1.41 3 40.57 .102
HOOD 1.41 14 16.41 1.190
TWTR 1.40 6 40.66 .204
JCS 1.40 3 2.34 1.794
HX 1.40 6 2.24 3.750
HON 1.40 8 216.31 .048
VERY 1.39 4 6.95 .800
FANG 1.39 8 124.36 .088
EOSE 1.39 2 6.38 .434
APP 1.39 11 84 .176
TNET 1.38 1 89.37 .015
EXPI 1.38 6 30.35 .270
TWST 1.37 7 67.11 .140
LIVE 1.37 3 29.15 .138
ECOM 1.37 1 21.94 .062
RACE 1.36 14 254.34 .070
V 1.35 12 214.38 .072
TAOP 1.35 3 1.61 2.514
NXPI 1.35 8 221.83 .048
EA 1.35 5 130.8 .050
WNW 1.34 1 2.2 .609
XLK 1.33 11 167.95 .077
J 1.33 4 134.15 .036
GRVY 1.33 7 67.21 .133
FIGS 1.33 6 24.82 .318
CVS 1.33 5 105.06 .060
COUR 1.32 2 24.17 .108
VIH 1.31 1 9.36 .139
TJX 1.31 6 74.21 .102
ROST 1.31 6 106.93 .072
KSS 1.31 11 48.98 .286
INMD 1.31 5 54.95 .115
BFRI 1.31 6 5.69 1.380
ABCL 1.31 1 12.06 .108
A 1.31 10 145.16 .090
UHS 1.30 4 132.86 .036
LITE 1.30 3 107.61 .036
JG 1.30 3 0.9187 4.245
GWRE 1.30 5 108.3 .060
BNR 1.30 3 9.4 .414
OLLI 1.29 2 48.04 .052
JPM 1.29 14 167.49 .098
ATAI 1.29 2 6.74 .382
APPN 1.29 4 61.89 .080
FRD 1.28 1 11.06 .115
BILI 1.28 23 41.86 .690
YETI 1.27 4 75 .064
RHE 1.27 2 3.8531 .658
NFE 1.27 1 24.39 .052
HJLI 1.27 1 10.38 .122
APXT 1.27 1 12.11 .104
SPCE 1.26 24 12.39 2.424
DOMO 1.26 4 46.87 .104
DELL 1.26 9 59.88 .189
THCB 1.25 1 10 .125
SPT 1.25 6 77.86 .096
OPAD 1.25 4 5.08 .984
NGM 1.25 2 16.83 .148
CHKP 1.25 6 120 .060
BYSI 1.25 5 4.38 1.425
SJ 1.24 4 5.98 .828
RSKD 1.24 2 7.16 .346
PBTS 1.24 1 0.4407 2.813
LPX 1.24 3 74.34 .048
LEDS 1.24 3 4.18 .888
EDSA 1.24 1 5.55 .223
CMMB 1.24 2 6.98 .354
BNTC 1.24 3 2.65 1.401
ANPC 1.24 2 1.28 1.936
ALXN 1.24 4 182.5 .024
TAP 1.23 2 49.25 .048
NVDA 1.23 167 278.17 .668
LAW 1.23 3 33.82 .108
JKS 1.23 5 45.57 .130
HOG 1.23 5 38.8 .155
ANET 1.23 1 133.18 .009
RCUS 1.22 1 39.31 .031
LYFT 1.22 6 44.5 .162
EYES 1.22 6 1.61 4.542
DDL 1.22 2 11.9 .204
BZ 1.22 3 34.72 .105
PFGC 1.21 3 46.69 .075
OSAT 1.21 3 4.02 .900
LYEL 1.21 3 6.62 .546
HGEN 1.21 3 3.16 1.146
EAT 1.21 3 38.04 .093
ARAV 1.21 1 2.59 .467
AKAM 1.21 5 113.42 .050
WHLM 1.20 4 5.09 .940
MMM 1.20 7 177.41 .042
MARA 1.20 21 29.58 .840
CRIS 1.20 2 3.49 .686
CLX 1.20 5 179.57 .030
CETX 1.20 1 0.8479 1.415
AMTX 1.20 3 10.72 .333
TVTX 1.19 3 28.04 .126
SGOC 1.19 9 6.2 1.719
DKS 1.19 20 116.06 .200
MQ 1.18 7 14.71 .560
DFH 1.18 1 18.73 .063
AMC 1.18 61 22.79 3.111
ZEV 1.17 4 6.47 .720
VMW 1.17 9 122.54 .081
TDC 1.17 5 45.19 .125
STZ 1.17 4 247.08 .016
SKT 1.17 3 19.91 .174
MVIS 1.17 5 4.14 1.410
VOXX 1.16 3 9.95 .348
SIF 1.16 1 7.08 .163
NTAP 1.16 4 93.2 .048
LAZR 1.16 5 15.76 .365
AMAT 1.16 8 149.59 .056
WGO 1.15 3 74.38 .045
QCOM 1.14 16 185.4 .096
HCWB 1.14 2 2.39 .952
AVIR 1.14 3 7.89 .432
VNET 1.13 3 9.18 .369
VIR 1.13 8 34.77 .256
STG 1.13 1 5.92 .190
CAH 1.13 6 52.71 .126
BTX 1.13 2 3.73 .604
TGT 1.12 16 227.55 .064
ARDS 1.12 1 1.675 .668
SHEN 1.11 3 25.11 .132
SEMR 1.11 3 18.79 .177
PMCB 1.11 3 2.39 1.392
CTRN 1.11 5 67.89 .080
CNET 1.11 1 0.9288 1.195
ALLO 1.11 2 12.9 .172
XM 1.10 3 30.03 .108
OPTT 1.10 1 1.39 .791
MRUS 1.10 3 29.78 .108
JRVR 1.10 3 28.89 .114
XTLB 1.09 2 2.8714 .758
SKX 1.09 4 44.88 .096
HHR 1.09 12 46.65 .276
FOSL 1.09 2 10.5 .206
ALDX 1.09 2 3.81 .572
SFIX 1.08 3 19.2 .168
MTSL 1.08 3 3.37 .960
FCBP 1.08 1 29.1 .037
B 1.08 1 47.16 .022
AZYO 1.08 1 6.75 .160
ALF 1.08 2 2.18 .990
ABSI 1.08 3 7.57 .426
SMLP 1.07 2 24.63 .086
HALO 1.07 2 36.59 .058
AXP 1.07 6 175.38 .036
ATKR 1.07 4 105.9 .040
VYGR 1.06 2 2.92 .726
IBM 1.06 11 132.87 .077
C 1.06 5 67.11 .075
BLDR 1.06 6 80.49 .078
XLY 1.05 7 198.26 .035
SCR 1.05 5 35.58 .145
PTGX 1.05 3 34.82 .090
MNST 1.05 4 92.73 .044
CELC 1.05 3 12.8 .246
RUN 1.04 6 31.52 .192
PRTA 1.04 9 42.12 .216
OCGN 1.04 12 4.16 3.000
NETE 1.04 2 13.09 .158
LOW 1.04 13 249.5 .052
KURA 1.04 4 13.55 .304
IPA 1.04 2 6.06 .342
FSTX 1.04 1 4.64 .224
AUPH 1.04 10 19.56 .530
TSN 1.03 5 90.99 .055
KMPH 1.03 3 8.61 .357
MFNC 1.02 2 21.5 .094
GIII 1.02 5 27.02 .185
ZCMD 1.01 1 1.82 .554
SCHW 1.01 6 93.91 .060
MOXC 1.01 6 3.15 1.920
LL 1.01 1 16.68 .060
FUBO 1.01 3 14.79 .204
ESTC 1.01 8 112.01 .072
EGRX 1.01 2 51.6 .038
PINS 1.00 4 32.7 .120
OMER 1.00 1 6.3 .158
ISPC 1.00 7 7.09 .987
HGSH 1.00 3 2.19 1.368
UAL .99 3 46.9 .063
DKNG .99 6 26.94 .216
CM .99 9 123.71 .072
ARVN .99 9 69.77 .126
ACY .99 19 9.53 1.957
TRCH .98 2 4.95 .394
NFLX .98 104 540.84 .104
MYGN .98 2 26.55 .072
MCD .98 8 262.12 .024
MBOT .98 2 6.73 .290
JWN .98 4 23.66 .164
IMTX .98 4 12.14 .320
HOFV .98 2 1.58 1.240
SAFM .97 2 189.79 .010
BGFV .97 10 19.36 .500
RRGB .96 2 16.39 .116
JNJ .96 7 171.25 .035
IMAB .96 6 39.02 .144
FA .96 1 18.39 .052
BRLT .96 4 16.72 .228
AZPN .96 4 146.03 .024
SUPN .95 2 29.79 .062
BTWN .95 1 9.82 .096
BPTH .95 2 3.79 .500
AGRI .95 5 1.97 2.410
HAS .94 6 101.25 .054
ENOB .94 5 6.32 .740
UPS .93 9 211.27 .036
TGTX .93 3 17.36 .159
NIU .93 4 16.01 .232
LIFE .93 4 6.95 .532
PLUG .92 9 24.75 .333
OKE .92 3 62.48 .042
LBPH .92 1 4.52 .203
KNL .92 1 25.04 .036
YEXT .91 1 9.44 .096
SSY .91 3 1.52 1.794
OTIS .91 5 86.24 .050
BIG .91 3 45.66 .057
AIT .91 2 99.97 .018
VSCO .90 7 55.73 .112
OVV .90 5 38.13 .115
GEG .90 1 2.13 .422
DXC .90 3 33.07 .081
CRTO .90 1 36.34 .024
SPI .89 4 3.51 1.012
BKE .89 6 38.85 .132
ACHL .89 1 4.51 .197
TTD .88 18 84.88 .180
RTX .88 3 90.72 .027
GMBL .88 2 3.57 .492
USB .87 6 62.12 .084
GDEV .87 3 8.6 .303
DTSS .87 1 1.34 .649
TTCF .86 2 14.36 .118
MDT .86 10 107.89 .070
KODK .86 2 4.47 .384
GE .86 6 99.42 .048
APT .86 2 5.88 .292
WMT .85 20 144.2 .100
VMEO .85 2 16.23 .104
SRNE .85 1 4.68 .181
DAL .85 6 41.23 .120
STX .84 10 111.72 .070
PTIX .84 2 1.44 1.166
NLS .84 2 5.81 .288
MO .84 4 49.48 .064
HOL .84 3 12.35 .204
FL .84 5 41.98 .100
CLII .84 3 14.36 .174
APOP .84 5 13.17 .315
TNA .83 5 78.74 .050
ROIV .83 1 8.02 .103
MAXR .83 4 30.58 .108
LEGN .83 7 45.65 .126
IRBO .83 1 39.75 .020
CNA .83 1 46.83 .017
BLUW .83 2 9.63 .172
AEO .83 4 24.12 .136
SONO .82 6 30.5 .156
SANA .82 1 12.3 .066
MNSO .82 1 10.24 .080
FITB .82 3 49.05 .048
SPRT .81 20 11.8 1.360
MBRX .81 2 1.78 .910
GDYN .81 2 32.83 .048
BABA .81 100 132.19 .600
ATVI .81 5 65.85 .060
SYPR .80 4 2.41 1.324
NKE .80 11 150.3 .055
GTEC .80 4 6.21 .512
DD .80 4 81.97 .036
CYTK .80 6 34.82 .132
CALT .80 3 22.4 .105
BZUN .80 2 14.22 .112
ASAN .80 16 65.87 .192
SWI .79 1 14.51 .054
PNRG .79 1 74.5 .010
LUV .79 8 45.83 .136
ERYP .79 4 2.29 1.376
BBBY .79 17 13.12 1.020
ZY .78 3 5.67 .411
PTON .78 6 36.56 .126
IPHA .78 4 4.63 .672
GNOG .78 1 9.8 .079
CAI .78 1 56 .013
QFIN .77 9 18.45 .369
PLTR .77 2 16.89 .090
OLB .77 3 2.29 1.008
FUV .77 2 7.16 .214
ENTX .77 2 2.73 .564
ALYA .77 4 2.44 1.260
VLDR .76 2 4.15 .366
NBRV .76 1 0.5652 1.344
MOS .76 5 40.04 .090
GROM .76 2 1.73 .878
ABT .76 12 135.26 .060
ABBV .76 7 136.97 .035
JBL .75 6 69.03 .060
FLWS .75 4 24.7 .120
SCKT .74 4 4.03 .732
MS .74 10 105.92 .060
MNOV .74 3 2.54 .873
LOGI .74 8 85.95 .064
JD .74 13 76.76 .117
GTIM .74 1 4.5 .164
GRVI .74 3 4.25 .522
EVOL .74 2 2.21 .668
BB .74 12 9.2 .960
ATXI .74 1 0.9 .822
UPC .73 3 1.61 1.359
SQBG .73 2 6.24 .232
SOFI .73 7 13.94 .364
RIOT .73 6 20.86 .204
OPNT .73 4 30.67 .092
NVFY .73 3 1.77 1.236
LI .73 7 29.81 .168
GM .73 5 61.46 .055
COP .73 10 83.59 .080
RMED .72 6 1.53 2.820
RETO .72 2 1.43 1.006
DEN .72 4 79.89 .036
CRMT .72 9 98.03 .063
BTCM .72 4 5.5 .520
BCRX .72 11 14.78 .528
BBLG .72 3 5.39 .399
ARPO .72 1 2.2 .327
ZKIN .71 2 1.34 1.058
UBER .71 6 43.62 .096
RFL .71 5 4.79 .740
PALI .71 3 1.42 1.500
BJ .71 8 64.35 .088
TBLA .70 1 9.85 .071
ORGS .70 1 2.54 .275
OCX .70 1 2.03 .344
IGIC .70 3 7.9 .264
DDD .70 12 20.24 .408
CRCT .70 4 22.85 .120
VRNT .69 5 53 .065
SLS .69 4 5.58 .492
FTEK .69 3 1.38 1.500
ASM .69 1 0.7889 .874
APRE .69 3 2.87 .720
STEM .68 6 16.15 .252
RIDE .68 7 3.26 1.456
ONCS .68 1 0.8648 .786
CGC .68 3 9.11 .222
XONE .67 2 26.7 .050
SKLZ .67 4 6.43 .416
PPSI .67 9 8.81 .684
PLD .67 5 152.99 .020
NPTN .67 1 15.13 .044
JRJC .67 3 6.47 .309
FTCH .67 6 28.83 .138
CROX .67 12 126.27 .060
CLNE .67 1 6.35 .105
ACH .67 1 14.23 .047
VIPS .66 1 9.34 .070
TSM .66 4 125.01 .020
PEP .66 7 174.09 .021
GLD .66 13 170.29 .039
CTKB .66 1 15.32 .043
ATNF .66 4 3.34 .788
AMOM .66 1 32.73 .020
TATT .65 3 6.4 .303
STRO .65 2 11.11 .116
PCVX .65 1 23.61 .027
NEE .65 6 84.29 .042
MESO .65 2 4.77 .272
LMNL .65 3 1.09 1.788
LEN .65 8 104.03 .048
IONQ .65 7 14.69 .308
FB .65 108 334.37 .108
TQQQ .64 143 150.96 .572
SLGG .64 2 2.34 .546
SDC .64 2 2.12 .602
LZB .64 2 36.07 .034
DVAX .64 2 14.19 .090
LEXX .63 4 4.47 .560
FLOW .63 4 85.82 .028
CANF .63 2 1.37 .918
ARCE .63 3 20.71 .090
ULTA .62 1 384.44 .001
LJPC .62 2 4.77 .258
ISEE .62 4 14.13 .172
HCM .62 6 33.51 .108
CUE .62 1 10.35 .059
BON .62 3 3.51 .528
BLPH .62 1 3.13 .198
ASTR .62 5 5.95 .520
AREC .62 5 1.99 1.555
APG .62 2 25.27 .048
WM .61 11 159.46 .033
VGR .61 1 11.47 .053
VALN .61 7 40.12 .105
SOS .61 2 0.821 1.484
PG .61 12 160.52 .036
MVST .61 6 5.2 .702
LAC .61 14 30.49 .280
ENSC .61 4 3.59 .676
BEKE .61 2 22.95 .052
AMBO .61 1 0.9159 .666
PSTV .60 1 1.05 .571
KZR .60 3 14.68 .120
EVK .60 6 2.41 1.488
CEMI .60 8 1.16 4.136
AYRO .60 2 1.51 .794
AMRS .60 1 4.75 .126
SPTN .59 4 25.59 .092
IS .59 2 7.35 .160
AA .59 13 62.2 .117
YMM .58 2 9.16 .126
WPRT .58 2 2.26 .512
WISH .58 3 2.59 .669
STAF .58 2 0.94 1.234
M .58 17 26.73 .357
IFRX .58 3 4.27 .405
ICCM .58 1 2.76 .210
CSIQ .58 4 29.51 .076
BRTX .58 1 4.22 .137
ALC .58 12 79.59 .084
WEI .57 1 0.7703 .739
SNAP .57 113 43.31 1.469
SBTX .57 1 5.28 .107
PRFX .57 4 1.38 1.652
ORPH .57 4 2.45 .928
EZFL .57 1 1.4 .407
CLPS .57 1 2.1 .271
CLPS .57 1 2.1 .271
VTSI .56 4 6.84 .324
UAA .56 4 19.47 .112
SJM .56 15 142.11 .045
RY .56 8 114.39 .032
OLN .56 3 53.89 .030
OBLN .56 3 3.05 .549
MTP .56 1 1.21 .462
LODE .56 3 1.51 1.110
EAR .56 1 5.88 .095
CYAD .56 1 4.08 .137
BFLY .56 2 6.32 .176
VNE .55 6 35.75 .090
RSI .55 2 14.02 .078
MOSY .55 2 4.5 .244
MAT .55 6 21.86 .150
LOOP .55 5 11.04 .245
K .55 11 66.58 .088
FLXN .55 1 9.12 .060
EOLS .55 1 5.96 .092
WHLR .54 2 1.81 .596
VOOV .54 2 153.66 .006
MSFT .54 117 314.98 .117
MPC .54 4 72.69 .028
INTC .54 7 55.91 .063
GPS .54 7 17.36 .217
ENZ .54 2 3.22 .334
ADMA .54 1 1.35 .400
TBIO .53 3 37.36 .042
NIO .53 77 30.02 1.309
MEDS .53 5 2.24 1.180
HUYA .53 4 6.9 .304
HPQ .53 6 39.19 .078
HMHC .53 3 15.8 .099
EQ .53 1 3.58 .148
CHPT .53 4 16.21 .128
BBWI .53 6 58.83 .054
SILK .52 7 42.42 .084
ANF .52 3 34.9 .042
WFC .51 7 56.06 .063
RCON .51 2 1.22 .836
OCUP .51 2 3.57 .284
GFAI .51 2 1.1101 .918
DYAI .51 3 4.24 .360
CPSH .51 1 3.65 .139
CCJ .51 16 23.51 .336
BLU .51 3 6.71 .228
TIGR .50 8 4.56 .872
PSTG .50 5 29.94 .080
PATI .50 2 8.21 .120
MDIA .50 3 6.48 .231
CBAT .50 3 1.31 1.143
RKDA .49 1 1.1 .445
NTRB .49 4 8.15 .240
NRBO .49 2 1.37 .714
IGC .49 3 1.03 1.425
GP .49 3 7.29 .201
GEVO .49 4 4.32 .452
ENLV .49 2 5.9 .166
ECHO .49 1 48.24 .010
ATHM .49 3 35.83 .039
ARMP .49 1 5.3163 .092
NNDM .48 3 3.87 .372
KIRK .48 3 15.83 .090
EPU .48 3 32.48 .042
TRIL .47 1 18.44 .025
TLRY .47 4 7.38 .252
SPRB .47 3 3.84 .366
SOHU .47 6 16.67 .168
RELI .47 7 8.06 .406
EXPR .47 5 3.18 .735
DRN .47 12 26.24 .204
DARE .47 1 1.76 .267
BODY .47 2 2.05 .458
BAC .47 6 49.21 .054
AMKR .47 3 24.32 .057
XPEV .46 84 45.76 .840
UFAB .46 2 2.01 .456
SYTA .46 5 1.71 1.345
SM .46 5 31.85 .070
NTEC .46 4 9.63 .188
MARK .46 4 0.9677 1.900
KO .46 9 60.43 .063
KBSF .46 2 3.05 .300
GURE .46 1 4.18 .110
EQOS .46 1 1.87 .245
DUK .46 11 103.23 .044
CVV .46 2 4.05 .226
VERU .45 4 6.41 .280
TYME .45 4 0.6185 2.908
TME .45 1 7.27 .061
ONCT .45 2 2.12 .424
FCX .45 25 42.99 .250
EVGO .45 8 9.6 .368
CSCO .45 12 62.37 .084
CRDF .45 3 6.58 .204
CCL .45 5 21.98 .100
ADIL .45 2 2.71 .332
WORX .44 4 1.28 1.372
STN .44 3 53.93 .024
NNVC .44 3 3.19 .411
MTTR .44 15 15.88 .405
MRVL .44 10 86.23 .050
LESL .44 2 22.23 .038
GALT .44 3 2.135 .618
FFHL .44 2 7.8299 .112
DWSN .44 2 2.33 .376
DNUT .44 10 17.68 .240
WOOF .43 3 19.27 .066
PFE .43 19 56.69 .133
MU .43 11 94.2 .044
HOLI .43 1 14.54 .029
GAME .43 1 3.16 .136
EVGN .43 1 1.67 .257
CAN .43 4 4.99 .344
ATIF .43 1 4.59 .093
HRC .42 6 155.96 .012
DTST .42 6 3.48 .720
CTSO .42 4 3.74 .448
BWAY .42 3 7.79 .159
ARMK .42 4 36.77 .044
SRNG .41 1 11.42 .035
SLB .41 6 36.48 .066
RKT .41 2 13.99 .058
PDCO .41 4 29.18 .056
KZIA .41 2 8.09 .100
HNST .41 3 7.45 .165
GTT .41 1 2.36 .173
BLIN .41 8 2.09 1.568
AUUD .41 7 1.91 1.498
ACOR .41 4 2.22 .736
YJ .40 2 0.594 1.346
XLF .40 3 41.03 .027
LIZI .40 4 1.66 .960
GRTX .40 4 3.74 .424
FBRX .40 1 1.81 .220
DUOT .40 1 5.38 .074
CTIB .40 5 1.31 1.525
CHRA .40 1 5.4 .074
IYC .39 4 81.67 .016
EQT .39 3 23.53 .048
CSCW .39 2 0.4949 1.576
CRTD .39 7 2.13 1.281
BDTX .39 1 5.1 .076
AQMS .39 3 1.16 1.008
XOM .38 10 71.35 .050
SBH .38 3 18.15 .060
RDUS .38 1 6.68 .056
OVID .38 2 3.17 .238
OTLK .38 2 1.24 .612
MRTN .38 3 16.65 .066
GPK .38 2 19.49 .038
ANIX .38 1 3.36 .113
VTNR .37 10 5.1 .720
UONE .37 7 5.31 .483
MRK .37 12 81.67 .048
LICY .37 1 8.69 .042
HUGE .37 1 1.044 .354
GT .37 6 22.16 .096
CHMA .37 2 3.76 .196
UAVS .36 3 1.48 .729
MT .36 3 35.39 .030
MRKR .36 1 0.8477 .424
MITQ .36 1 1.84 .195
JFIN .36 2 2.15 .334
IDEX .36 4 1.16 1.240
GOVX .36 7 3.47 .721
GNLN .36 2 0.9028 .796
CLF .36 14 22.2 .224
BNGO .36 12 2.74 1.572
AKTX .36 1 1.4601 .246
ADMP .36 1 0.6811 .528
ACB .36 3 5.89 .183
VXX .35 4 17.82 .076
ORMP .35 19 12.03 .551
ORGO .35 2 8.76 .078
ON .35 12 65.12 .060
LMFA .35 5 4.58 .380
KHC .35 6 37.36 .054
CLSD .35 3 2.46 .426
CIFR .35 3 3.73 .279
BSQR .35 13 1.68 2.704
AESE .35 1 1.91 .183
XELB .34 2 1.21 .560
TRIT .34 5 2.1 .805
SSNT .34 2 4.27 .158
ME .34 6 6.09 .330
HWCC .34 1 5.3 .064
CYTH .34 1 4.09 .083
NUAN .33 3 55.24 .015
IMMR .33 6 5.42 .360
HNP .33 2 21.9 .030
GTS .33 1 35.63 .009
CIEN .33 21 73.91 .084
BHTG .33 1 0.837 .394
WATT .32 2 1.25 .512
TAL .32 2 3.39 .188
SPCB .32 2 0.5038 1.270
SGBX .32 3 1.9 .504
PRPL .32 6 11.8 .162
PHUN .32 17 2.83 1.921
MINM .32 2 1.3617 .470
FOE .32 2 21.74 .028
CORT .32 2 19.19 .032
CL .32 9 83.17 .027
AAPL .32 112 175.08 .112
AAL .32 9 19.02 .144
WINT .31 3 1.49 .624
VZ .31 4 53.87 .020
ULBI .31 2 5.82 .106
SCYX .31 4 5.68 .216
LC .31 12 24.52 .144
DMAC .31 2 3.57 .172
DBGI .31 6 1.9 .978
AEY .31 1 1.48 .209
TESS .30 3 6.58 .135
OXBR .30 5 5.11 .290
LGHL .30 4 1.26 .952
HAPP .30 1 0.5444 .551
ENG .30 3 1.26 .714
CLSK .30 1 8.26 .036
BRG .30 3 26.41 .033
BBIG .30 21 2.34 2.688
AUTL .30 3 4.69 .189
ACI .30 14 28.79 .140
NEXT .29 4 2.62 .440
HUSN .29 4 2.51 .460
EFOI .29 4 2.8 .412
ALTO .29 5 5.23 .275
AFMD .29 3 4.72 .183
RF .28 3 24.66 .033
ORCL .28 37 89.28 .111
NKLA .28 17 10.75 .442
MITO .28 1 0.839899 .333
KR .28 20 47.71 .100
FLO .28 6 28.22 .054
EPAY .28 3 56.35 .012
CLOV .28 2 3.31 .168
APTO .28 4 1.38 .808
XLV .27 9 136.81 .009
WIMI .27 4 2.84 .380
RSLS .27 4 1.61 .668
NAOV .27 11 0.9909 2.992
MGTX .27 1 20.12 .013
INCY .27 5 74.44 .015
GSM .27 7 5.66 .329
FENC .27 2 4.78 .112
ENVB .27 3 0.83 .975
VIVE .26 2 1.17 .444
PPBT .26 1 4.02 .064
PME .26 1 0.5493 .473
JQUA .26 1 44.34 .005
GIS .26 14 68.53 .042
AXLA .26 2 2.08 .250
VCLO .25 1 13.55 .018
SPWH .25 4 11.3 .088
PBLA .25 1 1.7 .147
HITI .25 1 4.49 .055
AVCT .25 6 2.19 .684
RAIL .24 4 3.79 .252
PLG .24 3 1.7 .423
MOGO .24 4 2.84 .336
IKT .24 1 1.77 .135
GBR .24 1 2.44 .098
CPIX .24 4 4.25 .224
CONE .24 3 89.29 .006
UWMC .23 4 5.93 .152
PIRS .23 7 3.47 .462
NXE .23 2 4.65 .098
HRL .23 9 49.69 .036
ERJ .23 15 16.77 .195
BCLI .23 2 3.8 .120
AZN .23 17 57.88 .051
XLE .22 11 63.23 .033
THTX .22 1 2.935 .074
SSKN .22 1 1.4102 .156
SLV .22 7 21.05 .070
PBR .22 12 11.58 .216
JFU .22 3 1.04 .633
INOV .22 2 41.06 .010
FFIE .22 2 5.15 .084
DYNT .22 5 0.9899 1.110
BIOC .22 4 3.56 .244
ABUS .22 8 3.36 .520
VBLT .21 3 1.75 .360
TENX .21 1 0.8202 .256
ATOS .21 5 1.54 .680
ALZN .21 3 1.9 .330
ALAC .21 2 11.75 .034
ERF .20 5 11.33 .085
ENSV .20 1 0.874 .228
ANY .20 21 2.83 1.470
AEHR .20 34 15.17 .442
NBEV .19 1 1.01 .188
MOMO .19 3 9.51 .057
FLGC .19 6 1.75 .648
COTY .19 8 9.65 .152
BKYI .19 2 2.37 .160
BGI .19 3 4.54 .123
VSH .18 3 21.4 .024
IRIX .18 4 5.5 .128
GNFT .18 7 4.9 .252
FCEL .18 131 5.18 4.454
CSPR .18 2 6.35 .056
BLNK .18 14 24.1 .098
TISI .17 1 0.9595 .177
PPC .17 2 28.59 .010
PETZ .17 4 0.6881 .988
LIVX .17 2 3.07 .110
KXIN .17 6 1.12 .906
GMTX .17 2 2.23 .152
AGNC .17 5 15.56 .050
SNES .16 2 0.981 .326
OCG .16 4 5.5 .116
INFI .16 4 1.53 .416
IMMP .16 7 3.28 .336
HFBL .16 1 19.7501 .008
GGAL .16 4 9.51 .064
ZNGA .15 4 8.85 .064
XLP .15 14 76.72 .014
VRS .15 2 26.75 .010
IMV .15 2 1.26 .238
HIPO .15 3 2.49 .180
GSKY .15 2 12 .024
GRUB .15 3 9.71 .045
CREX .15 1 1.43 .104
CHNG .15 2 21.12 .014
XERS .14 1 2.4 .058
SYKE .14 3 54 .006
OEG .14 1 2 .070
NXTP .14 1 0.7838 .178
INM .14 1 1.3 .107
IEC .14 1 15.34 .009
EDU .14 1 1.9 .073
VIEW .13 2 3.77 .068
SVBI .13 1 13.63 .009
SALM .13 5 3.25 .200
OSMT .13 4 1.14 .456
GENE .13 3 1.8609 .207
VERB .12 8 1.21 .792
SBBP .12 2 2 .120
PSTX .12 1 6.38 .018
LTHM .12 19 24.73 .076
HDGE .12 3 24.28 .012
GSAT .12 2 1.1 .218
CRON .12 5 4.06 .145
CHNR .12 4 1.03 .464
BP .12 8 30.54 .024
AHPI .12 3 5.17 .069
UNIT .11 3 12.85 .024
TELL .11 9 3.34 .288
T .11 7 26.34 .028
SNMP .11 2 0.5335 .412
MRO .11 19 18.66 .095
MOHO .11 3 0.39 .846
GBS .11 1 1.52 .072
FENG .11 2 0.8101 .270
FAST .11 6 60.29 .006
ET .11 6 9.33 .066
EKSO .11 2 2.59 .084
CALA .11 1 0.5759 .191
ACHV .11 2 8.01 .026
TTM .10 15 34.13 .030
SLHG .10 1 1.04 .096
RAVN .10 3 58.08 .003
OBSV .10 6 1.96 .306
KDMN .10 4 9.5 .040
EDTK .10 2 0.9798 .204
D .10 12 79.13 .012
CNFR .10 2 2.47 .080
CDEV .10 6 6.82 .084
AGEN .10 12 3.09 .384
YPF .09 3 4.09 .066
XELA .09 7 0.6487 .966
WTER .09 2 1.15 .156
TEDU .09 2 1.76 .102
TAAG .09 1 20.9494 .004
SELF .09 1 6.13 .014
PRPO .09 3 1.54 .174
CXM .09 1 14.91 .006
AEMD .09 3 1.81 .147
AEI .09 2 0.4852 .370
XPDI .08 14 9.99 .112
TEO .08 2 5.16 .030
SSL .08 23 17.54 .092
RIG .08 7 3.55 .154
MBII .08 1 0.717 .111
CLDR .08 1 15.99 .005
BQ .08 2 0.7249 .220
VSTM .07 3 1.91 .108
SWN .07 4 4.75 .056
SBS .07 11 6.28 .121
NEPT .07 2 0.4134 .338
LMRK .07 2 16.49 .008
ITRO .07 1 1.27 .055
ITRN .07 3 25.5 .006
CPLG .07 1 15.66 .004
CPG .07 10 6.42 .100
BVXV .07 4 1.86 .148
XBIO .06 8 1.26 .376
VG .06 1 20.81 .002
RVI .06 3 6.3 .027
RRD .06 12 11.18 .060
KULR .06 8 2.67 .176
ESXB .06 2 11.3 .010
ENIC .06 1 1.93 .031
DBVT .06 12 1.68 .420
ADMS .06 2 8.22 .014
ULTA .05 12 384.44 0
OXY .05 32 34.7 .032
OCG .05 13 5.5 .117
MTL .05 19 3.38 .266
MFGP .05 8 5.64 .064
MDNA .05 8 1.73 .224
FRBK .05 1 3.9 .012
PSP .04 3 15.06 .006
PBT .04 2 13.4 .004
NOK .04 6 6.24 .036
IRCP .04 4 2.21 .072
CXP .04 1 19.28 .002
AVGR .04 7 0.4804 .581
VTGN .03 5 1.8 .080
VCAR .03 1 15.36 .001
SNDL .03 1 0.5875 .051
SIC .03 1 14.49 .002
FRO .03 21 7.77 .063
RTLR .02 9 12.17 .009
RCAT .02 3 1.93 .030
NWHM .02 1 8.99 .002
KIN .02 2 9.25 .004
EIC .02 2 17.34 .002
DSE .02 1 9.49 .002
PMD .01 1 7.15 .001
LPTX .01 7 3.14 .021
INFL .01 2 31.17 0
IACB .01 3 7.95 .003
DFP .01 3 27.44 0
BEST .01 3 0.9073 .033
WMPN 0 4 12.75 0
SLVO 0 6 5.03 0
QQC 0 2 32.2285 0
QADB 0 4 87.54 0
PAE 0 1 9.92 0
ONON 0 1 51.42 0
NLSP 0 1 1.19 0
LHAA 0 1 9.76 0
HWBK 0 1 25.2 0
ESLT 0 1 172.77 0
DVD 0 1 3.61 0
APWC 0 1 2.99 0
NSYS -.12 1 10.5 -.011
