GOVX 56.89 2 4.69
GOVX 56.89 2 4.69
MS 48.78 2 103.81
MSTR 19.98 3 640.65
BKNG 17.05 4 2319.72
ACRS 16.90 1 16.84
VRPX 15.31 2 14.7
NVAX 14.88 8 266.8
AZO 14.25 5 1556.35
SAM 12.97 4 537.73
REGN 11.25 6 669.19
EL 11.21 1 337.67
ASML 10.95 2 853.24
EJH 10.64 3 3.83
DPZ 10.53 7 521.37
AUVI 10.36 2 6.75
EEIQ 10.28 2 4.34
EBET 10.26 2 33.86
RGEN 10.02 1 234.73
NTLA 10.00 7 159.89
UPST 9.72 6 274.33
KOSS 9.72 4 18.93
SNPS 9.69 1 315.57
UHAL 9.66 3 638.16
W 9.49 5 263.98
DE 9.42 4 6.47
SE 9.40 7 343.8
WDAY 9.24 1 269.21
NNOX 9.05 1 23.92
IAC 8.96 2 131.62
INTU 8.87 1 567.59
LWAC 8.69 1 16.98
AMGN 8.68 1 228.8
WAVE 8.60 1
TDG 8.49 2 624.0
CARV 8.41 3 16.6
BNTX 8.38 6 351.05
COIN 8.34 2 256.35
NVOS 8.25 1 1.81
NRXP 8.25 3 12.51
ROST 8.24 1 114.25
ROLL 8.24 1 224.68
AMZN 8.07 92 3525.5
TSCO 7.96 1 180.9
JAN 7.94 2 6.79
ROKU 7.93 2 334.55
BURL 7.92 1 318.09
TWST 7.90 2 111
NVCR 7.78 4 135.99
MRNA 7.68 19 422.9
GLSI 7.65 2 43.88
COHN 7.64 2 21.24
BLK 7.59 1 880.67
MDB 7.58 2 471.74
CRMT 7.58 2 132.01
SNOW 7.57 4 318.1
ZS 7.55 1 280.66
SIVB 7.54 1 570.17
DASH 7.45 2 187.61
LII 7.33 2 328.67
FLGT 7.33 3 89.72
GH 7.05 1 130
CPOP 7.05 2 4.07
ZLAB 7.04 2 150.99
ADSK 6.99 2 287.63
MA 6.96 3 351.04
LAIX 6.87 1 1.03
IRNT 6.87 1 19.59
GPN 6.86 4 170.02
LHDX 6.82 1 8.43
TERN 6.81 1 11.33
AAP 6.68 1 207.57
VERV 6.63 3 70.07
TPST 6.58 2 14.33
RLMD 6.56 1 25.11
SEDG 6.52 2 275.82
KEYS 6.46 1 168.72
KALV 6.45 2 20.32
RAPT 6.35 2 36.05
KMB 6.35 1 135.82
PKI 6.30 1 172.11
VIR 6.18 1 48.96
ANVS 6.15 4 34.9
ACMR 6.15 1 105.73
SCPS 6.13 4 5.44
SCR 5.96 1 35.46
LAD 5.96 2 332.37
UTHR 5.88 1 205.43
LANC 5.87 1 179.98
ENPH 5.87 2 163.38
CELH 5.86 1 73.31
SITM 5.79 3 203.99
DQ 5.79 4 60.71
LOW 5.78 3 204.09
LH 5.76 2 73.31
VERY 5.74 1 9.8
SI 5.73 1 24.35
ANTM 5.66 3 371.52
HRI 5.63 1 127.03
COST 5.45 3 465.7
LLY 5.39 3 254.84
GWRE 5.32 1 123.12
V 5.11 1 229.09
SPLK 5.11 4 155.25
APPN 5.04 2 106.15
SJ 4.97 1 4.35
AAME 4.94 2 3.92
LIN 4.89 3 311.59
AXP 4.88 1 173.12
HON 4.87 2 229.27
FULC 4.87 3 26.97
YETI 4.85 1 96.63
IMPL 4.85 2 16.605
ZM 4.83 12 293.6
ZG 4.83 3 94.34
GRTS 4.83 3 11.38
PLCE 4.81 1 100.58
HAS 4.75 1 103.98
ABNB 4.71 3 163.93
HCA 4.67 1 249.32
GRVY 4.67 2 101.63
EDIT 4.67 1 56.48
LAZR 4.65 1 16.53
ADI 4.60 1 165.78
TSLA 4.57 141 753.87
STZ 4.57 1 234.27
RACE 4.57 1 212.51
GOOG 4.55 25 2897.67
WSM 4.52 3 175.2
TTWO 4.51 1 159.92
PRTA 4.43 2 71.27
OCG 4.42 3 4.48
CI 4.39 2 217.12
CAT 4.36 2 206.77
DOCN 4.31 1 67.71
DDS 4.31 5 199.5
IMAB 4.28 1 74.53
NEWR 4.27 1 82.6
RL 4.24 2 110.71
COF 4.22 1 159.96
CLDX 4.17 1 55.19
ALEC 4.17 3 21.65
IMNM 4.16 1 16.74
APPS 4.16 1 60.05
AN 4.16 2 6.76
SNA 4.15 1 221.53
VMW 4.12 3 145.73
STE 3.98 1 216.77
SPT 3.95 1 105.63
EAT 3.93 1 50.92
SAVA 3.92 20 46.49
SIEB 3.89 2 3.74
FANG 3.89 1 80.54
AFRM 3.85 3 87.54
BNTC 3.84 1 3.78
VRNT 3.78 1 44.54
SHEN 3.71 1 61.1
OCGN 3.71 2 7.11
BHVN 3.71 2 117.28
KZIA 3.69 1 10.2
PKG 3.68 2 139.12
CTRN 3.67 2 88.64
AMEH 3.61 2 111.1
LAW 3.60 1 65.88
PDD 3.58 4 104.72
QDEL 3.57 1 136.97
DLPN 3.56 3 13.35
AACG 3.56 3 2.71
DOCS 3.54 3 93.75
ADBE 3.54 5 663.22
UHS 3.49 2 157.9
SKT 3.49 1 16.92
GME 3.48 75 198.8
TVTX 3.46 1 22.28
TDC 3.44 1 55.7
OTIS 3.43 1 89.2
SFIX 3.41 1 38.68
RBLX 3.40 4 83.51
FIGS 3.34 2 42.18
EA 3.34 1 144.1
NMRD 3.33 2 6.32
ISCG 3.33 1 51.11
MCD 3.30 2 238.62
BIIB 3.26 3 321.55
UNH 3.25 9 415.39
KURA 3.24 1 19.51
OPNT 3.16 1 17.79
BYND 3.16 2 130.32
BKE 3.14 1 41.56
NURO 3.12 6 10.56
MSGE 3.10 3 80.61
VSCO 3.09 2 63.56
PTON 3.08 1 104.35
OLLI 3.08 1 72.58
XLNX 3.06 4 153.31
KMPH 3.04 1 8.96
CLX 3.04 2 165.71
CREE 3.02 3 83.45
NEGG 3.00 20 16.89
DOMO 3.00 2 79.77
DKS 2.98 5 134.28
J 2.97 1 55.27
ESTC 2.97 3 162.35
UBER 2.96 1 43.03
SEMR 2.96 1 26.17
ARVN 2.96 3 91.88
JRVR 2.95 1 36.02
TSM 2.93 1 117.82
FATE 2.92 1
LOOP 2.88 1 10.47
JCS 2.88 1 6.7
WGO 2.86 1 68.99
DLO 2.85 3 63.49
LITE 2.84 1 80.24
HTBX 2.80 1 6.3
WAFU 2.79 2 7.12
MOXC 2.78 2 7.26
STX 2.76 3 84.33
IRDM 2.75 2 47.05
ABT 2.75 2 129.06
SLS 2.74 1 9.38
PFGC 2.74 1 42.96
MNST 2.74 1 96.84
TNA 2.70 2 88.79
NXPI 2.70 3 208.12
MVIS 2.70 2 13.49
AKAM 2.70 1 112.41
KNBE 2.69 4 25.04
XBI 2.65 4 132.31
PEP 2.63 1 153.0
NCTY 2.63 5 14.33
APP 2.62 2 68
DTST 2.61 1 6.34
DPW 2.61 3 2.75
GS 2.60 6 405
RMBL 2.58 1 34.66
TTD 2.55 5 72.3
IWM 2.55 3 226.16
DEN 2.54 1 70.06
LPX 2.53 1 55.27
FL 2.53 1 58.17
DDL 2.53 1 26.14
CLII 2.53 1 14.36
NTAP 2.52 2 86.98
JBL 2.52 1 62
HOL 2.52 1 12.35
LEXX 2.49 1 6.61
ALXN 2.49 2 182.5
LOGI 2.48 2 107.98
BBY 2.48 4 110.99
CRNC 2.46 2 116.64
TGT 2.44 7 246.11
TASK 2.41 3 70.41
AVXL 2.41 5 18.63
LYEL 2.40 1 17.05
CM 2.39 2 39.74
PLD 2.38 2 128.07
PATI 2.38 1 12.12
PATI 2.38 1 12.12
GIII 2.35 2 29.53
UPS 2.33 5 194.57
SKX 2.32 1 54.16
CYTK 2.32 2 31.12
AGRI 2.32 1 5.53
CHCI 2.31 2 5.47
PRFX 2.29 1 2.75
ATKR 2.27 1 83.82
SQ 2.23 21 254.72
RTX 2.23 1 88.2
DLTR 2.23 2 93.09
TSP 2.22 4 39.89
TJX 2.22 3 69.82
STT 2.22 2 79.72
LMT 2.22 8 351.46
CHGG 2.22 1 85.0
FGEN 2.21 2 12
AMD 2.21 7 106.17
OSTK 2.20 6 68.64
DXC 2.19 1 38.72
XTLB 2.18 1 4.67
TSN 2.17 2 76.17
MDT 2.17 4 135.17
SPG 2.16 2 134.71
SMLP 2.15 1 31.53
STMP 2.14 3 328.62
EXPI 2.14 3 47.01
INCY 2.13 1 77.95
IGIC 2.12 1 9.15
BBWI 2.11 2 64.48
WM 2.10 2 226.16
CERE 2.10 5 34.67
DELL 2.08 5 94.89
ROST 2.06 4 114.25
BON 2.06 1 10.9
ALDX 2.06 1 8.93
MFNC 2.04 1 21.5
BTX 2.04 1 11.61
VLO 2.03 2 66.35
JD 2.03 3 76.25
FLWS 2.02 2 30.4
APRE 2.02 1 4.44
TMUS 2.01 3 133.67
MRIN 2.01 5 5.9
IBM 2.00 4 138.67
DD 1.98 1 97.71
VTSI 1.97 1 8.27
KSS 1.96 6 53.42
JG 1.96 2 2.13
BNR 1.96 2 20.02
NGM 1.94 1 21.4
LI 1.94 2 30.22
AMAT 1.94 4 133.56
RRGB 1.93 1 20.52
LEGN 1.93 3 49.0
BTBT 1.92 7 11.09
BIDU 1.92 115 162.68
NEE 1.91 1 77.22
ZIM 1.89 1 45.51
DG 1.89 3 224.04
FTCH 1.88 1 38.67
LEDS 1.87 2 8.98
HOOD 1.85 12 40.05
ON 1.84 1 104.35
DUK 1.84 1 107.72
DKNG 1.84 2 63.39
AIT 1.83 1 89.31
OSAT 1.82 2 6.03
OKE 1.82 1 51.72
DIS 1.79 6 185.15
ANF 1.79 1 35.78
ARCE 1.78 1 24.04
BLDR 1.77 1 47.31
TTC 1.75 3 107.98
VOXX 1.74 2 10.2
PG 1.72 4 144.6
KODK 1.72 1 7.03
HD 1.71 9 331.58
CHKP 1.71 4 123.87
VMEO 1.70 1 35.94
SILK 1.70 3 64.87
LYFT 1.70 3 49.81
ENOB 1.70 3 7.68
MYGN 1.67 1 34.8
TWTR 1.66 2 68.65
MPC 1.66 1 54.55
SYPR 1.65 2 3.55
FLOW 1.65 3 77.09
KMX 1.64 1 131.39
CRM 1.64 9 262.62
CAH 1.64 3 50.63
LODE 1.63 1 3.06
KYMR 1.63 1
JZXN 1.63 4 3.01
MOS 1.62 1 31.27
IYC 1.62 1 79.89
CRCT 1.61 1 40.58
USB 1.60 3 57.13
SPI 1.60 2 5.65
RMED 1.60 3 3.04
MBRX 1.60 1 3.1
BYSI 1.60 2 23.01
WHLM 1.59 3 5.66
CSIQ 1.59 2 36.39
BZ 1.59 1 34.13
A 1.59 5 178.73
FISV 1.58 5 117
CELC 1.58 2 21.91
RIOT 1.57 2 32.89
GTEC 1.57 2 6.7
CNC 1.57 1 70.47
CARA 1.57 2 15.54
SPTN 1.56 1 21.52
PAYX 1.56 1 112.09
ENTX 1.55 1 4.86
BLFS 1.55 1 52.77
SSY 1.54 2 2.51
FUV 1.54 1 11.04
GIS 1.53 1 60.91
UAL 1.50 1 45.53
SUPN 1.50 1 27.03
ENLV 1.50 1 11.02
BILI 1.50 20 85.8
ZEV 1.49 3 8.94
SGOC 1.48 8 7.12
JNJ 1.48 2 171.9
VCVC 1.46 1 9.85
LGHL 1.46 1 1.36
PINS 1.45 3 54.41
MMM 1.45 5 187.89
EYEG 1.45 1 1.59
EVOL 1.45 1 2.22
BPTH 1.44 1 5.48
SNOA 1.43 3 5.57
SCKT 1.43 3 6.81
GM 1.42 1 52.85
ATVI 1.42 3 80.29
SCHW 1.41 2 71.56
AVIR 1.41 1 25.0
CVS 1.40 3 86.22
CRDF 1.40 1 7.05
NVDA 1.39 139 223.39
ERYP 1.39 2 6.33
EOSE 1.39 2 13.36
COUR 1.39 1 40.91
TNET 1.38 1 79.86
LIVE 1.37 3 37.82
ECOM 1.37 1 25.82
ATNF 1.36 2 5.97
TAOP 1.35 3 2.93
RUN 1.35 4 44.84
BWAY 1.35 1 7.99
WNW 1.34 1 4.94
NLS 1.33 1 13.62
AMC 1.33 52 47.4
SLV 1.32 1 22.17
HOG 1.32 2 40.12
AEO 1.32 2 26.47
VIH 1.31 1 10.36
SPY 1.31 1 450.91
SJM 1.30 6 121.86
AA 1.30 2 23.83
SPCE 1.29 22 25.45
MAT 1.28 2 20.43
LEN 1.28 3 100.98
FRD 1.28 1 11.64
XLV 1.27 1 135.99
RHE 1.27 2 9.32
HJLI 1.27 1 8.27
APXT 1.27 1 12.11
SLGG 1.26 1 3.89
MESO 1.26 1 6.51
JKS 1.26 2 51.62
HHR 1.26 1 42.84
THCB 1.25 1 10
NNVC 1.25 1 3.96
PBTS 1.24 1 1.31
EDSA 1.24 1 5.84
CMMB 1.24 2 14.79
ANPC 1.24 2 3.48
TAP 1.23 2 86.98
C 1.23 4 162.24
RCUS 1.22 1 34.31
NKE 1.22 6 160.71
EYES 1.22 6 3.59
BBBY 1.22 12 24.27
KIRK 1.21 1 21.62
HGEN 1.21 3 15.11
ARAV 1.21 1 4
STEM 1.20 4 23.56
MAXR 1.20 3 30.62
JPM 1.20 12 158.5
CRIS 1.20 2 8.25
CETX 1.20 1 1.21
AMTX 1.20 3 11.91
PALI 1.19 2 2.68
JWN 1.19 3 27.18
QCOM 1.18 7 142.52
PFE 1.18 3 46.51
GRU 1.18 1 4.1935
GRU 1.18 0 4.1935
GRTX 1.18 1 7.59
DFH 1.18 1 20.98
AYRO 1.18 1 3.96
NIU 1.17 3 24.33
CLSK 1.17 1 11.69
SIF 1.16 1 8.07
HGSH 1.16 2 1.78
IMTX 1.15 3 15.12
MARA 1.14 7 37.29
DAL 1.14 4 38.52
VNET 1.13 3 20.97
STG 1.13 1 5.75
NUAN 1.13 1 55.17
ABSI 1.13 1 22.26
RY 1.12 2 105.72
QFIN 1.12 6 25.06
MNOV 1.12 2 4.02
BZUN 1.12 1 19.14
TGTX 1.11 1 29.41
PMCB 1.11 3 3.42
CNET 1.11 1 1.41
BCRX 1.11 5 14.96
OPTT 1.10 1 1.99
GT 1.09 1 15.75
DDD 1.09 8 31.06
ATAI 1.09 1 17.82
SLB 1.08 1 28.43
RSLS 1.08 1 3.07
MTSL 1.08 3 3.37
FCBP 1.08 1 29.1
BAC 1.08 3 37.85
B 1.08 1 45.5
AZYO 1.08 1 9.18
ALF 1.08 2 7.86
XLE 1.07 3 47.71
TTCF 1.07 1 17.03
NETE 1.05 1 9.93
OCUP 1.04 1 5.28
IPA 1.04 2 7.07
FSTX 1.04 1 8
CANF 1.04 1 1.77
ALLO 1.04 1 25.15
FTEK 1.03 2 1.81
COP 1.03 5 55.28
BJ 1.03 5 58.44
AMKR 1.03 1 23.53
ALYA 1.03 3 2.82
QADB 1.02 3 86.67
FAST 1.02 1 53.15
ZCMD 1.01 1 1.6
RCON 1.01 1 3.1
MVST 1.01 4 11.29
LL 1.01 1 97.33
EGRX 1.01 2 47.73
BGFV .99 5 27.78
TRCH .98 2 9.88
NFLX .98 101 606.05
HOFV .98 2 2.89
UAA .97 2 23.83
SKLZ .97 3 11.54
FA .96 1 22.93
DWSN .96 1 2.02
BTWN .95 1 9.91
CGC .94 1 19.19
MO .93 2 12.92
HCM .93 4 39.37
CHPT .93 1 21.67
ABBV .93 4 110.36
LBPH .92 1 10.45
KNL .92 1 25.04
YEXT .91 1 12.73
WFC .91 4 43.13
GEG .90 1 2.31
CRTO .90 1 34.54
YMM .89 1 17.58
PLUG .89 8 25.25
CEMI .89 6 2.61
ACHL .89 1 6.11
HPQ .88 3 28.19
BABA .88 96 170.71
GLD .87 5 167.29
DTSS .87 1 1.94
AFMD .87 1 6.8
VLDR .86 1 6.48
RF .86 1 19.1
LC .86 5 30.44
ATHM .86 2 40.22
SRNE .85 1
SAFM .85 1 193.28
RIDE .85 5 6.17
HNP .85 1 22.11
RKT .84 1 19.21
PTIX .84 2 2.04
HRC .84 3 151.69
BB .84 11 10.39
UUU .83 2 5.99
UAVS .83 1 3.26
LUV .83 3 48.12
IRBO .83 1 44.79
CSCO .83 5 58.68
CNA .83 1 43.9
BLUW .83 2 8.93
SANA .82 1 23.14
MNSO .82 1 16.96
FITB .82 3 38.42
CLF .81 5 23.18
GMBL .80 1 8.42
SWI .79 1 10.88
SCYX .79 1 6.57
PNRG .79 1 55.45
MU .79 4 72.27
MTL .79 1 4.43
BP .79 1 25.64
ZY .78 3 10.33
VVOS .78 4 5.28
OTLK .78 1 2.46
HX .78 1 1.83
GNOG .78 1 22.65
CAI .78 1 56.08
WATT .77 1 2.34
PLTR .77 2 25.58
EXPR .77 3 5.31
NBRV .76 1 1.12
APG .76 1 22.92
GP .75 2 15.19
SHOP .74 5 1477.81
PSTG .74 2 25.86
MQ .74 1 26.07
GTIM .74 1 5.15
GRVI .74 3 5.73
FUBO .74 2 28.38
ATXI .74 1 1.67
VZ .73 2 55.96
VOOV .73 1 145.29
UPC .73 3 2.39
SQBG .73 2 6.24
SPRT .73 18 23.16
RNXT .73 2 9.68
ORPH .73 3 4.98
ORMP .73 9 19.03
NVFY .73 3 2.16
MRK .72 2 16.16
ENSC .72 1 3.6
BTCM .72 4 10.58
ARPO .72 1 2.2
AREC .72 4 2.35
ZKIN .71 2 3.45
TBLA .70 1 9.85
SONO .70 4 38.34
PRPL .70 3 27.32
ORGS .70 1 5.11
OCX .70 1 4.03
JRJC .70 1 4.96
CBAT .70 2 2.85
WIMI .69 1 4.5
BEKE .69 1 20.51
ASM .69 1 0.9901
APOP .69 4 5.91
ONCS .68 1 2.15
INTC .68 5 53.57
BBIG .68 11 10.22
XONE .67 2 24.15
WMT .67 14 147.46
PDCO .67 2 31.85
FOE .67 1 21.01
CLNE .67 1 7.73
BODY .67 1 6.62
VIPS .66 1 14.26
TIGR .66 5 13.26
SSNT .66 1 6.34
RETO .66 1 0.86
ERJ .66 1 15.28
DRN .66 1 26.95
CTKB .66 1 26.04
CRTD .66 3 3.11
AMOM .66 1 36.88
TATT .65 3 5.8
STRO .65 2 20.75
SOHU .65 4 23.29
PCVX .65 1 25.25
OLB .65 1 5.13
LMNL .65 3 2.58
K .65 6 63.05
TESS .64 1 5.71
M .64 5 21.23
LZB .64 2 34.29
GPS .64 5 24.3
FLGC .64 2 7.1
CTIB .64 3 2.07
ANY .64 6 7.08
ACY .64 16 30.7
XLP .63 1 72.61
DNUT .63 3 15.21
CCL .63 4 22.78
ULTA .62 1 388.74
LJPC .62 2 4.08
SPWH .61 1 17.77
SOS .61 2 2.55
SNAP .61 110 74.13
QADB .61 0 86.67
PYPL .61 5 285.23
PLG .61 1 2.58
MRVL .61 5 60.37
IPHA .61 2 5.97
GNLN .61 1 2.65
CL .61 3 77.78
BIOC .61 1 3.52
AMBO .61 1 1.4
PSTV .60 1 1.93
EVK .60 6 2.92
AVCT .60 1 3.5
AMRS .60 1 13.49
VERU .59 3 9.28
UONE .59 3 7.95
BIG .59 2 46.15
ACI .59 4 32.03
WPRT .58 2 3.67
WISH .58 3 6.84
TRIT .58 3 5.18
STAF .58 2 2.07
LTHM .58 4 25.1
EPU .58 2 26.6
AEHR .58 11 8.92
WEI .57 1 0.8533
TQQQ .57 129 150.51
T .56 3 27.6
SBH .56 2 16.56
OBLN .56 3 3.05
MTP .56 1 1.82
KO .56 5 56.47
CLPS .56 1 3.33
CLPS .56 1 3.33
CLOV .56 1 9.45
ARMK .56 3 35.02
VNE .55 6 35.02
UWMC .55 1 7.46
EVGO .55 1 12.44
EOLS .55 1 8.96
APTO .55 2 2.94
WHLR .54 2 3.15
GSM .54 3 8.27
ENZ .54 2 3.64
AUUD .54 5 2.85
ADMA .54 1 1.18
TBIO .53 3 37.55
MEDS .53 5 5
HUYA .53 3 10.84
EQ .53 1 5.73
ENG .53 2 1.98
VIVE .52 1 2.47
TLRY .52 3 12.8
KULR .52 1 2.41
HRL .52 3 42.6
FLO .52 2 24.65
XBIO .51 7 2.63
WOOF .51 2 21.52
VTNR .51 6 6.93
DYAI .51 3 5.84
CPSH .51 1 5.58
AUTL .51 1 6.98
RKDA .49 1 2.31
NRBO .49 2 4.21
MSFT .49 107 300.21
IGC .49 3 1.58
GEVO .49 4 5.79
ARMP .49 1 3.83
XPEV .48 79 39.26
XOM .48 5 54.05
PBR .48 3 9.75
NNDM .48 3 6.12
NIO .48 75 38.14
NEXT .48 2 3.38
DBGI .48 3 2.83
TRIL .47 1 17.35
DARE .47 1 1.68
D .47 6 77.84
BGI .47 1 2.61
VXX .46 3 25.51
UFAB .46 2 2.5
NTEC .46 4 9.63
KBSF .46 2 3.74
INOV .46 1 36.87
GURE .46 1 4.1338
CVV .46 2 5.24
CIEN .46 16 56.25
BCLI .46 1 3.35
TYME .45 4 1.07
TME .45 1 8.92
ONCT .45 2 4.21
ME .45 1 8.03
BLIN .45 7 4.62
ADIL .45 2 4.46
WORX .44 4 2.6
GALT .44 3 3.84
FFHL .44 2 10.243
FCX .43 16 34.37
EVGN .43 1 2.99
COTY .43 4 8.29
CAN .43 4 8.46
ATIF .43 1 4.49
AQMS .43 2 2.12
OBSV .42 2 3.04
KR .42 12 46.29
VSH .41 2 22.71
GTT .41 1 2.36
CTSO .41 3 8.87
ASTR .41 3 11.66
ACOR .41 4 4.34
YJ .40 2 0.8
RRD .40 2 4.85
LIZI .40 4 4.04
GE .40 4 102.58
FBRX .40 1 4.15
DUOT .40 1 6.73
CHRA .40 1 4.92
AAPL .40 107 155.11
OXBR .39 4 3.24
MOMO .39 1 12.92
MDIA .39 2 7.23
CSCW .39 2 1.05
OVID .38 2 3.51
MRTN .38 3 15.37
ANIX .38 1 4.94
AAL .38 8 19.13
HUGE .37 1 1.66
HNST .37 1 13.83
GPK .37 1 18.91
CHMA .37 2 3.76
MRKR .36 1 1.94
JFIN .36 2 4.08
IDEX .36 4 2.23
BNGO .36 11 5.52
AKTX .36 1 1.75
AGNC .36 2 16.18
ADMP .36 1 1.08
ACB .36 3 6.89
MFGP .35 1 5.49
IRIX .35 3 7.1
CLSD .35 3 6.56
BSQR .35 13 2.47
AESE .35 1 1.85
XELB .34 2 1.68
HWCC .34 1 5.24
ENVB .34 2 3.04
LMFA .33 4 4.43
GTS .33 1 35.56
BHTG .33 1 1.41
AZN .33 7 57.07
VBLT .32 2 2.5
TAL .32 2 5.31
SPCB .32 2 1.15
MINM .32 2 2.11
IMMP .32 3 4.14
BKYI .32 1 3.15
WINT .31 3 1.83
ULBI .31 2 8.03
PIRS .31 5 5.23
FENC .31 1 7.88
DMAC .31 2 4.09
AEY .31 1 2.51
HAPP .30 1 1.14
HUSN .29 4 2.66
AXLA .29 1 3.29
NKLA .28 14 9.95
MITO .28 1 1.33
IMMR .28 2 7.22
ALTO .28 3 4.63
NAOV .27 11 2.32
PPBT .26 1 4.81
PME .26 1 0.6991
ATOS .26 4 3.56
SBS .25 2 6.36
PBLA .25 1 2.34
RAIL .24 4 5.12
IKT .24 1 2.31
GBR .24 1 4.15
PYPL .23 13 285.23
MOGO .23 3 4.76
ACHV .23 1 7.76
THTX .22 1 3.71
SSKN .22 1 1.51
OXY .22 22 24.91
JFU .22 3 1.91
GENE .22 2 3.37
DYNT .22 5 1.27
XELA .21 6 2.31
VIEW .21 1 5.16
TENX .21 1 1.45
KXIN .21 5 3.09
ALAC .21 2 11.29
ZNGA .20 2 8.11
PHUN .20 5 1.05
ENSV .20 1 1.24
EKSO .20 1 4.55
NBEV .19 1 2.27
AGEN .19 4 6.36
TELL .18 5 3.02
OSMT .18 3 3.28
ET .18 2 34.19
DBVT .18 3 5.44
PPC .17 2 28.05
ORGO .17 1 15.92
MRO .17 6 11.19
LIVX .17 2 2.94
IRCP .17 1 2.99
GSAT .17 1 2.69
GMTX .17 1 4.9
FCEL .17 126 5.72
SSL .16 5 15
SNES .16 2 1.65
RAVN .16 2 58.24
INFI .16 4 3.64
HFBL .16 1 18.25
IMV .15 2 1.78
GRUB .15 3 18.25
CHNG .15 2 21.97
SYKE .14 3 54
OEG .14 1 3.04
INM .14 1 2.12
IEC .14 1 15.32
EDU .14 1 2.28
SVBI .13 1 12.35
LMRK .13 1 16.47
ESXB .13 1 10.84
CRON .13 4 6.92
SBBP .12 2 2.2
RIG .12 2 3.5
PSTX .12 1 8.45
CHNR .12 4 1.25
VERB .11 6 1.96
SNMP .11 2 0.965
MOHO .11 3 0.646
GBS .11 1 3.48
FENG .11 2 1.29
CALA .11 1 2.35
XLK .10 3 158.79
SLHG .10 1 2.66
EDTK .10 2 1.47
CNFR .10 2 3.24
AEMD .10 2 3.57
WTER .09 2 1.79
TEDU .09 2 1.43
SELF .09 1 5.33
PRPO .09 3 3.14
NOK .09 2 6.12
AEI .09 2 2.57
MDNA .08 7 2.57
MBII .08 1 1.2
MARK .08 2 1.16
CLDR .08 1 15.93
BQ .08 2 2.76
NEPT .07 2 0.617
KDMN .07 1 9.07
ITRO .07 1 1.27
ITRN .07 3 26.1
WYNN .06 3 96.15
PSP .06 2 16.225
FRO .06 5 7.74
ULTA .05 12 388.74
FRBK .05 1 3.23
WYNN .04 4 96.15
VTGN .04 3 3.12
SHOP .04 88 1477.81
PBT .04 2 5.1736
CXP .04 1 19
AVGR .04 7 0.84
VCAR .03 1 12.1243
SNDL .03 1 0.76
SIC .03 1 14.35
FB .03 93 377.57
DFP .03 1 29.17
NWHM .02 1 8.99
KIN .02 2 9.25
IACB .02 2 9.855
FB .02 100 377.57
DSE .02 1 9.49
BLNK .02 11 31.21
BEST .02 2 1.06
SLVO .01 2 5.46
PMD .01 1 7.68
INFL .01 2 30.1
WMPN 0 4 12.37
202PENN %:
RTLR -.01 7 11.36
EIC -.08 1 16.24
NSYS -.12 1 12.6552
