EJH 5.21 6 2.81 11.124
LAIX 1.72 4 0.8804 7.812
SCPS 3.34 7 3.56 6.566
EEIQ 4.33 5 4.11 5.265
NEGG 3.07 20 12.27 5.000
NVOS 1.65 5 1.725 4.780
AACG 2.14 5 2.33 4.590
CPOP 2.34 5 2.94 3.975
VRPX 1.77 9 4.22 3.771
DPW 1.56 5 2.09 3.730
AUVI 2.56 8 5.55 3.688
JZXN 1.63 4 2.21 2.948
JG 1.30 3 1.5 2.598
NRXP 3.30 7 8.92 2.583
EYES 1.22 6 2.89 2.532
JAN 3.24 5 6.42 2.520
FCEL .18 130 9.28 2.470
SIEB 1.53 5 3.25 2.350
KOSS 5.35 7 16.3 2.296
AAME 1.97 5 4.4 2.235
NAOV .27 11 1.43 2.068
AGRI .95 5 2.3 2.065
HX 1.40 6 4.21 1.992
CEMI .60 8 2.45 1.952
NURO 1.47 11 8.26 1.947
BSQR .35 13 2.34 1.937
TYME .45 4 1.01 1.780
SGOC 1.19 9 6.1 1.755
AMC 1.21 57 40.05 1.710
INDP 2.52 5 7.75 1.625
MRIN 2.01 5 6.32 1.590
SPCE 1.26 24 19.62 1.536
DWAC 30.01 3 58.84 1.530
IRNT 3.02 6 11.8 1.530
CARV 3.92 6 15.44 1.518
CRTD .81 6 3.42 1.416
GRTS 2.64 6 11.25 1.404
RMED .72 6 3.09 1.398
SPRT .81 20 11.8 1.360
BBIG .30 20 4.47 1.340
AREC .62 5 2.32 1.335
TAOP 1.35 3 3.13 1.293
NCTY 2.63 5 10.51 1.250
BTBT 1.45 10 11.58 1.250
WAVE 1.72 5 7 1.225
OCGN 1.12 11 10.06 1.221
BIDU 1.78 117 162.58 1.170
SNAP .57 113 52.26 1.130
SSY .91 3 2.42 1.128
ALYA 1.03 3 2.74 1.125
CSCW .39 2 0.6953 1.120
LMNL .65 3 1.75 1.113
NMRD 1.66 4 5.95 1.112
EVK .60 6 3.25 1.104
PMCB 1.11 3 3.02 1.101
PHUN .42 11 4.19 1.100
JCS 1.40 3 3.82 1.098
HGSH 1.16 2 2.11 1.098
AUUD .41 7 2.64 1.085
GME 2.99 82 217.84 1.066
FTEK .69 3 1.94 1.065
LHDX 1.58 4 5.95 1.060
MARK .46 4 1.78 1.032
CTIB .40 5 1.9373 1.030
CHCI 1.54 3 4.5 1.026
BNTC 1.24 3 3.69 1.008
DLPN 2.14 5 10.6 1.005
ERYP .89 3 2.65 1.005
WORX .44 4 1.75 1.004
PBTS 1.24 1 1.25 .992
YJ .40 2 0.82 .974
IGC .49 3 1.51 .972
ANPC 1.24 2 2.57 .964
MTSL 1.08 3 3.37 .960
BLIN .41 8 3.39 .960
WAFU 1.50 4 6.26 .956
NVFY .73 3 2.32 .942
UPC .73 3 2.39 .915
NIO .54 76 43.12 .912
TPST 2.19 5 12.2 .895
PRFX .77 3 2.59 .891
ACRS 2.12 7 16.84 .875
MOXC 1.33 4 6.1 .872
SJ 1.24 4 5.68 .872
HOFV .98 2 2.32 .844
SAVA 2.65 27 84.4 .837
WHLM 1.20 4 5.74 .836
BB .84 11 10.94 .836
CETX 1.20 1 1.47 .816
PTIX .84 2 2.06 .814
SYPR .80 4 4.07 .784
VVOS .78 4 3.99 .780
GRTX .50 3 1.96 .765
IMPL 1.70 5 11.33 .750
RIDE .85 5 5.74 .740
PALI .71 3 2.88 .738
ADGI 3.21 7 30.3 .735
EYEG 1.45 1 1.98 .732
SNOA 1.43 3 5.86 .732
LODE .56 3 2.3 .729
XPEV .47 81 47.84 .729
ASM .69 1 0.9489 .727
ANVS 3.73 6 30.78 .726
FULC 2.54 6 21.15 .720
BNGO .36 12 5.93 .720
DYNT .22 5 1.52 .720
IDEX .36 4 2.01 .716
EBET 3.45 6 29.01 .708
OSAT 1.21 3 5.14 .705
CNET 1.11 1 1.58 .702
BBBY 1.02 14 20.17 .700
NVAX 10.57 12 179.41 .696
SPCB .32 2 0.919 .696
MVIS 1.51 4 8.72 .692
VERY 1.39 4 8.01 .692
CANF 1.04 1 1.52 .684
HCWB 1.14 2 3.4 .670
STAF .58 2 1.77 .654
VTNR .39 8 4.78 .648
OPAD 1.25 4 7.73 .644
MNOV 1.12 2 3.5 .640
CBAT .70 2 2.19 .638
SPI 1.06 3 4.99 .636
KALV 1.44 8 18.07 .632
AQMS .39 3 1.86 .627
MEDS .53 5 4.22 .625
MBRX .81 2 2.61 .620
TERN 1.53 4 9.98 .612
WEI .57 1 0.9397 .606
DTST .84 3 4.18 .600
RETO .66 1 1.11 .594
NBRV .76 1 1.31 .580
TIGR .50 8 6.9 .576
SOS .61 2 2.14 .570
ZCMD 1.01 1 1.7816 .566
VYGR 1.06 2 3.78 .560
EXPR .47 5 4.27 .550
OBLN .56 3 3.05 .549
EVOL .74 2 2.7 .548
HOOD 1.59 13 37.07 .546
GTEC 1.57 2 5.73 .546
DBGI .42 5 3.85 .545
XTLB 1.09 2 4 .544
LIZI .40 4 2.94 .544
ANY .23 16 6.66 .544
ORPH .57 4 4.24 .536
HTBX 1.46 2 5.47 .532
ZEV 1.17 4 8.78 .532
AVXL 2.41 5 22.64 .530
COHN 1.95 5 18.38 .530
ATNF .90 3 5.09 .528
IPHA .78 4 5.92 .524
LGHL .30 4 2.28 .524
BCRX .68 9 11.61 .522
ENOB 1.18 4 9.15 .512
HUSN .29 4 2.26 .512
GOVX .35 6 4.1 .510
WINT .31 3 1.82 .510
LWAC 1.73 5 16.98 .505
ALEC 2.10 6 24.91 .504
OPTT 1.10 1 2.18 .504
WBX 8.99 1 17.97 .500
MOHO .11 3 0.6593 .498
ZKIN .71 2 2.93 .484
NRBO .49 2 2.02 .484
FLGC .46 5 4.76 .480
VERB .12 8 2 .480
KXIN .17 6 2.13 .474
SCKT .74 4 6.25 .472
GEG .90 1 1.91 .471
APTO .39 3 2.48 .471
AMBO .61 1 1.31 .465
TSLA 4.31 151 1229.91 .453
NVDA 1.12 149 298.01 .447
ATXI .74 1 1.66 .445
JFU .22 3 1.48 .444
HGEN 1.21 3 8.2 .441
GRVI .74 3 5.02 .441
ALF 1.08 2 4.92 .438
GLSI 3.27 5 37.17 .435
LEDS 1.24 3 8.52 .435
RCON .51 2 2.34 .434
GFAI .51 2 2.36 .432
RFL .71 5 8.18 .430
PENN 2.72 9 57.4 .423
NTRB 1.15 2 5.445 .422
XELB .34 2 1.62 .418
ENVB .27 3 1.94 .417
GROM .76 2 3.66 .414
MINM .32 2 1.55 .412
TQQQ .56 137 169.93 .411
GALT .44 3 3.22 .408
ACOR .41 4 3.99 .408
OXBR .30 5 3.69 .405
GNLN .36 2 1.78 .404
KNBE 1.81 6 26.98 .402
DTSS .87 1 2.16 .402
APRE .69 3 5.12 .402
WHLR .54 2 2.71 .398
LEXX .84 3 6.34 .396
TRCH .98 2 4.95 .394
BPTH .95 2 4.8 .394
BABA .78 98 164.79 .392
RSLS .27 4 2.78 .388
LIFE 1.09 3 8.5 .384
WNW 1.34 1 3.5 .382
ADMA .54 1 1.41 .382
ACY .99 19 47.36 .380
MVST .71 5 9.28 .380
ONCS .68 1 1.8 .377
AYRO .60 2 3.18 .376
DWSN .44 2 2.33 .376
PME .26 1 0.6905 .376
SLGG .64 2 3.42 .374
AVGR .04 7 0.744 .371
ENTX .77 2 4.16 .370
ATOS .21 5 2.81 .370
CRIS 1.20 2 6.54 .366
UONE .37 7 7 .364
ENG .30 3 2.47 .363
OTLK .38 2 2.09 .362
DYAI .51 3 4.22 .360
UAVS .36 3 3.01 .357
BILI 1.28 22 75.48 .352
CHNR .12 4 1.36 .352
PIRS .23 7 4.52 .350
RHE 1.27 2 7.27 .348
OBSV .18 5 2.58 .345
FGEN 1.47 3 12.89 .342
WISH .58 3 5.07 .342
ADMP .36 1 1.05 .342
MRNA 2.92 34 284.02 .340
IPA 1.04 2 6.1 .340
BTCM .72 4 8.47 .340
AGEN .15 10 4.29 .340
GRU 1.51 1 4.475 .337
DQ 3.36 7 69.31 .336
ZG 3.78 6 68.52 .330
WATT .32 2 1.95 .328
ARPO .72 1 2.2 .327
MTP .56 1 1.72 .325
PSTV .60 1 1.85 .324
KMPH 1.03 3 9.6 .321
GDEV .87 3 8.06 .321
WPRT .58 2 3.62 .320
ENZ .54 2 3.39 .318
NEXT .29 4 3.64 .316
RAPT 1.77 7 38.95 .315
NNOX 1.69 5 26.57 .315
APOP .84 5 13.17 .315
OLB .77 3 7.31 .315
ARAV 1.21 1 3.86 .313
ENSC .72 1 2.3 .313
HAPP .30 1 0.9558 .313
SGBX .32 3 3.05 .312
AVCT .60 1 1.93 .310
XELA .09 7 2.005 .308
BNTX 4.85 18 273.94 .306
JRJC .67 3 6.56 .306
DARE .47 1 1.54 .305
LJPC .62 2 4.08 .302
KBSF .46 2 3.05 .300
NKLA .31 15 15.44 .300
TRIT .34 5 5.69 .295
AVIR 1.14 3 11.78 .288
TATT .65 3 6.71 .288
BON .62 3 6.455 .288
OSMT .13 4 1.8 .288
GPN 3.54 11 135.63 .286
UFAB .46 2 3.2 .286
SLS .91 3 9.53 .285
CCXI 3.66 3 38.77 .282
ADIL .45 2 3.17 .282
DDD .90 10 31.81 .280
QFIN .76 8 21.21 .280
CLF .63 10 22.18 .280
GSM .27 7 6.67 .280
SBEA 1.45 2 10.42 .278
VOXX 1.16 3 12.54 .276
CERE 1.78 7 44.64 .273
CTSO .42 4 6.11 .272
BHTG .33 1 1.21 .272
NEPT .07 2 0.5142 .272
IMMR .33 6 7.26 .270
VBLT .32 2 2.36 .270
BBLG 1.14 1 4.2252 .269
GMBL .88 2 6.54 .268
RNXT .73 2 5.44 .268
BNR 1.30 3 14.58 .267
IMTX 1.15 3 12.82 .267
LMFA .35 5 6.59 .265
MTTR .69 8 20.32 .264
IFRX .62 2 4.69 .264
GEVO .49 4 7.35 .264
XBIO .06 8 1.81 .264
BGFV 1.20 7 31.81 .259
PBR .31 8 9.53 .256
RKDA .49 1 1.93 .253
FCX .42 23 37 .253
DBVT .07 11 3 .253
APPS 3.13 6 72.96 .252
EOSE 1.39 2 11.08 .250
CMMB 1.24 2 9.86 .250
HUGE .37 1 1.48 .250
LAZR 1.40 3 16.77 .249
IGIC .70 3 8.35 .249
IMNM 1.42 4 22.64 .248
DOCS 3.04 6 72.67 .246
FLGT 4.22 5 85.49 .245
MITO .28 1 1.14 .245
RLMD 1.57 4 25.38 .244
BTX 1.13 2 9.2 .244
VTSI .98 2 8.03 .244
LYEL 1.21 3 14.93 .243
NNVC .44 3 5.37 .243
MRKR .36 1 1.49 .241
NVCR 2.63 10 106.9 .240
OCUP 1.04 1 4.33 .240
INFI .16 4 2.64 .240
MTL .12 8 3.93 .240
PLG .61 1 2.55 .239
UPST 4.74 17 321.71 .238
KODK .86 2 7.18 .238
BYSI 1.25 3 15.76 .237
NNDM .48 3 6.05 .237
SDC .64 2 5.38 .236
ALDX 1.09 2 9.24 .234
STG 1.13 1 4.85 .232
SQBG .73 2 6.24 .232
SKLZ .67 4 11.4 .232
AFRM 3.62 11 168.52 .231
CRDF 1.40 1 6.09 .229
KURA 1.39 3 18.06 .228
VIVE .26 2 2.3 .226
DELL 1.75 7 54.57 .224
ZY .78 3 10.5 .222
TSP 1.75 5 39.54 .220
ONCT .45 2 4.07 .220
SALM .20 4 3.62 .220
TEDU .09 2 0.8199 .218
AAPL .32 108 150.96 .216
AKTX .36 1 1.68 .214
FB .75 106 335.85 .212
ASTR .53 4 9.85 .212
RAIL .24 4 4.5 .212
ZM 4.40 14 282.2 .210
TELL .13 7 4.29 .210
W 6.80 8 255.57 .208
VNET 1.13 3 16.3 .207
OVID .38 2 3.67 .206
SNES .16 2 1.54 .206
CHGG 2.17 3 31.63 .204
HOL .84 3 12.35 .204
OCX .70 1 3.42 .204
TASK 1.74 7 59.06 .203
VERU .59 3 8.68 .201
AEHR .23 25 25.66 .200
ZLAB 3.42 6 102.73 .198
PLUG .92 9 40.23 .198
IMMP .32 3 4.8 .198
MESO 1.26 1 6.39 .197
SE 5.17 14 356.95 .196
RBLX 2.36 7 82.53 .196
KSS 1.63 7 56.87 .196
CHMA .37 2 3.76 .196
WIMI .27 4 5.45 .196
ORMP .40 13 26.49 .195
CLSD .35 3 5.35 .195
EZFL .57 1 2.93 .194
KULR .33 2 3.4 .194
PETZ .41 2 4.26 .192
MDNA .05 8 2.04 .192
DDS 6.22 9 286.68 .189
M .67 9 30.74 .189
HUYA .53 3 8.38 .189
NTEC .46 4 9.63 .188
CVV .46 2 4.875 .188
OCG .23 4 4.8 .188
AMZN 8.18 93 3477 .186
MDIA .50 3 7.99 .186
CAN .43 4 9.29 .184
AESE .35 1 1.9 .184
IMV .15 2 1.63 .184
OPNT 1.39 3 22.51 .183
DKS 1.82 13 129.53 .182
OCG .07 13 4.8 .182
EXPI 1.38 6 45.36 .180
AZYO 1.08 1 5.9737 .180
GPS .75 6 24.59 .180
BODY .47 2 5.18 .180
JFIN .36 2 4.02 .178
CARA 1.57 2 17.65 .176
MQ 1.26 4 28.23 .176
LOOP .74 4 16.55 .176
CLII .84 3 14.36 .174
CLPS .56 1 3.22 .173
CLPS .56 1 3.22 .173
GTT .41 1 2.36 .173
BLUW .83 2 9.63 .172
AMTX 1.20 3 20.95 .171
ERJ .53 5 15.52 .170
SNMP .11 2 1.29 .170
OSTK 2.60 7 104.89 .168
LCID 2.11 3 37.12 .168
MOSY .55 2 6.51 .168
MOGO .24 4 5.65 .168
LEGN 1.61 5 48.75 .165
SKT 1.17 3 21.27 .165
CELC 1.05 3 18.85 .165
BWAY .68 2 8.21 .164
MAT 1.16 3 21.47 .162
TAL .32 2 3.95 .162
AXLA .26 2 3.19 .162
VIR 1.21 5 36.68 .160
PRTA 1.18 8 56.43 .160
NETE 1.04 2 13.09 .158
EVGN .43 1 2.74 .156
ACB .36 3 6.85 .156
TWTR 1.69 5 53.68 .155
DLO 1.53 5 48.33 .155
TTD 1.62 7 72.43 .154
NLS .84 2 10.82 .154
GTIM .74 1 4.86 .152
CCJ .53 8 27.15 .152
BCLI .46 1 3.01 .152
FENG .11 2 1.44 .152
ORGS .70 1 4.62 .151
DE 5.37 10 350.85 .150
SIF 1.16 1 7.7 .150
ALTO .28 3 5.52 .150
VCVC 1.46 1 9.85 .148
SHOP 32.80 7 1540.56 .147
IAC 3.19 7 149.99 .147
FSTX 1.04 1 7.05 .147
LYFT 1.43 5 49.14 .145
EDSA 1.24 1 8.54 .145
SCR 1.05 5 35.58 .145
ENSV .20 1 1.37 .145
MSTR 14.75 8 800 .144
IRDM 1.55 4 42.32 .144
GIII 1.11 4 30.63 .144
SOFI .85 4 23.29 .144
TLRY .52 3 10.81 .144
DMAC .31 2 4.3 .144
BGI .23 2 3.19 .144
RIG .09 6 3.65 .144
SCYX .79 1 5.5 .143
GSAT .12 2 1.69 .142
BKKT 4.57 1 32.36 .141
VIH 1.31 1 9.36 .139
AEY .31 1 2.23 .139
SQ 1.73 23 247.46 .138
LBPH .92 1 6.62 .138
ME .45 4 12.87 .136
EDTK .10 2 1.46 .136
DUOL 7.27 3 158.59 .135
DNUT .63 3 13.86 .135
KR .40 15 43.42 .135
AAL .32 9 20.63 .135
TENX .21 1 1.55 .135
AFMD .87 1 6.46 .134
ARVN 1.91 7 96.21 .133
VLDR .86 1 6.46 .133
CIEN .44 19 60.82 .133
DKNG .99 6 44.68 .132
ISEE .62 4 18.78 .132
SOHU .47 6 20.8 .132
LTHM .38 11 30.91 .132
GENE .13 3 2.92 .132
DLTR 2.90 5 108.07 .130
CELH 2.77 5 103.95 .130
FIGS 1.12 5 41.76 .130
LIVE 1.37 3 31.74 .129
NIU 1.17 3 26.94 .129
IONQ .72 3 16.43 .129
AMEH 1.16 8 72.39 .128
PFE .72 8 43.85 .128
MARA .52 16 64.29 .128
MRO .14 16 16.57 .128
SAM 9.40 7 505.2 .126
ZIM 1.15 6 53.17 .126
AUPH .69 6 31.9 .126
THCB 1.25 1 10 .125
ARMP .49 1 3.9 .125
PBLA .25 1 2 .125
FUV 1.54 1 12.4 .124
NGM 1.25 2 20.11 .124
SRNE .85 1 6.9 .123
FBRX .40 1 3.23 .123
CIFR .35 3 8.51 .123
HJLI 1.27 1 10.38 .122
DPZ 5.62 11 509.38 .121
ACHL .89 1 7.31 .121
SPLK 4.15 5 166.44 .120
PDD 2.15 5 86.67 .120
LI 1.29 3 31.96 .120
CYTK 1.17 4 38.97 .120
SHEN 1.11 3 27.49 .120
DAL 1.02 5 40.99 .120
SONO .70 6 34.5 .120
IRIX .35 3 8.73 .120
SBBP .12 2 2 .120
SSKN .22 1 1.86 .118
NBEV .19 1 1.6 .118
CMTL 3.13 1 26.73 .117
AA .62 9 46.37 .117
HCM .93 4 31.16 .116
HIPO .25 2 4.26 .116
SI 5.04 5 215.96 .115
SBS .15 5 6.41 .115
EDIT 1.47 3 37.84 .114
RIOT 1.25 3 32.72 .114
TVTX 1.19 3 30.89 .114
ALLO 1.11 2 19.43 .114
PRPO .09 3 2.35 .114
SEMR 1.48 2 26.27 .112
MSFT .41 112 336.44 .112
TESS .34 2 6.01 .112
IKT .24 1 2.13 .112
SSL .14 14 17.14 .112
JWN 1.19 3 32.03 .111
AMD 1.50 11 137.5 .110
CPE 1.27 5 56.06 .110
LIVX .17 2 3.07 .110
ATIF .43 1 3.93 .109
CAH 1.34 4 49.16 .108
GT 1.16 2 21.45 .108
ARCE .89 2 16.42 .108
ENLV .49 2 8.98 .108
AUTL .31 2 5.65 .108
CPG .09 6 4.8 .108
SSNT .66 1 6.17 .106
WTER .09 2 1.68 .106
RGEN 4.41 7 277.03 .105
CAT 3.09 7 203.59 .105
MRUS 1.10 3 31.39 .105
UBER .97 5 45.27 .105
NFLX .76 105 668.4 .105
PRPL .70 3 19.75 .105
AN 1.67 8 122.03 .104
GH 1.57 8 114.8 .104
APXT 1.27 1 12.11 .104
MAXR .83 4 31.88 .104
GDYN 3.03 1 29.23 .103
BKYI .32 1 3.1 .103
VMW 2.23 6 128.27 .102
CLDX 1.61 3 46.53 .102
ORCL .37 34 95.63 .102
MSGE 1.88 4 73.43 .100
CREE 1.64 5 79.12 .100
ULBI .31 2 6.11 .100
REGN 7.44 9 647.63 .099
ASAN 1.50 9 131.67 .099
RMBL 1.41 3 42.59 .099
GP .49 3 14.44 .099
AEO 1.32 2 26.49 .098
CNC 2.42 3 73.77 .096
VLO 1.86 4 76.35 .096
FISV 1.64 6 101.97 .096
VSCO 1.28 4 51.68 .096
ACI .43 8 34.75 .096
CRON .13 4 5.41 .096
LAD 6.41 5 329.72 .095
RUN 1.10 5 57.75 .095
BTWN .95 1 9.92 .095
MOS .76 5 38.8 .095
CCL .45 5 22.88 .095
JRVR 1.48 2 30.91 .094
MFNC 1.02 2 21.5 .094
CHRA .40 1 4.24 .094
TOST 5.65 1 60.26 .093
PTGX 1.05 3 33.86 .093
CPSH .51 1 5.47 .093
NXTP .14 1 1.5 .093
SKX 1.09 4 47.14 .092
RRGB .96 2 20.81 .092
HOG .90 4 37.79 .092
FFHL .44 2 9.45 .092
INM .14 1 1.51 .092
FRD 1.28 1 13.9899 .091
JKS 1.76 3 57.75 .090
UAA .78 3 25.93 .090
VNE .55 6 35.29 .090
STEM .47 5 24.98 .090
PYPL 2.54 8 228.22 .088
DASH 2.38 8 207.44 .088
BAC 1.06 4 47.33 .088
PINS 1.00 4 43.64 .088
MBII .08 1 0.9078 .088
BIGC 3.98 1 45.85 .086
EVGO .43 2 9.96 .086
AEI .09 2 2.09 .086
XBI 2.27 5 133.21 .085
JD 1.44 5 80.3 .085
LUV .85 5 49.07 .085
RRD .16 5 9.02 .085
ABNB 2.23 7 178.45 .084
KMB 1.96 6 131.25 .084
TMUS 1.73 6 122.65 .084
OVV 1.51 2 35.74 .084
GRVY 1.33 7 103.21 .084
EAT 1.21 3 42.71 .084
JPM 1.20 12 168.29 .084
ON .89 6 59.86 .084
BJ .79 7 61.54 .084
FLWS .75 4 34.29 .084
COUR 1.32 2 32.14 .082
YPF .17 2 4.11 .082
VRNT 1.32 3 47.24 .081
BKE 1.30 3 47.58 .081
GURE .46 1 5.6209 .081
AEMD .09 3 3.31 .081
MDB 5.88 8 535.08 .080
GKOS 4.45 1 55.01 .080
LMT 2.70 10 335.5 .080
PKG 2.17 5 134.4 .080
BBY 2.06 5 128.61 .080
MDT 1.95 5 120.69 .080
ACMR 1.83 5 108.64 .080
DIS 1.80 8 170.28 .080
CTRN 1.77 4 84.96 .080
SFIX 1.46 2 35.74 .080
USB 1.25 4 60.28 .080
DDL 1.22 2 30.21 .080
IMAB 1.00 5 62.49 .080
HPQ .63 4 31.33 .080
YMM .58 2 14.32 .080
EQ .53 1 6.62 .080
EQOS .46 1 5.74 .080
LC .39 10 45.61 .080
RVI .24 2 5.94 .080
BQ .08 2 1.99 .080
RL 1.69 6 124.36 .078
BCYC 1.49 3 56.97 .078
PFGC 1.21 3 46.28 .078
INTC .70 6 50.31 .078
EL 3.86 7 339.75 .077
FRO .07 11 8.98 .077
XM 1.66 2 43.2 .076
UWMC .55 1 7.23 .076
EOLS .55 1 7.23 .076
DUOT .40 1 5.2146 .076
HNST .35 2 9.21 .076
ABCL 1.31 1 17.37 .075
DFH 1.18 1 15.78 .074
RCAT .10 2 2.7 .074
SIVB 7.01 8 751.18 .072
ENPH 3.10 6 242.6 .072
IWM 2.93 6 238.55 .072
TJX 1.32 4 69.74 .072
C 1.23 4 67 .072
MS .97 8 99.79 .072
YEXT .91 1 12.57 .072
SJM .78 12 124.81 .072
SLB .60 4 33.15 .072
CLOV .56 1 7.69 .072
CSCO .52 8 57.12 .072
DRN .48 4 26.41 .072
ABUS .14 2 3.88 .072
TBLA .70 1 9.85 .071
CLNE .67 1 9.33 .071
BIIB 4.00 5 280.41 .070
A 1.64 7 157.65 .070
BYND 1.46 5 102.52 .070
TWST 1.37 7 135.46 .070
IBM 1.31 7 120.85 .070
LOGI 1.16 5 80.84 .070
CGC .94 1 13.26 .070
SLV .79 2 22 .070
KZIA .41 2 11.54 .070
XPDI .10 10 12.85 .070
CNFR .10 2 2.79 .070
TDC 1.32 3 56.89 .069
ANIX .38 1 5.5 .069
ROST 2.08 4 117.59 .068
TSN 1.42 4 81.07 .068
SMLP 1.07 2 31.41 .068
FL .92 4 52.16 .068
WFC .91 4 50.62 .068
VMEO .85 2 24.49 .068
EDU .14 1 2.03 .068
THC 4.91 1 72.72 .067
UNH 3.07 11 456.76 .066
FATE 1.36 3 59.65 .066
ABSI 1.13 1 17.02 .066
MO 1.00 3 44.61 .066
T .56 3 24.8 .066
SBH .56 2 16.9 .066
VXX .46 3 20.05 .066
FANG 1.53 5 112.76 .065
BZUN 1.12 1 17.17 .065
SNOW 2.91 8 356.79 .064
TSCO 1.77 8 218.07 .064
TTC 1.60 4 97.88 .064
BZ 1.15 2 35.33 .064
ATVI 1.15 4 68.23 .064
DXC 1.11 2 33.83 .064
MYGN .98 2 30.44 .064
CRCT .96 2 29.46 .064
APP .81 8 98.55 .064
WMT .70 16 151.28 .064
K .51 8 62.91 .064
HWCC .34 1 5.3 .064
SWN .16 2 4.89 .064
ROKU 2.89 7 289.39 .063
V 2.08 7 208.78 .063
LAW 1.23 3 57.47 .063
STX .76 9 95.3 .063
SBTX .57 1 9 .063
MRTN .38 3 17.33 .063
GBR .24 1 3.83 .062
THTX .22 1 3.5 .062
ATAI 1.09 1 17.8 .061
SNPS 3.69 6 341.72 .060
SEDG 3.56 6 349.83 .060
MA 3.51 6 335.43 .060
WSM 2.54 5 207.38 .060
ABT 1.33 6 129.09 .060
NEWR 1.30 4 85.82 .060
CHKP 1.25 6 115.84 .060
COP .78 6 73.31 .060
PATI .50 2 16.29 .060
ORGO .35 2 11.44 .060
AZN .32 12 63.83 .060
VTGN .03 5 2.43 .060
FLXN .55 1 9.21 .059
TTCF 1.07 1 18.23 .058
PLTR .77 2 26.47 .058
AMKR .70 2 23.4 .058
VIPS .66 1 11.25 .058
PPBT .26 1 4.41 .058
TME .45 1 7.87 .057
CALA .11 1 1.9 .057
DPST 3.25 1 57.08 .056
LLY 2.28 7 271 .056
CM 1.70 4 120.28 .056
XLNX 1.56 8 198.14 .056
CRNC 1.55 4 109.86 .056
AMAT 1.16 8 150.13 .056
LL 1.01 1 17.99 .056
MRK .74 7 90.54 .056
CSIQ .58 4 39.58 .056
SILK .52 7 60.06 .056
ZNGA .20 2 7.05 .056
IRCP .04 4 2.8 .056
SITM 3.41 5 290 .055
HAS 1.13 5 94.82 .055
HRL .48 5 43.14 .055
ITRO .07 1 1.27 .055
LII 2.97 6 301 .054
ADSK 2.96 6 318.97 .054
SPT 1.25 6 125.48 .054
LPX 1.24 3 66.99 .054
FITB .82 3 43.98 .054
STRO .65 2 23.53 .054
APG .62 2 22.96 .054
RSI .55 2 19.83 .054
KO .51 6 56.6 .054
ECOM 1.37 1 25.46 .053
CLSK 1.17 1 21.97 .053
EVA 3.59 1 67.86 .052
KEYS 2.52 4 186.06 .052
DOMO 1.26 4 90.05 .052
TAP 1.23 2 46.21 .052
SCHW 1.13 4 81.45 .052
INCY .93 4 67.49 .052
PSTG .74 2 27.41 .052
FLO .35 4 25.27 .052
EKSO .11 2 4.23 .052
TSC 1.55 1 30.32 .051
OEG .14 1 2.71 .051
NXPI 2.32 5 219.26 .050
AMGN 2.27 5 214.93 .050
KYMR 1.69 2 65.01 .050
GWRE 1.30 5 123.85 .050
UAL 1.27 2 49.14 .050
GGAL .57 1 11.34 .050
GBS .11 1 2.19 .050
LOW 1.83 7 237.78 .049
ROLL 1.78 7 229.96 .049
HON 1.76 7 222.49 .049
MNSO .82 1 16.72 .049
FFIE .41 1 8.36 .049
CDEV .37 1 7.51 .049
ZS 2.89 6 331.9 .048
GS 2.81 8 408.07 .048
PKI 2.16 4 171.99 .048
COF 1.87 4 153.46 .048
WM 1.29 6 160.71 .048
DOCN 1.29 4 105.32 .048
APPN 1.29 4 103.39 .048
NTAP 1.16 4 90.7 .048
PG .95 8 145.32 .048
FTCH .94 2 38.61 .048
GNOG .78 1 16.2 .048
XONE .67 2 27.17 .048
SPTN .60 2 24.62 .048
GIS .55 6 62.71 .048
EPU .48 3 29.05 .048
XLE .47 6 57.51 .048
AGNC .26 3 16.01 .048
SUPN 1.50 1 31.56 .047
FA .96 1 20.42 .047
ACH .67 1 14.04 .047
KHC .88 2 37.19 .046
SWI .79 1 16.91 .046
KIRK .60 2 25.26 .046
STT 1.48 3 96.53 .045
CRMT .72 9 120.78 .045
XOM .33 9 64.41 .045
SNDL .03 1 0.653 .045
CAR 12.01 1 272.14 .044
ASML 4.13 11 850.49 .044
BHVN 1.74 4 148.06 .044
YETI 1.27 4 106.74 .044
MNST 1.05 4 87.78 .044
FUBO .74 2 32.69 .044
ARMK .42 4 37.95 .044
RKT .41 2 17.86 .044
GMTX .17 1 3.83 .044
BIOC .09 2 4.04 .044
ANTM 2.99 6 422.61 .042
LIN 2.33 6 331.5 .042
CVS 1.40 3 94.49 .042
JBL 1.39 2 63.91 .042
MMM 1.20 7 180.61 .042
OKE .92 3 63.44 .042
GM .87 3 58.64 .042
MU .55 6 72.24 .042
TBIO .53 3 37.36 .042
MRVL .51 6 71.54 .042
MOMO .19 3 12.81 .042
VSTM .06 2 2.85 .042
NOK .04 6 5.71 .042
NFE 1.27 1 30.46 .041
NPTN .67 1 15.99 .041
AMRS .60 1 14.43 .041
WDAY 2.61 5 290.48 .040
CI 1.83 5 213.16 .040
DAVA 1.77 4 164.88 .040
BURL 1.68 8 293.84 .040
EA 1.51 4 142.48 .040
ADI 1.48 5 180.73 .040
UHS 1.30 4 126.2 .040
TGT 1.14 10 260.44 .040
NKE .89 8 175.44 .040
OTIS .88 4 81.84 .040
DD .80 4 79.51 .040
GLD .79 10 167.65 .040
PTON .74 5 86.06 .040
PDCO .67 2 33.15 .040
BP .28 4 27.31 .040
KDMN .10 4 9.47 .040
ET .08 5 9.23 .040
COTY .08 5 9 .040
WGO 1.39 2 72.32 .038
SM 1.36 1 35.51 .038
EGRX 1.01 2 51.94 .038
WOOF .51 2 25.64 .038
FCBP 1.08 1 29.1 .037
CHPT .93 1 24.59 .037
BEKE .69 1 18.37 .037
SLHG .10 1 2.64 .037
ADBE 4.10 6 674.08 .036
ESTC 1.65 4 171.34 .036
CLX 1.52 4 164.44 .036
OLLI 1.29 2 70.26 .036
HD 1.21 12 372.18 .036
KNL .92 1 25.04 .036
QCOM .75 9 156.11 .036
LZB .64 2 35.1 .036
BBWI .53 6 75.89 .036
ATHM .49 3 38.92 .036
SPWH .22 3 17.28 .036
ALAC .21 2 11.58 .036
COST 2.84 7 515.62 .035
LH 1.59 7 284.24 .035
RACE 1.50 7 257.33 .035
UPS 1.15 7 210.72 .035
RF .86 1 24.27 .035
ABBV .85 5 117.06 .035
TNA .83 5 106.29 .035
SANA .82 1 23 .035
EQT .73 1 20.37 .035
RY .61 7 106.34 .035
SRNG .41 1 11.42 .035
TEO .18 1 5.05 .035
RCUS 1.22 1 35.39 .034
HMHC .58 1 16.88 .034
AZO 6.70 11 1809.05 .033
CRM 1.06 11 308.04 .033
FENC .31 1 9.31 .033
BKNG 10.17 8 2437.01 .032
HCA 2.20 4 247.41 .032
DG 2.03 4 226.21 .032
LITE 1.46 2 88.34 .032
DEN .72 4 86.7 .032
FLOW .63 4 76.75 .032
HNP .33 2 20.32 .032
D .31 8 75.44 .032
VIEW .21 1 6.41 .032
TGTX 1.11 1 34.85 .031
FOE .67 1 21.38 .031
BLK 6.24 5 954.04 .030
COIN 2.06 6 344.45 .030
TTWO 1.26 5 192.91 .030
AKAM 1.20 3 109.66 .030
PEP 1.13 5 164.31 .030
BLDR 1.03 2 65.4 .030
GRUB .15 3 14.13 .030
ALZN .07 1 2.29 .030
OXY .05 30 33.75 .030
LAC .94 1 32.18 .029
GOOG 3.73 28 2973.66 .028
AAP 1.82 4 230.09 .028
ATKR 1.43 2 99.95 .028
PLD 1.05 4 147.87 .028
DUK .78 4 101.02 .028
VZ .73 2 51.85 .028
ANF .67 2 46.95 .028
CL .61 4 77.29 .028
HHR .37 4 52.49 .028
TRI 1.16 3 118.9 .027
PLCE .92 3 100 .027
CTKB .66 1 24.28 .027
MPC .62 3 63.57 .027
UNIT .38 1 13.9 .027
INMD 2.55 1 96.15 .026
BLFS 1.55 1 58.55 .026
RTX 1.21 2 88.06 .026
PCVX .65 1 24.95 .026
TRIL .47 1 17.85 .026
B 1.08 1 41.64 .025
AXP 1.02 5 172.53 .025
LEN .59 5 101.4 .025
STE 1.42 4 222.24 .024
SNA 1.40 4 209.6 .024
ALXN 1.24 4 182.5 .024
J 1.23 3 141.75 .024
MCD .98 8 253.46 .024
QDEL .95 4 136.14 .024
FAST .39 4 58.53 .024
VSH .18 3 20.06 .024
GSKY .15 2 12.04 .024
TTM .11 8 32.48 .024
ACHV .11 2 8.96 .024
NEE .95 2 84.76 .022
BIG .59 2 50.92 .022
OLN 1.34 1 60.97 .021
CRTO .90 1 41.19 .021
BEST .01 3 1.3 .021
INTU 2.61 5 625.68 .020
STZ 1.17 4 219.36 .020
NUAN 1.13 1 55.17 .020
HRI .96 4 191.46 .020
AZPN .96 4 160.04 .020
XLK .67 5 166.22 .020
XLV .63 5 134.36 .020
MFGP .03 4 5.33 .020
UHAL 1.98 9 750.87 .018
AIT .91 2 98.68 .018
IYC .84 2 86.5 .018
CNA .83 1 45.26 .018
SPG .58 6 165.71 .018
GPK .37 1 20.24 .018
PSTX .12 1 6.48 .018
IRBO .83 1 46.78 .017
AMOM .66 1 38.4142 .017
SELF .09 1 5.1 .017
STMP 1.59 4 329.61 .016
JNJ 1.48 2 164.6 .016
LANC 1.43 2 159.89 .016
KMX 1.24 2 151.01 .016
UTHR .86 4 201.44 .016
FRBK .05 1 3.06 .016
CROX .67 5 177.42 .015
HRC .48 5 155.09 .015
XLP .27 5 72.58 .015
PAYX .94 2 123.74 .014
ADMS .06 2 8.18 .014
TNET 1.38 1 102.9 .013
CAI .78 1 55.95 .013
TSM .54 3 117.79 .012
GE .40 4 105.21 .012
PPC .17 2 28.09 .012
CHNG .15 2 21.5 .012
PNRG .79 1 69.09 .011
ALC .88 1 85.83 .010
ECHO .49 1 48.18 .010
INOV .22 2 40.82 .010
ESXB .13 1 11.85 .010
GTS .33 1 35.61 .009
IEC .14 1 15.34 .009
SVBI .13 1 13.63 .009
SLVO .02 3 5.38 .009
TDG 1.87 4 629.18 .008
HFBL .16 1 19.5668 .008
PBT .04 2 8.13 .008
LMRK .13 1 16.26 .007
ROG 1.67 1 269.36 .006
SYKE .14 3 54 .006
ITRN .07 3 26.66 .006
PSP .06 2 16.62 .006
CLDR .08 1 15.99 .005
SAFM .85 1 188.66 .004
VOOV .73 1 148.22 .004
TAAG .09 1 20.9494 .004
KIN .02 2 9.25 .004
RAVN .10 3 57.9 .003
IACB .01 3 9.95 .003
SPY 1.31 1 466.91 .002
CXP .04 1 19.15 .002
SIC .03 1 14.49 .002
NWHM .02 1 8.99 .002
EIC .02 2 18.12 .002
DSE .02 1 9.49 .002
ULTA .62 1 381.07 .001
VCAR .03 1 18.96 .001
PMD .01 1 8.54 .001
WYNN .06 3 91.1 0
ULTA .05 12 381.07 0
WYNN .04 4 91.1 0
VALN .03 1 46.05 0
BLNK .02 11 31.98 0
RTLR .01 8 11.15 0
INFL .01 2 31.23 0
DFP .01 2 28.62 0
WMPN 0 4 12.35 0
QADB 0 4 87.54 0
PAE 0 1 9.92 0
NLSP 0 1 2.24 0
NSYS -.12 1 9.8198 -.012
