EJH 5.21 6 0.812 38.496
SCPS 3.34 7 1.09 21.448
LAIX 1.72 4 0.49 14.040
AUVI 2.10 10 1.74 12.060
NEGG 3.07 20 6.42 9.560
EEIQ 4.33 5 2.51 8.625
CPOP 2.34 5 1.4 8.355
VRPX 1.77 9 2.15 7.407
NRXP 2.89 8 3.17 7.288
NVOS 1.65 5 1.26 6.545
AACG 1.49 7 1.72 6.062
FCEL .18 131 3.87 6.026
IRNT 3.02 6 3.06 5.916
JAN 2.73 6 2.98 5.496
EYES 1.22 6 1.35 5.418
CEMI .60 8 0.9131 5.256
KOSS 5.35 7 7.63 4.907
DPW 1.56 5 1.6 4.875
JZXN 1.63 4 1.39 4.688
JG 1.30 3 0.8548 4.560
ADGI 2.56 12 6.74 4.548
AMC 1.18 61 16.02 4.453
RMED .72 6 1.05 4.110
AGRI .95 5 1.16 4.090
AAME 1.97 5 2.55 3.860
HX 1.40 6 2.24 3.750
SIEB 1.53 5 2.05 3.730
OCGN 1.04 12 3.38 3.684
NURO 1.47 11 4.54 3.553
NAOV .27 11 0.84 3.531
VVOS 1.65 6 2.81 3.522
MRIN 1.81 6 3.12 3.480
TYME .45 4 0.5301 3.392
BTBT 1.45 10 4.31 3.360
SPCE 1.08 25 8.48 3.175
CARV 3.92 6 7.45 3.156
PBTS 1.24 1 0.4026 3.079
GRTS 2.25 7 5.17 3.045
NCTY 2.63 5 4.39 2.995
GME 3.68 83 99.79 2.988
MOXC 1.01 6 2.03 2.982
BSQR .35 13 1.53 2.964
ANPC 1.24 2 0.8508 2.914
TPST 2.19 5 3.841 2.850
INDP 2.52 5 4.81 2.615
TAOP 1.35 3 1.56 2.595
PHUN .32 17 2.27 2.380
ACY .99 19 7.91 2.375
RNXT 1.96 4 3.43 2.284
LMNL .65 3 0.8701 2.241
BFRI 1.31 6 3.52 2.232
MARK .46 4 0.8256 2.228
CTIB .40 5 0.9 2.220
SSY .91 3 1.27 2.148
BNGO .36 12 2.05 2.100
ANY .20 21 2.04 2.058
JCS 1.40 3 2.06 2.037
SNAP .57 113 30.66 2.034
RETO .60 3 0.9 1.998
WAFU 1.50 4 3.02 1.984
SAVA 2.73 29 40.02 1.972
MVIS 1.17 5 3 1.950
PRFX .57 4 1.18 1.932
PALI .71 3 1.12 1.899
BYSI 1.25 5 3.32 1.880
SOS .61 2 0.6584 1.852
DLPN 2.14 5 5.81 1.840
FTEK .69 3 1.13 1.830
LGVN 2.15 6 7.07 1.824
BBIG .23 24 3.01 1.824
BLIN .41 8 1.8 1.816
RIDE .68 7 2.63 1.806
CSCW .39 2 0.4323 1.804
EBET 3.45 6 11.59 1.782
CETX 1.20 1 0.6761 1.774
EVK .60 6 2.09 1.722
SGOC 1.19 9 6.2 1.719
SYTA .46 5 1.34 1.715
HGSH 1.00 3 1.75 1.713
NIO .53 77 23.79 1.694
AREC .62 5 1.83 1.690
NMRD 1.66 4 3.9635 1.672
AUUD .41 7 1.73 1.652
SNOA 1.51 4 3.7 1.632
HOFV .98 2 1.21 1.618
IGC .49 3 0.91 1.614
ANVS 3.73 6 14.02 1.596
TQQQ .62 145 53.25 1.595
CRTD .39 7 1.73 1.575
PTIX .84 2 1.08 1.554
NBRV .76 1 0.49 1.551
ERYP .79 4 2.04 1.548
WORX .44 4 1.14 1.540
BNTC 1.24 3 2.42 1.536
SYPR .80 4 2.09 1.528
PETZ .17 4 0.4464 1.520
BKKT 2.95 2 3.9 1.512
HOOD 1.41 14 13.05 1.512
UPC .73 3 1.45 1.509
PMCB 1.11 3 2.21 1.506
NVAX 7.31 16 77.21 1.504
CNET 1.11 1 0.7401 1.499
WAVE 1.72 5 5.74 1.495
HGEN 1.21 3 2.43 1.491
IDEX .36 4 0.9999 1.440
DWAC 19.74 5 68.98 1.430
BIDU 1.88 118 150.97 1.416
ACRS 2.12 7 10.5 1.407
OPAD 1.25 4 3.57 1.400
STAF .58 2 0.83 1.396
NVFY .73 3 1.5699 1.392
MEDS .53 5 1.94 1.365
SPRT .81 20 11.8 1.360
ISPC .84 8 5 1.344
ENVB .27 3 0.6199 1.305
DYNT .22 5 0.8428 1.305
OLB .77 3 1.8 1.281
CBAT .50 3 1.17 1.281
YJ .40 2 0.6242 1.280
LHDX 1.58 4 4.95 1.276
SPCB .32 2 0.5099 1.254
SPI .89 4 2.85 1.248
ALF 1.08 2 1.75 1.234
ALYA .77 4 2.5 1.232
DBGI .31 6 1.515 1.224
AVCT .25 6 1.22 1.224
KTTA 1.49 1 1.22 1.221
FULC 2.54 6 12.49 1.218
AQMS .39 3 0.9599 1.218
LGHL .30 4 0.9837 1.216
LIZI .40 4 1.32 1.212
ENSC .61 4 2.05 1.188
ORPH .57 4 1.98 1.148
PPSI .67 9 5.27 1.143
XELA .09 7 0.55 1.141
MARA 1.20 21 22.18 1.134
LODE .56 3 1.5 1.119
WHLM 1.20 4 4.3 1.116
GFAI .51 2 0.9189 1.110
BB .74 12 8.08 1.092
LEDS 1.24 3 3.41 1.089
TERN 1.53 4 5.66 1.080
CANF .63 2 1.17 1.076
ZKIN .71 2 1.32 1.074
HTBX 1.46 2 2.73 1.068
MBRX .81 2 1.52 1.064
MOHO .11 3 0.31 1.062
GOVX .36 7 2.38 1.057
OPTT 1.10 1 1.05 1.047
ENOB .94 5 4.48 1.045
ATNF .66 4 2.53 1.040
ATXI .74 1 0.72 1.027
HCWB 1.14 2 2.22 1.026
AYRO .60 2 1.19 1.008
XPEV .46 84 38.01 1.008
KXIN .17 6 1.0093 1.008
CHCI 1.54 3 4.63 .996
KALV 1.44 8 11.56 .992
GNLN .36 2 0.7297 .986
GROM .76 2 1.55 .980
ENG .30 3 0.92 .978
VTNR .37 10 3.81 .970
MNOV .74 3 2.29 .969
OSAT 1.21 3 3.75 .966
MTSL 1.08 3 3.37 .960
ZEV .90 5 4.71 .955
AVGR .04 7 0.2949 .945
NRBO .49 2 1.04 .942
UAVS .36 3 1.15 .939
RCON .51 2 1.09 .934
AVXL 2.41 5 12.94 .930
APRE .69 3 2.24 .924
TIGR .50 8 4.32 .920
TRIT .34 5 1.85 .915
XTLB 1.09 2 2.3917 .910
BTCM .72 4 3.16 .908
APTO .28 4 1.23 .908
IMPL 1.70 5 9.45 .895
VERY 1.39 4 6.25 .888
BBBY .79 17 15.05 .884
ACIU 1.91 2 4.34 .880
RFL .71 5 4.03 .880
SJ 1.24 4 5.68 .872
ACOR .41 4 1.9 .860
ASM .69 1 0.805 .857
RSLS .27 4 1.26 .856
BILI 1.28 23 34.21 .851
VERB .12 8 1.13 .848
DTST .42 6 3.01 .834
BBLG .72 3 2.59 .831
ALEC 2.10 6 15.27 .822
IPHA .78 4 3.81 .816
SCKT .74 4 3.62 .816
BTX 1.13 2 2.77 .814
NKLA .34 18 7.44 .810
RHE 1.27 2 3.15 .806
ATOS .21 5 1.3 .805
ONCS .68 1 0.8624 .788
EVOL .74 2 1.88 .786
WINT .31 3 1.18 .786
NNOX 1.69 5 10.74 .785
TSP 2.05 7 18.28 .784
MRNA 3.05 41 152.54 .779
AMBO .61 1 0.79 .772
GLSI 3.27 5 21.11 .770
EXPR .47 5 3.09 .760
ORMP .35 19 8.67 .760
HAPP .30 1 0.395 .759
WNW 1.34 1 1.77 .757
WISH .58 3 2.3 .756
DTSS .87 1 1.16 .750
CRIS 1.20 2 3.22 .744
EYEG 1.45 1 1.95 .743
VYGR 1.06 2 2.85 .742
MQ 1.18 7 11.2 .735
FLGC .19 6 1.56 .726
MVST .61 6 5.23 .696
PSTV .60 1 0.8657 .693
GALT .44 3 1.91 .690
WBX 4.49 2 13.1 .684
ENTX .77 2 2.28 .674
EFOI .29 4 1.72 .672
COHN 1.95 5 14.5425 .670
LYEL 1.21 3 5.45 .666
JFU .22 3 0.9875 .666
RELI .49 8 5.89 .664
TSLA 3.86 163 918.4 .652
GTEC .80 4 4.89 .652
ABUS .22 8 2.71 .648
SLGG .64 2 1.98 .646
ASTR .62 5 4.8 .645
XELB .34 2 1.07 .634
DQ 3.36 7 37.25 .630
AUPH 1.04 10 16.26 .630
MTTR .44 15 10.39 .630
IMNM 1.42 4 8.99 .628
WPRT .58 2 1.85 .626
EOSE 1.39 2 4.45 .624
LIFE .93 4 5.93 .624
EYPT 5.86 1 9.42 .622
ALDX 1.09 2 3.51 .620
GMBL .88 2 2.83 .620
MRKR .36 1 0.58 .620
KNBE 1.80 7 20.31 .616
WATT .32 2 1.04 .614
AFRM 1.88 18 54.52 .612
PENN 2.65 10 43.19 .610
WHLR .54 2 1.78 .606
BABA .81 100 119.14 .600
ADMP .36 1 0.6098 .590
SNMP .11 2 0.372 .590
UPST 2.99 19 94.2 .589
GEVO .49 4 3.32 .588
GRTX .40 4 2.72 .588
ZCMD 1.01 1 1.74 .580
SKLZ .67 4 4.6 .580
AEHR .20 34 11.55 .578
LEXX .63 4 4.38 .572
RKDA .49 1 0.8649 .566
CHNR .12 4 0.85 .564
BRLT 1.22 5 10.87 .560
PEAR 2.37 1 4.245 .558
BODY .47 2 1.68 .558
SPRB .47 3 2.54 .555
MTP .56 1 1.01 .554
OBLN .56 3 3.05 .549
ARAV 1.21 1 2.21 .547
RAPT 1.77 7 22.65 .546
LAZR 1.13 6 12.39 .546
CLSD .35 3 1.93 .543
OTLK .38 2 1.4 .542
SE 3.92 20 144.92 .540
SLS .69 4 5.08 .540
HUSN .29 4 2.14 .540
ARDS 1.12 1 2.08 .538
VIVE .26 2 0.965 .538
NNVC .44 3 2.45 .537
DDL 1.22 2 4.55 .536
BON .62 3 3.48 .534
IMMX 1.10 2 4.12 .532
BPTH .95 2 3.57 .532
INFI .16 4 1.2 .532
MRAM 1.52 3 8.58 .531
AVIR 1.14 3 6.51 .525
ME .33 7 4.4 .525
MINM .32 2 1.23 .520
SDC .64 2 2.48 .516
GRVI .74 3 4.34 .510
ATAI 1.29 2 5.06 .508
UFAB .46 2 1.815 .506
LWAC 1.73 5 16.98 .505
LMFA .35 5 3.44 .505
IFRX .58 3 3.45 .504
UONE .37 7 5.07 .504
ABSI 1.08 3 6.44 .501
JRJC .67 3 3.99 .501
MDIA .64 4 5.15 .496
DDD .70 12 16.77 .492
NEXT .29 4 2.35 .492
DOCS 2.62 8 42.63 .488
XBIO .06 8 0.98 .488
CERE 1.78 7 25.57 .483
EZFL .57 1 1.1801 .483
SGBX .32 3 1.98 .483
VBLT .21 3 1.3 .483
ZY .78 3 4.87 .480
CMMB 1.24 2 5.22 .474
CCXI 3.00 4 25.34 .472
ONCT .45 2 1.91 .470
GEG .90 1 1.92 .468
BCRX .54 13 14.65 .468
CTSO .42 4 3.57 .468
OSMT .13 4 1.11 .468
DBVT .06 12 1.51 .468
AEI .09 2 0.3871 .464
BGFV .82 11 19.39 .462
KMPH 1.03 3 6.7 .459
ZG 3.19 7 48.86 .455
ISIG 2.30 3 15.32 .450
EVGO .45 8 7.92 .448
PIRS .23 7 3.59 .448
IMMP .16 7 2.48 .448
KODK .86 2 3.88 .442
NTRB .49 4 4.48 .436
CAN .43 4 3.93 .436
OSTK 2.60 7 41.29 .434
IONQ .65 7 10.44 .434
TASK 1.57 8 28.65 .432
PLG .24 3 1.66 .432
NNDM .48 3 3.35 .429
VLDR .76 2 3.54 .428
CRDF .37 4 3.44 .428
WEI .57 1 1.335 .426
MITO .28 1 0.6566 .426
ALZN .21 3 1.47 .426
MOGO .24 4 2.25 .424
ZLAB 2.93 7 48.14 .420
BNR 1.30 3 9.31 .417
DYAI .51 3 3.66 .417
PLUG .92 9 19.73 .414
PME .26 1 0.6286 .413
HUGE .37 1 0.899 .411
VNET 1.13 3 8.27 .408
DNA .99 2 4.83 .408
CCJ .50 17 20.01 .408
AGEN .08 14 2.68 .406
OBSV .10 6 1.48 .402
NVCR 2.63 10 64.41 .400
AMTX 1.20 3 8.98 .399
OCX .70 1 1.76 .397
DOCN 1.70 12 51.44 .396
TRCH .98 2 4.95 .394
BHTG .33 1 0.837 .394
IMTX .98 4 9.97 .392
ADIL .45 2 2.29 .392
ZM 3.91 15 145.89 .390
IMMR .33 6 5.05 .390
IPA 1.04 2 5.35 .388
GDEV .87 3 6.74 .387
BNTX 1.93 32 156.49 .384
RSKD 1.24 2 6.44 .384
CIFR .35 3 2.75 .381
DWSN .44 2 2.325 .378
GSM .27 7 4.94 .378
NEPT .07 2 0.3701 .378
AMD 1.26 34 111.13 .374
APT .86 2 4.58 .374
VERU .45 4 4.81 .372
APPS 2.11 7 39.58 .371
TELL .11 9 2.64 .369
WIMI .27 4 2.92 .368
ADMA .54 1 1.47 .367
FIGS 1.33 6 21.72 .366
VTSI .56 4 6.13 .364
SNES .16 2 0.8753 .364
W 6.04 9 148.86 .360
AMEH 2.05 9 50.56 .360
M .55 18 26.85 .360
JFIN .36 2 2.03 .354
RBLX 1.49 16 65.29 .352
ZIM 1.56 13 57.22 .351
LOOP .55 5 7.96 .345
MTL .04 23 2.63 .345
SOFI .49 9 12.76 .342
QFIN .67 10 19.58 .340
OCUP .51 2 2.99 .340
NVTS 1.62 2 9.54 .338
SHOP 25.67 12 892.39 .336
SQ 1.68 24 115.3 .336
HHR 1.09 12 37.79 .336
STEM .68 6 12.09 .336
GRU 1.62 1 4.85 .334
ENZ .54 2 3.23 .334
EVGN .43 1 1.29 .333
RLMD 1.57 4 18.8 .332
EXPI 1.38 6 24.88 .330
VOXX 1.16 3 10.52 .330
LAC .57 15 25.28 .330
TLRY .47 4 5.72 .328
ARPO .72 1 2.2 .327
SI 3.69 9 102.05 .324
TATT .65 3 6.02 .321
MSTR 14.75 8 365.05 .320
SPLK 6.20 6 116.25 .318
AXLA .26 2 1.63 .318
TENX .21 1 0.66375 .316
APOP .84 5 13.17 .315
OXBR .30 5 4.73 .315
MESO .65 2 4.12 .314
TOST 3.31 2 21.21 .312
HUYA .53 4 6.79 .312
NLS .84 2 5.4 .310
CELH 1.96 7 44.17 .308
GNFT .18 7 4.08 .308
FENG .11 2 0.7123 .308
FUBO 1.01 3 9.88 .306
DKNG .99 6 19.32 .306
KURA 1.04 4 13.6 .304
FGEN 1.47 3 14.43 .303
BTCS 1.50 1 4.96 .302
KBSF .46 2 3.05 .300
DNUT .44 10 14.23 .300
BIOC .22 4 2.91 .300
XAIR 1.97 1 6.61 .298
CLPS .57 1 1.91 .298
CLPS .57 1 1.91 .298
DARE .47 1 1.59 .295
RIOT .73 6 14.64 .294
CLF .36 14 16.85 .294
MITQ .36 1 1.23 .292
CELC 1.05 3 10.72 .291
SBEA 1.45 2 9.98 .290
EDSA 1.24 1 4.29 .289
VIR 1.13 8 31.36 .288
ICCM .58 1 2.01 .288
GP .49 3 5.1 .288
PUBM 6.66 1 23.31 .285
DLO 1.53 5 26.57 .285
ENSV .20 1 0.7001 .285
ORGS .70 1 2.5 .280
LJPC .62 2 4.42 .280
MBOT .98 2 7.02 .278
NIU .93 4 13.39 .276
CGC .68 3 7.36 .276
OVID .38 2 2.74 .276
RAIL .24 4 3.43 .276
GPN 3.54 11 139.5 .275
FBRX .40 1 1.47 .272
CPIX .24 4 3.48 .272
MDNA .05 8 1.46 .272
ASML 6.86 27 648.57 .270
PRTA 1.04 9 34.31 .270
AKTX .36 1 1.33 .270
FSTX 1.04 1 3.86 .269
IGIC .70 3 7.8 .267
CARA 1.57 2 11.79 .266
ALTO .29 5 5.42 .265
FCX .40 26 39.63 .260
CHGG 2.17 3 25.23 .258
NBEV .19 1 0.7341 .258
BTBD .78 1 3.03 .257
SCYX .31 4 4.8 .256
IMV .15 2 1.17 .256
BLU .51 3 6 .255
EQOS .46 1 1.8 .255
ACB .36 3 4.21 .255
BLPH .62 1 2.45 .253
TTD .88 18 62.67 .252
FUV .77 2 6.11 .252
DMAC .31 2 2.46 .252
TISI .17 1 0.6791 .250
LPTX .05 10 1.98 .250
CALA .11 1 0.4413 .249
DUOL 5.53 4 89.51 .244
MOSY .55 2 4.5 .244
SRNE .85 1 3.51 .242
GSAT .12 2 0.99 .242
ABNB 3.59 10 144.56 .240
EDIT 1.47 3 18.23 .240
TWTR 1.40 6 34.17 .240
ASAN .80 16 50.57 .240
ERJ .23 16 15.28 .240
DRN .40 14 22.42 .238
RUN 1.04 6 26.28 .234
ACHL .89 1 3.81 .233
AEY .31 1 1.3301 .233
SQBG .73 2 6.24 .232
DASH 2.39 11 109.39 .231
APP 1.39 11 64.58 .231
AUTL .30 3 3.89 .231
HIPO .15 3 1.93 .231
CLOV .28 2 2.42 .230
KSS 1.20 12 62.27 .228
BQ .08 2 0.6978 .228
NXTP .14 1 0.6209 .225
U 3.37 7 104.07 .224
AAPL .32 112 159.78 .224
KULR .06 8 2.09 .224
PRPL .32 6 8.6 .222
DDS 5.48 11 267.32 .220
SALM .13 5 2.93 .220
AFMD .29 3 3.96 .219
FB .65 108 300.15 .216
FLGT 2.27 6 63.5 .210
JKS 1.46 6 41.04 .210
NFLX .96 105 366.42 .210
IMAB .96 6 27.18 .210
SONO .82 6 22.95 .210
GPS .54 7 17.71 .210
TAL .32 2 3.03 .210
GENE .13 3 1.84 .210
PRPO .09 3 1.27 .210
COIN 3.11 13 185.63 .208
FOSL 1.09 2 10.58 .206
LBPH .92 1 4.45 .206
SEMR 1.11 3 16.29 .204
HOL .84 3 12.35 .204
SFIX 1.08 3 15.89 .201
DKS 1.19 20 117.91 .200
CVV .46 2 4.56 .200
DELL 1.26 9 55.44 .198
LYFT 1.22 6 36.22 .198
BFLY .56 2 5.61 .198
HNST .41 3 6.13 .198
STG 1.13 1 5.74 .196
LI .73 7 25.43 .196
MAT .55 7 19.61 .196
CHMA .37 2 3.76 .196
COUR 1.21 3 18.58 .195
SKT 1.17 3 17.78 .195
ALLO 1.11 2 11.36 .194
BYND 1.50 8 61.2 .192
CPE 1.31 8 53.04 .192
FTCH .67 6 20.61 .192
ISEE .62 4 12.9 .192
ENLV .49 2 5.09 .192
AESE .35 1 1.82 .192
PBR .22 12 13.16 .192
BVXV .07 4 1.45 .192
AZYO 1.08 1 5.68 .190
GIII 1.02 5 26.31 .190
IS .59 2 6.2 .190
TGTX .93 3 14.76 .189
PFE .48 21 52.54 .189
AMZN 6.99 94 2799.72 .188
NTEC .46 4 9.63 .188
OMER 1.00 1 5.4 .185
BLDR 1.60 8 67.75 .184
GH 1.57 8 65.75 .184
QDEL 2.61 7 99.11 .182
BKYI .19 2 2.07 .182
SIF 1.16 1 6.4 .181
IKT .24 1 1.34 .179
BIGC 2.58 2 28.79 .178
SSNT .34 2 3.78 .178
IRDM 1.55 4 35.21 .176
COTY .19 8 8.39 .176
TWST 1.37 7 53.22 .175
HOG 1.23 5 34.25 .175
CLII .84 3 14.36 .174
PTON .78 6 26.53 .174
GTT .41 1 2.36 .173
JWN .98 4 22.55 .172
BLUW .83 2 9.63 .172
NVDA .38 172 223.24 .172
UWMC .23 4 5.31 .172
EDTK .10 2 1.1601 .172
ENPH 2.35 9 122.65 .171
GTIM .74 1 4.32 .171
AAL .32 9 16.46 .171
CRON .12 5 3.48 .170
LC .30 13 21.55 .169
DPZ 6.30 12 436.36 .168
IAC 3.19 7 127.94 .168
LIVE 1.37 3 24.38 .168
NGM 1.25 2 14.79 .168
CHPT .53 4 12.5 .168
BWAY .42 3 7.42 .168
GMTX .17 2 2.01 .168
NXGL .45 1 2.68 .167
WTER .09 2 1.08 .166
CPSH .51 1 3.11 .163
NEWR 2.93 6 104.78 .162
CLDX 1.61 3 29.4 .162
BRTX .58 1 3.57 .162
RGEN 4.41 7 185.4 .161
RIG .08 7 3.4 .161
ROKU 3.14 8 152.19 .160
AEMD .09 3 1.67 .159
NETE 1.04 2 13.09 .158
SVFD .69 1 4.35 .158
CYAD .56 1 3.55 .157
SSKN .22 1 1.4 .157
ABCL 1.31 1 8.37 .156
CYTK .80 6 30.48 .156
SOHU .47 6 17.61 .156
PBLA .25 1 1.6 .156
PDD 1.87 5 59.5 .155
TSRI 1.84 1 11.82 .155
GAME .43 1 2.77 .155
ACI .30 14 27.08 .154
TMUS 1.65 10 105.67 .150
VCVC 1.46 1 9.85 .148
SAM 9.40 7 435.57 .147
GRVY 1.33 7 61.6 .147
LEGN .83 7 38.12 .147
TESS .30 3 6.01 .147
CMTL 3.13 1 21.4 .146
BCLI .23 2 3.15 .146
TDC 1.17 5 39.88 .145
SCR 1.05 5 35.58 .145
XLNX 1.57 16 173.16 .144
FATE 1.44 4 39.87 .144
ESTC 1.40 9 82.52 .144
SHEN 1.11 3 22.9 .144
LUV .79 8 43.85 .144
TTCF .59 3 12.21 .144
ADBE 5.88 13 502.72 .143
DE 4.88 11 368.22 .143
DLTR 1.72 11 131.35 .143
AMRS .60 1 4.21 .142
YMM .58 2 8.08 .142
KZR .60 3 12.69 .141
DIS 1.92 10 136.51 .140
PINS 1.00 4 28.46 .140
AEO .83 4 23.65 .140
CRCT .70 4 19.91 .140
VIH 1.31 1 9.36 .139
FRD 1.28 1 9.16 .139
INMD 1.02 6 42.93 .138
BKE .89 6 38.11 .138
RL 1.89 8 108.14 .136
FLWS .75 4 21.94 .136
IRIX .18 4 5.25 .136
MDB 5.57 9 365.48 .135
LLY 2.85 12 239.46 .132
TVTX 1.19 3 26.46 .132
CAH 1.13 6 50.75 .132
XM 1.10 3 24.55 .132
WMT .84 22 137.15 .132
HCM .62 6 27.96 .132
EQ .53 1 4 .132
OCG .16 4 4.8 .132
COP .88 13 87.11 .130
JD .74 13 72.15 .130
OCG .05 13 4.8 .130
RMBL 1.41 3 33.26 .126
BZ 1.22 3 28.66 .126
ARVN .99 9 67.08 .126
VMEO .85 2 13.4 .126
DAL .71 7 38.72 .126
KR .28 21 45.08 .126
BLNK .18 14 19.84 .126
ACMR 1.83 5 72.39 .125
THCB 1.25 1 10 .125
MBII .08 1 0.6356 .125
RRGB .96 2 15.27 .124
MAXR .83 4 26.61 .124
STRO .65 2 10.39 .124
SBTX .57 1 4.57 .124
KZIA .41 2 6.61 .124
LAW 1.23 3 29.64 .123
MRUS 1.10 3 26.31 .123
ANIX .38 1 3.07 .123
BGI .19 3 4.6 .123
VSTM .07 3 1.67 .123
HJLI 1.27 1 10.38 .122
BZUN .80 2 12.97 .122
RSI .55 2 9 .122
PATI .50 2 8.12 .122
INM .14 1 1.14 .122
MRVL .75 11 67.02 .121
CLNE .67 1 5.51 .121
ZS 2.76 10 228.88 .120
AN 1.67 8 110.09 .120
DOMO 1.26 4 40.73 .120
SPT 1.25 6 60.54 .120
JRVR 1.10 3 27.16 .120
UBER .71 6 34.82 .120
UAA .56 4 18.6 .120
FFHL .44 2 7.22 .120
SBBP .12 2 2 .120
SILK .52 7 30.46 .119
MSFT .51 119 288.49 .119
PYPL 2.14 9 158.2 .117
PLTR .77 2 13.06 .116
EAR .56 1 4.79 .116
ULBI .31 2 5.28 .116
FENC .27 2 4.6 .116
NXE .23 2 3.96 .116
OVV .90 5 38.9 .115
SLHG .10 1 0.865 .115
BHVN 2.25 6 116.34 .114
XBI 1.75 6 91.38 .114
TJX 1.31 6 68.68 .114
YEXT .91 1 7.92 .114
ROIV .83 1 7.25 .114
KRYS 6.33 1 56.4 .112
VSCO .90 7 54.06 .112
OPNT .73 4 25.56 .112
CSCO .40 16 56.11 .112
CREX .15 1 1.33 .112
XPDI .08 14 9.6 .112
TMX 1.58 3 41.75 .111
ORCL .28 37 81.07 .111
LAD 6.41 5 290.67 .110
GNOG .78 1 7.04 .110
GURE .46 1 4.18 .110
CCL .45 5 20.2 .110
LIVX .17 2 3.07 .110
ATIF .43 1 3.91 .109
REGN 7.44 9 603.19 .108
EL 3.72 9 294.21 .108
AMAT 1.64 9 132.99 .108
DPST 1.46 4 52.47 .108
PTGX 1.05 3 28.8 .108
BJ .77 9 60.87 .108
CALT .54 4 19.55 .108
SITM 2.97 7 194.57 .105
FISV 1.52 7 101.04 .105
JPM 1.06 15 146.53 .105
CIEN .33 21 64.63 .105
SMH 6.94 4 264.33 .104
DG 2.91 8 212.01 .104
MSGE 1.88 4 70.74 .104
APXT 1.27 1 12.11 .104
CSPR .18 4 6.78 .104
EAT 1.21 3 35.14 .102
QCOM 1.03 17 165.45 .102
MOLN .49 6 27.85 .102
GT .37 6 21.31 .102
AHPI .12 3 3.48 .102
CREE 1.64 5 79.12 .100
CRNC 1.55 4 61.25 .100
KMB 1.45 10 139.63 .100
APPN 1.29 4 49.63 .100
CTRN 1.11 5 55.28 .100
SKX 1.09 4 42.28 .100
DVAX .64 2 12.6 .100
PSTG .50 5 24.92 .100
CPG .07 10 6.49 .100
BBY 1.45 7 98.03 .098
XLK 1.20 14 151.54 .098
USB .81 7 57.41 .098
GBS .11 1 1.12 .098
EOLS .55 1 5.62 .097
BDTX .39 1 3.99 .097
SIVB 7.01 8 554.82 .096
SNOW 2.11 12 263.43 .096
BCYC 1.49 3 46.33 .096
ATVI 1.27 6 79.12 .096
BTWN .95 1 9.8 .096
SANA .82 1 8.51 .096
SPTN .59 4 24.28 .096
BEKE .50 4 20.48 .096
ARMP .49 1 5.07 .096
HMHC .42 4 16.85 .096
AA .42 16 61.21 .096
FFIE .22 2 4.5 .096
CNC 1.49 5 76.37 .095
SPWH .21 5 10.65 .095
EDU .14 1 1.46 .095
LTHM .12 19 21.99 .095
MRO .11 19 19.5 .095
MFNC 1.02 2 21.5 .094
TEDU .09 2 1.89 .094
ARCE .63 3 19.78 .093
ORGO .35 2 7.47 .092
PPBT .26 1 2.81 .092
UNH 3.38 13 456.84 .091
GBR .24 1 2.63 .091
SBS .05 13 6.56 .091
SEDG 2.14 9 212.74 .090
CRM 1.43 15 215.39 .090
A 1.31 10 134.57 .090
YETI 1.23 5 67.27 .090
SMLP 1.07 2 23.68 .090
DXC .90 3 29.44 .090
FL .84 5 45.67 .090
MOS .76 5 40.43 .090
VNE .55 6 34.9 .090
HPQ .53 6 34.98 .090
LICY .33 2 7.31 .090
EKSO .11 2 2.43 .090
VTGN .03 5 1.6 .090
CYTH .34 1 3.82 .089
GKOS 4.45 1 50.53 .088
VLO 1.86 4 81.16 .088
MDT .84 11 104.17 .088
CSIQ .58 4 25.32 .088
VIEW .13 2 2.95 .088
MYNZ 1.78 1 20.25 .087
PCVX .53 3 17.91 .087
ERF .20 5 11.38 .085
TTM .16 17 31.9 .085
SNPS 3.62 7 291.66 .084
IWM 2.93 6 198.84 .084
KYMR 1.69 2 39.76 .084
PLCE 1.60 4 72.87 .084
ALC .58 12 74.23 .084
KIRK .48 3 16.83 .084
AGNC .21 6 15 .084
FRO .03 21 6.56 .084
MNSO .82 1 9.78 .083
OEG .14 1 1.67 .083
PFGC 1.21 3 44.07 .081
FANG 1.19 9 126.98 .081
VMW 1.17 9 122.65 .081
GS 3.07 10 341.55 .080
THC 3.03 2 74.6 .080
CFLT 2.29 2 56.75 .080
KMX 2.23 4 109.94 .080
PKG 2.17 5 135.03 .080
CAT 1.88 10 214.31 .080
TSCO 1.70 10 212.36 .080
TGT 1.12 16 214.68 .080
C 1.06 5 64.11 .080
STX .84 10 94.78 .080
WFC .44 10 53.59 .080
VALN .35 8 33.71 .080
CNFR .10 2 2.49 .080
EA 1.75 6 131.01 .078
ROST 1.31 6 96.61 .078
WYNN 1.17 6 86.46 .078
DUOT .40 1 5.127 .078
CHRA .40 1 5.09 .078
SSL .07 26 20.93 .078
GE 1.09 7 91.11 .077
IBM 1.06 11 136.1 .077
F 1.50 1 19.98 .075
TTC 1.42 5 93.92 .075
RACE 1.15 15 226.66 .075
RNG 11.84 1 159.47 .074
MYGN .98 2 26.03 .074
VIPS .66 1 8.82 .074
TME .45 1 6.05 .074
QQQ 6.44 4 345.11 .072
PWR 2.42 3 97.06 .072
BURL 2.07 9 231.67 .072
WSM 1.97 6 156.22 .072
COST 1.93 18 477.32 .072
TTWO 1.51 8 158.39 .072
V 1.35 12 202 .072
ABT .76 12 123.27 .072
JBL .75 6 60.18 .072
LOGI .74 8 77.78 .072
MU .51 12 80.72 .072
WOOF .43 3 17.84 .072
ON .35 12 53.32 .072
T .24 8 26.48 .072
GGAL .16 4 8.56 .072
CDEV .10 6 8.22 .072
MFGP .05 9 5.74 .072
TBLA .70 1 9.85 .071
THTX .22 1 3.08 .071
INVO .22 1 3.09 .071
CAR 6.00 2 169.52 .070
MA 3.58 7 338.76 .070
WDAY 2.57 7 236.11 .070
MS .74 10 99.04 .070
GM .73 5 51.9 .070
INTC .54 7 51 .070
BAC .49 7 45.43 .070
K .38 14 66.19 .070
IRCP .03 5 2.1 .070
HD 1.12 23 358.98 .069
LL 1.01 1 14.51 .069
UAL .99 3 41.78 .069
MRTN .38 3 16.18 .069
XMTR 3.46 1 50.26 .068
ZNGA .15 4 8.77 .068
CCMP 11.86 1 176.32 .067
LMT 2.51 11 387.17 .066
ECOM 1.37 1 20.6 .066
SCHW 1.01 6 88.53 .066
AMKR .47 3 21.34 .066
XERS .14 1 2.1 .066
ET .11 6 9.29 .066
YPF .09 3 3.93 .066
HRI 2.10 5 157.78 .065
GWRE 1.30 5 96.75 .065
DFH 1.18 1 17.9 .065
TNA .83 5 59.57 .065
VRNT .69 5 51.33 .065
SM .46 5 34.13 .065
INTU 4.61 8 515.99 .064
DAVA 1.77 4 109.66 .064
XLY 1.46 8 179.5 .064
MO .84 4 50.03 .064
GDYN .81 2 24.81 .064
HWCC .34 1 5.3 .064
SWN .07 4 4.16 .064
ROLL 1.78 7 184.66 .063
CM .99 9 126.47 .063
CVS .94 7 103.1 .063
BIG .91 3 43.06 .063
CRMT .72 9 101.16 .063
CUE .62 1 9.79 .063
KO .46 9 59.82 .063
SBH .38 3 18.08 .063
SLV .22 7 22.02 .063
HALO 1.07 2 33.53 .062
SUPN .95 2 29.7 .062
RKT .41 2 13.08 .062
SNDL .03 1 0.4764 .062
IMRN .23 1 3.71 .061
LII 2.97 6 283.8 .060
KEYS 2.15 5 168.77 .060
TRI 1.63 4 104.94 .060
NFE 1.27 1 20.97 .060
SJM .56 15 139.4 .060
FLXN .55 1 9.12 .060
SLB .41 6 38.79 .060
MT .39 5 30.55 .060
MOMO .19 3 9.26 .060
RRD .06 12 10.94 .060
SWI .79 1 13.34 .059
FA .96 1 16.53 .058
HITI .25 1 4.27 .058
LSI 2.53 3 132.82 .057
EVA 1.37 3 69.41 .057
EQT .39 3 20.1 .057
ULTA 10.08 2 352.74 .056
ADSK 2.04 7 233.78 .056
PAYX 1.68 4 118.77 .056
APG .62 2 21.89 .056
PDCO .41 4 27.77 .056
VXX .35 4 23.86 .056
BLFS 1.55 1 28 .055
TSN 1.03 5 90.29 .055
NKE .80 11 145.48 .055
ITRO .07 1 1.27 .055
AMGN 2.19 6 225.04 .054
CI 2.12 6 234.74 .054
OLLI 1.29 2 46.26 .054
LPX 1.24 3 66.15 .054
TSM 1.17 6 122.48 .054
SPG .95 9 146.78 .054
HAS .94 6 95.58 .054
FITB .82 3 44.92 .054
BBWI .53 6 54.8 .054
RDUS .38 1 7.03 .054
KHC .35 6 36.21 .054
FLO .28 6 28.11 .054
VGR .61 1 11.5 .053
TSC 1.55 1 29.49 .052
NTAP 1.16 4 85.72 .052
CROX .50 13 101.39 .052
LULU 16.03 1 308.83 .051
WGO 1.15 3 63.94 .051
AZN .23 17 57.85 .051
STE 2.26 5 221.11 .050
AKAM 1.21 5 112.56 .050
MNST .92 5 86.33 .050
OTIS .91 5 82.97 .050
XONE .67 2 26.7 .050
RY .58 10 111.89 .050
XOM .38 10 74.93 .050
PANW 23.18 1 475.47 .048
PCTY 8.94 1 185.68 .048
PKI 2.16 4 168.86 .048
COF 1.87 4 152.16 .048
HON 1.40 8 202.3 .048
NXPI 1.35 8 194.77 .048
LIN 1.28 12 313.59 .048
TAP 1.23 2 50.22 .048
ACH .67 1 13.9 .048
NEE .65 6 75.1 .048
DUK .45 12 102.32 .048
ARMK .42 4 34.11 .048
MRK .37 12 79.46 .048
GRUB .15 3 9.27 .048
ITCI 2.20 1 46.64 .047
CTKB .66 1 14.01 .047
CLSK .30 1 6.37 .047
NUE 2.21 2 94.19 .046
SNA 1.89 5 208.94 .045
LH 1.59 9 268.05 .045
STT 1.48 3 94.13 .045
ADI 1.48 5 155.77 .045
BIIB 1.18 9 222.31 .045
OKE .92 3 59.59 .045
LEN .51 9 97.95 .045
ATHM .49 3 30.75 .045
ATKR 1.07 4 96.52 .044
NPTN .67 1 15.2 .044
WM .61 11 148.01 .044
WOLF 3.86 1 88.94 .043
MMM 1.20 7 173.75 .042
EGRX 1.01 2 46.51 .042
TBIO .53 3 37.36 .042
ANF .52 3 36.95 .042
PG .50 14 159.54 .042
EPU .48 3 32.45 .042
LESL .44 2 20.68 .042
GIS .26 14 68.34 .042
NOK .04 6 5.57 .042
BALY 1.47 1 35.85 .041
J 1.33 4 127.18 .040
UHS 1.30 4 127.96 .040
DD .80 4 76.83 .040
CHKP .63 8 119.21 .040
XLV .57 10 128.21 .040
GPK .38 2 18.48 .040
KDMN .10 4 9.5 .040
LITE 1.30 3 95.48 .039
RCUS 1.22 1 30.85 .039
GLD .66 13 172.58 .039
BEST .01 3 0.7601 .039
FCBP 1.08 1 29.1 .037
ANTM 2.99 6 439.18 .036
HCA 2.20 4 239.11 .036
LVS 1.63 1 44.87 .036
AAP 1.46 6 230.18 .036
ANET 1.43 3 116.95 .036
AXP 1.07 6 173.11 .036
UPS .93 9 201.94 .036
KNL .92 1 25.04 .036
DEN .72 4 72.71 .036
ABBV .66 9 133.09 .036
LZB .64 2 34.15 .036
HOLI .43 1 11.88 .036
XLF .36 4 38.47 .036
CORT .32 2 17.42 .036
RF .28 3 23.22 .036
BLK 6.24 5 798.55 .035
UTHR 1.55 5 199.72 .035
SRNG .41 1 11.42 .035
RMD 8.09 1 232.17 .034
ALAC .21 2 11.77 .034
OLN .56 3 49.52 .033
BRG .30 3 26.76 .033
XLE .22 11 65.31 .033
PBT .15 3 12.8 .033
RCAT .02 3 1.69 .033
BKNG 10.17 8 2329.02 .032
JNJ .81 8 167.63 .032
TEO .08 2 4.89 .032
OXY .05 32 36.77 .032
IRTC 3.69 1 121.89 .030
CLX 1.20 5 174.53 .030
MPC .38 6 71.5 .030
HNP .33 2 21.27 .030
HRL .17 10 48.21 .030
ACHV .11 2 7.135 .030
GOOG 3.73 28 2534.71 .028
LOW .64 14 230.01 .028
FLOW .63 4 85.25 .028
FOE .32 2 21.6 .028
XLP .15 14 74.87 .028
GSKY .15 2 10.13 .028
ENIC .06 1 2.09 .028
UHAL 1.98 9 610 .027
CRTO .90 1 32.95 .027
RTX .88 3 90.31 .027
CL .32 9 81.74 .027
UNIT .11 3 12.05 .027
SPB 2.21 1 86.54 .025
TRIL .47 1 18.44 .025
MLCO .28 1 10.84 .025
PSTX .12 1 4.78 .025
AZO 5.11 12 1930.94 .024
ALXN 1.24 4 182.5 .024
MCD .98 8 250.68 .024
AZPN .96 4 143.28 .024
STN .44 3 51.79 .024
VSH .18 3 20.02 .024
BP .12 8 31.4 .024
RVI .02 4 3.22 .024
B 1.08 1 45.74 .023
IRBO .83 1 35.45 .023
AMOM .66 1 28.8454 .022
VCLO .25 1 11.62 .021
SPY 2.27 4 434.47 .020
PLD .67 5 153.96 .020
IYC .39 4 73.22 .020
EPAY .33 4 56.33 .020
VZ .31 4 52.9 .020
AIT .91 2 96.68 .018
CNA .83 1 44.72 .018
NUAN .33 3 54.79 .018
AXON 2.25 1 128.07 .017
STMP 1.59 4 329.61 .016
LANC 1.43 2 161.03 .016
TNET 1.38 1 82.69 .016
STZ 1.17 4 236.47 .016
PEP .47 8 171.34 .016
MGTX .12 2 14.98 .016
SELF .09 1 5.585 .016
INCY .27 5 74.15 .015
CHNG .15 2 19.39 .014
ADMS .06 2 8.22 .014
CAI .78 1 56 .013
TDG 1.87 4 614.6 .012
VRTX 1.47 2 227.11 .012
HRC .42 6 155.96 .012
PPC .17 2 27.37 .012
HDGE .12 3 25.91 .012
D .10 12 77.98 .012
FRBK .05 1 4.2 .011
SAFM .97 2 186.85 .010
PNRG .79 1 75 .010
ECHO .49 1 48.24 .010
ZGNX .26 1 25.93 .010
INOV .22 2 41.06 .010
VRS .15 2 26.4 .010
ESXB .06 2 11.3 .010
GTS .33 1 35.53 .009
IEC .14 1 15.34 .009
SVBI .13 1 13.63 .009
RTLR .02 9 12.17 .009
CXM .09 1 10.35 .008
LMRK .07 2 16.49 .008
HFBL .16 1 20.5 .007
ROG 1.67 1 272 .006
VOOV .54 2 146.44 .006
JQUA .26 1 41.34 .006
CONE .24 3 89.34 .006
SYKE .14 3 54 .006
ITRN .07 3 23.92 .006
PSP .04 3 13.59 .006
CLDR .08 1 15.99 .005
TAAG .09 1 20.9494 .004
CPLG .07 1 15.64 .004
KIN .02 2 9.25 .004
RAVN .10 3 58.08 .003
IACB .01 3 7.95 .003
VG .06 1 20.77 .002
CXP .04 1 19.28 .002
VCAR .03 1 13 .002
SIC .03 1 14.49 .002
NWHM .02 1 8.99 .002
EIC .02 2 16.825 .002
DSE .02 1 9.49 .002
PMD .01 1 7.39 .001
FAST .05 8 55.68 0
INFL .01 2 29.95 0
DFP .01 3 26.35 0
WMPN 0 4 12.33 0
SLVO 0 6 5.14 0
QQC 0 2 28.8 0
QADB 0 4 87.54 0
PAE 0 1 10 0
ONON 0 1 51.42 0
NLSP 0 1 0.88 0
LHAA 0 1 9.7 0
HWBK 0 1 26 0
ESLT 0 1 163.71 0
DVD 0 1 3.61 0
APWC 0 1 2.99 0
NSYS -.12 1 10.0999 -.011
