MS 48.78 2 104.4
BKNG 17.64 6 2325.5
ACRS 16.90 1 17.64
VRPX 15.31 2 11.6
MSTR 14.90 6 641.46
NVAX 14.88 8 242.18
ADGI 14.68 1 53.9
AZO 12.83 6 1550.56
REGN 12.57 6 650.49
SAM 11.59 5 543.39
DPZ 10.53 7 510.87
AUVI 10.36 2 6.44
NTLA 10.00 7 160.67
UPST 9.72 6 270.46
KOSS 9.72 4 18.82
SE 9.40 7 325.5
W 9.22 6 262.23
IAC 8.96 2 131.46
TDG 8.49 2 612.48
DE 8.42 5 361.49
CARV 8.41 3 15.92
BNTX 8.38 6 351.05
COIN 8.34 2 242.95
NVOS 8.25 1 1.8
NRXP 8.25 3 12.05
ROLL 8.24 1 215.79
AMZN 8.07 92 3469.15
TSCO 7.96 1 180.9
JAN 7.94 2 6.75
ROKU 7.93 2 334.55
BURL 7.92 1 318.09
UHAL 7.91 4 657.95
TWST 7.90 2 121.42
NVCR 7.78 4 131.82
EBET 7.76 3 32.88
MRNA 7.68 19 449.38
GLSI 7.65 2 46.11
COHN 7.64 2 21.19
BLK 7.59 1 880.67
MDB 7.58 2 488.8
CRMT 7.58 2 132.01
SNOW 7.57 4 318.54
ASML 7.56 5 858.5
ZS 7.55 1 270.64
SIVB 7.54 1 570.17
DASH 7.45 2 187.61
EEIQ 7.39 3 6.31
LII 7.33 2 328.67
FLGT 7.33 3 93.69
LAD 7.20 2 332.37
GH 7.05 1 129.09
CPOP 7.05 2 4.07
ZLAB 7.04 2 150.99
ADSK 6.99 2 287.63
MA 6.96 3 347.39
LAIX 6.87 1 0.9972
IRNT 6.87 1 21.57
GPN 6.86 4 166.37
LHDX 6.82 1 9.33
TERN 6.81 1 11.12
AAP 6.68 1 207.57
VERV 6.63 3 73.99
TPST 6.58 2 14.62
RLMD 6.56 1 26.02
SEDG 6.52 2 275.82
KEYS 6.46 1 168.72
KALV 6.45 2 20.2
SNPS 6.39 2 332.36
EJH 6.39 5 3.69
RAPT 6.35 2 35.14
KMB 6.35 1 135.82
PKI 6.30 1 172.11
INTU 6.27 2 567.38
VIR 6.18 1 51.7
ANVS 6.15 4 35.28
ACMR 6.15 1 107.13
SCPS 6.13 4 5.79
SCR 5.96 1 34.75
UTHR 5.88 1 205.43
LANC 5.87 1 179.98
ENPH 5.87 2 158.22
CELH 5.86 1 73.31
WDAY 5.85 2 267.37
SITM 5.79 3 203.99
DQ 5.79 4 61.35
LOW 5.78 3 204.33
LH 5.76 2 73.31
VERY 5.74 1 9.44
SI 5.73 1 24.35
ANTM 5.66 3 371.52
HRI 5.63 1 128.24
COST 5.45 3 465.16
LLY 5.39 3 239.5
GWRE 5.32 1 122.07
V 5.11 1 224.91
SPLK 5.11 4 153.85
ASAN 5.07 1 97.61
APPN 5.04 2 101.37
AMGN 5.04 2 216.81
RGEN 5.01 2 294.84
SJ 4.97 1 4.31
AAME 4.94 2 3.92
LIN 4.89 3 310.44
AXP 4.88 1 173.12
HON 4.87 2 229.27
FULC 4.87 3 26.65
YETI 4.85 1 99.78
IMPL 4.85 2 16.11
ZM 4.83 12 301.5
ZG 4.83 3 92.09
GRTS 4.83 3 12.17
PLCE 4.81 1 100.58
HAS 4.75 1 103.98
ABNB 4.71 3 165.2
HCA 4.67 1 249.32
GRVY 4.67 2 104.77
EDIT 4.67 1 56.48
LAZR 4.65 1 16.5
ADI 4.60 1 165.78
TSLA 4.57 141 736.27
STZ 4.57 1 234.27
RACE 4.57 1 212.51
GOOG 4.55 25 2838.42
WSM 4.52 3 179.41
NNOX 4.52 2 23.12
TTWO 4.51 1 159.92
PRTA 4.43 2 76.38
OCG 4.42 3 4.45
CI 4.39 2 30.46
CAT 4.36 2 205.01
LWAC 4.34 2 16.98
DOCN 4.31 1 70.03
DDS 4.31 5 193.4
WAVE 4.30 2 8.06
IMAB 4.28 1 72
NEWR 4.27 1 82.6
RL 4.24 2 112.63
COF 4.22 1 159.96
CLDX 4.17 1 54.52
ALEC 4.17 3 22.76
IMNM 4.16 1 18.65
APPS 4.16 1 60.05
AN 4.16 2 101.49
SNA 4.15 1 221.53
VMW 4.12 3 141.32
DOCS 3.99 4 102.02
STE 3.98 1 209.71
SPT 3.95 1 105.63
EAT 3.93 1 50.92
SAVA 3.92 20 50.64
SIEB 3.89 2 3.67
FANG 3.89 1 80.54
BNTC 3.84 1 3.95
VRNT 3.78 1 43.25
SHEN 3.71 1 61.1
OCGN 3.71 2 7.15
BHVN 3.71 2 117.28
KZIA 3.69 1 10.63
PKG 3.68 2 139.12
CTRN 3.67 2 88.64
AMEH 3.61 2 111.1
LAW 3.60 1 65.67
PDD 3.58 4 103.75
QDEL 3.57 1 136.97
DLPN 3.56 3 12.77
AACG 3.56 3 2.85
ADBE 3.54 5 658.94
UHS 3.49 2 157.9
SKT 3.49 1 16.58
GME 3.48 75 190.41
TVTX 3.46 1 23.55
TDC 3.44 1 51.11
OTIS 3.43 1 89.2
SFIX 3.41 1 36.48
RBLX 3.40 4 87.88
FIGS 3.34 2 43.63
EA 3.34 1 145.13
NMRD 3.33 2 6.33
MCD 3.30 2 239.18
BIIB 3.26 3 299.81
UNH 3.25 9 403.91
KURA 3.24 1 20.7
OPNT 3.16 1 18.06
BYND 3.16 2 130.32
BKE 3.14 1 41.56
NURO 3.12 6 10.88
MSGE 3.10 3 79.09
VSCO 3.09 2 61.67
PTON 3.08 1 104.35
OLLI 3.08 1 72.58
XLNX 3.06 4 155.06
KMPH 3.04 1 9.28
CLX 3.04 2 165.71
TASK 3.03 4 68.12
CREE 3.02 3 86.62
NEGG 3.00 20 16.89
DOMO 3.00 2 77.65
DKS 2.98 5 132.06
J 2.97 1 24.47
ESTC 2.97 3 159.66
UBER 2.96 1 43.03
SEMR 2.96 1 31.32
ARVN 2.96 3 97.07
JRVR 2.95 1 34.36
TSM 2.93 1 117.82
FATE 2.92 1
AFRM 2.89 4 123.7
LOOP 2.88 1 10.71
JCS 2.88 1 6.71
WGO 2.86 1 70.63
DLO 2.85 3 62.72
LITE 2.84 1 80.24
HTBX 2.80 1 6.28
WAFU 2.79 2 6.37
MOXC 2.78 2 7.36
STX 2.76 3 83.92
IRDM 2.75 2 47.27
ABT 2.75 2 128.8
SLS 2.74 1 9.63
PFGC 2.74 1 42.96
MNST 2.74 1 95.92
TNA 2.70 2 86.11
NXPI 2.70 3 212.12
MVIS 2.70 2 13.35
AKAM 2.70 1 112.41
KNBE 2.69 4 26.52
EL 2.69 5 335.44
XBI 2.65 4 131.72
PEP 2.63 1 153.0
NCTY 2.63 5 13.22
DTST 2.61 1 7.11
DPW 2.61 3 2.79
GS 2.60 6 403.48
RMBL 2.58 1 35.88
TTD 2.55 5 72.78
IWM 2.55 3 226.16
DEN 2.54 1 71.4
LPX 2.53 1 55.27
FL 2.53 1 58.17
DDL 2.53 1 26.14
CLII 2.53 1 14.36
NTAP 2.52 2 86.98
JBL 2.52 1 62.94
HOL 2.52 1 12.35
LEXX 2.49 1 6.17
ALXN 2.49 2 182.5
LOGI 2.48 2 107.98
BBY 2.48 4 111.35
CRNC 2.46 2 116.64
TGT 2.44 7 244.54
AVXL 2.41 5 18.7
LYEL 2.40 1 17.95
CM 2.39 2 39.74
PLD 2.38 2 128.07
PATI 2.38 1 12.14
PATI 2.38 1 12.14
GIII 2.35 2 29.28
APP 2.35 3 77.38
UPS 2.33 5 193.26
SKX 2.32 1 54.16
CYTK 2.32 2 29.52
AGRI 2.32 1 5.53
CHCI 2.31 2 5.29
PRFX 2.29 1 2.79
ATKR 2.27 1 83.82
SQ 2.23 21 247.9
RTX 2.23 1 88.2
DLTR 2.23 2 90.21
TSP 2.22 4 40.18
TJX 2.22 3 68.87
STT 2.22 2 79.72
LMT 2.22 8 345.88
CHGG 2.22 1 85.0
FGEN 2.21 2 11.34
AMD 2.21 7 105.2
OSTK 2.20 6 68.86
DXC 2.19 1 38.72
XTLB 2.18 1 4.49
TSN 2.17 2 74.8
MDT 2.17 4 131.14
SPG 2.16 2 134.71
SMLP 2.15 1 33.45
STMP 2.14 3 328.58
EXPI 2.14 3 45.76
INCY 2.13 1 77.95
IGIC 2.12 1 8.88
BBWI 2.11 2 63.64
WM 2.10 2 226.16
CERE 2.10 5 36.8
DELL 2.08 5 95.24
BON 2.06 1 11.4
ALDX 2.06 1 8.8
MFNC 2.04 1 21.5
BTX 2.04 1 12.26
VLO 2.03 2 66.35
JD 2.03 3 76.25
FLWS 2.02 2 30.4
APRE 2.02 1 4.59
TMUS 2.01 3 130.81
MRIN 2.01 5 5.8
IBM 2.00 4 137.02
DD 1.98 1 97.71
VTSI 1.97 1 9.18
KSS 1.96 6 51.77
JG 1.96 2 1.92
BNR 1.96 2 20.41
LI 1.94 2 30.19
RRGB 1.93 1 20.52
LEGN 1.93 3 49.0
BTBT 1.92 7 10.31
BIDU 1.92 115 164.1
NEE 1.91 1 77.22
ZIM 1.89 1 45.51
DG 1.89 3 218.05
FTCH 1.88 1 38.67
LEDS 1.87 2 9.19
HOOD 1.85 12 41.17
ON 1.84 1 104.35
DUK 1.84 1 107.72
DKNG 1.84 2 62.46
AIT 1.83 1 89.31
OSAT 1.82 2 6.27
OKE 1.82 1 51.72
DIS 1.79 6 184.12
ANF 1.79 1 35.78
ARCE 1.78 1 24.04
BLDR 1.77 1 47.31
TTC 1.75 3 107.22
VOXX 1.74 2 11.07
AMAT 1.73 5 136.84
PG 1.72 4 144.13
KODK 1.72 1 7
HD 1.71 9 331.95
CHKP 1.71 4 121.12
VMEO 1.70 1 35.94
SILK 1.70 3 61.44
ROST 1.70 3 112.81
LYFT 1.70 3 50.01
ENOB 1.70 3 7.88
MYGN 1.67 1 34.8
TWTR 1.66 2 68.65
MPC 1.66 1 54.55
SYPR 1.65 2 3.67
FLOW 1.65 3 76.9
KMX 1.64 1 134.53
CRM 1.64 9 257.2
CAH 1.64 3 50.63
LODE 1.63 1 3.14
KYMR 1.63 1
JZXN 1.63 4 2.94
MOS 1.62 1 31.27
IYC 1.62 1 79.33
CRCT 1.61 1 40.58
USB 1.60 3 57.13
SPI 1.60 2 5.44
RMED 1.60 3 3.16
MBRX 1.60 1 3.06
WHLM 1.59 3 5.68
CSIQ 1.59 2 36.36
BZ 1.59 1 34.13
A 1.59 5 177.23
FISV 1.58 5 110.68
CELC 1.58 2 21.18
RIOT 1.57 2 32.89
GTEC 1.57 2 6.805
CNC 1.57 1 70.47
CARA 1.57 2 15.27
SPTN 1.56 1 21.52
PAYX 1.56 1 110.3
BLFS 1.55 1 51.66
SSY 1.54 2 2.55
MTTR 1.54 1 18.89
FUV 1.54 1 11.04
GIS 1.53 1 60.91
UAL 1.50 1 44.34
SUPN 1.50 1 26.59
ENLV 1.50 1 11.33
BILI 1.50 20 83.46
ZEV 1.49 3 9.93
SGOC 1.48 8 6.18
JNJ 1.48 2 166.97
ISEE 1.48 2 14.12
VCVC 1.46 1 9.85
LGHL 1.46 1 1.3
PINS 1.45 3 54.24
MMM 1.45 5 184.55
EYEG 1.45 1 1.63
EVOL 1.45 1 2.19
BPTH 1.44 1 5.5
SNOA 1.43 3 5.57
SCKT 1.43 3 7.09
GM 1.42 1 26.2
ATVI 1.42 3 79.64
SCHW 1.41 2 71.44
AVIR 1.41 1 25.0
CVS 1.40 3 83.79
CRDF 1.40 1 6.3
NVDA 1.39 139 224.78
ERYP 1.39 2 6.02
EOSE 1.39 2 12.95
COUR 1.39 1 40.91
TNET 1.38 1 79.86
LIVE 1.37 3 40.31
ECOM 1.37 1 26.82
ATNF 1.36 2 5.55
TAOP 1.35 3 3.04
RUN 1.35 4 44.7
BWAY 1.35 1 8.06
WNW 1.34 1 4.76
NLS 1.33 1 13.62
AMC 1.33 52 50.16
SLV 1.32 1 21.99
HOG 1.32 2 40.12
AEO 1.32 2 27.03
VIH 1.31 1 10.29
SPY 1.31 1 445.44
SJM 1.30 6 121.06
AA 1.30 2 23.83
SPCE 1.29 22 25.16
MAT 1.28 2 19.99
LEN 1.28 3 99.74
FRD 1.28 1 12.33
CCJ 1.28 1 24.43
XLV 1.27 1 133.19
RHE 1.27 2 8.5
HJLI 1.27 1 8.66
APXT 1.27 1 12.11
SLGG 1.26 1 3.9
MESO 1.26 1 6.23
JKS 1.26 2 51.62
HHR 1.26 1 42.84
THCB 1.25 1 10
NNVC 1.25 1 3.94
NGM 1.25 2 23.36
BYSI 1.25 3 24.44
PBTS 1.24 1 1.35
EDSA 1.24 1 5.93
CMMB 1.24 2 14.04
ANPC 1.24 2 3.6
TAP 1.23 2 86.98
C 1.23 4 0.0
RCUS 1.22 1 32.39
NKE 1.22 6 163.59
EYES 1.22 6 3.59
BBBY 1.22 12 24.44
KIRK 1.21 1 20.42
HGEN 1.21 3 6.88
ARAV 1.21 1 3.97
STEM 1.20 4 22.44
MAXR 1.20 3 30.74
JPM 1.20 12 157.36
CRIS 1.20 2 8.72
CETX 1.20 1 1.19
AMTX 1.20 3 13.2
PALI 1.19 2 3
JWN 1.19 3 26.52
QCOM 1.18 7 142.68
PFE 1.18 3 45.59
GRU 1.18 1 4.195
GRU 1.18 0 4.195
GRTX 1.18 1 7.48
DFH 1.18 1 20.98
AYRO 1.18 1 3.86
NIU 1.17 3 24.33
CLSK 1.17 1 11.69
SIF 1.16 1 8.31
HGSH 1.16 2 1.75
IMTX 1.15 3 14.8
MARA 1.14 7 35.74
DAL 1.14 4 38.52
VNET 1.13 3 21.22
STG 1.13 1 6.14
NUAN 1.13 1 55.21
ABSI 1.13 1 22.26
RY 1.12 2 105.72
QFIN 1.12 6 24.44
MNOV 1.12 2 4.12
BZUN 1.12 1 19.14
TGTX 1.11 1 29.79
PMCB 1.11 3 3.59
KHC 1.11 1 37.01
CNET 1.11 1 1.37
BCRX 1.11 5 15.2
OPTT 1.10 1 1.93
GT 1.09 1 15.74
DDD 1.09 8 30.91
ATAI 1.09 1 16.46
SLB 1.08 1 28.43
RSLS 1.08 1 2.97
MTSL 1.08 3 3.37
FCBP 1.08 1 29.1
BAC 1.08 3 37.85
B 1.08 1 45.05
AZYO 1.08 1 8.99
ALF 1.08 2 8.2
XLE 1.07 3 47.79
TTCF 1.07 1 17.03
NETE 1.05 1 9.65
OCUP 1.04 1 5.28
IPA 1.04 2 7.01
FSTX 1.04 1 7.65
CANF 1.04 1 1.75
ALLO 1.04 1 24.74
FTEK 1.03 2 1.83
COP 1.03 5 55.73
BJ 1.03 5 58.25
AMKR 1.03 1 23.53
ALYA 1.03 3 2.6
QADB 1.02 3 86.95
FAST 1.02 1 53.15
ZCMD 1.01 1 1.63
RCON 1.01 1 3.2
MVST 1.01 4 11.66
LL 1.01 1 219.4
EGRX 1.01 2 47.73
GOVX 1.00 2 4.8
BGFV .99 5 27.85
TRCH .98 2 9.88
NFLX .98 101 598.72
HOFV .98 2 3.01
UAA .97 2 23.83
SKLZ .97 3 11.21
FA .96 1 24.13
DWSN .96 1 2.02
BTWN .95 1 9.84
CGC .94 1 19.19
MO .93 2 12.92
HCM .93 4 38.85
CHPT .93 1 20.68
ABBV .93 4 106.68
LBPH .92 1 10.97
KNL .92 1 25.04
YEXT .91 1 12.73
WFC .91 4 43.13
GEG .90 1 2.25
CRTO .90 1 35.74
YMM .89 1 17.16
PLUG .89 8 24.16
CEMI .89 6 2.7
ACHL .89 1 6.16
HPQ .88 3 28
BABA .88 96 168.1
GLD .87 5 167.18
DTSS .87 1 2.06
AFMD .87 1 6.48
VLDR .86 1 6.49
RF .86 1 19.1
LC .86 5 30.04
ATHM .86 2 40.22
SRNE .85 1
SAFM .85 1 193.28
RIDE .85 5 6.18
HNP .85 1 21.24
RKT .84 1 19.21
PTIX .84 2 2
HRC .84 3 150.87
BB .84 11 10.42
UAVS .83 1 3.23
LUV .83 3 47.9
IRBO .83 1 44.75
CSCO .83 5 57.89
CNA .83 1 43.9
BLUW .83 2 9.63
SANA .82 1 23.14
MNSO .82 1 16.96
FITB .82 3 38.66
SPRT .81 20 21
CLF .81 5 23.34
GMBL .80 1 8.24
SWI .79 1 10.88
SCYX .79 1 6.75
PNRG .79 1 62.51
MU .79 4 73.5
MTL .79 1 4.29
BP .79 1 25.64
ZY .78 3 10.33
VVOS .78 4 5.26
OTLK .78 1 2.49
HX .78 1 1.69
GNOG .78 1 22.4
CAI .78 1 55.88
WATT .77 1 2.32
PLTR .77 2 26.28
EXPR .77 3 5.28
ENTX .77 2 4.7
NBRV .76 1 1.12
APG .76 1 22.92
GP .75 2 15.19
SHOP .74 5 1484.1
PSTG .74 2 26.41
MQ .74 1 26.87
GTIM .74 1 5.18
GRVI .74 3 5.76
FUBO .74 2 29.89
ATXI .74 1 1.75
VZ .73 2 55.96
VOOV .73 1 143.78
UPC .73 3 2.5
SQBG .73 2 6.24
RNXT .73 2 9.36
ORPH .73 3 4.81
ORMP .73 9 19.51
NVFY .73 3 2.26
MRK .72 2 16.16
ENSC .72 1 3.5
BTCM .72 4 11.27
ARPO .72 1 2.2
AREC .72 4 2.3
ZKIN .71 2 3.49
TBLA .70 1 9.85
SONO .70 4 36.96
PRPL .70 3 27.32
ORGS .70 1 5.06
OCX .70 1 3.93
JRJC .70 1 4.98
CBAT .70 2 2.79
WIMI .69 1 4.39
BEKE .69 1 18.98
ASM .69 1 0.9388
APOP .69 4 6.35
ONCS .68 1 2.1
INTC .68 5 53.84
BBIG .68 11 10.35
XONE .67 2 23.76
WMT .67 14 145.89
PDCO .67 2 32.2
FOE .67 1 21
CLNE .67 1 7.84
BODY .67 1 6.63
ACH .67 1 21.48
VIPS .66 1 14.26
TIGR .66 5 14.53
SSNT .66 1 6.64
RETO .66 1 0.8948
ERJ .66 1 15.28
DRN .66 1 24.2
CTKB .66 1 26.43
CRTD .66 3 3.08
AMOM .66 1 36.86
TATT .65 3 5.73
STRO .65 2 19.88
PCVX .65 1 26.16
OLB .65 1 5.23
LMNL .65 3 2.55
K .65 6 62.74
TESS .64 1 5.45
M .64 5 20.64
LZB .64 2 34.29
GPS .64 5 23.86
FLGC .64 2 7.13
CTIB .64 3 2.09
ANY .64 6 6.55
ACY .64 16 31.37
XLP .63 1 71.88
DNUT .63 3 15.97
CCL .63 4 22.75
ULTA .62 1 388.74
LJPC .62 2 4.08
AEHR .62 12 10.11
SPWH .61 1 17.68
SOS .61 2 2.8
SNAP .61 110 74.5
QADB .61 0 86.95
PYPL .61 5 284.32
PLG .61 1 2.55
MRVL .61 5 61.17
IPHA .61 2 6.02
CL .61 3 77.04
BIOC .61 1 3.79
AMBO .61 1 1.54
PSTV .60 1 1.9
EVK .60 6 3.03
AVCT .60 1 3.67
AMRS .60 1 13.3
VERU .59 3 9.14
UONE .59 3 7.9
BIG .59 2 45.98
WPRT .58 2 3.49
WISH .58 3 6.8
TRIT .58 3 5.06
STAF .58 2 2.13
EPU .58 2 27.38
WEI .57 1 0.9
TQQQ .57 129 145.55
SBTX .57 1 19.44
ACI .57 5 30.03
T .56 3 27.18
SBH .56 2 16.32
OBLN .56 3 3.05
MTP .56 1 1.8
KO .56 5 56.47
CLPS .56 1 3.29
CLPS .56 1 3.29
CLOV .56 1 8.59
ARMK .56 3 35.02
VNE .55 6 34.81
UWMC .55 1 7.46
LTHM .55 5 25.28
EVGO .55 1 12.44
EOLS .55 1 8.11
APTO .55 2 2.89
WHLR .54 2 3.18
GSM .54 3 8.59
ENZ .54 2 3.49
AUUD .54 5 2.79
ADMA .54 1 1.19
TBIO .53 3 37.41
MEDS .53 5 5.14
HUYA .53 3 10.07
EQ .53 1 5.84
ENG .53 2 1.94
VIVE .52 1 2.5
TLRY .52 3 12.41
KULR .52 1 2.25
HRL .52 3 42.31
FLO .52 2 24.65
XBIO .51 7 2.5
WOOF .51 2 21.52
VTNR .51 6 6.76
DYAI .51 3 5.73
CPSH .51 1 5.85
AUTL .51 1 6.81
RKDA .49 1 2.29
NRBO .49 2 4.17
MSFT .49 107 295.71
IGC .49 3 1.53
GEVO .49 4 6.93
ECHO .49 1 47.7
ARMP .49 1 3.92
XPEV .48 79 38.54
PBR .48 3 9.94
NNDM .48 3 6.13
NIO .48 75 37.98
NEXT .48 2 3.34
DBGI .48 3 2.81
TRIL .47 1 17.29
SOHU .47 6 22.82
KR .47 13 42.67
DARE .47 1 1.65
D .47 6 77.3
BGI .47 1 2.39
VXX .46 3 27.06
UFAB .46 2 2.41
NTEC .46 4 9.63
KBSF .46 2 3.83
INOV .46 1 36.87
GURE .46 1 4.16
CVV .46 2 5.24
CIEN .46 16 53.91
BCLI .46 1 3.28
TYME .45 4 1.07
TME .45 1 8.92
ONCT .45 2 4.23
ME .45 1 8.44
BLIN .45 7 4.38
ADIL .45 2 4.14
WORX .44 4 2.66
GALT .44 3 3.82
FFHL .44 2 10.7
FCX .43 16 35.48
EVGN .43 1 3.11
COTY .43 4 8.23
CAN .43 4 8.42
ATIF .43 1 4.58
AQMS .43 2 2.13
OBSV .42 2 3.02
VSH .41 2 22.71
GTT .41 1 2.36
CTSO .41 3 8.91
ASTR .41 3 11.66
ACOR .41 4 4.67
YJ .40 2 0.817
XOM .40 6 53.98
RRD .40 2 4.51
LIZI .40 4 3.98
GE .40 4 102
FBRX .40 1 4.11
DUOT .40 1 6.65
CHRA .40 1 4.83
AAPL .40 107 148.97
OXBR .39 4 3.36
MOMO .39 1 12.92
MDIA .39 2 7.47
CSCW .39 2 1.2
OVID .38 2 3.45
MRTN .38 3 15.37
ANIX .38 1 5
AAL .38 8 18.95
HUGE .37 1 1.7
HNST .37 1 13.83
GPK .37 1 18.91
CHMA .37 2 3.76
MRKR .36 1 1.89
JFIN .36 2 3.89
IDEX .36 4 2.18
GNLN .36 2 3.02
BNGO .36 11 5.57
AKTX .36 1 1.81
AGNC .36 2 16.18
ADMP .36 1 1.07
ACB .36 3 6.63
MFGP .35 1 5.32
IRIX .35 3 7.26
CLSD .35 3 6.6
BSQR .35 13 2.62
AESE .35 1 1.84
XELB .34 2 1.7
HWCC .34 1 5.24
ENVB .34 2 3.45
LMFA .33 4 4.48
GTS .33 1 35.19
BHTG .33 1 1.48
AZN .33 7 56.26
VBLT .32 2 2.47
TAL .32 2 4.96
SPCB .32 2 1.11
MINM .32 2 2.22
IMMP .32 3 4.1
BKYI .32 1 3.13
YPF .31 1 5.15
WINT .31 3 1.86
ULBI .31 2 8.03
PIRS .31 5 5.71
FENC .31 1 8.19
DMAC .31 2 4.09
AEY .31 1 2.44
HAPP .30 1 1.23
HUSN .29 4 2.79
AXLA .29 1 3.32
NKLA .28 14 9.66
MITO .28 1 1.36
IMMR .28 2 7.24
ALTO .28 3 4.58
NAOV .27 11 2.29
PPBT .26 1 4.9
PME .26 1 0.7278
ATOS .26 4 3.97
PBLA .25 1 2.41
RAIL .24 4 4.99
IKT .24 1 2.29
GBR .24 1 4.29
PYPL .23 13 284.32
MOGO .23 3 4.69
ACHV .23 1 8.01
THTX .22 1 3.72
SSKN .22 1 1.755
OXY .22 22 24.98
JFU .22 3 1.92
GENE .22 2 3.4
DYNT .22 5 1.27
XELA .21 6 2.22
VIEW .21 1 5.07
TENX .21 1 1.42
KXIN .21 5 3.17
ALAC .21 2 11.36
ZNGA .20 2 8.11
PHUN .20 5 1.04
ENSV .20 1 1.24
EKSO .20 1 4.5
SBS .19 3 6.46
NBEV .19 1 2.27
AGEN .19 4 6.5
TELL .18 5 2.89
OSMT .18 3 3.14
ET .18 2 32.79
DBVT .18 3 5.24
PPC .17 2 28.05
ORGO .17 1 16.73
MRO .17 6 11.27
LIVX .17 2 2.94
IRCP .17 1 2.94
GMTX .17 1 4.68
FCEL .17 126 5.58
SSL .16 5 15.52
SNES .16 2 1.7
RAVN .16 2 57.94
INFI .16 4 3.55
HFBL .16 1 18.9532
IMV .15 2 1.76
GRUB .15 3 18.25
CHNG .15 2 21.77
SYKE .14 3 54
OEG .14 1 3.04
INM .14 1 2.09
IEC .14 1 15.31
EDU .14 1 2.1
CPG .14 1 3.4
SVBI .13 1 12.31
LMRK .13 1 16.49
ESXB .13 1 10.49
CRON .13 4 6.92
SBBP .12 2 2.27
RIG .12 2 3.5
PSTX .12 1 8.2
GSAT .12 2 2.6
CHNR .12 4 1.23
VERB .11 6 1.94
SNMP .11 2 0.965
MOHO .11 3 0.6989
GBS .11 1 3.38
FENG .11 2 1.3
CALA .11 1 2.19
XLK .10 3 156.63
SLHG .10 1 3.07
EDTK .10 2 1.58
CNFR .10 2 3.17
AEMD .10 2 3.61
WTER .09 2 1.79
TEDU .09 2 1.5
SELF .09 1 5.25
PRPO .09 3 3.12
NOK .09 2 6.12
AEI .09 2 2.51
MDNA .08 7 2.6769
MBII .08 1 1.2
MARK .08 2 1.16
CLDR .08 1 15.92
BQ .08 2 2.76
NEPT .07 2 0.6608
KDMN .07 1 9.09
ITRO .07 1 1.27
ITRN .07 3 26.1
WYNN .06 3 96.15
PSP .06 2 16.18
FRO .06 5 7.8
ULTA .05 12 388.74
FRBK .05 1 3.15
WYNN .04 4 96.15
VTGN .04 3 3.02
SHOP .04 88 1484.1
PBT .04 2 5.25
CXP .04 1 19.04
AVGR .04 7 0.9
VCAR .03 1 11.965
SNDL .03 1 0.76
SIC .03 1 14.39
FB .03 93 378.69
DFP .03 1 29.07
NWHM .02 1 8.99
KIN .02 2 9.25
IACB .02 2 9.855
FB .02 100 378.69
DSE .02 1 9.49
BLNK .02 11 30.65
BEST .02 2 1.06
SLVO .01 2 5.43
PMD .01 1 7.79
INFL .01 2 29.9
WMPN 0 4 12.24
202PENN %:
RTLR -.01 7 10.97
EIC -.08 1 16.24
NSYS -.12 1 12.875
