NVAX 13.77 9 165.68 .747
BKNG 10.17 8 2469 .032
SAM 9.40 7 545 .119
CCXI 8.67 1 19.6 .442
AMZN 8.18 93 3302.43 .186
REGN 7.44 9 552.02 .117
W 7.31 7 243.39 .210
SIVB 7.01 8 665.56 .080
AZO 6.70 11 1683.73 .033
LAD 6.41 5 323.48 .095
DUOL 6.32 1 156.86 .040
BLK 6.24 5 842.35 .035
DDS 6.22 9 200.25 .279
MDB 5.88 8 472.87 .096
DPZ 5.62 11 482.71 .121
BNTX 5.57 13 246.57 .286
KOSS 5.35 7 15.7 2.380
ASML 5.22 9 746.82 .054
EJH 5.21 6 2.29 13.650
SE 4.93 13 324.25 .195
DE 4.88 8 344.09 .112
SI 4.86 4 151.72 .128
AFRM 4.66 9 133.9 .306
UPST 4.49 13 307.38 .182
RGEN 4.41 7 272.17 .112
ZM 4.40 14 256.27 .238
GOOG 4.33 27 2783.71 .027
EEIQ 4.33 5 4.16 5.200
TSLA 4.22 145 793.61 .725
FLGT 4.22 5 81.1 .260
SPLK 4.15 5 150.08 .135
ADBE 4.10 6 578.96 .042
BIIB 4.00 5 287.77 .065
NVCR 3.93 9 113.4 .306
CARV 3.92 6 16.32 1.440
SEDG 3.89 5 263.61 .070
ENPH 3.89 5 157.23 .120
NRXP 3.86 6 7.79 2.970
ZS 3.84 5 269.88 .070
BCYC 3.83 1 48.69 .078
MRNA 3.75 29 309.36 .348
ANVS 3.73 6 26.77 .834
SNPS 3.69 6 298.37 .072
LLY 3.67 5 233.18 .075
UNH 3.56 10 404.7 .080
IRNT 3.52 5 12.45 1.410
LIN 3.50 5 299.16 .055
EBET 3.45 6 23.4 .882
GPN 3.44 10 159.87 .210
ZLAB 3.42 6 104.19 .192
SITM 3.41 5 214.22 .075
ADSK 3.38 5 283.02 .055
DQ 3.36 7 56.86 .413
SCPS 3.34 7 4.11 5.684
IAC 3.29 6 141.93 .138
GLSI 3.27 5 37.73 .430
JAN 3.24 5 6.225 2.600
ADGI 3.21 7 31.4 .714
ZG 3.17 5 93.22 .170
COST 3.15 6 452.87 .036
GRTS 3.14 5 9.56 1.640
CAT 3.14 5 195.75 .080
DAVA 3.12 2 151.31 .040
ROKU 3.09 5 324.47 .045
NEGG 3.07 20 14.19 4.320
IWM 3.04 5 223.26 .065
DOCS 3.04 6 80.22 .222
SAVA 3.02 26 53.62 1.456
KEYS 3.02 3 163.23 .054
GME 2.99 82 172.12 1.394
ANTM 2.99 6 380.66 .042
LII 2.97 6 303.97 .054
MA 2.96 5 353.91 .040
SNOW 2.91 8 320.05 .072
DLTR 2.90 5 98.28 .145
DASH 2.82 7 204.92 .091
GS 2.81 8 390.62 .056
ABNB 2.80 5 169.6 .080
RBLX 2.77 5 74.8 .185
CELH 2.77 5 97.62 .140
XLNX 2.75 5 158.07 .085
NCTY 2.63 5 11.5 1.140
WDAY 2.61 5 257.86 .050
INTU 2.61 5 537.73 .020
AUVI 2.56 8 5.21 3.928
TTD 2.55 5 70.42 .180
WSM 2.54 5 172.65 .070
FULC 2.54 6 25.53 .594
INDP 2.52 5 7.14 1.760
AVXL 2.41 5 17.42 .690
AZPN 2.37 1 137.64 .017
CPOP 2.34 5 2.89 4.045
UPS 2.33 5 181.6 .060
VMW 2.32 5 153.68 .075
NXPI 2.32 5 193.85 .055
XBI 2.27 5 123.91 .090
V 2.27 5 230.55 .045
AMGN 2.27 5 209.12 .050
OSTK 2.20 6 76.41 .168
TPST 2.19 5 14.47 .755
PKG 2.17 5 142.67 .075
AVIR 2.17 2 41.03 .104
VLO 2.15 3 75.9 .084
PDD 2.15 5 94.95 .110
DLPN 2.14 5 13.24 .805
AACG 2.14 5 2.27 4.710
DIS 2.12 7 177.71 .077
ACRS 2.12 7 18.36 .805
EL 2.10 6 314.79 .036
ALEC 2.10 6 24.28 .516
TSCO 2.08 7 198 .070
RFL 2.08 1 33.8 .061
DELL 2.08 5 107.05 .095
KNBE 2.06 5 24.53 .415
BBY 2.06 5 107.59 .095
TASK 2.03 6 57.81 .210
HON 2.02 5 218.37 .045
TMUS 2.01 3 123.18 .048
MRIN 2.01 5 8.1 1.240
IBM 2.00 4 141.81 .056
AXP 2.00 3 174.29 .033
TDC 1.99 2 55.82 .070
APPS 1.99 4 77.9 .100
UHAL 1.98 9 694.65 .018
TSN 1.98 3 78.68 .075
DD 1.98 1 70.54 .028
VTSI 1.97 1 11.14 .176
AAME 1.97 5 4.33 2.270
SQ 1.96 22 249.16 .154
SPT 1.96 5 118.49 .080
JG 1.96 2 1.62 2.418
BNR 1.96 2 16.58 .236
VSCO 1.95 3 53.48 .108
RL 1.95 5 117.21 .080
MDT 1.95 5 126.83 .075
LMT 1.95 9 351.78 .045
COHN 1.95 5 20.75 .465
WAFU 1.94 3 6.59 .882
VRNT 1.94 2 45.93 .084
STZ 1.94 3 216.51 .024
LI 1.94 2 28.78 .134
RRGB 1.93 1 22.57 .085
AAP 1.93 3 214.5 .024
GWRE 1.92 3 118.85 .048
NEE 1.91 1 80.92 .023
LOW 1.91 7 207.9 .063
DLO 1.91 4 57.48 .132
ARVN 1.91 7 83.75 .154
DG 1.89 3 210.83 .024
PEP 1.88 2 156.39 .024
NTAP 1.88 3 91.15 .060
MSGE 1.88 4 70.67 .104
KMB 1.88 4 133.7 .056
FTCH 1.88 1 36.71 .051
TDG 1.87 4 648.03 .008
LPX 1.87 2 62.08 .060
LEDS 1.87 2 7.68 .486
BKE 1.86 2 42.14 .088
VIR 1.85 3 34.57 .159
VERY 1.85 3 8.71 .636
HOOD 1.85 12 41.84 .528
COIN 1.85 5 251.59 .035
UTHR 1.84 3 195.94 .027
QDEL 1.84 3 136.21 .039
ON 1.84 1 45.39 .040
EXPI 1.84 5 42.13 .215
DUK 1.84 1 100.96 .018
DKNG 1.84 2 49.37 .074
CI 1.83 5 204.71 .040
AIT 1.83 1 95.38 .019
ACMR 1.83 5 114.67 .075
PFGC 1.82 2 48.44 .074
OSAT 1.82 2 4.98 .730
OKE 1.82 1 60.75 .029
COF 1.82 3 167.88 .030
EAT 1.81 2 50.37 .070
TVTX 1.79 2 26.02 .136
LEGN 1.79 4 54.44 .128
CTRN 1.79 3 76.52 .069
UBER 1.78 2 47.91 .074
ROLL 1.78 7 219.74 .056
CERE 1.78 7 32.58 .378
BIDU 1.78 117 156.55 1.287
ASAN 1.78 4 108.87 .064
ARCE 1.78 1 20.4 .087
VRPX 1.77 9 4.39 3.627
RAPT 1.77 7 30.5 .406
MOXC 1.77 3 7.13 .744
BLDR 1.77 1 54.75 .032
AMD 1.77 9 106.45 .144
SKT 1.76 2 16.58 .212
FATE 1.76 2 56.33 .062
TTC 1.75 3 98.68 .051
TSP 1.75 5 37.73 .230
STX 1.75 6 81.78 .126
VOXX 1.74 2 11.27 .308
BHVN 1.74 4 142.45 .048
LWAC 1.73 5 16.98 .505
HAS 1.73 3 89.31 .057
AMAT 1.73 5 127.88 .065
YETI 1.72 3 87.17 .057
WAVE 1.72 5 6.51 1.320
LAIX 1.72 4 0.87 7.908
KODK 1.72 1 6.89 .249
HRI 1.71 3 171.22 .027
VMEO 1.70 1 28.67 .059
ROST 1.70 3 107.91 .045
LYFT 1.70 3 54.7 .093
KMPH 1.70 2 8.85 .384
IMPL 1.70 5 9.96 .850
ENOB 1.70 3 7.1 .717
CM 1.70 4 115.74 .056
QADB 1.69 3 87.31 .057
PTON 1.69 3 87.74 .057
NURO 1.69 10 9.6 1.760
NNOX 1.69 5 22.65 .370
LIFE 1.69 2 8.51 .396
SHEN 1.68 2 32.05 .104
MCD 1.68 5 248.32 .030
BURL 1.68 8 278.72 .048
NEWR 1.67 3 75.55 .066
MYGN 1.67 1 31.66 .052
EA 1.67 2 137.59 .024
DKS 1.67 8 120.02 .104
TWTR 1.66 2 63.97 .050
NMRD 1.66 4 5.92 1.120
MPC 1.66 1 63.5 .026
KURA 1.66 2 18.96 .174
ALXN 1.66 3 182.5 .027
SYPR 1.65 2 3.78 .872
NVOS 1.65 5 1.77 4.660
FLOW 1.65 3 73.29 .066
ESTC 1.65 4 152.3 .040
KMX 1.64 1 131.35 .012
CREE 1.64 5 79.12 .100
CAH 1.64 3 49 .099
A 1.64 7 155.32 .070
TNA 1.63 3 88 .054
LODE 1.63 1 2.51 .649
KYMR 1.63 1 61.7 .026
KSS 1.63 7 46.92 .238
JZXN 1.63 4 2.08 3.132
ZIM 1.62 4 44.42 .144
MOS 1.62 1 39.54 .040
IYC 1.62 1 79.04 .020
AKAM 1.62 2 103.75 .030
CRCT 1.61 1 26.72 .060
SPI 1.60 2 4.51 .708
RMED 1.60 3 3.03 1.584
MBRX 1.60 1 2.71 .590
FANG 1.60 4 105.12 .060
WHLM 1.59 3 5.67 .840
STMP 1.59 4 329.61 .016
MNST 1.59 3 90.07 .051
LH 1.59 7 279.3 .035
FL 1.59 2 47.53 .066
CSIQ 1.59 2 32.07 .098
CLDX 1.59 2 55.11 .056
BZ 1.59 1 33.83 .046
LHDX 1.58 4 6.6 .956
FISV 1.58 5 109.26 .070
CELC 1.58 2 16.95 .186
RLMD 1.57 4 26.44 .236
RIOT 1.57 2 26.12 .120
LOOP 1.57 2 11.42 .274
GTEC 1.57 2 6.16 .508
GH 1.57 8 111.59 .112
CNC 1.57 1 63.97 .024
CARA 1.57 2 14.15 .220
PAYX 1.56 1 118.64 .013
DPW 1.56 5 2.32 3.360
IRDM 1.55 4 38.41 .160
CRNC 1.55 4 85.18 .072
BLFS 1.55 1 40.8 .037
FUV 1.54 1 10.68 .144
CHCI 1.54 3 4.51 1.023
TERN 1.53 4 10.5 .580
SIEB 1.53 5 3.27 2.335
MVIS 1.51 4 10.53 .572
UAL 1.50 1 49.52 .030
SUPN 1.50 1 26.82 .055
ZEV 1.49 3 7.93 .561
STT 1.48 3 89.08 .048
SGOC 1.48 8 6.15 1.920
SEMR 1.48 2 24.96 .118
JRVR 1.48 2 38.31 .076
JNJ 1.48 2 161.34 .018
ISEE 1.48 2 17.48 .168
ADI 1.48 5 166.98 .040
FGEN 1.47 3 10.34 .426
EDIT 1.47 3 39.03 .111
VCVC 1.46 1 9.85 .148
SFIX 1.46 2 36.91 .078
LITE 1.46 2 84.83 .034
HTBX 1.46 2 5.79 .504
BYND 1.46 4 104.41 .052
PINS 1.45 3 51.81 .081
OCGN 1.45 5 7.09 1.020
EYEG 1.45 1 1.86 .779
EVOL 1.45 1 2.23 .650
KALV 1.44 8 17.39 .656
BPTH 1.44 1 5.05 .285
SNOA 1.43 3 5.46 .783
SCKT 1.43 3 6.35 .675
LANC 1.43 2 173.58 .016
ATKR 1.43 2 90.83 .030
TTWO 1.42 4 170.77 .032
STE 1.42 4 217.33 .024
IMNM 1.42 4 17.76 .316
GM 1.42 1 56.44 .025
ATVI 1.42 3 77.36 .054
RMBL 1.41 3 37.8 .111
DOCN 1.41 3 85.19 .048
CROX 1.41 3 139.54 .030
SNA 1.40 4 216.16 .024
MMM 1.40 6 177.8 .042
LAZR 1.40 3 15.18 .276
JCS 1.40 3 8.16 .513
CVS 1.40 3 84.2 .048
CRDF 1.40 1 6.6 .212
ABT 1.40 4 117.91 .044
WGO 1.39 2 76.99 .036
OPNT 1.39 3 27.41 .150
MRUS 1.39 2 27.49 .100
JBL 1.39 2 62.78 .044
HD 1.39 11 337.48 .044
ERYP 1.39 2 6.21 .446
EOSE 1.39 2 11.87 .234
COUR 1.39 1 31.99 .043
TNET 1.38 1 100.58 .013
INCY 1.38 2 65.65 .042
TWST 1.37 7 100.41 .091
PG 1.37 5 142.32 .045
LIVE 1.37 3 36.05 .114
JD 1.37 4 76.3 .068
ECOM 1.37 1 26.66 .051
AA 1.37 3 47.05 .087
TSM 1.36 2 110.83 .024
TAOP 1.35 3 2.59 1.563
RUN 1.35 4 44.01 .120
BWAY 1.35 1 8.17 .165
WNW 1.34 1 3.58 .374
FLWS 1.34 3 30.47 .129
PKI 1.33 3 171 .021
NLS 1.33 1 9.66 .137
GRVY 1.33 7 90 .098
TJX 1.32 4 64.98 .080
HOG 1.32 2 36.39 .072
AEO 1.32 2 25.12 .104
VIH 1.31 1 10 .131
SPY 1.31 1 438.66 .002
ABCL 1.31 1 15.78 .083
UHS 1.30 4 133.16 .036
BTBT 1.30 9 11.03 1.053
OLLI 1.29 2 62.45 .040
APPN 1.29 4 91.4 .056
MAT 1.28 2 19.2 .132
FRD 1.28 1 11.91 .107
BILI 1.28 22 70.4 .396
ALLO 1.28 2 24.38 .104
RHE 1.27 2 7.81 .324
NFE 1.27 1 33.26 .038
HJLI 1.27 1 10.38 .122
HCA 1.27 3 242.28 .015
APXT 1.27 1 12.11 .104
SLGG 1.26 1 3.27 .385
MESO 1.26 1 5.64 .223
JKS 1.26 2 46.73 .052
HHR 1.26 1 54.83 .022
DOMO 1.26 4 82.45 .060
THCB 1.25 1 10 .125
OPAD 1.25 4 7.75 .644
NGM 1.25 2 20.35 .122
CHKP 1.25 6 116.77 .060
BYSI 1.25 3 14.97 .249
SJ 1.24 4 3.89 1.272
PBTS 1.24 1 1.18 1.050
EDSA 1.24 1 7.31 .169
CMMB 1.24 2 9.34 .264
BNTC 1.24 3 3.54 1.050
ANPC 1.24 2 2.93 .846
AN 1.24 7 117.49 .070
USB 1.23 4 61.88 .076
TAP 1.23 2 47.19 .052
NVDA 1.23 141 210.75 .705
LAW 1.23 3 46.86 .078
J 1.23 3 134.85 .027
C 1.23 4 72.19 .068
AMC 1.23 55 38.14 1.760
RCUS 1.22 1 33.03 .036
EYES 1.22 6 2.99 2.448
DDL 1.22 2 24.11 .100
RTX 1.21 2 90.15 .026
LYEL 1.21 3 12.45 .291
HGEN 1.21 3 6.36 .570
ARAV 1.21 1 3.53 .342
MAXR 1.20 3 28.04 .126
JPM 1.20 12 170.09 .084
CRIS 1.20 2 7.67 .312
CETX 1.20 1 1.06 1.132
AMTX 1.20 3 19.18 .186
MS 1.19 7 98.8 .084
JWN 1.19 3 26.84 .132
QCOM 1.18 7 127.84 .063
PRTA 1.18 8 73.26 .128
GRU 1.18 1 4.325 .272
GRTX 1.18 1 7.85 .150
DFH 1.18 1 16.33 .072
AYRO 1.18 1 3.11 .379
TRI 1.17 1 113.64 .010
NIU 1.17 3 25.21 .138
CYTK 1.17 4 38.85 .120
CLSK 1.17 1 13.81 .084
SIF 1.16 1 8.65 .134
HGSH 1.16 2 1.63 1.422
CLX 1.16 3 165.06 .021
AMEH 1.16 8 83.9 .104
IMTX 1.15 3 13.14 .261
SPCE 1.14 23 23.21 1.127
DAL 1.14 4 43.68 .104
VNET 1.13 3 17.59 .192
STG 1.13 1 4.62 .244
NUAN 1.13 1 55.32 .020
BTX 1.13 2 8.67 .260
ABSI 1.13 1 10.76 .105
SPG 1.12 3 134.01 .024
MNOV 1.12 2 3.67 .610
FIGS 1.12 5 37.34 .145
BZUN 1.12 1 18.88 .059
TGTX 1.11 1 31.52 .035
TGT 1.11 9 229.82 .036
PMCB 1.11 3 3 1.110
KHC 1.11 1 37.08 .029
GIII 1.11 4 28.26 .156
DXC 1.11 2 34.65 .064
CNET 1.11 1 1.23 .902
OTIS 1.10 3 84.38 .039
OPTT 1.10 1 2.09 .526
XTLB 1.09 2 3.83 .568
GT 1.09 1 18.56 .058
DDD 1.09 8 26.79 .320
ATAI 1.09 1 13.17 .082
ALDX 1.09 2 8.7 .250
RSLS 1.08 1 2.48 .435
MTSL 1.08 3 3.37 .960
FCBP 1.08 1 29.1 .037
BAC 1.08 3 44.12 .072
B 1.08 1 43.92 .024
AZYO 1.08 1 6.35 .170
ALF 1.08 2 5.95 .362
TTCF 1.07 1 17.99 .059
SMLP 1.07 2 35.48 .060
BBBY 1.07 13 15.5 .897
SKX 1.05 2 42.51 .048
SCR 1.05 5 34.96 .150
PLD 1.05 4 129.38 .032
NETE 1.05 1 7.89 .133
VYGR 1.04 2 3.84 .540
OCUP 1.04 1 4.4 .236
IPA 1.04 2 6.16 .336
FSTX 1.04 1 6.75 .154
CANF 1.04 1 1.53 .679
SCHW 1.03 3 76.39 .039
MTTR 1.03 2 19.77 .104
FTEK 1.03 2 1.69 1.218
COP 1.03 5 71.51 .070
AMKR 1.03 1 25.66 .040
ALYA 1.03 3 2.84 1.086
NKE 1.02 7 151.85 .042
MFNC 1.02 2 21.5 .094
CRM 1.02 10 274.58 .030
ZCMD 1.01 1 1.59 .635
RSI 1.01 1 20.69 .048
RCON 1.01 1 2.44 .413
PYPL 1.01 5 263.54 .015
MVST 1.01 4 7.61 .528
LL 1.01 1 18.65 .054
EGRX 1.01 2 56.24 .034
IMAB 1.00 5 73.18 .065
ACY .99 19 57.85 .323
TRCH .98 2 4.95 .394
HOFV .98 2 2.57 .762
UAA .97 2 21.11 .090
SKLZ .97 3 8.85 .327
RY .96 3 101.97 .027
FA .96 1 20.63 .046
DWSN .96 1 2.02 .475
CHGG .96 2 66.42 .028
BTWN .95 1 9.82 .096
MSTR .94 8 692.79 .008
CGC .94 1 13.51 .069
MO .93 2 46.48 .040
HCM .93 4 33.71 .108
CHPT .93 1 18.66 .049
ABBV .93 4 110.87 .032
RACE .92 3 211.22 .012
PLCE .92 3 87 .030
LBPH .92 1 9.02 .101
KNL .92 1 25.04 .036
YEXT .91 1 11.68 .077
WFC .91 4 47.76 .076
SSY .91 3 2.5 1.092
SLS .91 3 8.71 .312
LOGI .90 4 87.77 .040
GEG .90 1 2.145 .419
CRTO .90 1 35.97 .025
ATNF .90 3 5.66 .477
YMM .89 1 15.97 .055
PLUG .89 8 26.09 .272
ACHL .89 1 7.99 .111
HPQ .88 3 28.05 .093
BABA .88 96 156 .480
GDEV .87 3 8.56 .303
FB .87 102 329.22 .204
DTSS .87 1 1.95 .446
APP .87 6 84.94 .060
AFMD .87 1 5.94 .146
VLDR .86 1 5.9 .145
RF .86 1 21.85 .039
ATHM .86 2 48.82 .034
SRNE .85 1 6.61 .128
SAFM .85 1 188.96 .004
RIDE .85 5 5.04 .840
RKT .84 1 15.35 .054
PTIX .84 2 2 .840
LEXX .84 3 6.49 .387
HRC .84 3 150.88 .015
HOL .84 3 12.35 .204
ERJ .84 2 17.61 .094
DTST .84 3 4.25 .591
CLII .84 3 14.36 .174
CCJ .84 3 22.41 .111
BB .84 11 9.6 .957
APOP .84 5 17.99 .230
UAVS .83 1 2.83 .293
LUV .83 3 54.04 .045
IRBO .83 1 42.64 .019
CNA .83 1 44.36 .018
BLUW .83 2 9.63 .172
SANA .82 1 20.19 .040
MNSO .82 1 15.99 .051
FITB .82 3 43.85 .054
SPRT .81 20 11.8 1.360
GMBL .80 1 6.48 .123
SWI .79 1 18.35 .043
SLV .79 2 20.9 .074
SCYX .79 1 5.17 .152
PNRG .79 1 62 .012
MU .79 4 70.54 .044
ZY .78 3 11.67 .198
VVOS .78 4 3.73 .836
IPHA .78 4 6.04 .516
GNOG .78 1 17.85 .043
CAI .78 1 55.94 .013
BCRX .78 7 13.96 .385
WMT .77 15 139.24 .075
WATT .77 1 2 .385
PRFX .77 3 2.61 .885
PLTR .77 2 23.73 .064
ENTX .77 2 4.51 .340
QFIN .76 8 19.95 .304
NBRV .76 1 1.12 .678
MQ .76 2 22.15 .068
MOSY .76 1 5.24 .145
APG .76 1 20.89 .036
AGRI .76 3 1.88 1.212
WM .75 4 153.99 .016
NNVC .75 2 4.41 .340
GPS .75 6 23.63 .186
GIS .75 2 61.32 .024
CEMI .75 7 2.42 2.163
PSTG .74 2 25.68 .056
GTIM .74 1 5.34 .138
GRVI .74 3 4.9 .453
FUBO .74 2 25.03 .058
ATXI .74 1 1.35 .548
VZ .73 2 53.9 .026
VOOV .73 1 144.23 .005
UPC .73 3 2.36 .927
SQBG .73 2 6.24 .232
RNXT .73 2 6.15 .236
ORPH .73 3 3.91 .558
NVFY .73 3 2.17 1.008
LEN .73 4 94.06 .028
MRK .72 3 81.94 .024
ENSC .72 1 2.49 .289
DEN .72 4 72.52 .036
CRMT .72 9 118.75 .054
BTCM .72 4 9.57 .300
ARPO .72 1 2.2 .327
AREC .72 4 2.12 1.356
ZKIN .71 2 2.85 .498
PALI .71 3 2.47 .861
TBLA .70 1 9.85 .071
PRPL .70 3 22.12 .093
ORGS .70 1 4.86 .144
OCX .70 1 3.47 .201
LGHL .70 2 2.22 .630
JRJC .70 1 5.65 .123
IGIC .70 3 8.495 .246
GLD .70 8 164.16 .032
CBAT .70 2 2.19 .638
BGFV .70 6 24.72 .168
WIMI .69 1 4 .172
NFLX .69 104 631.85 .104
BEKE .69 1 19.15 .036
ASM .69 1 0.8099 .851
APRE .69 3 5.16 .399
ONCS .68 1 1.9 .357
INTC .68 5 54.18 .060
XONE .67 2 23.03 .058
SJM .67 10 121.84 .050
SHOP .67 5 1398.5 0
PDCO .67 2 32.51 .040
FOE .67 1 20.44 .032
CLNE .67 1 8.39 .079
ANF .67 2 39.36 .034
ACH .67 1 18.76 .035
VIPS .66 1 11.02 .059
TIGR .66 5 10.69 .305
SSNT .66 1 6.13 .107
RETO .66 1 0.7899 .835
CTKB .66 1 22.21 .029
CRTD .66 3 2.33 .849
AMOM .66 1 35.0874 .018
TATT .65 3 6.55 .297
STRO .65 2 19.19 .066
PCVX .65 1 24.91 .026
OLB .65 1 4.29 .151
LMNL .65 3 2 .975
TESS .64 1 5.45 .117
SDC .64 2 6.59 .194
M .64 6 22.53 .168
LZB .64 2 33.75 .036
CTIB .64 3 2.01 .954
XLP .63 1 70.13 .008
DNUT .63 3 13.75 .135
CCL .63 4 24.49 .100
ULTA .62 1 375.03 .001
LJPC .62 2 4.03 .306
FLGC .62 3 5.35 .345
BON .62 3 6.68 .276
SOS .61 2 2.17 .562
PLG .61 1 2.08 .293
CL .61 3 75.59 .024
AMBO .61 1 1.39 .438
SPTN .60 2 22.75 .052
PSTV .60 1 1.76 .340
KIRK .60 2 21.46 .054
EVK .60 6 2.65 1.356
AVCT .60 1 2.585 .232
AMRS .60 1 12.17 .049
VERU .59 3 8.54 .207
UONE .59 3 8.58 .204
MARA .59 12 38.42 .180
BIG .59 2 46.33 .024
WPRT .58 2 3.3 .350
WISH .58 3 5.18 .333
TTM .58 1 25.75 .022
TRIT .58 3 5.8 .300
STAF .58 2 1.8 .644
SNAP .58 112 76.28 .784
WEI .57 1 0.745149 .764
SLB .57 2 31.02 .036
SBTX .57 1 10.14 .056
GGAL .57 1 10.23 .055
T .56 3 27.09 .060
SBH .56 2 16.26 .068
OBLN .56 3 3.05 .549
MTP .56 1 1.68 .333
KO .56 5 53.88 .050
CSCO .56 7 55.02 .070
CLPS .56 1 2.78 .201
CLPS .56 1 2.78 .201
CLOV .56 1 7.4 .075
ARMK .56 3 36.61 .045
VNE .55 6 35.66 .090
UWMC .55 1 6.66 .082
EVGO .55 1 7.74 .071
EOLS .55 1 7.08 .077
DRN .55 3 22.66 .072
APTO .55 2 2.21 .496
WHLR .54 2 2.84 .380
TQQQ .54 132 129.47 .528
ENZ .54 2 3.88 .278
AUUD .54 5 2.36 1.140
ADMA .54 1 1.14 .473
TBIO .53 3 37.36 .042
MEDS .53 5 4.86 .545
HUYA .53 3 9.07 .174
EQ .53 1 6.33 .083
ENG .53 2 2.6 .406
BBWI .53 6 63.72 .048
VIVE .52 1 2.1 .247
TLRY .52 3 11.02 .141
SILK .52 7 56.34 .063
KULR .52 1 2.01 .258
FLO .52 2 24.68 .042
WOOF .51 2 22.03 .046
MRVL .51 6 65.15 .042
K .51 8 63.11 .064
DYAI .51 3 5.31 .288
CPSH .51 1 4.99 .102
SONO .50 5 32.03 .075
PATI .50 2 11.675 .084
ORMP .50 11 22.62 .242
MDIA .50 3 7.66 .195
RKDA .49 1 2.1 .233
NRBO .49 2 2.01 .486
IGC .49 3 1.43 1.026
GP .49 3 12.78 .114
GEVO .49 4 6.58 .296
ENLV .49 2 9.52 .102
ECHO .49 1 48.08 .010
ARMP .49 1 3.47 .141
XLE .48 5 54.88 .040
NNDM .48 3 5.68 .252
NIO .48 75 35.99 .975
EPU .48 3 27.99 .051
DBGI .48 3 2.72 .528
CLF .48 7 20.73 .161
XLV .47 3 127.58 .009
TRIL .47 1 17.87 .026
STEM .47 5 22.53 .100
SOHU .47 6 21.17 .132
MSFT .47 108 294.85 .108
FCX .47 20 34.32 .260
DARE .47 1 1.6 .293
BODY .47 2 5.32 .176
BGI .47 1 2.89 .162
XPEV .46 80 38.26 .960
VXX .46 3 25.26 .054
UFAB .46 2 3.12 .294
NTEC .46 4 9.63 .188
KBSF .46 2 3.02 .304
INOV .46 1 40.69 .011
GURE .46 1 4.5842 .100
FAST .46 3 52.72 .024
CVV .46 2 4.7 .194
BCLI .46 1 3.18 .144
TYME .45 4 1.01 1.780
TME .45 1 7.43 .060
ONCT .45 2 4.07 .220
ADIL .45 2 3.87 .232
WORX .44 4 2.1 .836
GALT .44 3 3.54 .372
FFHL .44 2 9.53 .092
VTNR .43 7 5.33 .560
EVGN .43 1 2.54 .169
COTY .43 4 8.18 .208
CAN .43 4 6.64 .256
ATIF .43 1 4.22 .101
AQMS .43 2 1.98 .434
AEHR .43 19 16.66 .475
KR .42 14 39.5 .140
HX .42 2 3.04 .276
CTSO .42 4 7.195 .232
BBIG .42 18 5.34 1.404
SRNG .41 1 11.42 .035
KZIA .41 2 10.69 .076
GTT .41 1 2.36 .173
BLIN .41 8 3.95 .824
ASTR .41 3 7.74 .156
ACOR .41 4 4.15 .392
YJ .40 2 0.6804 1.174
XOM .40 6 60.66 .036
RRD .40 2 5.42 .146
OTLK .40 2 2.23 .358
LIZI .40 4 3.13 .508
GE .40 4 105.51 .012
FBRX .40 1 2.77 .144
DUOT .40 1 6.08 .065
CIEN .40 18 52.81 .126
CHRA .40 1 4.68 .085
AAPL .40 107 143.29 .214
PYPL .39 13 263.54 .013
LTHM .39 8 23.88 .128
HRL .39 5 41.34 .045
CSCW .39 2 0.5146 1.514
BP .39 2 28.23 .026
ACI .39 7 28 .091
SPWH .38 2 17.71 .042
OVID .38 2 3.59 .210
MRTN .38 3 15.31 .072
AZN .38 10 60.37 .060
ANIX .38 1 4.44 .085
AAL .38 8 20.17 .144
ORCL .37 34 92.31 .136
NEXT .37 3 3.2 .345
HUGE .37 1 1.49 .248
HNST .37 1 9.55 .038
GPK .37 1 19.27 .019
CHMA .37 2 3.76 .196
MRKR .36 1 1.65 .218
JFIN .36 2 3.92 .182
IDEX .36 4 1.9 .756
GNLN .36 2 2.3 .312
BNGO .36 11 5.18 .759
ANY .36 12 6.66 .648
AKTX .36 1 1.6498 .218
AGNC .36 2 16.02 .044
ADMP .36 1 1.03 .349
ACB .36 3 7.38 .144
ORGO .35 2 12.51 .054
IRIX .35 3 7.67 .135
GOVX .35 6 3.85 .540
CLSD .35 3 4.98 .210
BSQR .35 13 2.22 2.041
AESE .35 1 1.77 .197
XELB .34 2 1.31 .518
HWCC .34 1 5.3 .064
LMFA .33 4 4.66 .280
HNP .33 2 20.83 .030
GTS .33 1 35.34 .009
BHTG .33 1 1.25 .264
AUTL .33 2 5.9 .110
VBLT .32 2 2.01 .318
TAL .32 2 4.75 .134
SPCB .32 2 0.9351 .684
MINM .32 2 1.67 .382
IMMP .32 3 3.82 .249
BKYI .32 1 3.36 .095
YPF .31 1 4.8 .064
WINT .31 3 2.13 .435
ULBI .31 2 7.1 .086
FENC .31 1 9.18 .033
EXPR .31 4 4.56 .268
DMAC .31 2 4.03 .152
D .31 8 73.85 .032
AEY .31 1 2.29 .135
OXBR .30 5 2.9 .515
HAPP .30 1 0.9102 .329
PBR .29 6 10.64 .162
HUSN .29 4 2.49 .464
AXLA .29 1 2.88 .100
PIRS .28 6 4.83 .342
OBSV .28 3 2.66 .315
NKLA .28 14 10.67 .364
MITO .28 1 1.39 .201
IMMR .28 2 6.69 .082
ALTO .28 3 5.24 .159
NAOV .27 11 1.64 1.804
GSM .27 7 8.08 .231
ENVB .27 3 1.83 .441
PPBT .26 1 4.47 .058
PME .26 1 0.73 .356
ATOS .26 4 3.27 .316
PBLA .25 1 2.03 .123
MTL .25 3 4.16 .180
RAIL .24 4 4.26 .224
LC .24 8 29.62 .064
IKT .24 1 1.79 .134
GBR .24 1 4.25 .056
MOGO .23 3 4.43 .153
ACHV .23 1 8.3 .027
THTX .22 1 3.62 .060
SSKN .22 1 1.93 .113
JFU .22 3 1.73 .381
GENE .22 2 2.98 .146
DYNT .22 5 1.59 .690
XELA .21 6 1.69 .744
VIEW .21 1 5.08 .041
TENX .21 1 1.76 .119
PFE .21 6 42.74 .024
OCG .21 4 3.99 .208
KXIN .21 5 2.36 .440
ALAC .21 2 11.3499 .036
ZNGA .20 2 7.49 .052
PHUN .20 5 0.8848 1.130
ENSV .20 1 1.51 .132
EKSO .20 1 4.33 .046
NBEV .19 1 1.45 .131
VSH .18 3 20.45 .024
TEO .18 1 5 .036
TELL .18 5 3.48 .255
PPC .17 2 29.15 .010
LIVX .17 2 3.07 .110
IRCP .17 1 2.56 .066
GMTX .17 1 3.68 .046
FCEL .17 129 6.36 3.354
SNES .16 2 1.49 .214
RAVN .16 2 57.8 .004
MOMO .16 2 11.02 .028
ME .16 2 7.75 .040
INFI .16 4 2.86 .220
HFBL .16 1 18.5001 .008
KDMN .15 3 8.86 .048
IMV .15 2 1.6 .186
GRUB .15 3 15.22 .027
CHNG .15 2 20.88 .014
SYKE .14 3 54 .006
SBS .14 4 6.79 .080
OEG .14 1 2.81 .049
INM .14 1 1.5 .093
IEC .14 1 15.34 .009
ET .14 3 9.64 .042
EDU .14 1 2.18 .064
SVBI .13 1 12.64 .010
SSL .13 11 18.92 .066
OSMT .13 4 1.91 .272
LMRK .13 1 16.51 .007
ESXB .13 1 11.51 .011
CRON .13 4 5.58 .092
SBBP .12 2 2 .120
RIG .12 2 3.84 .062
PSTX .12 1 6.81 .017
GSAT .12 2 1.55 .154
CHNR .12 4 1.22 .392
AGEN .12 9 5.74 .180
SNMP .11 2 1.14 .192
MRO .11 11 15.36 .077
MOHO .11 3 0.55 .600
GBS .11 1 2.45 .044
FENG .11 2 1.25 .176
CPG .11 2 5.03 .042
CALA .11 1 2.02 .054
XLK .10 3 152.53 0
SLHG .10 1 2.26 .044
FRO .10 10 9.1 .100
EDTK .10 2 1.21 .164
CNFR .10 2 2.73 .072
AEMD .10 2 3.74 .052
WTER .09 2 1.72 .104
VERB .09 7 2.27 .273
TEDU .09 2 1.03 .174
SELF .09 1 5.33 .016
PRPO .09 3 2.59 .102
DBVT .09 6 4.68 .114
BIOC .09 2 3.83 .046
AEI .09 2 2.06 .086
MBII .08 1 0.92 .086
MARK .08 2 0.8884 .180
CLDR .08 1 15.99 .005
BQ .08 2 2.46 .064
NOK .07 3 5.77 .036
NEPT .07 2 0.58 .240
MFGP .07 3 5.23 .039
ITRO .07 1 1.27 .055
ITRN .07 3 24.85 .006
XBIO .06 8 1.85 .256
WYNN .06 3 85.49 0
PSP .06 2 15.11 .006
OCG .06 13 3.99 .195
MSTR .06 118 692.79 0
ULTA .05 12 375.03 0
MDNA .05 8 2.63 .152
FRBK .05 1 3.06 .016
WYNN .04 4 85.49 0
VTGN .04 3 2.59 .045
PBT .04 2 6.18 .012
CXP .04 1 19.14 .002
AVGR .04 7 0.78 .357
VCAR .03 1 11.8275 .002
SNDL .03 1 0.648 .046
SIC .03 1 14.44 .002
SHOP .03 88 1398.5 0
DFP .03 1 28.59 .001
NWHM .02 1 8.99 .002
KIN .02 2 9.25 .004
IACB .02 2 9.94 .004
DSE .02 1 9.49 .002
BLNK .02 11 27.15 0
BEST .02 2 2.01 .018
SLVO .01 2 5.14 .002
RTLR .01 8 11.77 0
PMD .01 1 8.29 .001
OXY .01 27 32.48 0
INFL .01 2 30.2 0
XPDI 0 4 10.16 0
WMPN 0 4 12.18 0
GSKY 0 1 11.51 0
EIC -.08 1 18.08 -.004
NSYS -.12 1 12.3735 -.009
