SHOP 28.96 11 1520.29 .209
PANW 23.18 1 530.63 .043
DWAC 22.11 4 65.42 1.348
MSTR 14.75 8 636.54 .184
RNG 11.84 1 214.51 .055
BKNG 10.17 8 2307.2 .032
SAM 9.40 7 503.42 .126
WBX 8.99 1 13.11 .685
PCTY 8.94 1 251.04 .035
NVAX 8.92 13 181.75 .637
RMD 8.09 1 268.02 .030
REGN 7.44 9 654.04 .099
DUOL 7.27 3 108.58 .198
SIVB 7.01 8 710.21 .072
AMZN 6.99 94 3523.16 .094
W 6.80 8 237.98 .224
AZO 6.70 11 1988.86 .033
PUBM 6.66 1 39.04 .170
DDS 6.58 10 266.48 .240
LAD 6.41 5 288.65 .110
KRYS 6.33 1 76.2 .083
BLK 6.24 5 923.86 .030
SPLK 6.20 6 119.43 .306
CAR 6.00 2 248.15 .048
EYPT 5.86 1 15.27 .383
DPZ 5.62 11 534.17 .110
MDB 5.57 9 531.57 .090
KOSS 5.35 7 13.6 2.751
VRTX 5.31 1 206.61 .025
EJH 5.21 6 2.05 15.246
THC 4.91 1 75.9 .064
DE 4.88 11 361.06 .143
INTU 4.61 8 673.06 .048
ADBE 4.59 8 653.1 .056
SI 4.55 8 168.05 .216
GKOS 4.45 1 44.06 .100
RGEN 4.41 7 266.03 .112
SE 4.40 17 263.01 .272
EEIQ 4.33 5 3.56 6.080
U 4.07 5 153.94 .130
ASML 3.96 16 803.92 .064
CARV 3.92 6 12.77 1.836
ZM 3.91 15 194.86 .300
EL 3.86 7 356.15 .070
SNOW 3.82 9 370.28 .090
GOOG 3.73 28 2974.41 .028
ANVS 3.73 6 24.07 .924
BNTX 3.70 28 291.94 .336
SNPS 3.69 6 364.36 .060
IRTC 3.69 1 100.85 .036
BIIB 3.69 6 234.72 .090
CCXI 3.66 3 36.6 .300
EVA 3.59 1 72.95 .049
MA 3.58 7 342.34 .070
GPN 3.54 11 130.11 .297
XMTR 3.46 1 45.31 .076
EBET 3.45 6 24.63 .840
ZLAB 3.42 6 71.02 .288
PWR 3.42 1 116.06 .029
DQ 3.36 7 46.49 .504
SCPS 3.34 7 2.18 10.724
TOST 3.31 2 40.38 .162
COST 3.29 10 530.11 .060
GLSI 3.27 5 34.64 .470
ZG 3.19 7 64.48 .343
IAC 3.19 7 133.58 .161
MRNA 3.13 39 283.4 .429
LSI 3.13 2 141.34 .044
CMTL 3.13 1 25.26 .123
APPS 3.13 6 57.53 .324
TSLA 3.09 156 1068.96 .312
NEGG 3.07 20 14.12 4.340
GDYN 3.03 1 39.66 .076
IRNT 3.02 6 8.05 2.250
UPST 2.99 19 194.37 .285
GME 2.99 82 173.65 1.394
ANTM 2.99 6 415.97 .042
ADGI 2.98 10 37.79 .780
SITM 2.97 7 334.98 .056
LII 2.97 6 332.7 .048
BKKT 2.95 2 17.14 .344
NEWR 2.93 6 105.89 .162
IWM 2.93 6 225.63 .072
GS 2.93 9 397.32 .063
ROKU 2.89 7 256.08 .077
NRXP 2.89 8 5.94 3.888
CAT 2.86 8 204.19 .112
KMX 2.82 3 148.84 .054
ZS 2.79 7 311.81 .056
JAN 2.73 6 4.87 3.360
SAVA 2.72 28 49.98 1.512
SEDG 2.70 7 330.56 .056
PENN 2.65 10 52.94 .500
NVCR 2.63 10 92.74 .280
NCTY 2.63 5 8.72 1.505
DOCS 2.62 8 62.02 .336
OSTK 2.60 7 81.53 .217
AFRM 2.60 16 127.97 .320
BIGC 2.58 2 42.84 .120
ENPH 2.57 7 225.61 .077
UNH 2.55 13 468.86 .065
WSM 2.54 5 182.66 .065
FULC 2.54 6 15.73 .966
INDP 2.52 5 5.99 2.100
LMT 2.51 11 341.08 .077
WDAY 2.46 6 282.3 .048
SPY 2.43 2 469.52 .010
CNC 2.42 3 73.88 .096
AVXL 2.41 5 19.96 .600
RL 2.39 7 124.17 .133
RBLX 2.35 14 124.78 .252
CPOP 2.34 5 2.01 5.820
DPST 2.33 3 50 .138
LCID 2.32 11 44.72 .561
AUVI 2.32 9 5.02 4.158
MRAM 2.30 2 12.39 .370
CFLT 2.29 2 69.01 .066
LLY 2.28 7 244.32 .063
XBI 2.27 5 116.69 .095
FLGT 2.27 6 85.68 .156
AMGN 2.27 5 213.53 .050
STE 2.26 5 230.59 .045
GRTS 2.25 7 12.35 1.274
AXON 2.25 1 151.47 .014
SPB 2.21 1 99.86 .022
HCA 2.20 4 240.51 .036
TPST 2.19 5 8.63 1.265
PKG 2.17 5 132.23 .080
CHGG 2.17 3 28.71 .225
BRLT 2.17 2 19.47 .222
BLDR 2.17 3 76.48 .084
PKI 2.16 4 190.32 .044
LOW 2.16 11 256.74 .088
PDD 2.15 5 62.43 .170
KEYS 2.15 5 202.19 .050
DG 2.15 6 221.41 .054
PYPL 2.14 9 197.35 .090
DLPN 2.14 5 8.74 1.220
AACG 2.14 5 1.42 7.535
CRM 2.12 13 266.31 .091
BHVN 2.12 5 105.37 .100
ACRS 2.12 7 13.68 1.078
DASH 2.11 10 168.93 .120
ALEC 2.10 6 22.93 .546
ROST 2.08 4 113.13 .072
AMEH 2.05 9 80.94 .225
ADSK 2.04 7 276.29 .049
MRIN 2.01 5 5.29 1.895
V 2.00 8 208.99 .072
BYND 2.00 6 74.13 .156
KMB 1.99 7 136.89 .098
UHAL 1.98 9 716.32 .018
XAIR 1.97 1 10.61 .185
AMD 1.97 21 145.24 .273
AAME 1.97 5 3.785 2.600
RNXT 1.96 4 6.07 1.288
CELH 1.96 7 71.86 .189
COHN 1.95 5 16.22 .600
ARVN 1.91 7 73.91 .175
ACIU 1.91 2 5.2 .734
DLTR 1.90 9 138.63 .117
SYTA 1.89 1 4.28 .441
MSGE 1.88 4 71.76 .104
BIDU 1.88 118 148.93 1.416
TDG 1.87 4 612.57 .012
COF 1.87 4 148.81 .048
VLO 1.86 4 70.72 .104
DIS 1.86 9 153.34 .108
ESTC 1.83 7 128.31 .098
CI 1.83 5 208.31 .040
ACMR 1.83 5 79.76 .110
KNBE 1.80 7 23.66 .532
AAP 1.79 5 234.03 .035
ROLL 1.78 7 208.55 .056
CERE 1.78 7 34.4 .357
VRPX 1.77 9 4.46 3.564
RAPT 1.77 7 30.89 .399
DAVA 1.77 4 155 .044
HON 1.76 7 204.65 .056
TSP 1.75 5 39.82 .215
DELL 1.75 7 58.4 .203
TASK 1.74 7 43.97 .273
DOCN 1.74 10 95.14 .180
BFRI 1.74 1 4.9 .355
XLY 1.73 3 207.16 .024
TMUS 1.73 6 114.75 .090
SQ 1.73 23 194.78 .184
LWAC 1.73 5 16.98 .505
WAVE 1.72 5 5.615 1.530
LIN 1.72 9 333.19 .045
LAIX 1.72 4 0.8 8.600
ABNB 1.72 8 186.49 .072
IMPL 1.70 5 9.43 .900
SPG 1.69 7 157.45 .070
NNOX 1.69 5 17.55 .480
KYMR 1.69 2 57.85 .058
BURL 1.68 8 289.85 .040
ROG 1.67 1 272.26 .006
AN 1.67 8 120.3 .104
XM 1.66 2 34.99 .094
NXPI 1.66 7 228.09 .049
NMRD 1.66 4 5.47 1.212
MDT 1.66 7 112.42 .098
VVOS 1.65 6 2.8 3.534
NVOS 1.65 5 1.505 5.480
BBY 1.65 6 106.93 .090
FISV 1.64 6 103.95 .090
CREE 1.64 5 79.12 .100
TRI 1.63 4 121.98 .052
JZXN 1.63 4 1.8 3.620
COIN 1.63 10 287.48 .050
WYNN 1.62 4 88.17 .072
NVTS 1.62 2 17.73 .182
CLDX 1.61 3 39.73 .120
PLCE 1.60 4 91.98 .068
STMP 1.59 4 329.61 .016
LH 1.59 7 296.83 .035
LHDX 1.58 4 5.73 1.100
DNA 1.58 1 10.16 .155
RLMD 1.57 4 18.54 .336
GH 1.57 8 97.34 .128
CARA 1.57 2 12.8 .244
DPW 1.56 5 1.74 4.480
TSC 1.55 1 29.93 .051
IRDM 1.55 4 41.22 .148
FANG 1.55 7 113.63 .091
CRNC 1.55 4 76.08 .080
BLFS 1.55 1 36.49 .042
CPE 1.54 7 53.28 .196
CHCI 1.54 3 4.87 .948
TERN 1.53 4 7.64 .800
SIEB 1.53 5 2.53 3.020
DLO 1.53 5 36.83 .205
TSCO 1.52 9 235.18 .054
CLX 1.52 4 167.78 .036
SNOA 1.51 4 4.98 1.212
GRU 1.51 1 4.585 .329
WAFU 1.50 4 4.63 1.292
KTTA 1.49 1 2.56 .582
BCYC 1.49 3 56 .078
STT 1.48 3 92.91 .045
ADI 1.48 5 186.26 .035
ZIM 1.47 8 56.18 .208
NURO 1.47 11 6.81 2.365
FGEN 1.47 3 15.08 .291
EDIT 1.47 3 31.9 .138
VCVC 1.46 1 9.85 .148
HTBX 1.46 2 4.18 .698
SBEA 1.45 2 10.26 .282
EYEG 1.45 1 1.95 .743
BTBT 1.45 10 8.13 1.780
KALV 1.44 8 13.56 .848
LYFT 1.43 5 42.21 .165
LANC 1.43 2 154.4 .018
ISPC 1.43 5 14.15 .505
ATKR 1.43 2 111.34 .024
TTC 1.42 5 102.29 .065
TSN 1.42 4 83.53 .064
IMNM 1.42 4 17.23 .328
CM 1.42 6 112.41 .072
RMBL 1.41 3 41.4 .102
KSS 1.41 10 51.12 .270
HOOD 1.41 14 23.72 .826
TWTR 1.40 6 45.72 .180
SNA 1.40 4 214.7 .024
JD 1.40 9 78.29 .153
JCS 1.40 3 2.68 1.566
HX 1.40 6 2.83 2.964
CVS 1.40 3 93.1 .045
AUPH 1.40 8 20.83 .536
WGO 1.39 2 71.27 .038
VERY 1.39 4 7.79 .712
EOSE 1.39 2 8.66 .320
TNET 1.38 1 98.1 .014
EXPI 1.38 6 37.65 .216
APP 1.38 10 96.06 .140
TWST 1.37 7 90.13 .105
LIVE 1.37 3 34.1 .120
LGVN 1.37 5 21.9 .310
ECOM 1.37 1 25.53 .053
FATE 1.36 3 55.96 .072
TAOP 1.35 3 2.72 1.488
EA 1.35 5 126.37 .050
WNW 1.34 1 2.7 .496
OLN 1.34 1 58.04 .023
CAH 1.34 4 48.25 .108
MOXC 1.33 4 4.55 1.168
J 1.33 4 144.49 .036
GRVY 1.33 7 77.76 .119
FIGS 1.33 6 33.72 .234
ASAN 1.33 14 80.01 .224
NVDA 1.32 160 318.26 .640
COUR 1.32 2 28.55 .092
AEO 1.32 2 27.7 .094
VIH 1.31 1 9.36 .139
ABCL 1.31 1 15.12 .086
A 1.31 10 156.31 .080
UHS 1.30 4 129.68 .040
LITE 1.30 3 93.41 .039
JG 1.30 3 1.24 3.144
GWRE 1.30 5 117.99 .055
BNR 1.30 3 13.26 .294
VSCO 1.29 5 54.61 .115
OLLI 1.29 2 51.22 .050
JPM 1.29 14 160.71 .112
ATAI 1.29 2 11.38 .226
APPN 1.29 4 73.08 .068
FRD 1.28 1 9.6 .133
BILI 1.28 23 60.52 .483
YETI 1.27 4 93.04 .052
RHE 1.27 2 5.47 .464
NFE 1.27 1 26.25 .048
HJLI 1.27 1 10.38 .122
APXT 1.27 1 12.11 .104
TTWO 1.26 5 170.55 .035
SPCE 1.26 24 16.24 1.848
DOMO 1.26 4 52.53 .092
THCB 1.25 1 10 .125
SPT 1.25 6 106.7 .066
OPAD 1.25 4 8.01 .624
NGM 1.25 2 18.43 .134
CHKP 1.25 6 110.89 .066
BYSI 1.25 5 4.84 1.290
ABSI 1.25 2 11.49 .216
UAL 1.24 2 45.25 .054
SJ 1.24 4 4.9 1.012
RSKD 1.24 2 9.3 .266
PBTS 1.24 1 0.7708 1.608
LPX 1.24 3 74.41 .048
LEDS 1.24 3 6.08 .609
EDSA 1.24 1 5.89 .210
CMMB 1.24 2 8.11 .304
BNTC 1.24 3 2.99 1.242
ANPC 1.24 2 1.31 1.892
ALXN 1.24 4 182.5 .024
TAP 1.23 2 46.11 .052
LAW 1.23 3 39.88 .090
JKS 1.23 5 48.64 .125
JBL 1.23 3 62.6 .057
RCUS 1.22 1 44.17 .027
EYES 1.22 6 2.06 3.552
DDL 1.22 2 14.91 .162
BZ 1.22 3 30.65 .117
PFGC 1.21 3 46.26 .078
OSAT 1.21 3 3.89 .933
LYEL 1.21 3 9.93 .363
JNJ 1.21 3 164.34 .021
HGEN 1.21 3 5.64 .642
EAT 1.21 3 37.49 .096
ARAV 1.21 1 2.95 .410
AMC 1.21 57 32.35 2.109
WHLM 1.20 4 4.88 .980
MMM 1.20 7 176.04 .042
CRIS 1.20 2 4.98 .480
CETX 1.20 1 1.03 1.165
AMTX 1.20 3 17.03 .210
AKAM 1.20 3 112.03 .030
TVTX 1.19 3 28.86 .123
SGOC 1.19 9 6.2 1.719
MQ 1.18 7 19.11 .427
DFH 1.18 1 18.83 .062
ZEV 1.17 4 6.58 .708
WM 1.17 8 163.53 .056
VMW 1.17 9 114.78 .090
TDC 1.17 5 43.93 .130
STZ 1.17 4 234.68 .016
SKT 1.17 3 20.95 .165
MVIS 1.17 5 7.16 .815
VOXX 1.16 3 11.05 .312
SIF 1.16 1 8.825 .131
NTAP 1.16 4 89.81 .048
LAZR 1.16 5 16.16 .355
HGSH 1.16 2 2.14 1.084
AMAT 1.16 8 157.29 .056
UPS 1.15 7 204.72 .035
NTRB 1.15 2 6.02 .382
HCWB 1.14 2 2.75 .828
BBLG 1.14 1 3.78 .301
AVIR 1.14 3 8.69 .393
ABT 1.14 7 132.37 .056
VNET 1.13 3 9.14 .369
STG 1.13 1 3.46 .326
PEP 1.13 5 166.52 .030
NUAN 1.13 1 54.82 .020
BTX 1.13 2 5.94 .380
XLNX 1.11 13 224.75 .052
SHEN 1.11 3 25.89 .126
SEMR 1.11 3 20.85 .159
PMCB 1.11 3 2.6 1.278
DXC 1.11 2 31.3 .070
CTRN 1.11 5 82.1 .065
CNET 1.11 1 1.17 .948
ALLO 1.11 2 18.91 .116
RUN 1.10 5 44.68 .120
OPTT 1.10 1 1.76 .625
MRUS 1.10 3 27.09 .120
JRVR 1.10 3 26.58 .123
XTLB 1.09 2 3.13 .696
SKX 1.09 4 46.57 .092
LIFE 1.09 3 8.61 .378
FOSL 1.09 2 11.23 .194
ALDX 1.09 2 7.32 .296
SFIX 1.08 3 19 .168
SCHW 1.08 5 81.2 .065
MTSL 1.08 3 3.37 .960
FCBP 1.08 1 29.1 .037
B 1.08 1 46.44 .023
AZYO 1.08 1 5.65 .191
ALF 1.08 2 3.15 .684
SMLP 1.07 2 31.47 .068
AXP 1.07 6 168.93 .036
VYGR 1.06 2 3.1 .682
USB 1.06 5 57.04 .090
TGT 1.06 12 239.6 .048
C 1.06 5 62.46 .080
SCR 1.05 5 35.58 .145
PTGX 1.05 3 34.04 .090
MNST 1.05 4 88.93 .044
CELC 1.05 3 13.91 .225
PRTA 1.04 9 49.55 .180
OCGN 1.04 12 6.03 2.064
NETE 1.04 2 13.09 .158
LEGN 1.04 6 51.29 .120
KURA 1.04 4 13.04 .316
IPA 1.04 2 5.84 .356
FSTX 1.04 1 5.58 .186
CANF 1.04 1 1.11 .936
TJX 1.03 6 74.34 .078
MARA 1.03 20 46.64 .440
KMPH 1.03 3 8.77 .351
IBM 1.03 9 123.02 .072
MFNC 1.02 2 21.5 .094
GIII 1.02 5 29.43 .170
DAL 1.02 5 38.88 .130
ZCMD 1.01 1 1.81 .558
OVV 1.01 3 35.1 .084
LL 1.01 1 17.28 .058
FUBO 1.01 3 19.77 .153
EGRX 1.01 2 46.67 .042
DKS 1.01 18 110.31 .162
CGC 1.01 2 10.94 .184
PINS 1.00 4 40.52 .096
OMER 1.00 1 8.14 .122
MO 1.00 3 44.52 .066
IMAB 1.00 5 53.36 .090
LUV .99 6 45.27 .126
LOGI .99 6 82.43 .072
INMD .99 3 74.03 .039
DKNG .99 6 33.38 .174
ACY .99 19 36.12 .513
TRCH .98 2 4.95 .394
MYGN .98 2 26.23 .074
MCD .98 8 259.58 .024
JWN .98 4 21.4 .180
IMTX .98 4 11.59 .336
HOFV .98 2 2.16 .906
BGFV .97 10 21.47 .450
RRGB .96 2 18.13 .104
HRI .96 4 181.28 .020
FA .96 1 17.85 .053
CYTK .96 5 37.05 .125
AZPN .96 4 148.73 .024
SUPN .95 2 31 .060
QDEL .95 4 142.65 .024
BTWN .95 1 9.83 .096
BPTH .95 2 4.94 .384
AGRI .95 5 2.13 2.230
PAYX .94 2 123.04 .014
HAS .94 6 100.93 .054
ENOB .94 5 11.36 .410
TGTX .93 3 18.04 .153
NIU .93 4 20.26 .180
INCY .93 4 67.33 .052
HCM .93 4 33.56 .108
PLUG .92 9 36.6 .225
OKE .92 3 62.36 .042
NKE .92 9 170.25 .045
LBPH .92 1 5.96 .154
KNL .92 1 25.04 .036
YEXT .91 1 10.89 .083
SSY .91 3 1.97 1.383
OTIS .91 5 86.21 .050
ALC .91 5 85.24 .050
AIT .91 2 103.23 .016
HOG .90 4 37.92 .092
GEG .90 1 2.05 .439
CRTO .90 1 42.21 .021
BBBY .90 16 19.22 .736
SPI .89 4 4.32 .824
BKE .89 6 50.03 .102
ARCE .89 2 20.94 .084
ACHL .89 1 5.32 .167
RTX .88 3 86.5 .030
GMBL .88 2 5.18 .338
GM .87 3 60.78 .042
GDEV .87 3 7.6 .342
DTSS .87 1 1.5 .580
UTHR .86 4 193.94 .016
TTCF .86 2 16.27 .104
KODK .86 2 5.82 .294
HHR .86 10 53.19 .160
GE .86 6 98.28 .048
VMEO .85 2 19 .088
SRNE .85 1 6.29 .135
SAFM .85 1 189.69 .004
PG .85 9 152.43 .045
STX .84 10 105.7 .070
PTIX .84 2 1.76 .954
NLS .84 2 7.32 .228
HOL .84 3 12.35 .204
FL .84 5 44.35 .090
DTST .84 3 3.4 .741
CLII .84 3 14.36 .174
BB .84 11 9.31 .990
APOP .84 5 13.17 .315
TNA .83 5 88.47 .045
ROIV .83 1 9.96 .083
MAXR .83 4 28.94 .112
IRBO .83 1 44.07 .018
CNA .83 1 43.81 .018
BLUW .83 2 9.63 .172
ABBV .83 6 121.87 .036
SANA .82 1 18.37 .044
MNSO .82 1 11.47 .071
KZR .82 2 14.76 .110
FITB .82 3 43.96 .054
BABA .82 98 125.08 .588
SPRT .81 20 11.8 1.360
MBRX .81 2 2.15 .752
ATVI .81 5 59.27 .065
VALN .80 4 52.28 .060
SYPR .80 4 2.71 1.180
GTEC .80 4 7.17 .444
DD .80 4 78.26 .040
BZUN .80 2 14.56 .108
VIR .79 6 41.89 .108
SWI .79 1 14.47 .054
PNRG .79 1 64.47 .012
ERYP .79 4 2.48 1.272
BJ .79 7 66 .077
ZY .78 3 8.9 .261
SJM .78 12 129.88 .072
PTON .78 6 45.91 .096
IPHA .78 4 4.99 .624
GNOG .78 1 12.08 .064
CAI .78 1 56 .013
AA .78 10 48.56 .160
QFIN .77 9 23.3 .297
PLTR .77 2 19.82 .076
OLB .77 3 4.47 .516
LESL .77 1 21.99 .035
FUV .77 2 9.7 .158
ENTX .77 2 3.27 .470
ALYA .77 4 2.66 1.156
VLDR .76 2 5.5 .276
NFLX .76 105 628.08 .105
NBRV .76 1 0.7103 1.069
MOS .76 5 36.02 .105
LI .76 6 31.59 .144
IS .76 1 8.67 .087
GROM .76 2 2.25 .674
FLWS .75 4 26.38 .112
SPTN .74 3 24.17 .090
SCKT .74 4 5.1647 .572
MS .74 10 101.25 .070
MNOV .74 3 3.28 .675
GTIM .74 1 4.51 .164
GRVI .74 3 4.75 .465
EVOL .74 2 2.33 .634
ENSC .74 2 2.98 .496
ATXI .74 1 1.23 .601
XLK .73 6 173.31 .024
VZ .73 2 50.49 .028
VOOV .73 1 147.65 .004
UPC .73 3 1.88 1.164
SQBG .73 2 6.24 .232
SOFI .73 7 16.94 .301
RIOT .73 6 29.34 .144
OPNT .73 4 32.2 .088
NVFY .73 3 2.02 1.083
RMED .72 6 1.99 2.166
RETO .72 2 0.8698 1.654
FB .72 108 330.56 .216
DEN .72 4 84.47 .032
CRMT .72 9 110.25 .054
COP .72 9 74.11 .081
BTCM .72 4 6.84 .420
BFLY .72 1 7.72 .093
ARPO .72 1 2.2 .327
ZKIN .71 2 1.68 .844
UBER .71 6 38.81 .108
RFL .71 5 6.26 .565
PALI .71 3 2 1.065
TBLA .70 1 9.85 .071
SONO .70 6 31.42 .132
ORGS .70 1 3.37 .207
OCX .70 1 2.65 .264
LEN .70 6 115.34 .036
IGIC .70 3 7.98 .261
GLD .70 11 166.9 .044
DDD .70 12 23.55 .348
CRCT .70 4 25.62 .108
AMKR .70 2 24.42 .056
VRNT .69 5 49.13 .070
SLS .69 4 6.8 .404
FTEK .69 3 1.63 1.269
ASM .69 1 0.8649 .797
APRE .69 3 4.12 .501
WMT .68 17 137.15 .068
STEM .68 6 19.69 .204
SM .68 3 31.94 .063
RIDE .68 7 4.47 1.064
PRPL .68 5 10.67 .315
ONCS .68 1 1.48 .459
HD .68 17 411.25 .017
BWAY .68 2 7.64 .178
XONE .67 2 26.7 .050
SKLZ .67 4 9.9 .268
PPSI .67 9 10.79 .558
PLD .67 5 159.44 .020
NPTN .67 1 15.37 .043
JRJC .67 3 6.88 .291
FTCH .67 6 36 .108
FOE .67 1 21.65 .030
CLNE .67 1 7.12 .094
ACH .67 1 13.95 .048
WFC .66 6 49.41 .078
VIPS .66 1 9.8 .067
CTKB .66 1 20.02 .032
ATNF .66 4 3.95 .668
AMOM .66 1 37.0373 .017
TATT .65 3 6.35 .306
STRO .65 2 15.57 .082
PCVX .65 1 21.98 .029
MESO .65 2 6.46 .200
LMNL .65 3 1.09 1.788
IONQ .65 7 20.97 .210
TQQQ .64 138 169.77 .414
SLGG .64 2 3.2 .400
SDC .64 2 2.96 .432
LZB .64 2 35.91 .034
KO .64 7 55 .077
MAT .63 5 21.88 .140
LEXX .63 4 5.6 .448
FLOW .63 4 85.59 .028
ULTA .62 1 412.09 .001
TTD .62 14 97.9 .084
LJPC .62 2 4.13 .300
ISEE .62 4 14.79 .164
CUE .62 1 12.17 .050
BON .62 3 4.86 .381
BCRX .62 10 12.24 .500
ASTR .62 5 9.37 .330
AREC .62 5 1.9 1.630
APG .62 2 24.41 .050
VGR .61 1 15.35 .039
SOS .61 2 1.19 1.024
RY .61 7 102.49 .035
MVST .61 6 7.35 .492
CL .61 4 77.76 .028
BEKE .61 2 22.15 .054
AMBO .61 1 1.09 .559
PSTV .60 1 1.36 .441
LAC .60 9 35.32 .144
EVK .60 6 2.58 1.392
CEMI .60 8 1.84 2.608
AYRO .60 2 2.15 .558
AVCT .60 1 1.03 .582
AMRS .60 1 6.62 .090
NEE .59 5 90.32 .030
BIG .59 2 44.5 .026
YMM .58 2 11.15 .104
XLF .58 2 39.09 .028
WPRT .58 2 2.45 .472
WISH .58 3 3.78 .459
STAF .58 2 1.09 1.064
RACE .58 11 267.07 .022
IFRX .58 3 4.6 .378
CSIQ .58 4 34.11 .068
WEI .57 1 0.92 .619
SNAP .57 113 53.42 1.130
SBTX .57 1 7.22 .078
PRFX .57 4 1.77 1.288
ORPH .57 4 3.01 .756
MRVL .57 7 91.29 .042
EZFL .57 1 2.52 .226
DUK .57 5 100.85 .025
DRN .57 8 28.03 .160
CLPS .57 1 2.41 .236
CLPS .57 1 2.41 .236
CLF .57 11 21.36 .286
VTSI .56 4 6.78 .328
UAA .56 4 24.25 .092
T .56 3 23.17 .072
SLV .56 3 20.76 .078
OBLN .56 3 3.05 .549
MTP .56 1 1.35 .414
M .56 16 27.34 .320
LODE .56 3 1.63 1.029
CYAD .56 1 4.99 .112
VNE .55 6 35.43 .090
RSI .55 2 18.45 .058
MOSY .55 2 4.115 .266
LOOP .55 5 13.18 .205
FLXN .55 1 9.12 .060
EOLS .55 1 5.97 .092
WHLR .54 2 2.07 .520
TSM .54 3 121.8 .012
MPC .54 4 64.06 .032
INTC .54 7 51.75 .070
GPS .54 7 17.34 .217
ENZ .54 2 3.59 .300
ADMA .54 1 1.38 .391
XLE .53 9 57.26 .081
TBIO .53 3 37.36 .042
PFE .53 12 51.4 .120
NIO .53 77 35.05 1.155
MEDS .53 5 3.06 .865
HUYA .53 4 7.91 .268
HPQ .53 6 36.71 .084
EQ .53 1 4.94 .107
CSCO .53 10 57.02 .090
CHPT .53 4 20.98 .100
BBWI .53 6 76.4 .036
SILK .52 7 43.73 .077
RF .52 2 22.64 .044
ANF .52 3 36.89 .042
RCON .51 2 1.7 .600
OCUP .51 2 3.89 .262
MSFT .51 114 334.97 .114
GFAI .51 2 1.55 .658
DYAI .51 3 4.02 .378
CPSH .51 1 3.75 .136
TIGR .50 8 6.11 .648
PATI .50 2 8.37 .118
MDIA .50 3 4.53 .330
GRTX .50 3 1.43 1.047
CBAT .50 3 2.11 .708
RKDA .49 1 1.31 .374
PSTG .49 3 33.09 .042
NRBO .49 2 1.5 .652
K .49 10 62.02 .070
IGC .49 3 1.28 1.146
GP .49 3 12.87 .114
GEVO .49 4 5.65 .344
ENLV .49 2 6.89 .142
ECHO .49 1 48.24 .010
ATHM .49 3 33.47 .042
ARMP .49 1 4.7 .104
NNDM .48 3 4.64 .309
MTTR .48 14 26.03 .252
KIRK .48 3 15.63 .090
EPU .48 3 28.91 .048
TRIL .47 1 18.44 .025
TLRY .47 4 9.61 .192
SOHU .47 6 17.38 .162
EXPR .47 5 3.68 .635
DARE .47 1 2.13 .220
CCJ .47 11 23.25 .220
BODY .47 2 2.63 .356
BAC .47 6 44.16 .060
XPEV .46 84 47.88 .756
UFAB .46 2 2.02 .454
NTEC .46 4 9.63 .188
MARK .46 4 1.36 1.352
KBSF .46 2 3.05 .300
GURE .46 1 5.56 .082
EQOS .46 1 3.58 .128
CVV .46 2 4.32 .212
CROX .46 9 166.75 .018
CONE .46 1 89.37 .005
BCLI .46 1 3.57 .128
VERU .45 4 6.75 .264
TYME .45 4 0.7679 2.344
TME .45 1 6.88 .065
ONCT .45 2 2.98 .302
EVGO .45 8 12.17 .288
CRDF .45 3 6.12 .219
CCL .45 5 19.52 .115
APT .45 1 5.27 .085
ADIL .45 2 2.94 .306
WORX .44 4 1.38 1.272
STN .44 3 56.24 .021
NNVC .44 3 4.65 .282
GALT .44 3 2.46 .534
FFHL .44 2 8.1 .108
ERF .44 1 10.61 .041
DWSN .44 2 2.32 .378
WOOF .43 3 20.88 .060
QCOM .43 13 182.63 .026
HOLI .43 1 14.87 .028
GAME .43 1 3.34 .128
EVGN .43 1 2.04 .210
CAN .43 4 6.33 .268
ATIF .43 1 3.28 .131
AFMD .43 2 6.83 .124
MU .42 8 86.02 .032
MRK .42 10 73.21 .050
HRC .42 6 155.94 .012
DBGI .42 5 2.53 .830
CTSO .42 4 5.35 .312
ARMK .42 4 35.87 .044
SRNG .41 1 11.42 .035
SLB .41 6 31.06 .078
RKT .41 2 16.38 .050
PDCO .41 4 29.61 .052
KZIA .41 2 8.02 .102
HNST .41 3 8.48 .144
GTT .41 1 2.36 .173
GIS .41 9 64.21 .054
FCX .41 24 38.72 .240
BLIN .41 8 2.84 1.152
AUUD .41 7 2.27 1.260
ACOR .41 4 2.74 .596
YJ .40 2 0.6801 1.176
LIZI .40 4 2.01 .796
FBRX .40 1 2.52 .158
DUOT .40 1 4.33 .092
CTIB .40 5 1.48 1.350
CHRA .40 1 4.4 .090
LC .39 10 31.72 .120
IYC .39 4 84.23 .016
ERJ .39 10 15.33 .250
EQT .39 3 20.97 .054
CSCW .39 2 0.5056 1.542
CRTD .39 7 2.63 1.036
AQMS .39 3 1.71 .684
XOM .38 10 62.45 .060
SBH .38 3 20.73 .054
OVID .38 2 3.37 .224
OTLK .38 2 1.59 .476
MRTN .38 3 16.46 .069
GPK .38 2 20.4 .036
DNUT .38 8 15.96 .184
ANIX .38 1 3.56 .106
VTNR .37 10 4.6 .800
UONE .37 7 5.18 .497
HUGE .37 1 1.25 .296
GT .37 6 22.25 .096
CHMA .37 2 3.76 .196
UAVS .36 3 2.28 .471
PHUN .36 15 3.91 1.380
ORCL .36 35 88.94 .140
MRKR .36 1 1.2 .300
MITQ .36 1 2.25 .160
JFIN .36 2 3.01 .238
IDEX .36 4 1.62 .888
GOVX .36 7 3.87 .651
GNLN .36 2 1.21 .594
BNGO .36 12 3.73 1.152
AKTX .36 1 1.56 .230
ADMP .36 1 0.7153 .503
ACB .36 3 6.57 .162
VXX .35 4 21.52 .064
ORMP .35 17 17.24 .340
ORGO .35 2 10.4 .066
LMFA .35 5 6.58 .265
KHC .35 6 33.15 .060
CLSD .35 3 3.26 .321
CIFR .35 3 6.52 .159
BSQR .35 13 1.98 2.288
AESE .35 1 1.99 .175
XELB .34 2 1.3 .522
TRIT .34 5 4.41 .385
SSNT .34 2 4.7 .144
ME .34 6 8.38 .240
HWCC .34 1 5.3 .064
CYTH .34 1 4.69 .072
AAPL .34 110 175.08 .110
IMMR .33 6 5.76 .342
HNP .33 2 20.85 .030
GTS .33 1 35.66 .009
CIEN .33 21 62.2 .105
BHTG .33 1 0.8491 .388
WATT .32 2 1.57 .406
TAL .32 2 5.33 .120
SPCB .32 2 0.67 .954
SGBX .32 3 2.38 .402
MINM .32 2 1.25 .512
AAL .32 9 18.23 .153
XLV .31 7 133.8 .014
WINT .31 3 1.66 .558
ULBI .31 2 5.41 .114
SCYX .31 4 7.41 .164
NKLA .31 15 10.35 .435
HRL .31 7 42.79 .049
HMHC .31 2 16.18 .038
DMAC .31 2 3.9 .158
AEY .31 1 1.84 .168
TESS .30 3 6.62 .135
PBR .30 10 11.31 .260
OXBR .30 5 5.53 .270
LGHL .30 4 1.85 .648
KR .30 17 42.81 .119
HAPP .30 1 0.6656 .450
ENG .30 3 1.77 .507
CLSK .30 1 14.73 .020
BBIG .30 21 2.95 2.121
AUTL .30 3 6.75 .132
UWMC .29 3 7 .123
NEXT .29 4 3.15 .368
HUSN .29 4 2.3 .504
ALTO .29 5 4.95 .290
ACI .29 11 31.84 .099
MITO .28 1 0.859999 .325
FLO .28 6 26 .060
CLOV .28 2 4.65 .120
APTO .28 4 2.09 .532
WIMI .27 4 3.69 .292
RSLS .27 4 2.02 .532
NAOV .27 11 1.16 2.552
MGTX .27 1 21.04 .012
GSM .27 7 6.81 .273
FENC .27 2 4.26 .126
ENVB .27 3 1.29 .627
ABUS .27 7 4.14 .455
VIVE .26 2 1.59 .326
PPBT .26 1 4.37 .059
PME .26 1 0.765 .339
JQUA .26 1 44.65 .005
AXLA .26 2 2.64 .196
AGNC .26 3 15.89 .048
VCLO .25 1 17.41 .014
PBLA .25 1 1.86 .134
HIPO .25 2 3.11 .160
RVI .24 2 6.2 .076
RAIL .24 4 3.99 .240
PLG .24 3 2.13 .336
MOGO .24 4 4.7 .204
IKT .24 1 1.68 .142
GBR .24 1 2.89 .083
CPIX .24 4 5.78 .164
PIRS .23 7 3.88 .413
THTX .22 1 3.25 .067
SSKN .22 1 1.49 .147
SPWH .22 3 13.13 .048
JFU .22 3 1.23 .534
INOV .22 2 41.06 .010
FFIE .22 2 5.66 .076
DYNT .22 5 1.14 .960
BIOC .22 4 4.22 .208
VBLT .21 3 2.24 .279
TENX .21 1 1.23 .170
LTHM .21 15 28.62 .105
BP .21 5 27.5 .035
AZN .21 16 55.13 .048
ATOS .21 5 2.24 .465
ANY .21 20 4.21 .980
ALAC .21 2 11.621 .036
SALM .20 4 3.14 .252
ENSV .20 1 1.09 .183
NBEV .19 1 1.19 .159
MOMO .19 3 10.34 .054
FLGC .19 6 2.22 .510
COTY .19 8 10.27 .144
BKYI .19 2 2.44 .154
BGI .19 3 5.06 .111
AEHR .19 29 16.17 .319
VSH .18 3 21.32 .024
IRIX .18 4 6.3 .112
FCEL .18 130 7.61 2.990
BLNK .18 14 34.25 .070
TISI .17 1 1.32 .128
PPC .17 2 28.02 .012
PETZ .17 4 5.22 .128
LIVX .17 2 3.07 .110
KXIN .17 6 1.5 .678
GMTX .17 1 2.71 .062
D .17 9 75.13 .018
AHPI .17 1 5.22 .032
SNES .16 2 1.03 .310
ON .16 11 64.24 .022
OCG .16 4 4 .160
INFI .16 4 2.38 .268
IMMP .16 7 3.34 .329
HFBL .16 1 19.65 .008
GGAL .16 4 9.71 .064
ZNGA .15 4 6.53 .088
IMV .15 2 1.58 .188
GSKY .15 2 11.89 .024
GRUB .15 3 11.95 .036
CREX .15 1 1.66 .090
CHNG .15 2 20.88 .014
SYKE .14 3 54 .006
OEG .14 1 2.77 .050
NXTP .14 1 1 .140
INM .14 1 1.6 .087
IEC .14 1 15.34 .009
EDU .14 1 2.15 .065
XLP .13 8 72.76 .008
VIEW .13 2 4.73 .054
TTM .13 11 32.61 .033
SVBI .13 1 13.63 .009
OSMT .13 4 1.11 .468
LMRK .13 1 16.33 .007
GENE .13 3 2.2502 .171
VERB .12 8 1.69 .568
SSL .12 18 18.39 .108
SBBP .12 2 2 .120
PSTX .12 1 7.345 .016
MRO .12 18 16.19 .126
HDGE .12 3 24.46 .012
GSAT .12 2 1.38 .172
CRON .12 5 4.6 .130
CHNR .12 4 0.85 .564
UNIT .11 3 13.45 .024
TELL .11 9 3.37 .288
SNMP .11 2 0.7383 .296
MOHO .11 3 0.471 .699
GBS .11 1 1.79 .061
FENG .11 2 0.9675 .226
FAST .11 6 62.87 .006
ET .11 6 8.52 .072
EKSO .11 2 3.46 .062
CSPR .11 1 6.45 .017
CALA .11 1 0.79 .139
ACHV .11 2 7.61 .028
SWN .10 3 5.3 .054
SLHG .10 1 1.56 .064
RCAT .10 2 2.01 .098
RAVN .10 3 58.08 .003
OBSV .10 6 2.4 .246
KDMN .10 4 9.5 .040
EDTK .10 2 1.055 .188
CNFR .10 2 2.35 .084
AGEN .10 12 3.32 .360
YPF .09 3 4.17 .063
XPDI .09 13 11.61 .091
XELA .09 7 1.26 .497
WTER .09 2 1.38 .130
TEDU .09 2 0.5323 .338
TAAG .09 1 20.9494 .004
SELF .09 1 5.43 .016
RRD .09 8 10.45 .064
RIG .09 6 3.1 .174
PRPO .09 3 1.97 .135
AEMD .09 3 2.38 .111
AEI .09 2 0.626 .286
TEO .08 2 5.34 .028
SBS .08 10 7.04 .110
MTL .08 14 2.79 .392
MBII .08 1 0.73 .109
LPTX .08 1 2.65 .030
CLDR .08 1 15.99 .005
BQ .08 2 1.3 .122
NEPT .07 2 0.4477 .312
ITRO .07 1 1.27 .055
ITRN .07 3 26.55 .006
DBVT .07 11 2.85 .264
CPLG .07 1 15.44 .004
CPG .07 7 5.31 .091
ALZN .07 1 2.22 .031
XBIO .06 8 1.39 .344
VSTM .06 2 2.53 .046
OXY .06 31 30.77 .031
KULR .06 7 3.18 .126
ESXB .06 2 11.3 .010
ENIC .06 1 2.03 .029
ADMS .06 2 8.22 .014
ULTA .05 12 412.09 0
OCG .05 13 4 .156
MFGP .05 5 4.73 .050
MDNA .05 8 1.72 .232
FRO .05 13 7.41 .078
FRBK .05 1 3.46 .014
PSP .04 3 15.96 .006
PBT .04 2 9.51 .008
NOK .04 6 5.86 .036
IRCP .04 4 2.37 .064
CXP .04 1 19.28 .002
CDEV .04 4 6.82 .020
AVGR .04 7 0.5795 .483
VTGN .03 5 1.91 .075
VCAR .03 1 16.33 .001
SNDL .03 1 0.6165 .048
SLVO .03 4 5 .024
SIC .03 1 14.49 .002
RTLR .02 9 11.2 .009
NWHM .02 1 8.99 .002
KIN .02 2 9.25 .004
EIC .02 2 17.75 .002
DSE .02 1 9.49 .002
PMD .01 1 7.895 .001
INFL .01 2 30.61 0
IACB .01 3 7.95 .003
DFP .01 3 28.39 0
BEST .01 3 0.9912 .030
WMPN 0 4 12 0
QQC 0 2 33.9055 0
QADB 0 4 87.54 0
PAE 0 1 9.89 0
ONON 0 1 51.42 0
NLSP 0 1 1.38 0
LHAA 0 1 9.75 0
HWBK 0 1 24.05 0
EPAY 0 1 45.21 0
DVD 0 1 3.6 0
APWC 0 1 2.99 0
NSYS -.12 1 10.8 -.011
