EJH 5.21 6 2.25 13.890
SCPS 3.34 7 2.57 9.093
LAIX 1.72 4 0.85 8.092
NVOS 1.65 5 1.3 6.345
AACG 2.14 5 1.7 6.290
EEIQ 4.33 5 3.79 5.710
CPOP 2.34 5 2.15 5.440
DPW 1.56 5 1.8 4.330
AUVI 2.56 8 5.14 3.984
VRPX 1.77 9 4.16 3.825
VVOS 1.65 6 2.63 3.762
EYES 1.22 6 2.05 3.570
JAN 3.24 5 5.16 3.135
JZXN 1.63 4 2.08 3.132
NEGG 3.07 20 20.68 2.960
NRXP 2.89 8 8.1 2.848
JG 1.30 3 1.42 2.745
KOSS 5.35 7 14.03 2.667
HX 1.40 6 3.16 2.658
FCEL .18 130 8.92 2.600
AAME 1.97 5 3.82 2.575
NAOV .27 11 1.15 2.574
SIEB 1.53 5 3 2.550
TYME .45 4 0.7324 2.456
BSQR .35 13 1.99 2.275
NURO 1.47 11 7.15 2.255
CEMI .60 8 2.13 2.248
AGRI .95 5 2.15 2.205
CARV 3.92 6 11.04 2.130
IRNT 3.02 6 8.54 2.118
DWAC 30.01 3 42.74 2.106
BBIG .30 21 3.03 2.079
INDP 2.52 5 6.13 2.055
OCGN 1.04 12 6.43 1.932
MRIN 2.01 5 5.39 1.860
SPCE 1.26 24 16.25 1.848
AMC 1.21 57 36.84 1.824
RMED .72 6 2.37 1.818
SGOC 1.19 9 6.2 1.719
AREC .62 5 1.88 1.645
LMNL .65 3 1.26 1.545
GRTS 2.64 6 10.5 1.506
PHUN .40 12 3.19 1.500
ANPC 1.24 2 1.68 1.476
RETO .72 2 0.975 1.476
MARK .46 4 1.25 1.472
BTBT 1.45 10 9.83 1.470
ANY .38 19 5.05 1.425
SAVA 2.72 28 54.62 1.372
NMRD 1.66 4 4.86 1.364
SPRT .81 20 11.8 1.360
CSCW .39 2 0.5746 1.356
WAVE 1.72 5 6.415 1.340
TAOP 1.35 3 3.03 1.335
JCS 1.40 3 3.17 1.323
ERYP .79 4 2.395 1.316
SSY .91 3 2.08 1.311
BIDU 1.78 117 150.29 1.287
AUUD .41 7 2.24 1.281
NCTY 2.63 5 10.26 1.280
PMCB 1.11 3 2.62 1.269
PBTS 1.24 1 0.982 1.262
EVK .60 6 2.88 1.248
FTEK .69 3 1.66 1.245
SNAP .57 113 48.85 1.243
WAFU 1.50 4 4.9 1.224
ALYA .77 4 2.52 1.220
CTIB .40 5 1.65 1.210
HGSH 1.16 2 1.92 1.208
ACRS 2.12 7 12.27 1.204
MOXC 1.33 4 4.46 1.192
DLPN 2.14 5 9.01 1.185
PRFX .57 4 1.92 1.184
BLIN .41 8 2.77 1.184
BNTC 1.24 3 3.18 1.167
SYPR .80 4 2.76 1.156
GME 2.99 82 202.01 1.148
WORX .44 4 1.53 1.148
CETX 1.20 1 1.05 1.142
GRTX .50 3 1.34 1.119
SNOA 1.51 4 5.4 1.116
CRTD .39 7 2.44 1.113
NVFY .73 3 1.98 1.104
TPST 2.19 5 10 1.095
IGC .49 3 1.34 1.095
BNGO .36 12 3.93 1.092
RNXT 1.96 4 7.29 1.072
FULC 2.54 6 14.33 1.062
LODE .56 3 1.64 1.023
HOFV .98 2 1.93 1.014
STAF .58 2 1.15 1.008
NIO .53 77 40.46 1.001
RIDE .68 7 4.76 .994
YJ .40 2 0.82 .974
CHCI 1.54 3 4.8 .960
MTSL 1.08 3 3.37 .960
UPC .73 3 2.29 .954
PTIX .84 2 1.78 .942
TERN 1.53 4 6.49 .940
SOS .61 2 1.3 .938
LHDX 1.58 4 6.75 .936
CNET 1.11 1 1.185 .936
BB .84 11 9.85 .935
PALI .71 3 2.29 .930
DYNT .22 5 1.18 .930
IDEX .36 4 1.55 .928
ANVS 3.73 6 24.41 .912
WHLM 1.20 4 5.255 .912
IMPL 1.70 5 9.32 .910
NBRV .76 1 0.8456 .898
CANF 1.04 1 1.18 .881
SPCB .32 2 0.7279 .878
OSAT 1.21 3 4.17 .870
ADGI 4.40 9 46.83 .837
MVIS 1.17 5 7.11 .820
SJ 1.24 4 6.28 .788
HCWB 1.14 2 2.89 .788
ASM .69 1 0.8767 .787
MBRX .81 2 2.07 .782
KALV 1.44 8 14.81 .776
MEDS .53 5 3.5 .755
ACIU 1.91 2 5.06 .754
CBAT .50 3 2.01 .744
EYEG 1.45 1 1.95 .743
WBX 8.99 1 12.33 .729
HOOD 1.41 14 27.07 .728
AQMS .39 3 1.62 .720
DBGI .42 5 2.92 .715
EBET 3.45 6 28.95 .714
WEI .57 1 0.8002 .712
ORPH .57 4 3.19 .712
BBBY .90 16 20.19 .704
GFAI .51 2 1.45 .702
VYGR 1.06 2 3.03 .698
DTST .84 3 3.635 .693
VTNR .37 9 4.92 .675
VERY 1.39 4 8.26 .672
XPEV .46 84 51.36 .672
HTBX 1.46 2 4.35 .670
XTLB 1.09 2 3.25 .670
OPAD 1.25 4 7.55 .660
TIGR .50 8 6.07 .656
ALEC 2.10 6 19.35 .648
SPI .89 4 5.47 .648
MNOV .74 3 3.42 .648
ZEV 1.17 4 7.34 .636
PPSI .81 6 7.63 .636
LIZI .40 4 2.52 .632
MOHO .11 3 0.5225 .630
EVOL .74 2 2.36 .626
IPHA .78 4 4.99 .624
VERB .12 8 1.52 .624
HGEN 1.21 3 5.86 .618
OPTT 1.10 1 1.78 .617
RFL .71 5 5.77 .615
EXPR .47 5 3.82 .615
NVAX 9.95 12 193.96 .612
GROM .76 2 2.49 .610
ACOR .41 4 2.69 .608
COHN 1.95 5 16.02 .605
NRBO .49 2 1.66 .590
GNLN .36 2 1.22 .590
ZKIN .71 2 2.41 .588
GOVX .36 7 4.26 .588
AVXL 2.41 5 20.44 .585
ENVB .27 3 1.38 .585
LGHL .30 4 2.07 .576
AUPH 1.51 7 18.34 .574
KXIN .17 6 1.79 .564
KNBE 1.80 7 22.32 .560
RCON .51 2 1.83 .556
LEDS 1.24 3 6.73 .552
ONCS .68 1 1.23 .552
OBLN .56 3 3.05 .549
RSLS .27 4 1.98 .544
DTSS .87 1 1.61 .540
SCKT .74 4 5.51 .536
ZCMD 1.01 1 1.89 .534
OLB .77 3 4.31 .534
WINT .31 3 1.74 .534
ALF 1.08 2 4.05 .532
AYRO .60 2 2.26 .530
GALT .44 3 2.49 .528
OTLK .38 2 1.44 .526
FLGC .19 6 2.16 .522
HUSN .29 4 2.22 .520
APRE .69 3 4.01 .516
AMBO .61 1 1.18 .516
ACY .99 19 35.93 .513
APTO .28 4 2.18 .512
GLSI 3.27 5 31.83 .510
JFU .22 3 1.29 .510
LWAC 1.73 5 16.98 .505
PENN 2.65 10 52.3 .500
CHNR .12 4 0.955 .500
UONE .37 7 5.2 .497
BABA .77 99 131.61 .495
CRIS 1.20 2 4.84 .494
XELB .34 2 1.38 .492
BCRX .62 10 12.45 .490
GEG .90 1 1.84 .489
WHLR .54 2 2.22 .486
UAVS .36 3 2.22 .486
ATOS .21 5 2.15 .485
PIRS .23 7 3.32 .483
WPRT .58 2 2.42 .478
NVDA 1.25 158 333.76 .474
XELA .09 7 1.34 .469
LEXX .84 3 5.45 .462
MINM .32 2 1.38 .462
ENG .30 3 1.94 .462
ADMP .36 1 0.7801 .461
ATNF .66 4 5.71 .460
GRVI .74 3 4.84 .456
ENTX .77 2 3.39 .454
ENSC .72 1 1.59 .452
NKLA .31 15 10.23 .450
AVGR .04 7 0.6174 .448
WNW 1.34 1 3.03 .442
WISH .58 3 3.96 .438
AVIR 1.14 3 7.84 .435
ATXI .74 1 1.7 .435
SGBX .32 3 2.2 .435
GTEC .80 4 7.34 .432
MVST .61 6 8.56 .426
BPTH .95 2 4.5 .422
HAPP .30 1 0.712 .421
ENOB .94 5 11.12 .420
RHE 1.27 2 6.06 .418
ZG 3.78 6 54.16 .414
BILI 1.28 23 67.57 .414
TQQQ .58 138 170.83 .414
LIFE 1.09 3 7.91 .411
SDC .64 2 3.13 .408
WATT .32 2 1.57 .406
SLS .69 4 6.82 .404
MARA 1.03 20 51.39 .400
PSTV .60 1 1.5 .400
OBSV .18 5 2.23 .400
DQ 3.36 7 58.01 .399
MQ 1.18 7 20.51 .399
DYAI .51 3 3.82 .399
UFAB .46 2 2.31 .398
BTCM .72 4 7.24 .396
NNOX 1.69 5 21.17 .395
TRCH .98 2 4.95 .394
KMPH 1.03 3 7.86 .393
CERE 1.78 7 31.29 .392
LYEL 1.21 3 9.25 .390
BGFV .97 10 24.76 .390
MTP .56 1 1.44 .388
RAPT 1.77 7 32.17 .385
BKKT 2.95 2 15.32 .384
SLGG .64 2 3.35 .382
DWSN .44 2 2.32 .378
OSMT .13 4 1.37 .376
ARAV 1.21 1 3.25 .372
ADMA .54 1 1.45 .372
AGEN .10 12 3.15 .372
MRAM 2.30 2 12.48 .368
FGEN 1.47 3 12.02 .366
AVCT .60 1 1.65 .363
BTX 1.13 2 6.21 .362
BHTG .33 1 0.9101 .362
DDD .70 12 22.79 .360
RKDA .49 1 1.36 .360
TRIT .34 5 4.71 .360
BODY .47 2 2.62 .358
EYPT 5.86 1 16.44 .356
IFRX .58 3 4.95 .351
KTTA 1.49 1 4.25 .350
NTRB 1.15 2 6.57 .350
IPA 1.04 2 5.94 .350
ADIL .45 2 2.56 .350
BON .62 3 5.33 .348
VTSI .56 4 6.43 .348
NEXT .29 4 3.3 .348
RLMD 1.57 4 18.15 .344
IMTX .98 4 11.3 .344
APPS 3.13 6 54.21 .342
VIVE .26 2 1.52 .342
LAZR 1.16 5 16.83 .340
GMBL .88 2 5.18 .338
MTL .08 13 3 .338
CPIX .74 1 2.2 .336
GEVO .49 4 5.78 .336
IMMP .16 7 3.28 .336
XBIO .06 8 1.4 .336
LCID 2.05 9 55.06 .333
CTSO .42 4 5.04 .332
LGVN 4.34 2 26.25 .330
GDEV .87 3 7.86 .330
MITO .28 1 0.8502 .329
ARPO .72 1 2.2 .327
PLG .24 3 2.2 .327
GRU 1.51 1 4.62 .326
OXBR .30 5 4.59 .325
IMMR .33 6 6.03 .324
ENZ .54 2 3.35 .322
VNET 1.13 3 10.48 .321
LMFA .35 5 5.46 .320
GPN 3.54 11 120.26 .319
VOXX 1.16 3 10.87 .318
LJPC .62 2 3.89 .318
APOP .84 5 13.17 .315
TSLA 2.96 157 1136.99 .314
DOCS 2.62 8 66.67 .312
ISPC 1.61 4 20.42 .312
PRPL .68 5 10.81 .310
EVGO .57 7 12.95 .308
AFRM 2.60 16 132.15 .304
ALDX 1.09 2 7.16 .304
ONCT .45 2 2.95 .304
INFI .16 4 2.09 .304
JRJC .67 3 6.58 .303
OCX .70 1 2.32 .301
GSM .27 7 6.24 .301
TATT .65 3 6.48 .300
M .62 15 29.75 .300
NNDM .48 3 4.8 .300
KBSF .46 2 3.05 .300
MRKR .36 1 1.2 .300
CCXI 3.66 3 36.9 .297
CLF .57 11 20.85 .297
IMNM 1.42 4 19.1 .296
KURA 1.04 4 13.94 .296
SPLK 6.20 6 125 .294
MDIA .50 3 5.08 .294
AEHR .19 29 18.31 .290
BYSI 1.25 3 13.01 .288
CRDF .78 2 5.4 .288
QFIN .77 9 23.83 .288
CLSD .35 3 3.61 .288
TELL .11 9 3.35 .288
SBEA 1.45 2 10.11 .286
HUGE .37 1 1.29 .286
ZLAB 3.42 6 72.41 .282
EOSE 1.39 2 9.79 .282
CMMB 1.24 2 8.75 .282
NVCR 2.63 10 93.35 .280
KODK .86 2 6.13 .280
SKLZ .67 4 9.5 .280
NNVC .44 3 4.71 .279
BBLG 1.14 1 4.11 .277
MOSY .55 2 3.96 .276
ASTR .62 5 11.1 .275
BRLT 2.17 2 15.81 .274
VLDR .76 2 5.52 .274
SOFI .73 7 18.43 .273
STG 1.13 1 4.17 .270
ALTO .29 5 5.31 .270
VBLT .21 3 2.32 .270
DARE .47 1 1.75 .268
NEPT .07 2 0.519 .268
BNR 1.30 3 14.5 .267
PME .26 1 0.99 .262
KSS 1.57 9 53.32 .261
SALM .20 4 3.04 .260
TASK 1.74 7 46.5 .259
IGIC .70 3 8.11 .258
RSKD 1.24 2 9.65 .256
WIMI .27 4 4.16 .256
SNES .16 2 1.25 .256
ZM 3.91 15 218.98 .255
CHGG 2.17 3 25.7 .252
SNMP .11 2 0.87 .252
CARA 1.57 2 12.58 .248
RAIL .24 4 3.84 .248
ZY .78 3 9.49 .246
MRNA 2.84 35 368.51 .245
BFRI 1.74 1 7.1 .245
OCUP .51 2 4.17 .244
DBVT .07 11 3.07 .242
BNTX 3.66 24 362.52 .240
VERU .45 4 7.49 .240
FCX .41 24 37.98 .240
TEDU .09 2 0.7445 .240
NLS .84 2 7.09 .236
UPST 2.84 18 212.51 .234
FIGS 1.33 6 33.46 .234
ATAI 1.29 2 10.99 .234
SQBG .73 2 6.24 .232
OVID .38 2 3.3 .230
AMD 1.96 19 161.91 .228
ME .34 6 8.85 .228
ABSI 1.25 2 11.02 .226
AKTX .36 1 1.59 .226
EZFL .57 1 2.54 .224
PBR .31 8 10.81 .224
ORMP .27 16 18.31 .224
EXPI 1.38 6 36.56 .222
DLO 1.53 5 34.68 .220
CELC 1.05 3 14.5 .216
ERJ .35 9 14.06 .216
CLPS .57 1 2.65 .215
CLPS .57 1 2.65 .215
FB .68 107 338.03 .214
MESO .65 2 6.04 .214
LOOP .74 4 13.88 .212
JFIN .36 2 3.39 .212
TSP 1.75 5 40.73 .210
DELL 1.75 7 57.57 .210
GPS .54 7 17.8 .210
EVGN .43 1 2.05 .209
SE 3.98 16 297.96 .208
MDNA .05 8 1.9 .208
FENG .11 2 1.06 .206
HOL .84 3 12.35 .204
CVV .46 2 4.5 .204
CPE 1.54 7 53.03 .203
AESE .35 1 1.72 .203
ORGS .70 1 3.45 .202
HUYA .53 3 7.86 .201
W 6.80 8 267.51 .200
AZYO 1.08 1 5.39 .200
CCJ .52 10 24.98 .200
OCG .23 4 4.52 .200
PLUG .92 9 41.62 .198
OSTK 2.60 7 90.06 .196
CHMA .37 2 3.76 .196
MOGO .24 4 4.86 .196
AMTX 1.20 3 18.37 .195
OCG .07 13 4.52 .195
EDSA 1.24 1 6.45 .192
FSTX 1.04 1 5.39 .192
STEM .68 6 20.83 .192
CAN .43 4 8.8 .192
IMV .15 2 1.55 .192
DDS 6.58 10 339.92 .190
AMEH 2.05 9 96.75 .189
CELH 1.96 7 70.78 .189
PRTA 1.04 9 49.22 .189
DNUT .42 7 15.21 .189
AMZN 8.00 94 3561.57 .188
NTEC .46 4 9.63 .188
KULR .13 5 3.45 .185
SQ 1.73 23 212.87 .184
ENSV .20 1 1.09 .183
CGC 1.01 2 11.06 .182
IONQ .65 7 24.08 .182
DUOL 7.27 3 119.37 .180
TWTR 1.40 6 45.78 .180
FOSL 1.09 2 12.02 .180
ACHL .89 1 4.94 .180
TLRY .47 4 10.25 .180
AXLA .26 2 2.88 .180
BWAY .68 2 7.57 .178
NVTS 1.62 2 18.28 .176
NIU .93 4 20.87 .176
ARVN 1.91 7 75.86 .175
CLII .84 3 14.36 .174
RIG .09 6 3.05 .174
GTT .41 1 2.36 .173
JWN .98 4 22.53 .172
BLUW .83 2 9.63 .172
SKT 1.17 3 20.26 .171
PUBM 6.66 1 39.02 .170
LYFT 1.43 5 41.82 .170
DKS 1.27 17 122.9 .170
DMAC .31 2 3.63 .170
GSAT .12 2 1.41 .170
ASAN 1.51 13 108.91 .169
MITQ .36 1 2.12 .169
MSTR 14.75 8 695.48 .168
IAC 3.19 7 130.81 .168
DKNG .99 6 35.2 .168
ACB .36 3 6.44 .165
ISEE .62 4 15.04 .164
SCYX .31 4 7.4 .164
SEMR 1.11 3 20.45 .162
SOHU .47 6 17.2 .162
AAL .32 9 17.74 .162
LBPH .92 1 5.68 .161
GTIM .74 1 4.59 .161
SHOP 25.38 10 1567.02 .160
AEY .31 1 1.93 .160
TENX .21 1 1.31 .160
NETE 1.04 2 13.09 .158
NBEV .19 1 1.2 .158
NEWR 2.93 6 112.29 .156
BYND 2.00 6 74.6 .156
IRDM 1.55 4 38.89 .156
GENE .13 3 2.46 .156
EDTK .10 2 1.275 .156
DE 4.88 11 348.09 .154
ZIM 1.29 7 57.63 .154
FUV .77 2 10 .154
FBRX .40 1 2.63 .152
COTY .19 8 9.97 .152
BKYI .19 2 2.5 .152
TOST 3.31 2 43.68 .150
AA .78 10 49.14 .150
VCVC 1.46 1 9.85 .148
SSKN .22 1 1.48 .148
SAM 9.40 7 442.37 .147
AUTL .30 3 6.11 .147
WTER .09 2 1.23 .146
PDD 2.15 5 71.96 .145
VIR 1.21 5 40.48 .145
SCR 1.05 5 35.58 .145
RBLX 1.60 12 129.36 .144
APP 1.46 9 90.26 .144
SIF 1.16 1 8.02 .144
FUBO 1.01 3 20.74 .144
SRNE .85 1 5.89 .144
HNST .41 3 8.53 .144
PETZ .17 4 4.63 .144
NGM 1.25 2 17.53 .142
EDIT 1.47 3 31.26 .141
GIII 1.11 4 30.92 .140
DAL 1.02 5 36.24 .140
MAT .77 4 21.86 .140
VIH 1.31 1 9.36 .139
FLGT 2.27 6 97.01 .138
CIFR .35 3 7.6 .138
XAIR 1.97 1 14.48 .136
HIPO .25 2 3.67 .136
MRO .13 17 15.85 .136
RIOT 1.02 5 37.37 .135
ENLV .49 2 7.23 .134
CIEN .44 19 61.69 .133
DPST 2.33 3 51.82 .132
MRUS 1.10 3 24.98 .132
LUV .99 6 44.54 .132
LI .76 6 34.48 .132
CPSH .51 1 3.85 .132
SSNT .34 2 5.14 .132
DNA 1.58 1 12.04 .131
CALA .11 1 0.8388 .131
CRON .12 5 4.46 .130
SHEN 1.11 3 25.78 .129
BGI .19 3 4.33 .129
PRPO .09 3 2.05 .129
TAL .32 2 5 .128
SSL .14 16 15.78 .128
SONO .70 6 32.62 .126
UWMC .29 3 6.9 .126
THCB 1.25 1 10 .125
TDC 1.17 5 45.16 .125
PBLA .25 1 2 .125
NXTP .14 1 1.12 .125
ALLO 1.11 2 17.79 .124
KZR .82 2 13.21 .124
AFMD .43 2 6.92 .124
CLDX 1.61 3 38.72 .123
TVTX 1.19 3 28.47 .123
ATIF .43 1 3.47 .123
CMTL 3.13 1 25.63 .122
FRD 1.28 1 10.43 .122
HJLI 1.27 1 10.38 .122
TESS .34 2 5.52 .122
AEI .09 2 1.46 .122
MTTR .39 11 33.05 .121
GH 1.57 8 103.9 .120
LIVE 1.37 3 33.618 .120
CYTK .96 5 38.77 .120
OPNT .73 4 24.14 .120
BCLI .46 1 3.81 .120
CCL .45 5 18.16 .120
ACI .44 10 35.43 .120
SBBP .12 2 2 .120
CPG .09 6 4.48 .120
JD 1.56 7 87.91 .119
KR .30 17 42.35 .119
TISI .17 1 1.43 .118
DLTR 1.90 9 141.35 .117
TGTX .93 3 23.36 .117
MBII .08 1 0.68 .117
MAXR .83 4 28.26 .116
CRCT .70 4 24 .116
VSCO 1.29 5 55.87 .115
SI 4.14 6 213.45 .114
LEGN 1.04 6 54.11 .114
RRGB .96 2 16.8 .114
GAME .43 1 3.75 .114
ULBI .31 2 5.41 .114
ARMP .49 1 4.3 .113
MSFT .39 113 336.63 .113
CAT 2.86 8 195.92 .112
CAH 1.34 4 47.47 .112
GRVY 1.33 7 78.77 .112
JPM 1.29 14 161.23 .112
FENC .27 2 4.78 .112
IKT .24 1 2.13 .112
IRIX .18 4 6.32 .112
SBS .09 8 6.11 .112
LAD 6.41 5 283.64 .110
DPZ 5.62 11 533.95 .110
DASH 2.11 10 183.01 .110
SFIX 1.46 2 26.35 .110
RUN 1.10 5 47.86 .110
CLOV .28 2 5.08 .110
LIVX .17 2 3.07 .110
MSGE 1.88 4 68.72 .108
VLO 1.86 4 68.17 .108
DIS 1.86 9 147.81 .108
JRVR 1.48 2 26.95 .108
DOCN 1.31 9 104.44 .108
DDL 1.22 2 22.42 .108
HCM .93 4 34.03 .108
BKE .89 6 48.69 .108
FTCH .67 6 36.71 .108
AAPL .32 108 160.24 .108
BZUN .80 2 14.84 .106
RGEN 4.41 7 291.18 .105
VMW 1.91 7 120.38 .105
ACMR 1.83 5 86.57 .105
RMBL 1.41 3 39.72 .105
JKS 1.23 5 55.99 .105
BZ 1.22 3 34.49 .105
HHR .84 7 53.76 .105
NFLX .76 105 663.84 .105
MOS .76 5 36.03 .105
GP .49 3 13.67 .105
EQOS .46 1 4.35 .105
ORCL .36 35 92.94 .105
AEMD .09 3 2.57 .105
AN 1.67 8 127.46 .104
APXT 1.27 1 12.11 .104
FFHL .44 2 8.45 .104
BQ .08 2 1.53 .104
EAT 1.21 3 34.84 .102
UBER .71 6 39.7 .102
EQ .53 1 5.15 .102
GKOS 4.45 1 44.01 .101
BFLY .72 1 7.11 .101
EOLS .55 1 5.4 .101
CREE 1.64 5 79.12 .100
TTCF .86 2 17.11 .100
PATI .50 2 9.95 .100
LC .39 10 35.5 .100
YPF .17 2 3.39 .100
REGN 7.44 9 654.4 .099
PYPL 2.14 9 187.24 .099
LAW 1.23 3 37.27 .099
XM 1.66 2 33.41 .098
TWST 1.37 7 94.71 .098
AEO 1.32 2 26.93 .098
LAC .58 7 40.96 .098
ANIX .38 1 3.86 .098
BIGC 4.50 1 46.37 .097
CNC 2.42 3 73.77 .096
FISV 1.64 6 97.47 .096
PTGX 1.05 3 32.57 .096
PINS 1.00 4 40.54 .096
BTWN .95 1 9.85 .096
TTD .92 12 107.06 .096
ZNGA .15 4 6.17 .096
XBI 2.27 5 115.05 .095
MFNC 1.02 2 21.5 .094
U 5.45 3 170.33 .093
ABCL 1.31 1 14.1 .092
SKX 1.09 4 46.52 .092
HOG .90 4 37.67 .092
FLWS .75 4 31.63 .092
CLNE .67 1 7.24 .092
YEXT .91 1 9.93 .091
BIIB 3.69 6 236.11 .090
BHVN 2.12 5 112.32 .090
TMUS 1.73 6 113.4 .090
USB 1.06 5 57.4 .090
ARCE .89 2 19.53 .090
SPTN .74 3 24.6 .090
YMM .58 2 12.77 .090
VNE .55 6 35.24 .090
RCAT .10 2 2.2 .090
AMRS .60 1 6.68 .089
MDB 5.88 8 525.98 .088
ON .71 8 63.02 .088
UAA .56 4 24.39 .088
ABUS .14 2 3.14 .088
COUR 1.32 2 30.26 .086
IS .76 1 8.84 .085
FLO .45 5 26.4 .085
CHRA .40 1 4.67 .085
CREX .15 1 1.75 .085
ROKU 2.89 7 231.28 .084
KMB 1.96 6 135.04 .084
RL 1.69 6 119.12 .084
BBY 1.65 6 110.95 .084
PFGC 1.21 3 41.97 .084
TJX 1.03 6 70.67 .084
OVV 1.01 3 35.83 .084
VMEO .85 2 19.89 .084
INTC .70 6 50 .084
SILK .52 7 41.64 .084
LTHM .19 14 31.31 .084
XPDI .10 12 13.04 .084
CNFR .10 2 2.35 .084
KZIA .41 2 10 .082
BCYC 1.49 3 54.02 .081
SBTX .57 1 6.97 .081
CSCO .51 9 55.76 .081
PFE .50 9 52.4 .081
PKG 2.17 5 133.7 .080
V 2.00 8 196.29 .080
A 1.31 10 153.42 .080
C 1.06 5 65.04 .080
PTON .74 5 44.39 .080
STRO .65 2 16.23 .080
SLB .60 4 29.65 .080
MFGP .08 5 5 .080
VTGN .03 5 1.86 .080
GBR .24 1 3.02 .079
IWM 2.93 6 222.71 .078
MDT 1.53 6 110.28 .078
FATE 1.36 3 51.77 .078
WFC .66 6 49.16 .078
SLV .56 3 21.16 .078
GURE .46 1 5.8765 .078
DUOT .40 1 5.0679 .078
RVI .24 2 6.02 .078
EL 3.86 7 340.05 .077
MA 3.58 7 323.01 .077
COP .80 7 72.15 .077
BJ .79 7 65.9 .077
KO .64 7 54.58 .077
GDYN 3.03 1 39.48 .076
CRNC 1.55 4 77.66 .076
FL .92 4 47.96 .076
IMAB 1.00 5 63.55 .075
HPQ .55 5 35.93 .075
DRN .40 5 25.88 .075
APT .45 1 6.1 .073
SIVB 7.01 8 724.5 .072
ENPH 3.10 6 256.71 .072
ROST 2.08 4 111.66 .072
ABNB 1.72 8 180.08 .072
IBM 1.03 9 118.5 .072
LOGI .99 6 81.57 .072
MYGN .98 2 27.05 .072
SJM .78 12 129.37 .072
PLTR .77 2 21.07 .072
IRCP .04 4 2.13 .072
FRO .04 12 6.63 .072
TBLA .70 1 9.85 .071
ASML 4.12 14 815.01 .070
LMT 2.70 10 341.23 .070
SPG 1.69 7 159.94 .070
DXC 1.11 2 31.02 .070
CTRN 1.11 5 78.25 .070
SMLP 1.07 2 30.51 .070
MS .74 10 97.23 .070
VRNT .69 5 47.45 .070
K .49 10 63.87 .070
ORGO .35 2 9.76 .070
FFIE .22 2 6.12 .070
INM .14 1 1.99 .070
XMTR 3.46 1 49.93 .069
T .56 3 23.89 .069
MRTN .38 3 16.38 .069
PLCE 1.60 4 89.23 .068
TSN 1.42 4 81.88 .068
APPN 1.29 4 74.49 .068
DOMO 1.26 4 73.98 .068
DFH 1.18 1 17.28 .068
WMT .68 17 142.63 .068
VIPS .66 1 9.66 .068
THTX .22 1 3.21 .068
SLHG .10 1 1.46 .068
GBS .11 1 1.62 .067
UNH 3.07 11 452 .066
CHKP 1.25 6 111.11 .066
MO 1.00 3 43.48 .066
WOOF .43 3 19.42 .066
PPBT .26 1 3.92 .066
THC 4.91 1 74.46 .065
TTC 1.42 5 103.28 .065
CLSK 1.17 1 17.77 .065
ATVI .81 5 60.31 .065
SM .99 2 30.2 .064
TME .45 1 6.97 .064
HWCC .34 1 5.3 .064
EDU .14 1 2.16 .064
EKSO .11 2 3.36 .064
SITM 2.97 7 305.39 .063
GS 2.93 9 386.54 .063
WM 1.61 7 166.83 .063
LL 1.01 1 15.86 .063
STX .76 9 104.06 .063
CRMT .72 9 101.12 .063
RRD .10 7 10.22 .063
KYMR 1.69 2 53.92 .062
AMKR .70 2 22.42 .062
CYTH .34 1 5.47 .062
GNOG .78 1 12.69 .061
GMTX .17 1 2.76 .061
SNPS 3.69 6 355.87 .060
SEDG 3.56 6 347.21 .060
DG 2.92 5 225.07 .060
WSM 2.54 5 206 .060
NXPI 2.38 6 223.94 .060
LOW 1.67 10 248.58 .060
SPT 1.25 6 114.01 .060
FLXN .55 1 9.12 .060
CHPT .54 3 26.06 .060
KHC .53 4 34.78 .060
BAC .47 6 45.59 .060
VXX .35 4 22.05 .060
GGAL .27 2 8.79 .060
SWN .10 3 4.8 .060
MNSO .82 1 13.7 .059
UAL 1.24 2 42.54 .058
RSI .55 2 18.5 .058
FITB .82 3 42.99 .057
SNOW 2.91 8 364.78 .056
LLY 2.28 7 254.83 .056
ROLL 1.78 7 200.59 .056
HON 1.76 7 207.66 .056
AMAT 1.16 8 151.22 .056
ABT 1.14 7 128.03 .056
SCHW 1.13 4 80.1 .056
MU .75 7 86.14 .056
BEKE .61 2 21.24 .056
EQT .58 2 20.71 .056
CSIQ .58 4 39.06 .056
GT .30 4 20.79 .056
BLNK .18 14 38.4 .056
AMGN 2.27 5 203.47 .055
CM 1.34 5 114.15 .055
HRL .48 5 42.49 .055
OEG .14 1 2.51 .055
ITRO .07 1 1.27 .055
LII 2.97 6 322.12 .054
COIN 2.02 9 319.39 .054
TSCO 1.52 9 226.7 .054
LPX 1.24 3 67.64 .054
TAP 1.23 2 45.33 .054
FANG 1.07 6 109.93 .054
HAS .94 6 99.13 .054
SWI .79 1 14.39 .054
ACH .67 1 12.23 .054
MRK .50 9 74.89 .054
SBH .38 3 20.24 .054
RNG 11.84 1 222.08 .053
ECOM 1.37 1 25.52 .053
FA .96 1 18.02 .053
YETI 1.27 4 95.39 .052
INCY .93 4 70.37 .052
APG .62 2 23.78 .052
KIRK .60 2 22.43 .052
RKT .41 2 15.73 .052
EVA 3.59 1 70.14 .051
TSC 1.55 1 30.31 .051
CUE .62 1 12.01 .051
GWRE 1.30 5 118.47 .050
NFE 1.27 1 25.2 .050
XONE .67 2 26.7 .050
VIEW .21 1 4.19 .050
ADSK 2.04 7 261.15 .049
SUPN 1.50 1 30.45 .049
GIS .46 7 63.52 .049
ADBE 4.59 8 687.49 .048
CFLT 4.09 1 84.44 .048
ZS 2.89 6 355.92 .048
KEYS 2.52 4 197.74 .048
WDAY 2.46 6 281.59 .048
COF 1.87 4 147.02 .048
EA 1.51 4 124.88 .048
NTAP 1.16 4 91.52 .048
TGT 1.06 12 249.16 .048
MNST 1.05 4 86.85 .048
GE .86 6 98.4 .048
EPU .48 3 28.31 .048
ARMK .42 4 34.38 .048
PDCO .41 4 32.82 .048
XLE .34 8 55.9 .048
AGNC .26 3 15.83 .048
SNDL .03 1 0.635 .047
SANA .82 1 17.77 .046
BIOC .09 2 3.89 .046
VSTM .06 2 2.59 .046
STE 2.26 5 226.69 .045
CI 1.83 5 199.61 .045
STT 1.48 3 93.19 .045
CVS 1.40 3 92.02 .045
NKE .92 9 169.87 .045
PG .85 9 149.02 .045
TNA .83 5 85.89 .045
PSTG .49 3 32.08 .045
XOM .33 9 61.59 .045
MOMO .19 3 11.9 .045
AZN .18 15 55.53 .045
ET .08 5 8.61 .045
PKI 2.16 4 185.22 .044
JBL 1.39 2 60.93 .044
GLD .70 11 166.62 .044
RF .52 2 23.54 .044
ERF .44 1 9.85 .044
TTM .13 11 30.96 .044
NPTN .67 1 15.36 .043
PANW 23.18 1 551.18 .042
ANTM 2.99 6 416.22 .042
LIN 1.99 7 320.74 .042
MMM 1.20 7 176.23 .042
EGRX 1.01 2 47.76 .042
OKE .92 3 62.46 .042
GM .87 3 59.86 .042
ABBV .83 6 116.89 .042
TBIO .53 3 37.36 .042
NOK .04 6 5.62 .042
DAVA 1.77 4 161.34 .040
BURL 1.68 8 293.37 .040
ESTC 1.65 4 159.39 .040
ALC 1.58 2 78.49 .040
ADI 1.48 5 183.2 .040
UHS 1.30 4 121.27 .040
OLLI 1.29 2 63.32 .040
CROX .91 8 168.6 .040
OTIS .88 4 83.58 .040
DD .80 4 77.04 .040
BP .28 4 26.18 .040
KDMN .10 4 9.5 .040
BLFS 1.55 1 39.09 .039
VGR .61 1 15.63 .039
ANF .52 3 37.92 .039
ATHM .49 3 35.05 .039
CAR 6.00 2 305.16 .038
WGO 1.39 2 71.25 .038
HMHC .31 2 15.73 .038
FCBP 1.08 1 29.1 .037
LESL .77 1 20.33 .037
IRTC 3.69 1 101.76 .036
HCA 2.20 4 229.92 .036
AXP 1.07 6 157.86 .036
KNL .92 1 25.04 .036
LZB .64 2 33.77 .036
BBWI .53 6 75.87 .036
MRVL .51 6 75.02 .036
GPK .38 2 20.56 .036
HNP .33 2 17.57 .036
SPWH .22 3 17.14 .036
ALAC .21 2 11.6102 .036
INTU 3.76 7 694.66 .035
LH 1.59 7 291.92 .035
TTWO 1.26 5 169.6 .035
UPS 1.15 7 204.64 .035
RY .61 7 101.7 .035
SRNG .41 1 11.42 .035
AZO 6.70 11 1838.69 .033
CRM 1.06 11 296.74 .033
CTKB .66 1 19.88 .033
QCOM .61 11 183.74 .033
GRUB .15 3 13.1 .033
BKNG 10.17 8 2182.01 .032
AAP 1.82 4 227.27 .032
CLX 1.52 4 169.16 .032
LITE 1.46 2 87.29 .032
HD .98 16 406.82 .032
DEN .72 4 82.19 .032
PCVX .65 1 19.81 .032
MPC .54 4 61.78 .032
D .31 8 74.42 .032
RMD 8.09 1 256.92 .031
FOE .67 1 21.38 .031
ALZN .07 1 2.22 .031
BLK 6.24 5 928 .030
AKAM 1.20 3 114.26 .030
PEP 1.13 5 164.14 .030
ACHV .11 2 7.23 .030
TEO .08 2 5.06 .030
OXY .05 30 30.06 .030
GOOG 3.73 28 2922.28 .028
PWR 3.42 1 121.68 .028
RTX 1.21 2 82.94 .028
INMD 1.16 2 81.69 .028
BLDR 1.03 2 71.85 .028
VZ .73 2 51.66 .028
FLOW .63 4 84.34 .028
CL .61 4 77.71 .028
XLF .58 2 38.89 .028
RCUS 1.22 1 45.12 .027
TRI 1.16 3 122.32 .027
HOLI .43 1 15.51 .027
BEST .01 3 1.03 .027
ATKR 1.43 2 108.65 .026
BIG .59 2 43.95 .026
GSKY .15 2 11.42 .026
ENIC .06 1 2.26 .026
LEN .59 5 107.25 .025
DUK .57 5 100.22 .025
TRIL .47 1 18.44 .025
COST 1.90 8 554.88 .024
SNA 1.40 4 212.82 .024
ALXN 1.24 4 182.5 .024
J 1.23 3 146.09 .024
B 1.08 1 44.25 .024
PLD 1.05 4 153.28 .024
MCD .98 8 250.3 .024
AZPN .96 4 146.11 .024
QDEL .95 4 149.8 .024
IYC .68 3 84.42 .024
NEE .56 4 88.66 .024
XLP .29 6 72.14 .024
VSH .18 3 20.81 .024
UNIT .11 3 13.52 .024
CDEV .04 4 6.35 .024
OLN 1.34 1 58.17 .023
CRTO .90 1 38.57 .023
XLNX .66 11 233.08 .022
RACE .58 11 265.77 .022
SPB 2.21 1 102.17 .021
JNJ 1.21 3 159.75 .021
STZ 1.17 4 226.97 .020
NUAN 1.13 1 55.33 .020
HRI .96 4 182.37 .020
SLVO .03 4 5.07 .020
CNA .83 1 43.06 .019
UHAL 1.98 9 717.23 .018
LANC 1.43 2 154.16 .018
AIT .91 2 98.39 .018
IRBO .83 1 44.09 .018
XLV .44 6 132.33 .018
AMOM .66 1 37.5119 .017
PSTX .12 1 6.89 .017
STMP 1.59 4 329.61 .016
KMX 1.24 2 146.48 .016
UTHR .86 4 194 .016
CSPR .11 1 6.53 .016
SELF .09 1 5.3 .016
XLK .67 5 170.14 .015
PAYX .94 2 123.73 .014
MGTX .27 1 18.52 .014
CHNG .15 2 20.55 .014
ADMS .06 2 8.22 .014
FRBK .05 1 3.45 .014
TNET 1.38 1 103.72 .013
CAI .78 1 56 .013
VCLO .25 1 18.78 .013
AXON 2.25 1 179.75 .012
TDG 1.87 4 584.22 .012
XLY 1.39 2 207.24 .012
TSM .54 3 119.28 .012
HRC .42 6 155.43 .012
PPC .17 2 28.28 .012
LSI 1.59 1 133.75 .011
PNRG .79 1 67.38 .011
ECHO .49 1 48.24 .010
STN .29 2 55.19 .010
INOV .22 2 41.06 .010
ESXB .06 2 11.48 .010
GTS .33 1 35.52 .009
IEC .14 1 15.34 .009
SVBI .13 1 13.63 .009
RTLR .02 9 10.57 .009
HFBL .16 1 19.75 .008
LMRK .13 1 16.22 .008
PBT .04 2 9.19 .008
ROG 1.67 1 271.48 .006
SYKE .14 3 54 .006
FAST .11 6 60.94 .006
ITRN .07 3 25.73 .006
PSP .04 3 15.93 .006
VOOV .73 1 145.69 .005
CONE .46 1 89.38 .005
JQUA .26 1 44.33 .005
CLDR .08 1 15.99 .005
SAFM .85 1 187.7 .004
TAAG .09 1 20.9494 .004
CPLG .07 1 15.47 .004
KIN .02 2 9.25 .004
RAVN .10 3 58.08 .003
IACB .01 3 9.37 .003
SPY 1.31 1 464.6 .002
CXP .04 1 19.13 .002
SIC .03 1 14.49 .002
NWHM .02 1 8.99 .002
EIC .02 2 17.8 .002
DSE .02 1 9.49 .002
ULTA .62 1 401.42 .001
VCAR .03 1 17.39 .001
PMD .01 1 8.12 .001
WYNN .06 3 83 0
ULTA .05 12 401.42 0
WYNN .04 4 83 0
INFL .01 2 30.55 0
DFP .01 2 27.86 0
WMPN 0 4 12.05 0
VALN 0 2 67.28 0
QQC 0 2 34.09 0
QADB 0 4 87.54 0
PAE 0 1 9.92 0
ONON 0 1 51.42 0
NLSP 0 1 1.75 0
LHAA 0 1 9.84 0
HWBK 0 1 23.9 0
HDGE 0 2 25.03 0
EPAY 0 1 45.12 0
DVD 0 1 3.59 0
APWC 0 1 2.99 0
NSYS -.12 1 10.6 -.011
