EJH 5.21 6 2.99 10.452
LAIX 1.72 4 1.059 6.496
SCPS 3.34 7 3.77 6.195
EEIQ 4.33 5 4.13 5.240
NVOS 1.65 5 1.77 4.660
NEGG 3.07 20 13.58 4.520
AACG 2.14 5 2.39 4.475
CPOP 2.34 5 2.87 4.075
AUVI 2.56 8 5.35 3.824
VRPX 1.77 9 4.18 3.807
DPW 1.56 5 2.36 3.305
JZXN 1.63 4 2.06 3.164
FCEL .17 129 7.54 2.838
JAN 3.24 5 6 2.700
EYES 1.22 6 2.85 2.568
JG 1.30 3 1.58 2.466
NRXP 3.86 6 9.65 2.400
SIEB 1.53 5 3.2 2.390
AAME 1.97 5 4.16 2.365
CEMI .75 7 2.32 2.261
KOSS 5.35 7 16.88 2.212
NURO 1.47 11 7.61 2.123
BSQR .35 13 2.33 1.950
NAOV .27 11 1.54 1.925
TYME .45 4 0.9758 1.844
AMC 1.21 57 36.83 1.824
INDP 2.52 5 7.19 1.750
SGOC 1.19 9 6.2 1.719
IRNT 3.52 5 10.37 1.695
GRTS 3.14 5 9.29 1.685
SAVA 3.02 26 47.81 1.638
CARV 3.92 6 15.22 1.542
SPCE 1.26 24 20.04 1.488
MRIN 2.01 5 6.92 1.450
RMED .72 6 3.01 1.434
GME 2.99 82 173.97 1.394
SPRT .81 20 11.8 1.360
EVK .60 6 2.71 1.326
TAOP 1.35 3 3.14 1.287
CSCW .39 2 0.6057 1.286
HGSH 1.16 2 1.84 1.260
WAVE 1.72 5 6.895 1.245
PMCB 1.11 3 2.72 1.224
AREC .62 5 2.54 1.220
BIDU 1.78 117 175.47 1.170
BTBT 1.30 9 10.04 1.161
AUUD .47 6 2.44 1.152
NCTY 2.63 5 11.5 1.140
NMRD 1.66 4 5.82 1.140
SNAP .57 113 54.5 1.130
OCGN 1.31 8 9.34 1.120
CRTD .81 6 4.39 1.104
BBIG .30 20 5.42 1.100
LMNL .65 3 1.81 1.077
LHDX 1.58 4 5.86 1.076
ALYA 1.03 3 2.87 1.074
DWAC 30.01 3 83.86 1.071
SSY .91 3 2.6 1.050
SJ 1.24 4 4.72 1.048
IGC .49 3 1.42 1.035
BNTC 1.24 3 3.62 1.026
AGRI .76 3 2.23 1.020
CETX 1.20 1 1.18 1.016
JCS 1.40 3 4.16 1.008
FTEK .69 3 2.12 .975
NVFY .73 3 2.26 .969
MTSL 1.08 3 3.37 .960
DLPN 2.14 5 11.17 .955
BBBY 1.07 13 14.46 .949
WAFU 1.50 4 6.32 .948
PRFX .77 3 2.43 .948
UPC .73 3 2.33 .939
CHCI 1.54 3 4.93 .936
WORX .44 4 1.88 .936
TPST 2.19 5 11.88 .920
BLIN .41 8 3.54 .920
ACRS 2.12 7 16.19 .910
ANPC 1.24 2 2.72 .910
NVAX 13.77 9 135.35 .909
VVOS .78 4 3.5 .888
PTIX .84 2 1.9 .884
CTIB .40 5 2.27 .880
MOXC 1.33 4 6.14 .864
RIDE .85 5 5.02 .845
WHLM 1.20 4 5.67 .844
IMPL 1.70 5 10.08 .840
HOFV .98 2 2.33 .840
BB .84 11 11.04 .836
YJ .40 2 0.9586 .834
PBTS 1.24 1 1.49 .832
CNET 1.11 1 1.34 .828
BNGO .36 12 5.19 .828
NIO .48 75 41.27 .825
GRTX .50 3 1.84 .813
SYPR .80 4 3.93 .812
ERYP .89 3 3.29 .810
WBX 8.99 1 11.1 .809
ANVS 3.73 6 29.03 .768
PALI .71 3 2.79 .762
RETO .66 1 0.8776 .752
SNOA 1.43 3 5.73 .747
EYEG 1.45 1 1.95 .743
DYNT .22 5 1.48 .740
ASM .69 1 0.9368 .736
EBET 3.45 6 28.19 .732
IDEX .36 4 1.97 .728
XPEV .46 80 48.09 .720
VERY 1.39 4 7.7302 .716
ADGI 3.21 7 32.05 .700
OSAT 1.21 3 5.2 .696
KALV 1.44 8 16.65 .688
LODE .56 3 2.46 .681
MVIS 1.51 4 8.86 .680
PHUN .70 7 7.16 .679
NBRV .76 1 1.12 .678
AVXL 2.41 5 17.86 .670
CANF 1.04 1 1.55 .670
OPAD 1.25 4 7.46 .668
CBAT .70 2 2.12 .660
TERN 1.53 4 9.34 .652
SPCB .32 2 0.98 .652
MEDS .53 5 4.19 .630
MNOV 1.12 2 3.56 .628
FULC 2.54 6 24.36 .624
STAF .58 2 1.86 .622
SPI 1.06 3 5.1 .621
ZEV 1.17 4 7.84 .596
MBRX .81 2 2.71 .596
AQMS .39 3 1.96 .594
LGHL .66 2 2.23 .590
TSLA 4.74 147 1024.86 .588
IPHA .78 4 5.28 .588
ZCMD 1.01 1 1.72 .587
MARK .46 4 3.15 .584
VTNR .39 8 5.33 .584
NVDA 1.13 145 231.66 .580
DTST .84 3 4.36 .576
XTLB 1.09 2 3.81 .572
WEI .57 1 1 .570
EXPR .47 5 4.14 .565
HOOD 1.85 12 39.01 .564
ORPH .57 4 4.04 .564
HGEN 1.21 3 6.6 .549
OBLN .56 3 3.05 .549
VYGR 1.06 2 3.88 .546
APTO .39 3 2.14 .546
HTBX 1.46 2 5.36 .544
ALEC 2.10 6 23.14 .540
EVOL .74 2 2.74 .540
TQQQ .63 135 145.52 .540
HUSN .29 4 2.15 .536
GOVX .35 6 3.92 .534
GTEC 1.57 2 5.9 .532
ENOB 1.18 4 8.84 .532
OPTT 1.10 1 2.09 .526
ZKIN .71 2 2.7 .524
NRBO .49 2 1.87 .524
ANY .23 16 6.99 .512
ATNF .90 3 5.29 .510
XELB .34 2 1.33 .510
LWAC 1.73 5 16.98 .505
HX .81 4 6.48 .500
TIGR .63 7 8.86 .497
MVST 1.01 4 8.11 .496
MOHO .11 3 0.6646 .495
SOS .61 2 2.46 .494
FLGC .55 4 4.45 .492
WINT .31 3 1.89 .492
OXBR .30 5 3.09 .485
LEDS 1.24 3 7.78 .477
LIZI .40 4 3.36 .476
ACY .99 19 39.58 .475
GLSI 3.27 5 34.45 .470
ATXI .74 1 1.58 .468
ENVB .27 3 1.73 .468
KXIN .17 6 2.16 .468
SCKT .74 4 6.47 .456
DTSS .87 1 1.91 .455
VERB .12 8 2.13 .448
COHN 1.95 5 21.82 .445
KNBE 2.06 5 23.25 .440
ADMA .54 1 1.23 .439
GEG .90 1 2.12 .424
APRE .69 3 4.86 .423
PME .26 1 0.6135 .423
WHLR .54 2 2.57 .420
RCON .51 2 2.45 .416
GALT .44 3 3.18 .414
JFU .22 3 1.595 .411
NTRB 1.15 2 5.59 .410
SLGG .64 2 3.12 .410
DBGI .31 4 3.01 .408
AYRO .60 2 2.98 .402
AMBO .61 1 1.52 .401
ACOR .41 4 4.06 .400
TRCH .98 2 4.95 .394
FGEN 1.47 3 11.2 .393
BABA .78 98 176.17 .392
AVGR .04 7 0.7101 .392
LEXX .84 3 6.45 .390
ENG .30 3 2.3 .390
AGEN .15 10 3.79 .390
ONCS .68 1 1.75 .388
GNLN .36 2 1.87 .384
CHNR .12 4 1.24 .384
RSLS .27 4 2.84 .380
ATOS .21 5 2.76 .380
RAPT 1.77 7 32.67 .378
LIFE 1.09 3 8.62 .378
ALF 1.08 2 5.7 .378
DWSN .44 2 2.325 .378
RHE 1.27 2 6.76 .374
ENTX .77 2 4.13 .372
WNW 1.34 1 3.66 .366
GRVI .74 3 6.04 .366
NNOX 1.69 5 23.09 .365
PIRS .23 7 4.42 .364
PSTV .60 1 1.66 .361
WPRT .58 2 3.27 .354
MINM .32 2 1.82 .350
NKLA .28 14 10.98 .350
OTLK .38 2 2.19 .346
DYAI .51 3 4.47 .342
MRNA 3.93 31 349.56 .341
GRU 1.51 1 4.43 .340
CRIS 1.20 2 7.05 .340
GROM .76 2 4.47 .340
OBSV .18 5 2.61 .340
BCRX .66 8 15.46 .336
AEHR .35 21 21.27 .336
ARAV 1.21 1 3.61 .335
ADMP .36 1 1.08 .333
HAPP .30 1 0.9 .333
IPA 1.04 2 6.24 .332
BILI 1.28 22 80.97 .330
ENSC .72 1 2.18 .330
LJPC .62 2 3.76 .328
ENZ .54 2 3.28 .328
ARPO .72 1 2.2 .327
DARE .47 1 1.44 .326
APOP .84 5 12.83 .325
MTP .56 1 1.7199 .325
UFAB .46 2 2.83 .324
WATT .32 2 1.97 .324
DQ 3.36 7 74.43 .315
WISH .58 3 5.5 .315
CCXI 3.66 3 34.97 .312
VOXX 1.16 3 11.14 .312
KMPH 1.03 3 9.89 .312
BTCM .72 4 9.15 .312
SLS .91 3 8.76 .309
CERE 1.78 7 40.09 .308
NEXT .29 4 3.76 .308
TATT .65 3 6.39 .303
KBSF .46 2 3.05 .300
DDD 1.09 8 28.71 .296
IMNM 1.42 4 19.43 .292
GDEV .87 3 8.89 .291
NVCR 3.93 9 119.29 .288
BPTH 1.44 1 5.03 .286
UAVS .83 1 2.92 .284
GEVO .49 4 6.83 .284
CTSO .42 4 5.85 .284
OSMT .13 4 1.83 .284
XBIO .06 8 1.69 .280
DOCS 3.04 6 65.02 .276
BNR 1.30 3 14.04 .276
XELA .09 7 2.27 .273
ALDX 1.09 2 8.09 .268
ADIL .45 2 3.34 .268
AVIR 1.14 3 12.72 .267
RLMD 1.57 4 23.65 .264
EOSE 1.39 2 10.47 .264
IMTX 1.15 3 12.99 .264
BON .62 3 7.01 .264
NNVC .44 3 4.97 .264
HUGE .37 1 1.4 .264
BHTG .33 1 1.25 .264
VBLT .32 2 2.42 .264
SKLZ .97 3 11.09 .261
LMFA .35 5 6.63 .260
GSM .27 7 7.2 .259
LAZR 1.40 3 16.18 .258
BNTX 5.27 15 294.92 .255
OCUP 1.04 1 4.11 .253
RKDA .49 1 1.93 .253
MRKR .36 1 1.42 .253
BTX 1.13 2 8.95 .252
JRJC .67 3 7.9 .252
AVCT .60 1 2.38 .252
TRIT .58 3 6.86 .252
INFI .16 4 2.53 .252
FLGT 4.22 5 84.26 .250
AFRM 4.06 10 160.04 .250
CMMB 1.24 2 9.9 .250
KODK .86 2 6.86 .250
RNXT .73 2 5.8 .250
LYEL 1.21 3 14.45 .249
IGIC .70 3 8.4 .249
NNDM .48 3 5.78 .249
QFIN .76 8 23.89 .248
PLG .61 1 2.47 .246
ONCT .45 2 3.65 .246
MITO .28 1 1.16 .241
TSP 1.75 5 36.04 .240
BYSI 1.25 3 15.45 .240
SDC .64 2 5.29 .240
CLF .63 10 25.42 .240
SGBX .44 2 3.65 .240
MTL .18 6 4.47 .240
KURA 1.39 3 17.38 .237
CARA 1.57 2 13.22 .236
VTSI .98 2 8.3 .236
VIVE .26 2 2.2 .236
NEPT .07 2 0.59 .236
STG 1.13 1 4.79 .235
DDS 6.22 9 234.34 .234
ZY .78 3 9.95 .234
CRDF 1.40 1 6.03 .232
SQBG .73 2 6.24 .232
KSS 1.63 7 49.06 .231
TELL .13 7 3.84 .231
WIMI .46 2 4 .230
FCX .42 23 39.34 .230
OCG .23 4 4 .228
ORMP .40 13 22.92 .221
OCG .07 13 4 .221
SNES .16 2 1.46 .218
W 7.31 7 235.13 .217
PBR .34 7 10.71 .217
ASTR .53 4 9.81 .216
AAPL .40 107 148.64 .214
OVID .38 2 3.54 .214
VERU .59 3 8.24 .213
UPST 5.23 15 359.81 .210
ZM 4.40 14 279.79 .210
GPN 3.44 10 157.78 .210
FB .77 105 328.69 .210
IMMP .32 3 4.57 .210
RAIL .24 4 4.59 .208
AKTX .36 1 1.74 .206
SNMP .11 2 1.06 .206
OCX .70 1 3.4 .205
HOL .84 3 12.35 .204
EZFL .57 1 2.79 .204
AESE .35 1 1.71 .204
TASK 1.74 7 59.69 .203
SKT 1.17 3 17.41 .201
MESO 1.26 1 6.3 .200
PLUG .89 8 34.88 .200
LOOP .89 3 13.4 .198
GPS .75 6 22.51 .198
SE 5.17 14 348.32 .196
RBLX 2.36 7 83.21 .196
AZYO 1.08 1 5.5 .196
CHMA .37 2 3.76 .196
ZLAB 3.42 6 104 .192
IMV .15 2 1.56 .192
NTEC .46 4 9.63 .188
CVV .46 2 4.87 .188
KULR .52 1 2.78 .187
AMZN 8.18 93 3320.37 .186
CLSD .35 3 5.59 .186
CAN .43 4 9.25 .184
OPNT 1.39 3 22.71 .183
VNET 1.13 3 18.32 .183
AMTX 1.20 3 19.78 .180
CELC 1.05 3 17.45 .180
MOGO .24 4 5.26 .180
BODY .47 2 5.26 .178
CLPS .56 1 3.15 .177
CLPS .56 1 3.15 .177
UONE .44 4 9.78 .176
MDNA .05 8 2.27 .176
CLII .84 3 14.36 .174
MDIA .50 3 8.58 .174
GTT .41 1 2.36 .173
BLUW .83 2 9.63 .172
MAT 1.16 3 20.1 .171
JFIN .36 2 4.19 .170
HUYA .53 3 9.43 .168
ENSV .20 1 1.19 .168
BWAY 1.35 1 8.05 .167
DKS 2.02 11 127.9 .165
ARMP .49 1 3.02 .162
EVGN .43 1 2.66 .161
ZG 3.17 5 96.36 .160
FENG .11 2 1.36 .160
SCYX .79 1 5.02 .157
GTIM .74 1 4.7 .157
OSTK 2.20 6 83.69 .156
BGFV .70 6 26.64 .156
ME .45 4 11.36 .156
DLO 1.53 5 48.83 .155
EDSA 1.24 1 7.98 .155
ARVN 1.91 7 84.74 .154
DMAC .31 2 4.01 .154
GSAT .12 2 1.55 .154
ORGS .70 1 4.56 .153
IRDM 1.55 4 40.78 .152
AAL .38 8 19.23 .152
EXPI 1.38 6 54.42 .150
FIGS 1.12 5 37.24 .150
BCLI .46 1 3.06 .150
ACB .36 3 7.18 .150
FSTX 1.04 1 6.94 .149
VCVC 1.46 1 9.85 .148
GIII 1.11 4 29.36 .148
TTD 1.62 7 76.11 .147
FBRX .40 1 2.72 .147
OLB .65 1 4.445 .146
SCR 1.05 5 35.58 .145
PRTA 1.18 8 62.67 .144
DNUT .63 3 12.96 .144
ALTO .28 3 5.73 .144
TEDU .09 2 1.24 .144
FUV 1.54 1 10.7 .143
SIF 1.16 1 8.19 .141
NETE 1.05 1 7.42 .141
TLRY .52 3 11 .141
IAC 3.19 7 156.76 .140
ALLO 1.11 2 15.65 .140
AFMD .87 1 6.19 .140
MTTR .70 4 19.47 .140
ISEE .62 4 17.4 .140
M .54 7 26.83 .140
SALM .31 2 4.38 .140
TENX .21 1 1.5 .140
VIH 1.31 1 9.36 .139
AEY .31 1 2.22 .139
SQ 1.73 23 262 .138
NIU 1.17 3 25.08 .138
IRIX .35 3 7.58 .138
LEGN 1.79 4 51.7 .136
VLDR .86 1 6.3 .136
ERJ .61 4 17.49 .136
TAL .32 2 4.65 .136
DLTR 2.90 5 105.02 .135
CELH 2.77 5 99.96 .135
GMBL .80 1 5.9 .135
KR .40 15 40.33 .135
GENE .13 3 2.8601 .135
RIG .11 5 3.98 .135
DPZ 5.62 11 466.24 .132
AMD 1.50 11 122.36 .132
TVTX 1.19 3 26.55 .132
ZIM 1.15 6 50.36 .132
ACHL .89 1 6.73 .132
NGM 1.25 2 19.1 .130
CCJ .71 5 26.5 .130
LTHM .35 10 25.8 .130
IKT .24 1 1.86 .129
LYFT 1.57 4 48.12 .128
CYTK 1.17 4 36.3 .128
AMEH 1.16 8 72.34 .128
PBLA .25 1 1.94 .128
SAM 9.40 7 506.38 .126
RIOT 1.25 3 29.59 .126
SSNT .66 1 5.21 .126
SOHU .47 6 21.47 .126
CIEN .40 18 51.75 .126
NLS 1.33 1 10.64 .125
THCB 1.25 1 10 .125
SI 4.86 4 153.8 .124
SRNE .85 1 6.82 .124
LIVE 1.37 3 32.91 .123
NBEV .19 1 1.54 .123
HJLI 1.27 1 10.38 .122
SPLK 4.15 5 168.36 .120
ASAN 2.17 8 136.23 .120
SEMR 1.48 2 24.33 .120
MAXR 1.20 3 29.53 .120
JWN 1.19 3 29.49 .120
SSKN .22 1 1.82 .120
SBBP .12 2 2 .120
EDTK .10 2 1.64 .120
MOSY .76 1 6.38 .119
HIPO .25 2 4.2 .118
MARA .50 13 54.69 .117
IMMR .29 3 7.34 .117
RRD .26 3 6.58 .117
HCM .93 4 32.06 .116
LBPH .92 1 8 .115
SBS .15 5 6.51 .115
DUOL 7.27 3 187.48 .114
EDIT 1.47 3 38.21 .114
PRPO .09 3 2.33 .114
TESS .64 1 5.64 .113
RGEN 4.41 7 274.67 .112
DAL 1.14 4 39.51 .112
CCL .63 4 22.05 .112
ACI .43 8 30.65 .112
LI 1.29 3 34.25 .111
MSFT .41 111 308.13 .111
ENLV .49 2 8.77 .110
AUTL .31 2 5.61 .110
LIVX .17 2 3.07 .110
REGN 7.44 9 576.2 .108
CPE 1.48 4 54.61 .108
RMBL 1.41 3 38.48 .108
CAH 1.34 4 48.73 .108
SHEN 1.11 3 30.67 .108
AEO 1.32 2 24.63 .106
EQOS .46 1 4.32 .106
WTER .09 2 1.68 .106
ENPH 3.89 5 179.43 .105
PDD 2.15 5 100.64 .105
DKNG 1.00 5 46.82 .105
AA .81 7 51.17 .105
NFLX .76 105 671.66 .105
CPSH .51 1 4.82 .105
GP .49 3 13.62 .105
DE 4.88 8 352.72 .104
MSGE 1.88 4 70.04 .104
GH 1.57 8 114.54 .104
APXT 1.27 1 12.11 .104
AXLA .29 1 2.8 .103
CLDX 1.61 3 46.92 .102
MRUS 1.44 2 27.99 .102
PRPL .70 3 20.11 .102
ORCL .37 34 97.89 .102
BKYI .32 1 3.11 .102
BGI .23 2 4.49 .102
CPG .09 6 5.06 .102
CREE 1.64 5 79.12 .100
ARCE .89 2 17.73 .100
FLWS .75 4 29.45 .100
STEM .47 5 23.15 .100
ATIF .43 1 4.28 .100
AN 1.67 8 131.04 .096
RUN 1.35 4 54.23 .096
PTGX 1.05 3 31.95 .096
BTWN .95 1 9.86 .096
LAD 6.41 5 335.91 .095
ABSI 1.13 1 11.82 .095
DDL 1.22 2 25.47 .094
MFNC 1.02 2 21.5 .094
EQ .53 1 5.69 .093
VSCO 1.28 4 54.83 .092
RRGB .96 2 20.69 .092
CRON .13 4 5.56 .092
DASH 2.82 7 216.33 .091
GRVY 1.33 7 101.48 .091
DBVT .07 7 5.13 .091
CAT 3.19 6 202.21 .090
XBI 2.27 5 124.39 .090
KMB 1.96 6 130.11 .090
DELL 1.74 6 112.29 .090
BKE 1.30 3 42.98 .090
FRD 1.28 1 14.15 .090
UAA .97 2 21.36 .090
VNE .55 6 35.2 .090
ANIX .38 1 4.26 .089
MBII .08 1 0.89 .089
MDB 5.88 8 518.87 .088
VLO 1.86 4 82.69 .088
CTRN 1.77 4 77.28 .088
BAC 1.06 4 47.51 .088
ULBI .31 2 7 .088
AEI .09 2 2.03 .088
FFHL .44 2 10.015 .086
CHRA .40 1 4.62 .086
BBY 2.06 5 120.48 .085
ACMR 1.83 5 106.99 .085
JD 1.44 5 84.25 .085
GURE .46 1 5.38 .085
INM .14 1 1.63 .085
DIS 2.12 7 172.01 .084
TWTR 1.34 4 62.11 .084
VRNT 1.32 3 46.4 .084
JPM 1.20 12 170.94 .084
CSIQ 1.12 3 39.05 .084
LUV 1.03 4 47.48 .084
INTC .70 6 49.41 .084
PATI .50 2 11.73 .084
SFIX 1.46 2 34.98 .082
BCYC 1.49 3 53.66 .081
EAT 1.21 3 44.54 .081
PYPL 2.54 8 246.88 .080
PKG 2.17 5 133.92 .080
APPS 1.42 5 86.43 .080
TJX 1.32 4 65.26 .080
HPQ .63 4 30.63 .080
ABCL 1.31 1 16.47 .079
UBER 1.22 3 45.72 .078
PFGC 1.21 3 45.17 .078
AEMD .09 3 3.46 .078
TWST 1.37 7 117.76 .077
ATAI 1.09 1 14.12 .077
UWMC .55 1 7.12 .077
FRO .07 11 9.32 .077
OVV 1.51 2 39.13 .076
USB 1.25 4 62.52 .076
PINS 1.00 4 50.68 .076
SPT 1.96 5 123.43 .075
RL 1.95 5 124.07 .075
MDT 1.95 5 123.56 .075
TMUS 1.78 5 115.93 .075
BYND 1.46 5 96 .075
WMT .77 15 150.06 .075
SONO .50 5 32.38 .075
JRVR 1.48 2 39.08 .074
CLNE .67 1 9.03 .074
CLOV .56 1 7.55 .074
KZIA .41 2 10.87 .074
SIVB 7.01 8 746.01 .072
ROKU 4.06 6 323.19 .072
IWM 2.93 6 229.57 .072
XLNX 2.27 6 175.31 .072
ROST 2.08 4 113.12 .072
LAW 1.23 3 50.3 .072
MS .97 8 101.91 .072
YEXT .91 1 12.51 .072
STX .76 9 89.16 .072
CSCO .52 8 55.14 .072
DRN .48 4 26.42 .072
YPF .17 2 4.66 .072
CNFR .10 2 2.76 .072
BQ .08 2 2.22 .072
THC 4.91 1 68.74 .071
DFH 1.18 1 16.41 .071
TBLA .70 1 9.85 .071
BIIB 4.00 5 269.94 .070
SITM 3.41 5 239.83 .070
VMW 2.32 5 163.25 .070
A 1.64 7 158.34 .070
FISV 1.58 5 111.11 .070
HOG 1.32 2 36.95 .070
IMAB 1.00 5 67.64 .070
CRCT .96 2 27.16 .070
MRO .10 14 16.78 .070
FATE 1.36 3 58.16 .069
CGC .94 1 13.57 .069
TSN 1.42 4 83.29 .068
C 1.23 4 70.83 .068
WFC .91 4 50.62 .068
SLV .79 2 22.74 .068
STRO .65 2 19.08 .068
SLB .60 4 34.36 .068
SBH .56 2 16.4 .068
EOLS .55 1 8.08 .068
RCAT .10 2 2.87 .068
SHOP 16.27 6 1425.16 .066
SNPS 3.69 6 324 .066
UNH 3.07 11 449.49 .066
LLY 2.73 6 245.05 .066
TDC 1.32 3 58.89 .066
RFL 1.04 2 31.2 .066
SJM .75 11 123.14 .066
MRTN .38 3 16.76 .066
NXTP .14 1 2.11 .066
WSM 2.54 5 185.23 .065
FANG 1.53 5 109.41 .065
COP 1.03 5 76.52 .065
DUOT .40 1 6.14 .065
SSL .10 13 17.73 .065
SNOW 2.91 8 341.5 .064
TSCO 1.77 8 211.03 .064
CRNC 1.55 4 96.79 .064
NEWR 1.30 4 77.45 .064
AMAT 1.16 8 135.76 .064
DXC 1.11 2 34.05 .064
APP .81 8 93.56 .064
XOM .52 8 64.35 .064
K .51 8 61.73 .064
HWCC .34 1 5.3 .064
CLSK 1.17 1 18.45 .063
SBTX .57 1 9.03 .063
T .56 3 25.64 .063
EVGO .55 1 8.6 .063
VXX .46 3 21.06 .063
BZ 1.15 2 36.94 .062
ORGO .35 2 10.96 .062
THTX .22 1 3.54 .062
SEDG 3.89 5 311.92 .060
KYMR 1.69 2 55.32 .060
TTC 1.60 4 100.93 .060
IBM 1.35 6 127.64 .060
CHKP 1.25 6 122.37 .060
LOGI 1.16 5 89.41 .060
HAS 1.13 5 88.5 .060
TTCF 1.07 1 17.82 .060
SMLP 1.07 2 34.91 .060
FL .99 3 49.39 .060
MYGN .98 2 32.48 .060
PLTR .77 2 25.41 .060
AMKR .70 2 22.91 .060
SOFI .64 2 20.69 .060
GBR .24 1 3.94 .060
EDU .14 1 2.32 .060
BZUN 1.12 1 19.16 .058
XONE .67 2 22.59 .058
FLXN .55 1 9.35 .058
PPBT .26 1 4.46 .058
CALA .11 1 1.9 .057
KEYS 2.52 4 177.6 .056
ROLL 1.78 7 220.41 .056
TAP 1.23 2 43.76 .056
PSTG .74 2 26.36 .056
APG .62 2 21.82 .056
SILK .52 7 60.81 .056
ASML 4.13 11 788.44 .055
NXPI 2.32 5 200.29 .055
MU .80 5 68.76 .055
HRL .48 5 41.95 .055
AZN .33 11 61.77 .055
ITRO .07 1 1.27 .055
LII 2.97 6 304.29 .054
ADSK 2.96 6 311.79 .054
ZS 2.89 6 311.2 .054
ABNB 1.58 6 169.24 .054
LPX 1.24 3 66.06 .054
CRMT .72 9 119.46 .054
LL 1.01 1 18.93 .053
CIFR .48 1 8.92 .053
TME .45 1 8.34 .053
EVA 3.59 1 68.41 .052
CM 1.70 4 121.59 .052
DOCN 1.29 4 95.55 .052
APPN 1.29 4 98.83 .052
YETI 1.27 4 94.46 .052
DOMO 1.26 4 92.17 .052
SCHW 1.13 4 82.89 .052
GT 1.09 1 20.74 .052
YMM .89 1 16.86 .052
VIPS .66 1 12.46 .052
RSI .55 2 20.89 .052
ZNGA .20 2 7.46 .052
OEG .14 1 2.69 .052
GBS .11 1 2.1 .052
VTGN .03 4 2.26 .052
ATVI 1.42 3 81.19 .051
FITB .82 3 45.58 .051
IRCP .05 3 2.84 .051
AMGN 2.27 5 207.63 .050
TSC 1.55 1 30.65 .050
ECOM 1.37 1 26.88 .050
GWRE 1.30 5 125.31 .050
RKT .84 1 16.63 .050
SPTN .60 2 23.34 .050
KIRK .60 2 23.41 .050
KO .56 5 54.23 .050
EKSO .20 1 3.95 .050
COTY .08 5 8 .050
LOW 1.83 7 231.82 .049
SUPN 1.50 1 30.13 .049
MNSO .82 1 16.63 .049
CDEV .37 1 7.47 .049
GS 2.81 8 414.75 .048
HON 1.95 6 217.54 .048
BHVN 1.74 4 138.84 .048
BURL 1.68 8 276.99 .048
WM 1.29 6 161.15 .048
NTAP 1.16 4 93.1 .048
MNST 1.05 4 84.38 .048
VMEO .85 2 34.77 .048
FUBO .74 2 30.09 .048
FLO .41 3 25.19 .048
LC .24 8 35.64 .048
NOK .07 4 5.66 .048
GGAL .57 1 11.9 .047
FTCH .94 2 40.58 .046
GNOG .78 1 16.86 .046
GMTX .17 1 3.68 .046
BIOC .09 2 3.82 .046
VSTM .06 2 2.59 .046
WDAY 2.61 5 282.15 .045
V 2.27 5 233.88 .045
EA 2.20 3 142.19 .045
LMT 1.95 9 376.33 .045
STT 1.48 3 98.6 .045
CVS 1.40 3 87.68 .045
GLD 1.00 9 168.93 .045
FA .96 1 21.25 .045
MOS .65 3 42.43 .045
EPU .48 3 30.91 .045
SNDL .03 1 0.665 .045
COF 1.87 4 168.68 .044
DAVA 1.77 4 154.13 .044
ABT 1.40 4 126.58 .044
JBL 1.39 2 62.22 .044
JKS 1.26 2 57.2 .044
ARMK .42 4 36.74 .044
AUPH 1.30 1 29.84 .043
SWI .79 1 18.34 .043
LIN 2.33 6 316.68 .042
WGO 1.39 2 66.04 .042
MMM 1.20 7 182.4 .042
PG 1.11 6 140.85 .042
PDCO .67 2 31.37 .042
SKX .66 3 46.25 .042
AMRS .60 1 14.24 .042
TBIO .53 3 37.36 .042
BBWI .53 6 70.94 .042
MRVL .51 6 67.67 .042
XLE .47 6 58.8 .042
AGNC .36 2 16.54 .042
COUR 1.39 1 33.9 .041
VIEW .21 1 5.03 .041
MA 2.96 5 360.86 .040
CI 1.83 5 215.62 .040
ADI 1.48 5 180.52 .040
INCY 1.38 2 66.75 .040
NFE 1.27 1 31.66 .040
CHPT .93 1 22.99 .040
NKE .89 8 164.22 .040
OTIS .88 4 81.86 .040
TNA .83 5 95.4 .040
SANA .82 1 20.28 .040
GIS .62 4 61.89 .040
WOOF .51 2 24.65 .040
KDMN .10 4 9.42 .040
MFGP .07 3 5.03 .039
OLLI 1.29 2 67.51 .038
OKE 1.26 2 65.87 .038
EGRX 1.01 2 51.55 .038
MO .93 2 47.95 .038
ON .92 2 46.22 .038
ACH .67 1 17.45 .038
HNST .37 1 9.5 .038
FCBP 1.08 1 29.1 .037
ADBE 4.10 6 646.97 .036
COST 3.15 6 490.1 .036
ANTM 2.99 6 434.56 .036
HCA 2.20 4 241.81 .036
EL 2.10 6 330.06 .036
DG 2.03 4 222.49 .036
ESTC 1.65 4 173.02 .036
MCD 1.62 6 237.34 .036
UHS 1.30 4 133.69 .036
HD 1.21 12 371.26 .036
TGT 1.11 9 260.35 .036
KNL .92 1 25.04 .036
ATHM .86 2 47.14 .036
LZB .64 2 34.58 .036
VIR .39 4 41.27 .036
SPWH .22 3 17.9 .036
ALAC .21 2 11.55 .036
TTM .20 6 32.2 .036
RACE 1.73 5 231.01 .035
LH 1.59 7 281.07 .035
RCUS 1.22 1 34.38 .035
UPS 1.15 7 203.9 .035
RF .86 1 24.22 .035
SRNG .41 1 11.42 .035
BLFS 1.55 1 45.28 .034
LITE 1.46 2 81.34 .034
MPC 1.19 2 68.2 .034
TGTX 1.11 1 32.13 .034
BLDR 1.03 2 60.14 .034
FENC .31 1 8.88 .034
AZO 6.70 11 1821.09 .033
XM 1.53 1 45.62 .033
AKAM 1.20 3 107.57 .033
CRM 1.06 11 293.92 .033
BP .33 3 29.71 .033
TEO .18 1 5.31 .033
SLHG .10 1 3 .033
BKNG 10.17 8 2412.98 .032
UAL 1.50 1 46.65 .032
CHGG .96 2 58.78 .032
ABBV .93 4 108.5 .032
EQT .73 1 22.51 .032
DEN .72 4 82.8 .032
ANF .67 2 39.73 .032
FLOW .63 4 78.42 .032
CL .61 4 75.14 .032
HNP .33 2 19.64 .032
D .31 8 76.5 .032
FOE .67 1 20.94 .031
ALZN .07 1 2.2 .031
BLK 6.24 5 924.74 .030
ATKR 1.43 2 93.41 .030
KHC 1.11 1 36.22 .030
PLCE .92 3 85.98 .030
OXY .05 29 35.22 .029
GOOG 3.73 28 2775.46 .028
AAP 1.82 4 230.13 .028
TTWO 1.42 4 182.99 .028
PLD 1.05 4 145.1 .028
QDEL .95 4 134.16 .028
BEKE .69 1 23.95 .028
PCVX .65 1 22.67 .028
MRK .63 4 81.66 .028
ACHV .23 1 8.1 .028
CTKB .66 1 23.73 .027
MQ .26 3 28.28 .027
VSH .18 3 19.54 .027
SWN .15 1 5.38 .027
GRUB .15 3 15.47 .027
RTX 1.21 2 91.3 .026
DD .99 2 71.93 .026
VZ .73 2 52.58 .026
TRIL .47 1 17.91 .026
UNIT .38 1 14.36 .026
COIN 1.85 5 325.54 .025
B 1.08 1 42.18 .025
AXP 1.02 5 182.31 .025
CRTO .90 1 34.92 .025
LEN .59 5 100.31 .025
STE 1.42 4 235.37 .024
SNA 1.40 4 210.16 .024
ALXN 1.24 4 182.5 .024
J 1.23 3 139.14 .024
AZPN .96 4 154.87 .024
BIG .59 2 45.88 .024
RY .51 6 106.95 .024
QCOM .47 8 131.93 .024
FAST .39 4 56.15 .024
PFE .21 6 43.15 .024
ET .06 4 9.98 .024
CNC 1.57 1 67.97 .023
OLN 1.34 1 58 .023
TSM 1.36 2 113.64 .022
NEE .95 2 84.29 .022
GM .69 2 57.76 .022
ADMS .18 1 8.05 .022
MOMO .16 2 13.41 .022
PKI 1.33 3 177.19 .021
PEP 1.25 3 159.22 .021
CLX 1.16 3 161.64 .021
HHR .45 3 60.29 .021
INTU 2.61 5 602.56 .020
STZ 1.17 4 217.69 .020
NUAN 1.13 1 55.04 .020
HRI .96 4 179.31 .020
IYC .84 2 83.19 .020
CROX .67 5 155.64 .020
UHAL 1.98 9 720.6 .018
JNJ 1.48 2 164.08 .018
IRBO .83 1 45.18 .018
XLP .43 3 71.24 .018
GPK .37 1 20.24 .018
PSTX .12 1 6.33 .018
CNA .83 1 46.19 .017
AMOM .66 1 37.51 .017
SELF .09 1 5.12 .017
STMP 1.59 4 329.61 .016
LANC 1.43 2 174.45 .016
KMX 1.24 2 139.97 .016
DUK .92 2 102.84 .016
AIT .91 2 101.93 .016
UTHR .86 4 191.34 .016
XLK .65 4 158.93 .016
HRC .48 5 154.66 .015
FRBK .05 1 3.24 .015
TNET 1.38 1 97.02 .014
CHNG .15 2 21.2 .014
ABUS .06 1 4.03 .014
CAI .78 1 55.93 .013
PAYX 1.56 1 123.18 .012
GE .40 4 105.3 .012
PTON .37 4 96.6 .012
BEST .01 3 2.25 .012
PNRG .79 1 67.6 .011
ESXB .13 1 11.71 .011
TRI .68 2 119 .010
ECHO .49 1 48.09 .010
INOV .22 2 40.78 .010
PPC .17 2 29.03 .010
SVBI .13 1 12.72 .010
GTS .33 1 35.23 .009
IEC .14 1 15.34 .009
SLVO .02 3 5.42 .009
TDG 1.87 4 636.1 .008
MSTR .94 8 746.02 .008
XLV .37 4 131.83 .008
HFBL .16 1 18.9 .008
PBT .04 2 8.14 .008
LMRK .13 1 16.4 .007
XPDI .02 7 12 .007
SYKE .14 3 54 .006
ITRN .07 3 26.41 .006
PSP .06 2 16.315 .006
CLDR .08 1 15.99 .005
SAFM .85 1 189.51 .004
VOOV .73 1 148.34 .004
SPG .16 4 146.83 .004
TAAG .09 1 20.9494 .004
KIN .02 2 9.25 .004
IACB .02 2 9.94 .004
RAVN .10 3 57.79 .003
SPY 1.31 1 455.55 .002
CXP .04 1 19.15 .002
VCAR .03 1 13.9318 .002
SIC .03 1 14.49 .002
NWHM .02 1 8.99 .002
DSE .02 1 9.49 .002
ULTA .62 1 371 .001
PMD .01 1 8.26 .001
WYNN .06 3 90.42 0
MSTR .06 118 746.02 0
ULTA .05 12 371 0
WYNN .04 4 90.42 0
BLNK .02 11 28.92 0
RTLR .01 8 11.87 0
INFL .01 2 31.77 0
DFP .01 2 28.55 0
WMPN 0 4 12.3 0
QADB 0 4 87.5 0
PAE 0 1 9.88 0
GSKY 0 1 12.21 0
EIC -.08 1 19.355 -.004
NSYS -.12 1 9.72 -.012
