SHOP 25.67 12 1064.36 .288
PANW 23.18 1 498.6 .046
DWAC 22.11 4 67.61 1.308
LULU 16.03 1 336.27 .047
MSTR 14.75 8 489.59 .240
CCMP 11.86 1 187.47 .063
RNG 11.84 1 180.54 .065
BKNG 10.17 8 2458.98 .032
SAM 9.40 7 488.98 .133
PCTY 8.94 1 200.59 .044
RMD 8.09 1 251.7 .032
SMH 7.72 3 300.54 .075
REGN 7.44 9 616.11 .108
NVAX 7.31 16 112.38 1.040
SIVB 7.01 8 711.64 .072
AMZN 6.99 94 3224.28 .188
PUBM 6.66 1 26.82 .248
ASML 6.64 24 730.08 .216
LAD 6.41 5 304.21 .105
KRYS 6.33 1 60.37 .104
BLK 6.24 5 867.58 .035
SPLK 6.20 6 120.4 .306
W 6.04 9 170.17 .315
CAR 6.00 2 191.92 .062
ADBE 5.88 13 516.9 .143
EYPT 5.86 1 9.82 .596
DPZ 5.62 11 481.4 .121
MDB 5.57 9 390.83 .126
DUOL 5.53 4 91.83 .240
DDS 5.48 11 248.32 .242
KOSS 5.35 7 9.96 3.759
EJH 5.21 6 1.09 28.674
QQQ 5.16 2 377.66 .026
AZO 5.11 12 2048.4 .024
DE 4.88 11 380.39 .132
INTU 4.61 8 552.92 .064
WBX 4.49 2 14.38 .624
GKOS 4.45 1 51.95 .085
RGEN 4.41 7 191.56 .161
EEIQ 4.33 5 2.57 8.420
SE 3.92 20 180.55 .420
CARV 3.92 6 8.18 2.874
ZM 3.91 15 162.1 .360
WOLF 3.86 1 105.14 .036
GOOG 3.73 28 2782.62 .028
ANVS 3.73 6 15.39 1.452
SI 3.69 9 136.37 .243
IRTC 3.69 1 143.12 .025
GME 3.68 83 122.48 2.490
CCXI 3.66 3 33.31 .327
SNPS 3.62 7 327.51 .077
EL 3.61 8 334.38 .080
ABNB 3.59 10 166 .210
MA 3.58 7 369.52 .063
GPN 3.54 11 149.24 .253
XMTR 3.46 1 54.29 .063
EBET 3.45 6 13.91 1.488
UNH 3.38 13 467.43 .091
U 3.37 7 116.58 .196
DQ 3.36 7 41.22 .567
SCPS 3.34 7 1.45 16.121
TOST 3.31 2 26.95 .244
GLSI 3.27 5 19.99 .815
ZG 3.19 7 55.77 .399
IAC 3.19 7 129.43 .168
ROKU 3.14 8 168.3 .144
CMTL 3.13 1 23.11 .135
NEGG 3.07 20 8.39 7.300
MRNA 3.05 41 210.17 .574
THC 3.03 2 78.63 .076
IRNT 3.02 6 3.32 5.454
UPST 2.99 19 109.25 .513
ANTM 2.99 6 446.83 .036
SITM 2.97 7 229.38 .084
LII 2.97 6 300.95 .054
BKKT 2.95 2 5.53 1.066
ZLAB 2.93 7 51.64 .392
NEWR 2.93 6 103.91 .168
IWM 2.93 6 214.01 .078
GS 2.93 9 390.8 .063
NRXP 2.89 8 4.39 5.264
LLY 2.85 12 249.67 .132
TSLA 2.82 161 1031.56 .322
ZS 2.76 10 250.47 .110
SAVA 2.73 29 45.69 1.711
JAN 2.73 6 3.72 4.398
PENN 2.65 10 45.73 .570
NVCR 2.63 10 69.72 .370
NCTY 2.63 5 5.86 2.240
DOCS 2.62 8 47.5 .440
QDEL 2.61 7 117.5 .154
OSTK 2.60 7 51.41 .350
BIGC 2.58 2 31.44 .164
WDAY 2.57 7 249.41 .070
ADGI 2.56 12 5.26 5.832
FULC 2.54 6 14.27 1.062
LSI 2.53 3 139.63 .054
INDP 2.52 5 5.07 2.485
LMT 2.51 11 365.18 .066
PWR 2.42 3 107.28 .066
AVXL 2.41 5 13.72 .875
DASH 2.39 11 131.78 .198
PEAR 2.37 1 4.52 .524
ENPH 2.35 9 143.49 .144
COST 2.35 14 516.88 .056
CPOP 2.34 5 1.77 6.610
ISIG 2.30 3 22.45 .306
CFLT 2.29 2 62.95 .072
SPY 2.27 4 464.53 .016
FLGT 2.27 6 81.34 .162
STE 2.26 5 234.85 .045
GRTS 2.25 7 6.3 2.499
BHVN 2.25 6 122.74 .108
AXON 2.25 1 143.65 .015
KMX 2.23 4 117.47 .072
SPB 2.21 1 100.86 .021
NUE 2.21 2 112.72 .038
ITCI 2.20 1 40.97 .053
HCA 2.20 4 254.41 .032
TPST 2.19 5 4.2 2.605
AMGN 2.19 6 230.85 .054
PKG 2.17 5 137.15 .075
CHGG 2.17 3 29.19 .222
PKI 2.16 4 179.53 .048
PDD 2.15 5 57.62 .185
LGVN 2.15 6 8.81 1.464
KEYS 2.15 5 186.61 .055
SEDG 2.14 9 260.43 .072
PYPL 2.14 9 181.01 .099
DLPN 2.14 5 6.86 1.555
CI 2.12 6 240.55 .048
ACRS 2.12 7 10.87 1.365
SNOW 2.11 12 291.76 .084
APPS 2.11 7 49.94 .294
HRI 2.10 5 168.53 .060
DG 2.10 7 223.06 .063
AUVI 2.10 10 2.09 10.040
ALEC 2.10 6 17.07 .738
TSP 2.05 7 25.53 .560
AMEH 2.05 9 61.04 .297
ADSK 2.04 7 260.17 .049
BYND 2.00 6 70.83 .168
UHAL 1.98 9 689.1 .018
XAIR 1.97 1 8.23 .239
WSM 1.97 6 148.74 .078
AAME 1.97 5 2.7165 3.625
RNXT 1.96 4 4.12 1.900
CELH 1.96 7 50.24 .273
COHN 1.95 5 15.06 .645
BNTX 1.93 32 202.99 .288
ACIU 1.91 2 4.77 .800
LCID 1.90 13 41.41 .585
DOCN 1.90 11 65.42 .319
DLTR 1.90 9 134.13 .126
SNA 1.89 5 220.46 .040
RL 1.89 8 117.37 .128
MSGE 1.88 4 71.29 .104
CAT 1.88 10 227 .080
BIDU 1.88 118 152.51 1.416
AFRM 1.88 18 72.13 .468
TDG 1.87 4 650.6 .008
COF 1.87 4 161.37 .044
VLO 1.86 4 83.36 .088
DIS 1.86 9 155.44 .099
TSRI 1.84 1 11.17 .164
ACMR 1.83 5 83.57 .105
MRIN 1.81 6 3.57 3.042
KNBE 1.80 7 20.56 .609
ROLL 1.78 7 202.33 .056
MYNZ 1.78 1 16.44 .108
CERE 1.78 7 27.04 .455
VRPX 1.77 9 2.9 5.490
RAPT 1.77 7 29.49 .420
DAVA 1.77 4 129.15 .052
XBI 1.75 6 98.1 .102
TASK 1.74 7 42 .287
LWAC 1.73 5 16.98 .505
WAVE 1.72 5 5.37 1.600
LIN 1.72 9 333.41 .045
LAIX 1.72 4 0.5407 12.724
IMPL 1.70 5 7.68 1.105
NNOX 1.69 5 12.14 .695
KYMR 1.69 2 42.68 .078
SQ 1.68 24 136.95 .288
PAYX 1.68 4 126.63 .052
BURL 1.68 8 239.17 .056
ROG 1.67 1 273.22 .006
AN 1.67 8 111.61 .112
NMRD 1.66 4 4.65 1.424
VVOS 1.65 6 1.915 5.166
TMUS 1.65 10 110.12 .140
NVOS 1.65 5 1.3952 5.910
CREE 1.64 5 79.12 .100
AMAT 1.64 9 157.18 .090
TRI 1.63 4 110.82 .056
JZXN 1.63 4 1.43 4.556
NVTS 1.62 2 11.63 .278
GRU 1.62 1 4.625 .350
EVA 1.62 2 74.29 .042
CLDX 1.61 3 30.12 .159
PLCE 1.60 4 74.13 .084
MOLN 1.60 2 28.3 .112
STMP 1.59 4 329.61 .016
LH 1.59 9 277.81 .045
TMX 1.58 3 43.51 .108
LHDX 1.58 4 7.11 .888
XLNX 1.57 16 191.33 .128
WYNN 1.57 5 84.23 .090
TTWO 1.57 7 154.83 .070
RLMD 1.57 4 18.73 .332
GH 1.57 8 78.8 .152
CARA 1.57 2 11.65 .268
DPW 1.56 5 1.6 4.875
AMD 1.56 31 132.74 .341
UTHR 1.55 5 208 .035
TSC 1.55 1 32.25 .048
SPG 1.55 8 162.99 .072
IRDM 1.55 4 37.71 .164
CRNC 1.55 4 75.45 .080
BLFS 1.55 1 30.6 .050
CPE 1.54 7 53.31 .196
CHCI 1.54 3 4.66 .990
TERN 1.53 4 5.82 1.048
SIEB 1.53 5 2.11 3.625
DLO 1.53 5 31.09 .245
TSCO 1.52 9 230.79 .054
MRAM 1.52 3 9.79 .465
FISV 1.52 7 108.94 .091
SNOA 1.51 4 4.64 1.300
WAFU 1.50 4 3.51 1.708
BTCS 1.50 1 6.88 .218
RBLX 1.49 16 80.18 .288
KTTA 1.49 1 1.39 1.071
CNC 1.49 5 79.88 .090
BCYC 1.49 3 48.8 .090
AACG 1.49 7 1.86 5.607
ZIM 1.48 11 63.63 .253
STT 1.48 3 103.44 .042
ADI 1.48 5 169.78 .040
VRTX 1.47 2 226.58 .012
NURO 1.47 11 4.79 3.366
FGEN 1.47 3 14 .315
EDIT 1.47 3 21.87 .201
VCVC 1.46 1 9.85 .148
JKS 1.46 6 45.27 .192
HTBX 1.46 2 3.09 .944
DPST 1.46 4 65.87 .088
AAP 1.46 6 241.32 .036
SBEA 1.45 2 10.04 .288
KMB 1.45 10 142.89 .100
EYEG 1.45 1 1.95 .743
COIN 1.45 11 228.23 .066
BTBT 1.45 10 5.74 2.520
BBY 1.45 7 102.6 .098
KALV 1.44 8 11.98 .960
FATE 1.44 4 42.2 .136
LANC 1.43 2 165.69 .016
CRM 1.43 15 228.63 .090
TTC 1.42 5 99.05 .070
IMNM 1.42 4 11.05 .512
RMBL 1.41 3 38.09 .111
HOOD 1.41 14 15.3 1.288
TWTR 1.40 6 38.7 .216
JCS 1.40 3 2.28 1.842
HX 1.40 6 2.24 3.750
HON 1.40 8 219.43 .048
ESTC 1.40 9 97.87 .126
VERY 1.39 4 6.95 .800
FANG 1.39 8 124.08 .088
EOSE 1.39 2 5.91 .470
APP 1.39 11 79.55 .187
TNET 1.38 1 87.15 .015
EXPI 1.38 6 29.48 .276
BLDR 1.38 7 80.58 .119
TWST 1.37 7 59.41 .161
LIVE 1.37 3 28.98 .141
ECOM 1.37 1 22.05 .062
V 1.35 12 215 .072
TAOP 1.35 3 1.66 2.439
NXPI 1.35 8 221.86 .048
EA 1.35 5 130.84 .050
WNW 1.34 1 2.18 .614
J 1.33 4 134.18 .036
GRVY 1.33 7 65.65 .140
FIGS 1.33 6 23.99 .330
CVS 1.33 5 105.34 .060
COUR 1.32 2 22.57 .116
VIH 1.31 1 9.36 .139
TJX 1.31 6 72.61 .108
ROST 1.31 6 104.73 .072
KSS 1.31 11 48.71 .286
BFRI 1.31 6 5.04 1.554
ABCL 1.31 1 10.86 .120
A 1.31 10 145.17 .090
UHS 1.30 4 133.05 .036
LITE 1.30 3 105.32 .036
JG 1.30 3 0.9517 4.095
GWRE 1.30 5 103.7 .060
BNR 1.30 3 9.19 .423
OLLI 1.29 2 47.22 .054
JPM 1.29 14 168.23 .098
ATAI 1.29 2 6.22 .414
APPN 1.29 4 54.82 .092
FRD 1.28 1 11.83 .108
BILI 1.28 23 37.24 .782
YETI 1.27 4 72.83 .068
RHE 1.27 2 3.64 .696
NFE 1.27 1 23.66 .053
HJLI 1.27 1 10.38 .122
APXT 1.27 1 12.11 .104
DOMO 1.26 4 44.29 .112
DELL 1.26 9 60.17 .180
THCB 1.25 1 10 .125
SPT 1.25 6 67.23 .108
OPAD 1.25 4 4.6 1.084
NGM 1.25 2 15.86 .156
CHKP 1.25 6 119.37 .060
BYSI 1.25 5 3.8 1.640
SJ 1.24 4 5.95 .832
RSKD 1.24 2 6.6 .374
PBTS 1.24 1 0.446 2.780
LPX 1.24 3 77.9 .045
LEDS 1.24 3 3.99 .930
EDSA 1.24 1 5.2 .238
CMMB 1.24 2 6.89 .358
BNTC 1.24 3 2.6889 1.383
ANPC 1.24 2 1.205 2.058
ALXN 1.24 4 182.5 .024
XLK 1.23 12 164.37 .084
TAP 1.23 2 50.28 .048
NVDA 1.23 167 265.75 .668
LAW 1.23 3 29.66 .123
HOG 1.23 5 38.32 .160
ANET 1.23 1 131.2 .009
RCUS 1.22 1 36.4 .033
LYFT 1.22 6 42.6 .168
EYES 1.22 6 1.53 4.782
DDL 1.22 2 10.13 .240
BZ 1.22 3 30.33 .120
PFGC 1.21 3 48.62 .072
OSAT 1.21 3 3.875 .936
LYEL 1.21 3 6.12 .591
HGEN 1.21 3 2.79 1.299
EAT 1.21 3 38.01 .093
ARAV 1.21 1 2.47 .489
AKAM 1.21 5 112.91 .050
WHLM 1.20 4 5.14 .932
MMM 1.20 7 181.02 .042
MARA 1.20 21 28.1 .882
CRIS 1.20 2 3.43 .698
CLX 1.20 5 182.97 .030
CETX 1.20 1 0.8694 1.380
AMTX 1.20 3 10.94 .327
TVTX 1.19 3 25.89 .135
SGOC 1.19 9 6.2 1.719
DKS 1.19 20 113.8 .200
MQ 1.18 7 14.48 .567
DFH 1.18 1 19.55 .060
BIIB 1.18 9 236.67 .036
AMC 1.18 61 20.66 3.477
ZEV 1.17 4 6.41 .728
VMW 1.17 9 123.4 .081
TSM 1.17 6 139.19 .048
TDC 1.17 5 43.46 .130
STZ 1.17 4 247.03 .016
SKT 1.17 3 19.65 .177
MVIS 1.17 5 3.87 1.510
VOXX 1.16 3 10.16 .342
SIF 1.16 1 6.89 .168
NTAP 1.16 4 95.48 .048
LAZR 1.16 5 15.77 .365
WGO 1.15 3 74.35 .045
RACE 1.15 15 251.01 .060
QCOM 1.14 16 183.89 .096
HCWB 1.14 2 2.31 .986
AVIR 1.14 3 7.3 .468
VNET 1.13 3 8.99 .375
VIR 1.13 8 37.65 .240
STG 1.13 1 6.16 .183
CAH 1.13 6 52.24 .126
BTX 1.13 2 3.38 .668
TGT 1.12 16 225.83 .064
ARDS 1.12 1 1.45 .772
SHEN 1.11 3 24.62 .135
SEMR 1.11 3 18.24 .180
PMCB 1.11 3 2.34 1.422
CTRN 1.11 5 61.96 .085
CNET 1.11 1 0.92 1.206
ALLO 1.11 2 11.96 .184
XM 1.10 3 27.95 .117
OPTT 1.10 1 1.32 .833
MRUS 1.10 3 27.63 .117
JRVR 1.10 3 29.08 .111
IMMX 1.10 2 5.83 .376
XTLB 1.09 2 2.89 .754
SKX 1.09 4 44.31 .096
HHR 1.09 12 46.68 .276
FOSL 1.09 2 10.61 .204
ALDX 1.09 2 3.66 .594
SPCE 1.08 25 10.03 2.675
SFIX 1.08 3 16.94 .189
MTSL 1.08 3 3.37 .960
FCBP 1.08 1 29.1 .037
B 1.08 1 48.12 .022
AZYO 1.08 1 6.34 .170
ALF 1.08 2 1.89 1.142
ABSI 1.08 3 6.74 .480
SMLP 1.07 2 24.11 .088
HALO 1.07 2 35.51 .060
AXP 1.07 6 173.29 .036
ATKR 1.07 4 104.91 .040
VYGR 1.06 2 2.85 .742
IBM 1.06 11 134.76 .077
C 1.06 5 67.78 .075
XLY 1.05 7 197.44 .035
SCR 1.05 5 35.58 .145
PTGX 1.05 3 34.75 .090
MNST 1.05 4 94.37 .044
CELC 1.05 3 11.67 .267
RUN 1.04 6 32.76 .186
PRTA 1.04 9 37.24 .243
OCGN 1.04 12 4.02 3.096
NETE 1.04 2 13.09 .158
LOW 1.04 13 250.7 .052
KURA 1.04 4 13 .320
IPA 1.04 2 6.49 .320
FSTX 1.04 1 4.37 .237
AUPH 1.04 10 18.75 .550
TSN 1.03 5 93.21 .055
KMPH 1.03 3 8.15 .378
MFNC 1.02 2 21.5 .094
INMD 1.02 6 52.62 .114
GIII 1.02 5 27.47 .185
ZCMD 1.01 1 1.82 .554
SCHW 1.01 6 93.38 .060
MOXC 1.01 6 2.76 2.190
LL 1.01 1 16.92 .059
FUBO 1.01 3 13.6 .222
EGRX 1.01 2 47.74 .042
PINS 1.00 4 32.97 .120
OMER 1.00 1 5.8 .172
HGSH 1.00 3 2.1 1.428
UAL .99 3 48.17 .060
DNA .99 2 6.14 .322
DKNG .99 6 24.24 .240
CM .99 9 130.78 .063
ARVN .99 9 65.04 .135
ACY .99 19 9.33 2.014
TRCH .98 2 4.95 .394
NFLX .98 104 519.2 .104
MYGN .98 2 26.48 .074
MCD .98 8 261.41 .024
MBOT .98 2 6.33 .308
JWN .98 4 23.45 .164
IMTX .98 4 11.82 .328
HOFV .98 2 1.49 1.314
SAFM .97 2 188.57 .010
RRGB .96 2 16.54 .116
JNJ .96 7 168.76 .035
IMAB .96 6 35.42 .162
FA .96 1 17.93 .053
BRLT .96 4 13.93 .272
AZPN .96 4 150.71 .024
SUPN .95 2 29.2 .064
BTWN .95 1 9.82 .096
BPTH .95 2 3.84 .494
AGRI .95 5 1.87 2.540
HAS .94 6 102.02 .054
ENOB .94 5 5.82 .805
UPS .93 9 210.47 .036
TGTX .93 3 15.41 .180
NIU .93 4 14.71 .252
LIFE .93 4 6.69 .556
PLUG .92 9 23.91 .342
OKE .92 3 61.65 .042
LBPH .92 1 4.43 .207
KNL .92 1 25.04 .036
YEXT .91 1 8.95 .101
SSY .91 3 1.47 1.857
OTIS .91 5 85.76 .050
HD .91 22 386.98 .044
BIG .91 3 43.59 .060
AIT .91 2 100.87 .018
VSCO .90 7 56.64 .105
OVV .90 5 38.73 .115
GEG .90 1 2.15 .418
DXC .90 3 34.09 .078
CRTO .90 1 36.38 .024
SPI .89 4 3.39 1.048
BKE .89 6 37.63 .138
ACHL .89 1 4.05 .219
TTD .88 18 75.76 .198
RTX .88 3 91.56 .027
GMBL .88 2 3.18 .552
USB .87 6 63.19 .078
GDEV .87 3 8.27 .315
DTSS .87 1 1.29 .674
TTCF .86 2 14.11 .120
MDT .86 10 108.78 .070
KODK .86 2 4.5 .382
GE .86 6 102.46 .048
APT .86 2 6.07 .282
WMT .85 20 145.47 .100
VMEO .85 2 15.15 .112
SRNE .85 1 4.33 .196
STX .84 10 110.84 .070
PTIX .84 2 1.36 1.234
NLS .84 2 5.76 .290
MO .84 4 50.31 .064
ISPC .84 8 6.95 .960
HOL .84 3 12.35 .204
FL .84 5 43.24 .095
CLII .84 3 14.36 .174
APOP .84 5 13.17 .315
TNA .83 5 74.96 .055
ROIV .83 1 7.58 .109
MAXR .83 4 29.77 .108
LEGN .83 7 43.24 .133
IRBO .83 1 38.76 .021
CNA .83 1 47.09 .017
BLUW .83 2 9.63 .172
AEO .83 4 23.95 .136
SONO .82 6 29.48 .162
SANA .82 1 11.52 .071
MNSO .82 1 9.55 .085
FITB .82 3 49.54 .048
BGFV .82 11 19.9 .451
SPRT .81 20 11.8 1.360
MBRX .81 2 1.72 .940
GDYN .81 2 31.35 .050
BABA .81 100 131.37 .600
ATVI .81 5 64.17 .060
SYPR .80 4 2.32 1.376
NKE .80 11 149.59 .055
GTEC .80 4 5.94 .536
DD .80 4 84.01 .036
CYTK .80 6 32.88 .144
BZUN .80 2 13.2 .120
ASAN .80 16 61.6 .192
SWI .79 1 13.96 .056
PNRG .79 1 73.98 .010
LUV .79 8 45.79 .136
ERYP .79 4 2.27 1.392
BBBY .79 17 15.1 .884
ZY .78 3 5.63 .414
PTON .78 6 32.15 .144
IPHA .78 4 4.65 .668
GNOG .78 1 8.79 .088
CAI .78 1 56 .013
QFIN .77 9 19.55 .351
PLTR .77 2 16.01 .096
OLB .77 3 2.07 1.113
FUV .77 2 7.28 .210
ENTX .77 2 2.75 .560
ALYA .77 4 2.53 1.216
VLDR .76 2 4.18 .362
NBRV .76 1 0.529 1.436
MOS .76 5 41.61 .090
GROM .76 2 1.8 .844
ABT .76 12 129.65 .060
JBL .75 6 69.96 .060
FLWS .75 4 25.4 .116
SCKT .74 4 4.08 .724
MS .74 10 102.55 .070
MNOV .74 3 2.59 .855
LOGI .74 8 82.51 .064
JD .74 13 71.44 .130
GTIM .74 1 4.51 .164
GRVI .74 3 4.56 .486
EVOL .74 2 2.28 .648
BB .74 12 8.94 .984
ATXI .74 1 0.8823 .838
ABBV .74 8 133.52 .040
UPC .73 3 1.64 1.335
SQBG .73 2 6.24 .232
RIOT .73 6 20.15 .216
OPNT .73 4 29.19 .100
NVFY .73 3 1.73 1.263
LI .73 7 30.77 .161
GM .73 5 61.77 .055
COP .73 10 83.62 .080
RMED .72 6 1.41 3.060
RETO .72 2 1.48 .972
DEN .72 4 76.6 .036
CRMT .72 9 99.34 .063
BTCM .72 4 5.18 .552
BBLG .72 3 3.36 .642
ARPO .72 1 2.2 .327
ZKIN .71 2 1.71 .830
UBER .71 6 42.87 .096
RFL .71 5 4.91 .720
PALI .71 3 1.33 1.599
DAL .71 7 41.47 .119
BJ .71 8 64.88 .080
TBLA .70 1 9.85 .071
ORGS .70 1 2.31 .303
OCX .70 1 1.87 .374
IGIC .70 3 7.95 .264
DDD .70 12 19.58 .420
CRCT .70 4 22.1 .124
VRNT .69 5 53.26 .060
SLS .69 4 5.28 .520
FTEK .69 3 1.32 1.566
ASM .69 1 0.782 .882
APRE .69 3 2.57 .804
STEM .68 6 15.07 .270
SOFI .68 8 13.09 .408
RIDE .68 7 3.09 1.540
ONCS .68 1 0.9802 .693
CGC .68 3 8.41 .240
XONE .67 2 26.7 .050
SKLZ .67 4 6.02 .444
PPSI .67 9 7.92 .756
PLD .67 5 153.15 .020
NPTN .67 1 15.14 .044
JRJC .67 3 6.47 .309
FTCH .67 6 26.65 .150
CLNE .67 1 6.04 .110
ACH .67 1 14.85 .045
VIPS .66 1 9.1 .072
PEP .66 7 174.18 .021
GLD .66 13 170.16 .039
CTKB .66 1 13.74 .048
ATNF .66 4 2.97 .888
AMOM .66 1 32.0735 .020
TATT .65 3 6.2589 .309
STRO .65 2 10.5 .122
NEE .65 6 84.9 .042
MESO .65 2 4.69 .276
LMNL .65 3 1.1 1.770
IONQ .65 7 12.98 .350
FB .65 108 326.48 .108
SLGG .64 2 2.21 .578
SDC .64 2 1.97 .648
LZB .64 2 36.73 .034
DVAX .64 2 13.06 .098
LEXX .63 4 4.41 .568
FLOW .63 4 85.84 .028
CANF .63 2 1.31 .960
ARCE .63 3 19.9 .093
ULTA .62 1 378.15 .001
TQQQ .62 145 70.8 1.160
LJPC .62 2 4.75 .260
ISEE .62 4 12.98 .188
HCM .62 6 31.5 .114
CUE .62 1 9.77 .063
BON .62 3 3.4 .546
BLPH .62 1 2.93 .211
BCRX .62 12 16.15 .456
ASTR .62 5 5.48 .565
AREC .62 5 2.17 1.425
APG .62 2 24.7 .050
WM .61 11 157.45 .033
VGR .61 1 11.65 .052
VALN .61 7 37.67 .112
SOS .61 2 0.8412 1.450
PG .61 12 158.29 .036
MVST .61 6 5.07 .720
ENSC .61 4 3.45 .704
AMBO .61 1 0.8943 .682
PSTV .60 1 0.99 .606
KZR .60 3 13.32 .135
EVK .60 6 2.4525 1.464
CEMI .60 8 1.1 4.360
AYRO .60 2 1.47 .816
AMRS .60 1 4.99 .120
AA .60 14 60.51 .126
SPTN .59 4 25.5 .092
IS .59 2 6.65 .176
YMM .58 2 9.02 .128
WPRT .58 2 2.14 .542
WISH .58 3 2.53 .687
STAF .58 2 0.9299 1.246
M .58 17 26.84 .357
IFRX .58 3 4.09 .423
ICCM .58 1 2.72 .213
CSIQ .58 4 27.76 .080
BRTX .58 1 4.11 .141
ALC .58 12 78.12 .084
WEI .57 1 0.73 .780
SNAP .57 113 38.38 1.582
SBTX .57 1 4.8 .118
PRFX .57 4 1.41 1.616
ORPH .57 4 2.38 .956
LAC .57 15 30.02 .270
EZFL .57 1 1.35 .422
CLPS .57 1 2.1 .271
CLPS .57 1 2.1 .271
VTSI .56 4 6.86 .324
UAA .56 4 19.3 .116
SJM .56 15 143 .045
RY .56 8 116.26 .032
OLN .56 3 54.82 .030
OBLN .56 3 3.05 .549
MTP .56 1 1.1335 .494
LODE .56 3 1.52 1.104
EAR .56 1 5.46 .102
CYAD .56 1 3.99 .140
BFLY .56 2 6.8 .164
VNE .55 6 35.66 .090
RSI .55 2 12.49 .088
MOSY .55 2 4.5 .244
MAT .55 7 22.82 .168
LOOP .55 5 9.16 .300
K .55 11 66.84 .088
FLXN .55 1 9.12 .060
EOLS .55 1 5.44 .101
WHLR .54 2 1.67 .646
VOOV .54 2 153.46 .006
MPC .54 4 73.12 .028
INTC .54 7 54.94 .063
GPS .54 7 18.43 .203
ENZ .54 2 3.25 .332
CALT .54 4 23.47 .092
ADMA .54 1 1.3 .415
TBIO .53 3 37.36 .042
NIO .53 77 30.48 1.309
MEDS .53 5 2.24 1.180
HUYA .53 4 6.99 .300
HPQ .53 6 38.7 .078
HMHC .53 3 15.46 .102
EQ .53 1 3.76 .140
CHPT .53 4 14.79 .140
BBWI .53 6 57.36 .054
SILK .52 7 37.06 .098
ANF .52 3 33.92 .045
WFC .51 7 56 .063
RCON .51 2 1.15 .886
OCUP .51 2 3.55 .286
MU .51 12 95.62 .060
MSFT .51 119 304.8 .119
LEN .51 9 108.54 .036
GFAI .51 2 1.06 .962
DYAI .51 3 3.87 .393
CPSH .51 1 3.5 .145
CCJ .51 16 22.99 .352
BLU .51 3 6 .255
TIGR .50 8 4.38 .912
PSTG .50 5 28.27 .085
PATI .50 2 8.12 .122
MDIA .50 3 5.93 .252
CROX .50 13 125.87 .039
CBAT .50 3 1.28 1.170
RKDA .49 1 1.06 .462
NTRB .49 4 6.09 .320
NRBO .49 2 1.31 .748
IGC .49 3 1 1.470
GP .49 3 7.03 .207
GEVO .49 4 4.05 .480
ENLV .49 2 5.78 .168
ECHO .49 1 48.24 .010
ATHM .49 3 35.81 .039
ARMP .49 1 5.8276 .084
NNDM .48 3 3.62 .396
KIRK .48 3 16.68 .084
EPU .48 3 33.32 .042
TRIL .47 1 18.44 .025
TLRY .47 4 6.87 .272
SPRB .47 3 3.37 .417
SOHU .47 6 16.97 .162
RELI .47 7 7.93 .413
EXPR .47 5 3.26 .720
DRN .47 12 26.21 .204
DARE .47 1 1.56 .301
BODY .47 2 1.93 .486
BAC .47 6 48.76 .054
AMKR .47 3 23.97 .057
XPEV .46 84 47.52 .756
UFAB .46 2 2.0297 .452
SYTA .46 5 1.49 1.540
SM .46 5 34.74 .065
PCVX .46 2 19.91 .046
NTEC .46 4 9.63 .188
MARK .46 4 0.8641 2.128
KO .46 9 60.9 .063
KBSF .46 2 3.05 .300
GURE .46 1 4.18 .110
EQOS .46 1 2.09 .220
DUK .46 11 104.15 .044
CVV .46 2 5.16 .178
VERU .45 4 5.89 .304
TYME .45 4 0.5936 3.032
TME .45 1 6.93 .064
ONCT .45 2 2.04 .440
NXGL .45 1 2.77 .162
EVGO .45 8 8.81 .408
CSCO .45 12 61.5 .084
CRDF .45 3 6.82 .195
CCL .45 5 22.9 .095
ADIL .45 2 2.525 .356
WORX .44 4 1.31 1.340
STN .44 3 54.72 .024
NNVC .44 3 2.95 .447
MTTR .44 15 14.12 .465
MRVL .44 10 78.65 .050
LESL .44 2 22.08 .038
GALT .44 3 2.03 .648
FFHL .44 2 8.05 .108
DWSN .44 2 2.34 .376
DNUT .44 10 16.74 .260
WOOF .43 3 18.84 .066
PFE .43 19 55.54 .133
HOLI .43 1 14.15 .030
GAME .43 1 3.25 .132
EVGN .43 1 1.52 .282
CAN .43 4 5.1 .336
ATIF .43 1 4.07 .105
HRC .42 6 155.96 .012
DTST .42 6 3.25 .774
CTSO .42 4 3.58 .468
BWAY .42 3 7.41 .168
ARMK .42 4 36.69 .044
SRNG .41 1 11.42 .035
SLB .41 6 36.17 .066
RKT .41 2 13.86 .058
PDCO .41 4 28.42 .056
KZIA .41 2 7.92 .102
HNST .41 3 6.83 .180
GTT .41 1 2.36 .173
BLIN .41 8 2.11 1.552
BEKE .41 3 21.09 .057
AUUD .41 7 1.81 1.582
ACOR .41 4 2.22 .736
YJ .40 2 0.62 1.290
XLF .40 3 41.26 .027
LIZI .40 4 1.56 1.024
GRTX .40 4 3.27 .488
FCX .40 26 44.33 .234
FBRX .40 1 1.66 .240
DUOT .40 1 5.6 .071
CTIB .40 5 1.2 1.665
CHRA .40 1 5.71 .070
IYC .39 4 80.64 .016
EQT .39 3 23.51 .048
CSCW .39 2 0.4793 1.626
CRTD .39 7 2.025 1.344
BDTX .39 1 4.3 .090
AQMS .39 3 1.06 1.101
XOM .38 10 70.63 .050
SBH .38 3 18.21 .060
RDUS .38 1 6.45 .058
OVID .38 2 3.19 .238
OTLK .38 2 1.3 .584
MRTN .38 3 16.58 .066
GPK .38 2 19.75 .038
ANIX .38 1 3.42 .111
VTNR .37 10 5.04 .730
UONE .37 7 5.2 .497
MRK .37 12 81.32 .048
HUGE .37 1 1.05 .352
GT .37 6 23.45 .090
CHMA .37 2 3.76 .196
UAVS .36 3 1.4 .771
MRKR .36 1 0.8 .450
MITQ .36 1 1.79 .201
JFIN .36 2 2.25 .320
IDEX .36 4 1.12 1.284
GOVX .36 7 3.13 .805
GNLN .36 2 0.9072 .792
CLF .36 14 22.21 .224
BNGO .36 12 2.54 1.692
AKTX .36 1 1.4702 .244
ADMP .36 1 0.6336 .568
ACB .36 3 5.54 .192
VXX .35 4 18.74 .072
ORMP .35 19 10.95 .589
ORGO .35 2 8.22 .084
ON .35 12 64.64 .060
LMFA .35 5 4.26 .410
KHC .35 6 37.65 .054
CLSD .35 3 2.23 .468
CIFR .35 3 3.4 .306
BSQR .35 13 1.615 2.808
AESE .35 1 1.9 .184
XELB .34 2 1.16 .586
TRIT .34 5 2.21 .765
SSNT .34 2 4.33 .156
NKLA .34 18 10.2 .594
HWCC .34 1 5.3 .064
CYTH .34 1 4.5 .075
NUAN .33 3 55.35 .015
ME .33 7 5.41 .420
LICY .33 2 9.55 .068
IMMR .33 6 5.25 .372
HNP .33 2 21.36 .030
GTS .33 1 35.59 .009
EPAY .33 4 56.42 .020
CIEN .33 21 72.17 .084
BHTG .33 1 0.837 .394
WATT .32 2 1.19 .536
TAL .32 2 3.28 .194
SPCB .32 2 0.5156 1.240
SGBX .32 3 1.88 .510
PRPL .32 6 11.13 .168
PHUN .32 17 2.79 1.938
MINM .32 2 1.44 .444
FOE .32 2 21.66 .028
CORT .32 2 18.55 .034
CL .32 9 82.54 .027
AAPL .32 112 172.19 .112
AAL .32 9 19.34 .144
WINT .31 3 1.46 .636
VZ .31 4 53.52 .020
ULBI .31 2 5.79 .106
SCYX .31 4 5.47 .224
DMAC .31 2 3.4 .182
DBGI .31 6 1.75 1.062
AEY .31 1 1.4 .221
TESS .30 3 6.5 .138
OXBR .30 5 5.14 .290
MT .30 4 37.28 .032
LGHL .30 4 1.33 .900
LC .30 13 24.43 .156
HAPP .30 1 0.56 .535
ENG .30 3 1.11 .810
CLSK .30 1 8.17 .036
BRG .30 3 26.53 .033
BBIG .30 21 3.53 1.764
AUTL .30 3 4.38 .204
ACI .30 14 30.98 .126
NEXT .29 4 2.48 .464
HUSN .29 4 2.7 .428
EFOI .29 4 2.34 .492
ALTO .29 5 5.13 .280
AFMD .29 3 4.41 .195
RF .28 3 25.03 .033
ORCL .28 37 87.79 .111
MITO .28 1 0.8653 .323
KR .28 20 49.48 .100
FLO .28 6 28.27 .054
CLOV .28 2 3.07 .182
APTO .28 4 1.35 .828
XLV .27 9 134.3 .018
WIMI .27 4 2.7 .400
RSLS .27 4 1.51 .712
NAOV .27 11 1 2.970
MGTX .27 1 18.91 .014
INCY .27 5 73.65 .015
GSM .27 7 5.64 .329
FENC .27 2 4.68 .114
ENVB .27 3 0.7485 1.080
VIVE .26 2 1.14 .456
PPBT .26 1 4.05 .064
PME .26 1 0.61 .426
JQUA .26 1 43.77 .005
GIS .26 14 68.9 .042
AXLA .26 2 1.88 .276
VCLO .25 1 12.96 .019
SPWH .25 4 11.08 .088
PBLA .25 1 1.68 .148
HITI .25 1 4.5 .055
AVCT .25 6 1.8 .828
RAIL .24 4 3.76 .252
PLG .24 3 1.67 .429
MOGO .24 4 2.78 .344
IKT .24 1 1.6 .150
GBR .24 1 2.49 .096
CPIX .24 4 3.92 .244
CONE .24 3 89.36 .006
UWMC .23 4 5.93 .152
PIRS .23 7 3.37 .476
NXE .23 2 4.64 .098
IMRN .23 1 3.52 .065
HRL .23 9 49.51 .036
ERJ .23 16 16.02 .224
BCLI .23 2 3.43 .134
AZN .23 17 58.1 .051
XLE .22 11 63.03 .033
THTX .22 1 2.89 .076
SSKN .22 1 1.5 .146
SLV .22 7 21.33 .070
PBR .22 12 12.3 .204
JFU .22 3 1.1 .600
INOV .22 2 41.06 .010
FFIE .22 2 5.32 .082
DYNT .22 5 0.99 1.110
BIOC .22 4 3.4 .256
ABUS .22 8 3.22 .544
VBLT .21 3 1.635 .384
TENX .21 1 0.7911 .265
ATOS .21 5 1.41 .740
ALZN .21 3 1.84 .342
ALAC .21 2 11.74 .034
ERF .20 5 11.33 .085
ENSV .20 1 0.8274 .241
ANY .20 21 2.66 1.575
AEHR .20 34 13.67 .476
NBEV .19 1 0.8586 .221
MOMO .19 3 9.2 .060
FLGC .19 6 1.66 .684
COTY .19 8 9.29 .160
BKYI .19 2 2.29 .164
BGI .19 3 4.81 .117
VSH .18 3 21.64 .024
IRIX .18 4 5.92 .120
GNFT .18 7 4.85 .259
FCEL .18 131 4.87 4.716
CSPR .18 2 6.18 .058
BLNK .18 14 22.92 .098
TISI .17 1 0.8722 .194
PPC .17 2 27.99 .012
PETZ .17 4 0.598 1.136
LIVX .17 2 3.07 .110
KXIN .17 6 1.06 .960
GMTX .17 2 2.05 .164
AGNC .17 5 15.41 .055
SNES .16 2 1.01 .316
OCG .16 4 5.17 .120
INFI .16 4 1.41 .452
IMMP .16 7 3.255 .343
HFBL .16 1 20.4 .007
GGAL .16 4 9.52 .064
ZNGA .15 4 9.06 .064
XLP .15 14 76.89 .014
VRS .15 2 26.83 .010
IMV .15 2 1.22 .244
HIPO .15 3 2.49 .180
GSKY .15 2 11.65 .024
GRUB .15 3 10.91 .039
CREX .15 1 1.33 .112
CHNG .15 2 20.73 .014
XERS .14 1 2.26 .061
SYKE .14 3 54 .006
OEG .14 1 2.02 .069
NXTP .14 1 0.6774 .206
INM .14 1 1.24 .112
IEC .14 1 15.34 .009
EDU .14 1 1.79 .078
VIEW .13 2 3.15 .082
SVBI .13 1 13.63 .009
SALM .13 5 3.34 .190
OSMT .13 4 1.13 .460
GENE .13 3 1.8699 .207
VERB .12 8 1.28 .744
SBBP .12 2 2 .120
PSTX .12 1 5.46 .021
LTHM .12 19 24.52 .076
HDGE .12 3 24.51 .012
GSAT .12 2 1.01 .236
CRON .12 5 3.9 .150
CHNR .12 4 0.99 .484
BP .12 8 31.22 .024
AHPI .12 3 4.64 .075
UNIT .11 3 12.6 .024
TELL .11 9 3.08 .315
T .11 7 26.8 .028
SNMP .11 2 0.451901 .486
MRO .11 19 18.57 .095
MOHO .11 3 0.3621 .909
GBS .11 1 1.54 .071
FENG .11 2 0.83 .264
FAST .11 6 60.75 .006
ET .11 6 9.44 .066
EKSO .11 2 2.54 .086
CALA .11 1 0.5469 .201
ACHV .11 2 8.25 .026
TTM .10 15 34 .030
SLHG .10 1 1.04 .096
RAVN .10 3 58.08 .003
OBSV .10 6 1.89 .312
KDMN .10 4 9.5 .040
EDTK .10 2 1.1 .180
D .10 12 79.75 .012
CNFR .10 2 2.46 .080
CDEV .10 6 7.26 .078
AGEN .10 12 2.89 .408
YPF .09 3 4.2 .063
XELA .09 7 0.5502 1.141
WTER .09 2 1.13 .158
TEDU .09 2 1.685 .106
TAAG .09 1 20.9494 .004
SELF .09 1 6.3 .014
PRPO .09 3 1.56 .171
CXM .09 1 13.72 .006
AEMD .09 3 1.8 .150
AEI .09 2 0.436 .412
XPDI .08 14 9.55 .112
TEO .08 2 5.15 .030
SSL .08 24 18.51 .096
RIG .08 7 3.4 .161
MBII .08 1 0.813 .098
CLDR .08 1 15.99 .005
BQ .08 2 0.74 .216
VSTM .07 3 1.76 .117
SWN .07 4 4.8 .056
SBS .07 11 6.4 .110
NEPT .07 2 0.4176 .334
LMRK .07 2 16.49 .008
ITRO .07 1 1.27 .055
ITRN .07 3 25.65 .006
CPLG .07 1 15.68 .004
CPG .07 10 6.43 .100
BVXV .07 4 1.71 .160
XBIO .06 8 1.25 .384
VG .06 1 20.81 .002
RVI .06 3 6.39 .027
RRD .06 12 11.26 .060
KULR .06 8 2.65 .176
ESXB .06 2 11.3 .010
ENIC .06 1 2 .030
DBVT .06 12 1.65 .432
ADMS .06 2 8.22 .014
ULTA .05 12 378.15 0
OXY .05 32 34.15 .032
OCG .05 13 5.17 .117
MTL .05 20 3.23 .300
MFGP .05 9 5.89 .072
MDNA .05 8 1.515 .264
FRBK .05 1 3.89 .012
PSP .04 3 14.96 .006
PBT .04 2 12.67 .006
NOK .04 6 5.89 .036
IRCP .04 4 2.21 .072
CXP .04 1 19.28 .002
AVGR .04 7 0.3137 .889
VTGN .03 5 1.64 .090
VCAR .03 1 14.82 .002
SNDL .03 1 0.5604 .053
SIC .03 1 14.49 .002
FRO .03 21 7.62 .063
RTLR .02 9 12.09 .009
RCAT .02 3 1.95 .030
NWHM .02 1 8.99 .002
KIN .02 2 9.25 .004
EIC .02 2 17.32 .002
DSE .02 1 9.49 .002
PMD .01 1 7.12 .001
LPTX .01 7 2.83 .021
INFL .01 2 31.18 0
IACB .01 3 7.95 .003
DFP .01 3 27.37 0
BEST .01 3 0.8362 .033
WMPN 0 4 12.845 0
SLVO 0 6 5.08 0
QQC 0 2 31.4514 0
QADB 0 4 87.54 0
PAE 0 1 9.98 0
ONON 0 1 51.42 0
NLSP 0 1 1.11 0
LHAA 0 1 9.76 0
HWBK 0 1 25.92 0
ESLT 0 1 176.07 0
DVD 0 1 3.61 0
APWC 0 1 2.99 0
NSYS -.12 1 10.55 -.011
