EJH 5.21 6 1.25 25.008
SCPS 3.34 7 1.46 16.009
LAIX 1.72 4 0.5802 11.856
AUVI 2.10 10 2.09 10.040
EEIQ 4.33 5 2.55 8.490
NEGG 3.07 20 9.05 6.780
NVOS 1.65 5 1.3301 6.200
IRNT 3.02 6 3.53 5.130
ADGI 2.56 12 6.02 5.100
VRPX 1.77 9 3.14 5.067
CPOP 2.34 5 2.37 4.935
DPW 1.56 5 1.6 4.875
VVOS 1.65 6 2.06 4.800
AACG 1.49 7 2.19 4.760
NRXP 2.89 8 4.98 4.640
JZXN 1.63 4 1.41 4.624
EYES 1.22 6 1.61 4.542
FCEL .18 131 5.18 4.454
JAN 2.73 6 3.75 4.368
JG 1.30 3 0.9187 4.245
CEMI .60 8 1.16 4.136
HX 1.40 6 2.24 3.750
KOSS 5.35 7 10.34 3.619
SIEB 1.53 5 2.19 3.490
AAME 1.97 5 2.85 3.455
NURO 1.47 11 5.06 3.190
AMC 1.18 61 22.79 3.111
CARV 3.92 6 7.7 3.054
OCGN 1.04 12 4.16 3.000
NAOV .27 11 0.9909 2.992
TYME .45 4 0.6185 2.908
RMED .72 6 1.53 2.820
PBTS 1.24 1 0.4407 2.813
MRIN 1.81 6 3.88 2.796
BTBT 1.45 10 5.35 2.710
BSQR .35 13 1.68 2.704
BBIG .30 21 2.34 2.688
TAOP 1.35 3 1.61 2.514
TPST 2.19 5 4.44 2.465
SPCE 1.26 24 12.39 2.424
AGRI .95 5 1.97 2.410
GME 3.68 83 130.3 2.324
INDP 2.52 5 5.43 2.320
GRTS 2.25 7 6.97 2.254
NCTY 2.63 5 6.21 2.115
ACY .99 19 9.53 1.957
ANPC 1.24 2 1.28 1.936
PHUN .32 17 2.83 1.921
MOXC 1.01 6 3.15 1.920
MARK .46 4 0.9677 1.900
RNXT 1.96 4 4.36 1.796
JCS 1.40 3 2.34 1.794
SSY .91 3 1.52 1.794
LMNL .65 3 1.09 1.788
SGOC 1.19 9 6.2 1.719
WAFU 1.50 4 3.51 1.708
PRFX .57 4 1.38 1.652
SAVA 2.73 29 48.38 1.624
WAVE 1.72 5 5.33 1.610
CSCW .39 2 0.4949 1.576
BNGO .36 12 2.74 1.572
BLIN .41 8 2.09 1.568
AREC .62 5 1.99 1.555
CTIB .40 5 1.31 1.525
PALI .71 3 1.42 1.500
FTEK .69 3 1.38 1.500
AUUD .41 7 1.91 1.498
EVK .60 6 2.41 1.488
SOS .61 2 0.821 1.484
ANY .20 21 2.83 1.470
SNAP .57 113 43.31 1.469
NMRD 1.66 4 4.54 1.460
RIDE .68 7 3.26 1.456
BYSI 1.25 5 4.38 1.425
IGC .49 3 1.03 1.425
CETX 1.20 1 0.8479 1.415
MVIS 1.17 5 4.14 1.410
BNTC 1.24 3 2.65 1.401
EBET 3.45 6 14.85 1.392
PMCB 1.11 3 2.39 1.392
DWAC 22.11 4 63.8 1.384
BFRI 1.31 6 5.69 1.380
ERYP .79 4 2.29 1.376
WORX .44 4 1.28 1.372
DLPN 2.14 5 7.8 1.370
HGSH 1.00 3 2.19 1.368
SPRT .81 20 11.8 1.360
UPC .73 3 1.61 1.359
YJ .40 2 0.594 1.346
SYTA .46 5 1.71 1.345
NBRV .76 1 0.5652 1.344
SNOA 1.51 4 4.55 1.324
SYPR .80 4 2.41 1.324
NIO .53 77 30.02 1.309
BIDU 1.88 118 156.7 1.298
CRTD .39 7 2.13 1.281
LGVN 2.15 6 10.14 1.272
SPCB .32 2 0.5038 1.270
ANVS 3.73 6 17.64 1.266
ALYA .77 4 2.44 1.260
HOFV .98 2 1.58 1.240
IDEX .36 4 1.16 1.240
NVFY .73 3 1.77 1.236
STAF .58 2 0.94 1.234
CNET 1.11 1 0.9288 1.195
ACRS 2.12 7 12.45 1.190
HOOD 1.41 14 16.41 1.190
MEDS .53 5 2.24 1.180
PTIX .84 2 1.44 1.166
HGEN 1.21 3 3.16 1.146
CBAT .50 3 1.31 1.143
LODE .56 3 1.51 1.110
DYNT .22 5 0.9899 1.110
IMPL 1.70 5 7.7 1.100
ZKIN .71 2 1.34 1.058
BBBY .79 17 13.12 1.020
SPI .89 4 3.51 1.012
OLB .77 3 2.29 1.008
AQMS .39 3 1.16 1.008
RETO .72 2 1.43 1.006
KTTA 1.49 1 1.49 1.000
BKKT 2.95 2 5.92 .996
CHCI 1.54 3 4.63 .996
ALF 1.08 2 2.18 .990
PETZ .17 4 0.6881 .988
ISPC 1.00 7 7.09 .987
OPAD 1.25 4 5.08 .984
FULC 2.54 6 15.56 .978
DBGI .31 6 1.9 .978
ENVB .27 3 0.83 .975
TERN 1.53 4 6.28 .972
XELA .09 7 0.6487 .966
MTSL 1.08 3 3.37 .960
BB .74 12 9.2 .960
LIZI .40 4 1.66 .960
HCWB 1.14 2 2.39 .952
LGHL .30 4 1.26 .952
HTBX 1.46 2 3.08 .948
WHLM 1.20 4 5.09 .940
ORPH .57 4 2.45 .928
CANF .63 2 1.37 .918
GFAI .51 2 1.1101 .918
MBRX .81 2 1.78 .910
KXIN .17 6 1.12 .906
OSAT 1.21 3 4.02 .900
LEDS 1.24 3 4.18 .888
NVAX 7.31 16 130.68 .880
GROM .76 2 1.73 .878
ASM .69 1 0.7889 .874
MNOV .74 3 2.54 .873
KALV 1.44 8 13.1 .872
TIGR .50 8 4.56 .872
MOHO .11 3 0.39 .846
MARA 1.20 21 29.58 .840
XPEV .46 84 45.76 .840
RCON .51 2 1.22 .836
SJ 1.24 4 5.98 .828
ATXI .74 1 0.9 .822
APTO .28 4 1.38 .808
TRIT .34 5 2.1 .805
ACIU 1.91 2 4.76 .802
VERY 1.39 4 6.95 .800
GNLN .36 2 0.9028 .796
AYRO .60 2 1.51 .794
VERB .12 8 1.21 .792
OPTT 1.10 1 1.39 .791
ATNF .66 4 3.34 .788
ONCS .68 1 0.8648 .786
GLSI 3.27 5 20.7 .785
LHDX 1.58 4 8.05 .784
AVXL 2.41 5 15.4 .780
XTLB 1.09 2 2.8714 .758
EYEG 1.45 1 1.95 .743
ENOB .94 5 6.32 .740
RFL .71 5 4.79 .740
WEI .57 1 0.7703 .739
ACOR .41 4 2.22 .736
EXPR .47 5 3.18 .735
SCKT .74 4 4.03 .732
UAVS .36 3 1.48 .729
VYGR 1.06 2 2.92 .726
GOVX .36 7 3.47 .721
ZEV 1.17 4 6.47 .720
APRE .69 3 2.87 .720
DTST .42 6 3.48 .720
VTNR .37 10 5.1 .720
NRBO .49 2 1.37 .714
ENG .30 3 1.26 .714
MVST .61 6 5.2 .702
BILI 1.28 23 41.86 .690
CRIS 1.20 2 3.49 .686
PPSI .67 9 8.81 .684
AVCT .25 6 2.19 .684
ATOS .21 5 1.54 .680
ALEC 2.10 6 18.46 .678
ENSC .61 4 3.59 .676
IPHA .78 4 4.63 .672
WISH .58 3 2.59 .669
NVDA 1.23 167 278.17 .668
ARDS 1.12 1 1.675 .668
EVOL .74 2 2.21 .668
RSLS .27 4 1.61 .668
AMBO .61 1 0.9159 .666
RHE 1.27 2 3.8531 .658
COHN 1.95 5 14.8 .655
NNOX 1.69 5 12.95 .650
DTSS .87 1 1.34 .649
FLGC .19 6 1.75 .648
WBX 4.49 2 14.07 .638
JFU .22 3 1.04 .633
WINT .31 3 1.49 .624
GALT .44 3 2.135 .618
OTLK .38 2 1.24 .612
WNW 1.34 1 2.2 .609
BTX 1.13 2 3.73 .604
SDC .64 2 2.12 .602
BABA .81 100 132.19 .600
WHLR .54 2 1.81 .596
DQ 3.36 7 39.58 .588
LCID 1.90 13 41.72 .585
KNBE 1.80 7 21.65 .581
AVGR .04 7 0.4804 .581
ALDX 1.09 2 3.81 .572
TQQQ .64 143 150.96 .572
PSTV .60 1 1.05 .571
ENTX .77 2 2.73 .564
MQ 1.18 7 14.71 .560
LEXX .63 4 4.47 .560
XELB .34 2 1.21 .560
ZCMD 1.01 1 1.82 .554
ORMP .35 19 12.03 .551
HAPP .30 1 0.5444 .551
PENN 2.65 10 48.01 .550
OBLN .56 3 3.05 .549
LYEL 1.21 3 6.62 .546
SLGG .64 2 2.34 .546
MRNA 3.05 41 221.39 .533
LIFE .93 4 6.95 .532
AUPH 1.04 10 19.56 .530
BCRX .72 11 14.78 .528
BON .62 3 3.51 .528
ADMP .36 1 0.6811 .528
GRVI .74 3 4.25 .522
BTCM .72 4 5.5 .520
ASTR .62 5 5.95 .520
ABUS .22 8 3.36 .520
GTEC .80 4 6.21 .512
WPRT .58 2 2.26 .512
WATT .32 2 1.25 .512
TSP 2.05 7 27.78 .511
LWAC 1.73 5 16.98 .505
SGBX .32 3 1.9 .504
BGFV .97 10 19.36 .500
BPTH .95 2 3.79 .500
EYPT 5.86 1 11.86 .494
GMBL .88 2 3.57 .492
SLS .69 4 5.58 .492
IMNM 1.42 4 11.64 .484
UONE .37 7 5.31 .483
PME .26 1 0.5493 .473
MINM .32 2 1.3617 .470
ARAV 1.21 1 2.59 .467
CHNR .12 4 1.03 .464
MTP .56 1 1.21 .462
PIRS .23 7 3.47 .462
PEAR 2.37 1 5.13 .461
HUSN .29 4 2.51 .460
MRAM 1.52 3 9.91 .459
BODY .47 2 2.05 .458
UPST 2.99 19 121.06 .456
UFAB .46 2 2.01 .456
OSMT .13 4 1.14 .456
GEVO .49 4 4.32 .452
CTSO .42 4 3.74 .448
RKDA .49 1 1.1 .445
VIVE .26 2 1.17 .444
NKLA .28 17 10.75 .442
AEHR .20 34 15.17 .442
DOCS 2.62 8 47.54 .440
NEXT .29 4 2.62 .440
CERE 1.78 7 28.63 .434
EOSE 1.39 2 6.38 .434
AVIR 1.14 3 7.89 .432
ABSI 1.08 3 7.57 .426
CLSD .35 3 2.46 .426
ONCT .45 2 2.12 .424
GRTX .40 4 3.74 .424
MRKR .36 1 0.8477 .424
PLG .24 3 1.7 .423
GEG .90 1 2.13 .422
DBVT .06 12 1.68 .420
SKLZ .67 4 6.43 .416
INFI .16 4 1.53 .416
AFRM 1.88 18 81.03 .414
BNR 1.30 3 9.4 .414
EFOI .29 4 2.8 .412
SNMP .11 2 0.5335 .412
ZY .78 3 5.67 .411
NNVC .44 3 3.19 .411
DDD .70 12 20.24 .408
EZFL .57 1 1.4 .407
RELI .47 7 8.06 .406
IFRX .58 3 4.27 .405
MTTR .44 15 15.88 .405
SE 3.92 20 187.1 .400
NVCR 2.63 10 65.63 .400
ADMA .54 1 1.35 .400
BBLG .72 3 5.39 .399
TRCH .98 2 4.95 .394
BHTG .33 1 0.837 .394
ZG 3.19 7 57.73 .385
KODK .86 2 4.47 .384
AGEN .10 12 3.09 .384
ATAI 1.29 2 6.74 .382
LMFA .35 5 4.58 .380
WIMI .27 4 2.84 .380
DWSN .44 2 2.33 .376
XBIO .06 8 1.26 .376
NNDM .48 3 3.87 .372
RAPT 1.77 7 33.16 .371
AEI .09 2 0.4852 .370
VNET 1.13 3 9.18 .369
QFIN .77 9 18.45 .369
EVGO .45 8 9.6 .368
VLDR .76 2 4.15 .366
SPRB .47 3 3.84 .366
LAZR 1.16 5 15.76 .365
SOFI .73 7 13.94 .364
DYAI .51 3 4.24 .360
IMMR .33 6 5.42 .360
VBLT .21 3 1.75 .360
KMPH 1.03 3 8.61 .357
M .58 17 26.73 .357
CMMB 1.24 2 6.98 .354
HUGE .37 1 1.044 .354
VOXX 1.16 3 9.95 .348
RSKD 1.24 2 7.16 .346
OCX .70 1 2.03 .344
CAN .43 4 4.99 .344
ZLAB 2.93 7 58.74 .343
OSTK 2.60 7 52.53 .343
IPA 1.04 2 6.06 .342
NEPT .07 2 0.4134 .338
GRU 1.62 1 4.81 .336
CCJ .51 16 23.51 .336
MOGO .24 4 2.84 .336
IMMP .16 7 3.28 .336
ENZ .54 2 3.22 .334
JFIN .36 2 2.15 .334
AMTX 1.20 3 10.72 .333
PLUG .92 9 24.75 .333
MITO .28 1 0.839899 .333
ADIL .45 2 2.71 .332
ZM 3.91 15 175.97 .330
ME .34 6 6.09 .330
ALZN .21 3 1.9 .330
GSM .27 7 5.66 .329
ARPO .72 1 2.2 .327
SNES .16 2 0.981 .326
VTSI .56 4 6.84 .324
TSLA 2.82 161 1064.4 .322
CCXI 3.66 3 34.2 .321
IMTX .98 4 12.14 .320
FIGS 1.33 6 24.82 .318
APOP .84 5 13.17 .315
FGEN 1.47 3 14.11 .312
JRJC .67 3 6.47 .309
IONQ .65 7 14.69 .308
W 6.04 9 176.49 .306
OBSV .10 6 1.96 .306
IMMX 1.66 1 5.43 .305
RLMD 1.57 4 20.52 .304
KURA 1.04 4 13.55 .304
HUYA .53 4 6.9 .304
GDEV .87 3 8.6 .303
TATT .65 3 6.4 .303
SPLK 6.20 6 122.11 .300
KBSF .46 2 3.05 .300
APT .86 2 5.88 .292
AMD 1.44 29 137.31 .290
MBOT .98 2 6.73 .290
OXBR .30 5 5.11 .290
NLS .84 2 5.81 .288
TELL .11 9 3.34 .288
DOCN 1.90 11 70.67 .286
SBEA 1.45 2 10.09 .286
KSS 1.31 11 48.98 .286
OCUP .51 2 3.57 .284
SI 4.55 8 129.08 .280
LAC .61 14 30.49 .280
VERU .45 4 6.41 .280
AMEH 2.05 9 65.12 .279
CIFR .35 3 3.73 .279
HHR 1.09 12 46.65 .276
ORGS .70 1 2.54 .275
ALTO .29 5 5.23 .275
APPS 2.11 7 53.56 .273
MESO .65 2 4.77 .272
CLPS .57 1 2.1 .271
CLPS .57 1 2.1 .271
EXPI 1.38 6 30.35 .270
FENG .11 2 0.8101 .270
DARE .47 1 1.76 .267
MTL .05 19 3.38 .266
SHOP 25.67 12 1157.31 .264
GPN 3.54 11 147.01 .264
SQ 1.68 24 148.43 .264
ZIM 1.48 11 61.44 .264
IGIC .70 3 7.9 .264
LJPC .62 2 4.77 .258
EVGN .43 1 1.67 .257
BNTX 1.93 32 215.8 .256
NVTS 1.62 2 12.6 .256
RBLX 1.49 16 89.04 .256
VIR 1.13 8 34.77 .256
TENX .21 1 0.8202 .256
CARA 1.57 2 12.29 .254
DDS 5.48 11 229.5 .253
CELH 1.96 7 54.31 .252
TASK 1.74 7 47.5 .252
STEM .68 6 16.15 .252
TLRY .47 4 7.38 .252
RAIL .24 4 3.79 .252
GNFT .18 7 4.9 .252
FCX .45 25 42.99 .250
AXLA .26 2 2.08 .250
CELC 1.05 3 12.8 .246
AKTX .36 1 1.4601 .246
LOOP .55 5 11.04 .245
EQOS .46 1 1.87 .245
PUBM 6.66 1 27.24 .244
MOSY .55 2 4.5 .244
BIOC .22 4 3.56 .244
NTRB .49 4 8.15 .240
DNUT .44 10 17.68 .240
OVID .38 2 3.17 .238
IMV .15 2 1.26 .238
DLO 1.53 5 32.47 .235
MSTR 14.75 8 506.56 .232
NIU .93 4 16.01 .232
SQBG .73 2 6.24 .232
XAIR 1.97 1 8.52 .231
DNA 1.58 1 6.83 .231
MDIA .50 3 6.48 .231
BRLT .96 4 16.72 .228
BLU .51 3 6.71 .228
ENSV .20 1 0.874 .228
CVV .46 2 4.05 .226
FSTX 1.04 1 4.64 .224
CLF .36 14 22.2 .224
CPIX .24 4 4.25 .224
MDNA .05 8 1.73 .224
EDSA 1.24 1 5.55 .223
TOST 3.31 2 29.77 .222
CGC .68 3 9.11 .222
ABNB 3.59 10 160.71 .220
FBRX .40 1 1.81 .220
BQ .08 2 0.7249 .220
CHGG 2.17 3 29.59 .219
GSAT .12 2 1.1 .218
GPS .54 7 17.36 .217
DUOL 5.53 4 102.24 .216
PRTA 1.04 9 42.12 .216
DKNG .99 6 26.94 .216
SCYX .31 4 5.68 .216
PBR .22 12 11.58 .216
FUV .77 2 7.16 .214
ICCM .58 1 2.76 .210
AEY .31 1 1.48 .209
GENE .13 3 1.8609 .207
FOSL 1.09 2 10.5 .206
TWTR 1.40 6 40.66 .204
DDL 1.22 2 11.9 .204
FUBO 1.01 3 14.79 .204
HOL .84 3 12.35 .204
RIOT .73 6 20.86 .204
DRN .47 12 26.24 .204
CRDF .45 3 6.58 .204
EDTK .10 2 0.9798 .204
LBPH .92 1 4.52 .203
GP .49 3 7.29 .201
DKS 1.19 20 116.06 .200
SALM .13 5 3.25 .200
BLPH .62 1 3.13 .198
ACHL .89 1 4.51 .197
CPE 1.54 7 53.47 .196
CHMA .37 2 3.76 .196
MITQ .36 1 1.84 .195
ERJ .23 15 16.77 .195
RUN 1.04 6 31.52 .192
ASAN .80 16 65.87 .192
CALA .11 1 0.5759 .191
STG 1.13 1 5.92 .190
DELL 1.26 9 59.88 .189
AUTL .30 3 4.69 .189
AMZN 6.99 94 3307.24 .188
NTEC .46 4 9.63 .188
TAL .32 2 3.39 .188
NBEV .19 1 1.01 .188
GIII 1.02 5 27.02 .185
ACB .36 3 5.89 .183
AESE .35 1 1.91 .183
AFMD .29 3 4.72 .183
SRNE .85 1 4.68 .181
TTD .88 18 84.88 .180
HIPO .15 3 2.49 .180
NXTP .14 1 0.7838 .178
SEMR 1.11 3 18.79 .177
TISI .17 1 0.9595 .177
APP 1.39 11 84 .176
BFLY .56 2 6.32 .176
KULR .06 8 2.67 .176
PDD 2.15 5 60.02 .175
SKT 1.17 3 19.91 .174
CLII .84 3 14.36 .174
PRPO .09 3 1.54 .174
GTT .41 1 2.36 .173
ALLO 1.11 2 12.9 .172
BLUW .83 2 9.63 .172
ISEE .62 4 14.13 .172
DMAC .31 2 3.57 .172
EDIT 1.47 3 25.77 .171
NEWR 2.93 6 103.68 .168
BYND 2.00 6 69.38 .168
SFIX 1.08 3 19.2 .168
LI .73 7 29.81 .168
SOHU .47 6 16.67 .168
CLOV .28 2 3.31 .168
ENLV .49 2 5.9 .166
TSRI 1.84 1 11.15 .165
HNST .41 3 7.45 .165
JWN .98 4 23.66 .164
GTIM .74 1 4.5 .164
SIF 1.16 1 7.08 .163
U 3.60 6 129.71 .162
FLGT 2.27 6 83.15 .162
LYFT 1.22 6 44.5 .162
PRPL .32 6 11.8 .162
ASML 5.83 23 729.16 .161
IAC 3.19 7 134.57 .161
AZYO 1.08 1 6.75 .160
IS .59 2 7.35 .160
BKYI .19 2 2.37 .160
TGTX .93 3 17.36 .159
BWAY .42 3 7.79 .159
NETE 1.04 2 13.09 .158
OMER 1.00 1 6.3 .158
SSNT .34 2 4.27 .158
SONO .82 6 30.5 .156
SSKN .22 1 1.4102 .156
WTER .09 2 1.15 .156
HOG 1.23 5 38.8 .155
RIG .08 7 3.55 .154
BIGC 2.58 2 33.71 .152
ISIG 1.93 2 25.37 .152
IRDM 1.55 4 40.22 .152
UWMC .23 4 5.93 .152
COTY .19 8 9.65 .152
GMTX .17 2 2.23 .152
TMUS 1.65 10 105.74 .150
MAT .55 6 21.86 .150
MOLN 1.60 2 21.5 .148
VCVC 1.46 1 9.85 .148
NGM 1.25 2 16.83 .148
EQ .53 1 3.58 .148
BVXV .07 4 1.86 .148
PBLA .25 1 1.7 .147
AEMD .09 3 1.81 .147
SCR 1.05 5 35.58 .145
CRON .12 5 4.06 .145
IMAB .96 6 39.02 .144
AAL .32 9 19.02 .144
LC .31 12 24.52 .144
ADBE 5.88 13 529.89 .143
RGEN 4.41 7 210.59 .140
QDEL 2.61 7 130.29 .140
DASH 2.11 10 143.64 .140
TWST 1.37 7 67.11 .140
ACI .30 14 28.79 .140
VIH 1.31 1 9.36 .139
CPSH .51 1 3.65 .139
LIVE 1.37 3 29.15 .138
FTCH .67 6 28.83 .138
BRTX .58 1 4.22 .137
CYAD .56 1 4.08 .137
GH 1.57 8 90.94 .136
AEO .83 4 24.12 .136
LUV .79 8 45.83 .136
GAME .43 1 3.16 .136
CLDX 1.61 3 35.14 .135
TESS .30 3 6.58 .135
IKT .24 1 1.77 .135
CMTL 3.13 1 23.27 .134
GRVY 1.33 7 67.21 .133
PFE .43 19 56.69 .133
DE 4.88 11 380.55 .132
SHEN 1.11 3 25.11 .132
BKE .89 6 38.85 .132
CYTK .80 6 34.82 .132
JKS 1.23 5 45.57 .130
ROKU 3.14 8 185.7 .128
RL 1.89 8 117.28 .128
CHPT .53 4 16.21 .128
IRIX .18 4 5.5 .128
SAM 9.40 7 504.58 .126
MYNZ 1.78 1 14.09 .126
TVTX 1.19 3 28.04 .126
CAH 1.13 6 52.71 .126
ARVN .99 9 69.77 .126
LEGN .83 7 45.65 .126
PTON .78 6 36.56 .126
AMRS .60 1 4.75 .126
YMM .58 2 9.16 .126
THCB 1.25 1 10 .125
TDC 1.17 5 45.19 .125
BGI .19 3 4.54 .123
HJLI 1.27 1 10.38 .122
DPZ 5.62 11 486.42 .121
SBS .07 11 6.28 .121
FATE 1.44 4 47.54 .120
PINS 1.00 4 32.7 .120
DAL .85 6 41.23 .120
FLWS .75 4 24.7 .120
CRCT .70 4 22.85 .120
KZR .60 3 14.68 .120
PATI .50 2 8.21 .120
BCLI .23 2 3.8 .120
SBBP .12 2 2 .120
TTCF .86 2 14.36 .118
DLTR 1.90 9 137.11 .117
JD .74 13 76.76 .117
AA .59 13 62.2 .117
MSFT .54 117 314.98 .117
OCG .05 13 5.5 .117
RRGB .96 2 16.39 .116
STRO .65 2 11.11 .116
OCG .16 4 5.5 .116
INMD 1.31 5 54.95 .115
FRD 1.28 1 11.06 .115
OVV .90 5 38.13 .115
JRVR 1.10 3 28.89 .114
ANIX .38 1 3.36 .113
AN 1.67 8 114.18 .112
XLNX 1.57 16 200.52 .112
VSCO .90 7 55.73 .112
BZUN .80 2 14.22 .112
UAA .56 4 19.47 .112
FFHL .44 2 7.8299 .112
AAPL .32 112 175.08 .112
FENC .27 2 4.78 .112
XPDI .08 14 9.99 .112
ORCL .28 37 89.28 .111
MBII .08 1 0.717 .111
LLY 2.74 11 262.32 .110
GURE .46 1 4.18 .110
LIVX .17 2 3.07 .110
MDB 5.57 9 435 .108
TMX 1.58 3 43.38 .108
COUR 1.32 2 24.17 .108
ABCL 1.31 1 12.06 .108
LAW 1.23 3 33.82 .108
XM 1.10 3 30.03 .108
MRUS 1.10 3 29.78 .108
MAXR .83 4 30.58 .108
FB .65 108 334.37 .108
HCM .62 6 33.51 .108
VSTM .07 3 1.91 .108
SBTX .57 1 5.28 .107
INM .14 1 1.3 .107
ULBI .31 2 5.82 .106
LAD 6.41 5 297.8 .105
ACMR 1.83 5 83.6 .105
BZ 1.22 3 34.72 .105
CALT .80 3 22.4 .105
CLNE .67 1 6.35 .105
VALN .61 7 40.12 .105
APXT 1.27 1 12.11 .104
DOMO 1.26 4 46.87 .104
NFLX .98 104 540.84 .104
VMEO .85 2 16.23 .104
CREX .15 1 1.43 .104
ROIV .83 1 8.02 .103
BHVN 2.25 6 128.79 .102
RMBL 1.41 3 40.57 .102
TJX 1.31 6 74.21 .102
TEDU .09 2 1.76 .102
KRYS 6.33 1 62.85 .100
SNOW 3.29 10 301.27 .100
MSGE 1.88 4 73.16 .100
CREE 1.64 5 79.12 .100
KMB 1.45 10 143.14 .100
WMT .85 20 144.2 .100
FL .84 5 41.98 .100
CCL .45 5 21.98 .100
KZIA .41 2 8.09 .100
KR .28 20 47.71 .100
CPG .07 10 6.42 .100
REGN 7.44 9 621.27 .099
PYPL 2.14 9 182.95 .099
DIS 1.86 9 157.89 .099
HMHC .53 3 15.8 .099
JPM 1.29 14 167.49 .098
GBR .24 1 2.44 .098
NXE .23 2 4.65 .098
BLNK .18 14 24.1 .098
BIIB 3.06 8 241.52 .096
ENPH 1.82 8 148.51 .096
XBI 1.75 6 103.89 .096
SPT 1.25 6 77.86 .096
QCOM 1.14 16 185.4 .096
SKX 1.09 4 44.88 .096
BTWN .95 1 9.82 .096
YEXT .91 1 9.44 .096
UBER .71 6 43.62 .096
GT .37 6 22.16 .096
SLHG .10 1 1.04 .096
CNC 1.49 5 77.84 .095
EAR .56 1 5.88 .095
MRO .11 19 18.66 .095
MFNC 1.02 2 21.5 .094
EAT 1.21 3 38.04 .093
ATIF .43 1 4.59 .093
GKOS 4.45 1 48.15 .092
OPNT .73 4 30.67 .092
SPTN .59 4 25.59 .092
EOLS .55 1 5.96 .092
ARMP .49 1 5.3163 .092
SSL .08 23 17.54 .092
UNH 3.38 13 469 .091
BBY 1.45 7 104.09 .091
ZS 2.76 10 277.53 .090
FISV 1.64 6 107.75 .090
WYNN 1.57 5 85.3 .090
CRM 1.43 15 234.84 .090
A 1.31 10 145.16 .090
PTGX 1.05 3 34.82 .090
PLTR .77 2 16.89 .090
MOS .76 5 40.04 .090
DVAX .64 2 14.19 .090
ARCE .63 3 20.71 .090
VNE .55 6 35.75 .090
KIRK .48 3 15.83 .090
VLO 1.86 4 83.85 .088
DPST 1.46 4 64.13 .088
FANG 1.39 8 124.36 .088
BJ .71 8 64.35 .088
K .55 11 66.58 .088
SPWH .25 4 11.3 .088
BCYC 1.49 3 51.36 .087
SMLP 1.07 2 24.63 .086
ERF .20 5 11.33 .085
SITM 2.97 7 245.93 .084
PLCE 1.60 4 73.73 .084
USB .87 6 62.12 .084
ALC .58 12 79.59 .084
SILK .52 7 42.42 .084
CSCO .45 12 62.37 .084
CIEN .33 21 73.91 .084
FFIE .22 2 5.15 .084
EKSO .11 2 2.59 .084
CDEV .10 6 6.82 .084
CYTH .34 1 4.09 .083
VMW 1.17 9 122.54 .081
DXC .90 3 33.07 .081
EL 3.61 8 340.57 .080
CAT 1.88 10 219.95 .080
APPN 1.29 4 61.89 .080
CTRN 1.11 5 67.89 .080
MNSO .82 1 10.24 .080
COP .73 10 83.59 .080
PSTG .50 5 29.94 .080
CNFR .10 2 2.47 .080
VTGN .03 5 1.8 .080
GNOG .78 1 9.8 .079
IWM 2.93 6 217.61 .078
BLDR 1.06 6 80.49 .078
RSI .55 2 14.02 .078
HPQ .53 6 39.19 .078
ORGO .35 2 8.76 .078
XLK 1.33 11 167.95 .077
IBM 1.06 11 132.87 .077
CSIQ .58 4 29.51 .076
BDTX .39 1 5.1 .076
VXX .35 4 17.82 .076
LTHM .12 19 24.73 .076
PKG 2.17 5 135.91 .075
PFGC 1.21 3 46.69 .075
C 1.06 5 67.11 .075
DUOT .40 1 5.38 .074
CHRA .40 1 5.4 .074
THTX .22 1 2.935 .074
EDU .14 1 1.9 .073
SIVB 7.01 8 711.21 .072
SEDG 2.57 8 261.09 .072
KMX 2.23 4 119.15 .072
WSM 1.97 6 153.44 .072
SPG 1.55 8 161.83 .072
CRNC 1.55 4 82.92 .072
V 1.35 12 214.38 .072
ROST 1.31 6 106.93 .072
ESTC 1.01 8 112.01 .072
CM .99 9 123.71 .072
MYGN .98 2 26.55 .072
GBS .11 1 1.52 .072
IRCP .04 4 2.21 .072
TBLA .70 1 9.85 .071
SNPS 3.62 7 340.38 .070
WDAY 2.57 7 255.72 .070
TTWO 1.57 7 148.42 .070
TTC 1.42 5 100.18 .070
RACE 1.36 14 254.34 .070
MDT .86 10 107.89 .070
STX .84 10 111.72 .070
VIPS .66 1 9.34 .070
SM .46 5 31.85 .070
SLV .22 7 21.05 .070
OEG .14 1 2 .070
AHPI .12 3 5.17 .069
VIEW .13 2 3.77 .068
RNG 11.84 1 174.43 .067
LMT 2.51 11 364.14 .066
PWR 2.42 3 107.77 .066
COIN 1.45 11 237.23 .066
SANA .82 1 12.3 .066
WOOF .43 3 19.27 .066
SLB .41 6 36.48 .066
MRTN .38 3 16.65 .066
ET .11 6 9.33 .066
YPF .09 3 4.09 .066
HRI 2.10 5 159.72 .065
VRNT .69 5 53 .065
CFLT 2.29 2 69.9 .064
YETI 1.27 4 75 .064
TGT 1.12 16 227.55 .064
MO .84 4 49.48 .064
LOGI .74 8 85.95 .064
HWCC .34 1 5.3 .064
PPBT .26 1 4.02 .064
GGAL .16 4 9.51 .064
ZNGA .15 4 8.85 .064
MFGP .05 8 5.64 .064
CCMP 11.86 1 188.22 .063
THC 4.91 1 77.55 .063
MA 3.58 7 366.29 .063
GS 2.93 9 403.05 .063
DG 2.10 7 228.65 .063
HD 1.53 21 386.67 .063
DFH 1.18 1 18.73 .063
UAL .99 3 46.9 .063
CRMT .72 9 98.03 .063
INTC .54 7 55.91 .063
WFC .51 7 56.06 .063
KO .46 9 60.43 .063
FRO .03 21 7.77 .063
KYMR 1.69 2 53.83 .062
ECOM 1.37 1 21.94 .062
SUPN .95 2 29.79 .062
TME .45 1 7.27 .061
CAR 6.00 2 198.83 .060
XMTR 3.46 1 57.59 .060
CVS 1.33 5 105.06 .060
GWRE 1.30 5 108.3 .060
CHKP 1.25 6 120 .060
SCHW 1.01 6 93.91 .060
LL 1.01 1 16.68 .060
ATVI .81 5 65.85 .060
ABT .76 12 135.26 .060
JBL .75 6 69.03 .060
MS .74 10 105.92 .060
CROX .67 12 126.27 .060
FLXN .55 1 9.12 .060
SBH .38 3 18.15 .060
ON .35 12 65.12 .060
RRD .06 12 11.18 .060
CUE .62 1 10.35 .059
HALO 1.07 2 36.59 .058
RKT .41 2 13.99 .058
XERS .14 1 2.4 .058
BIG .91 3 45.66 .057
AMKR .47 3 24.32 .057
MOMO .19 3 9.51 .057
INTU 4.61 8 578.72 .056
COST 2.35 14 522.03 .056
ROLL 1.78 7 201.5 .056
TRI 1.63 4 110.99 .056
AMAT 1.16 8 149.59 .056
PDCO .41 4 29.18 .056
RDUS .38 1 6.68 .056
CSPR .18 2 6.35 .056
SWN .07 4 4.75 .056
KEYS 2.15 5 186.78 .055
TSN 1.03 5 90.99 .055
NKE .80 11 150.3 .055
GM .73 5 61.46 .055
HITI .25 1 4.49 .055
ITRO .07 1 1.27 .055
LII 2.97 6 308.58 .054
ITCI 2.20 1 40.38 .054
AMGN 2.19 6 232.38 .054
TSCO 1.52 9 225.8 .054
HAS .94 6 101.25 .054
SWI .79 1 14.51 .054
BBWI .53 6 58.83 .054
BAC .47 6 49.21 .054
KHC .35 6 37.36 .054
FLO .28 6 28.22 .054
VGR .61 1 11.47 .053
DAVA 1.77 4 133.99 .052
PAYX 1.68 4 128.77 .052
OLLI 1.29 2 48.04 .052
NFE 1.27 1 24.39 .052
LOW 1.04 13 249.5 .052
FA .96 1 18.39 .052
BEKE .61 2 22.95 .052
AZN .23 17 57.88 .051
SNDL .03 1 0.5875 .051
EA 1.35 5 130.8 .050
AKAM 1.21 5 113.42 .050
OTIS .91 5 86.24 .050
TNA .83 5 78.74 .050
XONE .67 2 26.7 .050
MRVL .44 10 86.23 .050
XOM .38 10 71.35 .050
AGNC .17 5 15.56 .050
ADSK 2.04 7 262.39 .049
BLFS 1.55 1 31.61 .049
PKI 2.16 4 178.46 .048
CI 2.12 6 240.14 .048
BURL 1.68 8 247.67 .048
HON 1.40 8 216.31 .048
NXPI 1.35 8 221.83 .048
LPX 1.24 3 74.34 .048
TAP 1.23 2 49.25 .048
NTAP 1.16 4 93.2 .048
GE .86 6 99.42 .048
FITB .82 3 49.05 .048
GDYN .81 2 32.83 .048
LEN .65 8 104.03 .048
APG .62 2 25.27 .048
EQT .39 3 23.53 .048
MRK .37 12 81.67 .048
TSC 1.55 1 32.34 .047
ACH .67 1 14.23 .047
LULU 16.03 1 346.75 .046
STE 2.26 5 231.52 .045
LIN 1.72 9 336.43 .045
LH 1.59 9 291.94 .045
WGO 1.15 3 74.38 .045
SJM .56 15 142.11 .045
GRUB .15 3 9.71 .045
PANW 23.18 1 522.61 .044
LSI 3.13 2 141.22 .044
COF 1.87 4 157.15 .044
MNST 1.05 4 92.73 .044
NPTN .67 1 15.13 .044
DUK .46 11 103.23 .044
MU .43 11 94.2 .044
ARMK .42 4 36.77 .044
CTKB .66 1 15.32 .043
PCTY 8.94 1 212.1 .042
EVA 1.62 2 74.14 .042
STT 1.48 3 102.35 .042
MMM 1.20 7 177.41 .042
OKE .92 3 62.48 .042
NEE .65 6 84.29 .042
TBIO .53 3 37.36 .042
ANF .52 3 34.9 .042
EPU .48 3 32.48 .042
LICY .37 1 8.69 .042
GIS .26 14 68.53 .042
SNA 1.89 5 216.45 .040
ADI 1.48 5 173.63 .040
ATKR 1.07 4 105.9 .040
KDMN .10 4 9.5 .040
GLD .66 13 170.29 .039
ATHM .49 3 35.83 .039
NUE 2.21 2 110.84 .038
EGRX 1.01 2 51.6 .038
LESL .44 2 22.23 .038
GPK .38 2 19.49 .038
FCBP 1.08 1 29.1 .037
ANTM 2.99 6 453.73 .036
AAP 1.46 6 232.01 .036
J 1.33 4 134.15 .036
UHS 1.30 4 132.86 .036
LITE 1.30 3 107.61 .036
AXP 1.07 6 175.38 .036
UPS .93 9 211.27 .036
KNL .92 1 25.04 .036
DD .80 4 81.97 .036
DEN .72 4 79.89 .036
PG .61 12 160.52 .036
CLSK .30 1 8.26 .036
HRL .23 9 49.69 .036
NOK .04 6 6.24 .036
BLK 6.24 5 873.34 .035
WOLF 3.86 1 108.91 .035
UTHR 1.55 5 206.25 .035
XLY 1.05 7 198.26 .035
JNJ .96 7 171.25 .035
ABBV .76 7 136.97 .035
SRNG .41 1 11.42 .035
LZB .64 2 36.07 .034
ALAC .21 2 11.75 .034
RMD 8.09 1 238.37 .033
WM .61 11 159.46 .033
BRG .30 3 26.41 .033
RF .28 3 24.66 .033
XLE .22 11 63.23 .033
BEST .01 3 0.9073 .033
BKNG 10.17 8 2469.42 .032
HCA 2.20 4 250.33 .032
RY .56 8 114.39 .032
CORT .32 2 19.19 .032
OXY .05 32 34.7 .032
RCUS 1.22 1 39.31 .031
ENIC .06 1 1.93 .031
CLX 1.20 5 179.57 .030
OLN .56 3 53.89 .030
MT .36 3 35.39 .030
HNP .33 2 21.9 .030
TTM .10 15 34.13 .030
TEO .08 2 5.16 .030
RCAT .02 3 1.93 .030
HOLI .43 1 14.54 .029
SMH 4.39 2 303.27 .028
GOOG 3.73 28 2771.48 .028
FLOW .63 4 85.82 .028
MPC .54 4 72.69 .028
FOE .32 2 21.74 .028
T .11 7 26.34 .028
RTX .88 3 90.72 .027
PCVX .65 1 23.61 .027
XLF .40 3 41.03 .027
CL .32 9 83.17 .027
RVI .06 3 6.3 .027
IRTC 3.69 1 141.32 .026
ACHV .11 2 8.01 .026
QQQ 9.60 1 380.11 .025
TRIL .47 1 18.44 .025
AZO 5.11 12 2000.98 .024
ALXN 1.24 4 182.5 .024
MCD .98 8 262.12 .024
AZPN .96 4 146.03 .024
CRTO .90 1 36.34 .024
STN .44 3 53.93 .024
VSH .18 3 21.4 .024
GSKY .15 2 12 .024
BP .12 8 30.54 .024
UNIT .11 3 12.85 .024
SPB 2.21 1 100.31 .022
B 1.08 1 47.16 .022
PEP .66 7 174.09 .021
LPTX .01 7 3.14 .021
IRBO .83 1 39.75 .020
PLD .67 5 152.99 .020
TSM .66 4 125.01 .020
AMOM .66 1 32.73 .020
VZ .31 4 53.87 .020
UHAL 1.98 9 690.22 .018
AIT .91 2 99.97 .018
VCLO .25 1 13.55 .018
PSTX .12 1 6.38 .018
CNA .83 1 46.83 .017
SPY 2.27 4 469.75 .016
STMP 1.59 4 329.61 .016
LANC 1.43 2 168.46 .016
STZ 1.17 4 247.08 .016
IYC .39 4 81.67 .016
AXON 2.25 1 149.76 .015
TNET 1.38 1 89.37 .015
NUAN .33 3 55.24 .015
INCY .27 5 74.44 .015
XLP .15 14 76.72 .014
CHNG .15 2 21.12 .014
SELF .09 1 6.13 .014
ADMS .06 2 8.22 .014
CAI .78 1 56 .013
MGTX .27 1 20.12 .013
VRTX 1.47 2 226.15 .012
HRC .42 6 155.96 .012
EPAY .28 3 56.35 .012
HDGE .12 3 24.28 .012
D .10 12 79.13 .012
FRBK .05 1 3.9 .012
SAFM .97 2 189.79 .010
PNRG .79 1 74.5 .010
ECHO .49 1 48.24 .010
INOV .22 2 41.06 .010
PPC .17 2 28.59 .010
VRS .15 2 26.75 .010
ESXB .06 2 11.3 .010
ANET 1.23 1 133.18 .009
GTS .33 1 35.63 .009
XLV .27 9 136.81 .009
IEC .14 1 15.34 .009
SVBI .13 1 13.63 .009
RTLR .02 9 12.17 .009
TDG 1.87 4 644 .008
HFBL .16 1 19.7501 .008
LMRK .07 2 16.49 .008
ROG 1.67 1 273.22 .006
VOOV .54 2 153.66 .006
CONE .24 3 89.29 .006
SYKE .14 3 54 .006
FAST .11 6 60.29 .006
CXM .09 1 14.91 .006
ITRN .07 3 25.5 .006
PSP .04 3 15.06 .006
JQUA .26 1 44.34 .005
CLDR .08 1 15.99 .005
TAAG .09 1 20.9494 .004
CPLG .07 1 15.66 .004
PBT .04 2 13.4 .004
KIN .02 2 9.25 .004
RAVN .10 3 58.08 .003
IACB .01 3 7.95 .003
VG .06 1 20.81 .002
CXP .04 1 19.28 .002
SIC .03 1 14.49 .002
NWHM .02 1 8.99 .002
EIC .02 2 17.34 .002
DSE .02 1 9.49 .002
ULTA .62 1 384.44 .001
VCAR .03 1 15.36 .001
PMD .01 1 7.15 .001
ULTA .05 12 384.44 0
INFL .01 2 31.17 0
DFP .01 3 27.44 0
WMPN 0 4 12.75 0
SLVO 0 6 5.03 0
QQC 0 2 32.2285 0
QADB 0 4 87.54 0
PAE 0 1 9.92 0
ONON 0 1 51.42 0
NLSP 0 1 1.19 0
LHAA 0 1 9.76 0
HWBK 0 1 25.2 0
ESLT 0 1 172.77 0
DVD 0 1 3.61 0
APWC 0 1 2.99 0
NSYS -.12 1 10.5 -.011
