SHOP 25.67 12 938.49 .324
PANW 23.18 1 504.21 .045
DWAC 19.74 5 67.21 1.465
LULU 16.03 1 321.62 .049
MSTR 14.75 8 370.45 .312
CCMP 11.86 1 180.84 .065
RNG 11.84 1 173.54 .068
BKNG 10.17 8 2349.62 .032
ULTA 10.08 2 364.84 .054
SAM 9.40 7 451.24 .140
PCTY 8.94 1 198.09 .045
RMD 8.09 1 238.52 .033
REGN 7.44 9 621.48 .099
NVAX 7.31 16 79.47 1.456
SIVB 7.01 8 570.01 .096
AMZN 6.99 94 2890.88 .188
SMH 6.94 4 275.23 .100
PUBM 6.66 1 23.26 .286
ASML 6.61 26 687.42 .234
QQQ 6.44 4 353.3 .072
LAD 6.41 5 305.79 .100
KRYS 6.33 1 57.06 .110
DPZ 6.30 12 456.24 .156
BLK 6.24 5 786.82 .035
SPLK 6.20 6 121.29 .306
W 6.04 9 152.78 .351
CAR 6.00 2 176.43 .068
ADBE 5.88 13 519.66 .143
EYPT 5.86 1 9.12 .642
MDB 5.57 9 386.45 .126
DUOL 5.53 4 89 .248
DDS 5.48 11 265.32 .220
KOSS 5.35 7 8.12 4.606
EJH 5.21 6 0.8422 37.116
AZO 5.11 12 1972.13 .024
DE 4.88 11 364.03 .143
INTU 4.61 8 534.68 .064
WBX 4.49 2 12.49 .718
GKOS 4.45 1 51.16 .086
RGEN 4.41 7 189.79 .161
EEIQ 4.33 5 2.43 8.905
SE 3.92 20 149.32 .520
CARV 3.92 6 7.42 3.168
ZM 3.91 15 152.95 .375
WOLF 3.86 1 92.93 .041
GOOG 3.73 28 2607.44 .028
ANVS 3.73 6 13.82 1.614
EL 3.72 9 301.79 .108
SI 3.69 9 99.5 .333
IRTC 3.69 1 125.51 .029
GME 3.68 83 100.15 2.988
SNPS 3.62 7 308.34 .077
ABNB 3.59 10 147.9 .240
MA 3.58 7 349.42 .070
GPN 3.54 11 140.81 .275
XMTR 3.46 1 52.13 .066
EBET 3.45 6 11.16 1.854
UNH 3.38 13 462.27 .091
U 3.37 7 110.92 .210
DQ 3.36 7 38.89 .602
SCPS 3.34 7 1.12 20.874
TOST 3.31 2 23.14 .286
GLSI 3.27 5 20.7 .785
ZG 3.19 7 52.27 .427
IAC 3.19 7 128.52 .168
ROKU 3.14 8 157.32 .152
CMTL 3.13 1 20.63 .151
COIN 3.11 13 191.48 .208
NEGG 3.07 20 6.73 9.120
GS 3.07 10 343.39 .080
MRNA 3.05 41 157.3 .779
THC 3.03 2 78.21 .076
IRNT 3.02 6 3.08 5.880
CCXI 3.00 4 25.61 .468
UPST 2.99 19 91.36 .608
ANTM 2.99 6 449.5 .036
SITM 2.97 7 205.93 .098
LII 2.97 6 288.6 .060
BKKT 2.95 2 4.11 1.434
ZLAB 2.93 7 49.86 .406
NEWR 2.93 6 103.35 .168
IWM 2.93 6 201.53 .084
DG 2.91 8 216.58 .104
NRXP 2.89 8 3.14 7.360
LLY 2.85 12 240.42 .132
TSLA 2.82 161 930 .483
ZS 2.76 10 243.2 .110
SAVA 2.73 29 39.54 2.001
JAN 2.73 6 2.82 5.808
PENN 2.65 10 42.4 .620
NVCR 2.63 10 68.94 .380
NCTY 2.63 5 4.6 2.855
DOCS 2.62 8 44.6 .464
QDEL 2.61 7 102.61 .175
OSTK 2.60 7 43.12 .420
BIGC 2.58 2 29.94 .172
WDAY 2.57 7 247.63 .070
ADGI 2.56 12 6.18 4.968
FULC 2.54 6 12.71 1.194
LSI 2.53 3 133.63 .054
INDP 2.52 5 4.91 2.565
LMT 2.51 11 373.33 .066
PWR 2.42 3 99.48 .072
AVXL 2.41 5 12.6 .955
DASH 2.39 11 117.35 .220
PEAR 2.37 1 4.33 .547
ENPH 2.35 9 128.1 .162
CPOP 2.34 5 1.57 7.450
ISIG 2.30 3 16.16 .426
CFLT 2.29 2 58.64 .078
SPY 2.27 4 439.84 .020
FLGT 2.27 6 60.72 .222
STE 2.26 5 224.29 .050
GRTS 2.25 7 5.15 3.052
BHVN 2.25 6 118.77 .108
AXON 2.25 1 135.59 .016
KMX 2.23 4 111.92 .076
SPB 2.21 1 89 .024
NUE 2.21 2 95.31 .046
ITCI 2.20 1 44.34 .049
HCA 2.20 4 243.6 .036
TPST 2.19 5 3.7401 2.925
AMGN 2.19 6 226.08 .054
PKG 2.17 5 136.57 .075
CHGG 2.17 3 26.65 .243
PKI 2.16 4 174.11 .048
LGVN 2.15 6 6.7 1.920
KEYS 2.15 5 175.36 .060
SEDG 2.14 9 225.87 .081
PYPL 2.14 9 162.17 .117
DLPN 2.14 5 5.79 1.845
CI 2.12 6 236.42 .048
ACRS 2.12 7 10.17 1.456
SNOW 2.11 12 277.5 .084
APPS 2.11 7 41.33 .357
HRI 2.10 5 160.21 .065
AUVI 2.10 10 1.66 12.650
ALEC 2.10 6 15.92 .786
BURL 2.07 9 229.6 .081
TSP 2.05 7 18.82 .756
AMEH 2.05 9 53.16 .342
ADSK 2.04 7 245.35 .056
UHAL 1.98 9 623 .027
XAIR 1.97 1 6.66 .295
WSM 1.97 6 154.93 .072
AAME 1.97 5 2.31 4.260
RNXT 1.96 4 3.36 2.332
CELH 1.96 7 46.98 .287
COHN 1.95 5 14.86 .655
COST 1.93 18 488.9 .054
BNTX 1.93 32 150.98 .384
DIS 1.92 10 137.46 .130
ACIU 1.91 2 4.38 .872
SNA 1.89 5 210.78 .040
RL 1.89 8 110.33 .136
MSGE 1.88 4 72.46 .100
CAT 1.88 10 214.33 .080
BIDU 1.88 118 149.05 1.416
AFRM 1.88 18 58.25 .576
TDG 1.87 4 621.27 .012
PDD 1.87 5 60.52 .150
COF 1.87 4 148.3 .048
VLO 1.86 4 78.59 .092
TSRI 1.84 1 11.05 .166
ANET 1.83 2 121.52 .030
ACMR 1.83 5 74.47 .120
MRIN 1.81 6 3.11 3.486
KNBE 1.80 7 22 .567
ROLL 1.78 7 189.93 .063
MYNZ 1.78 1 21.5 .082
CERE 1.78 7 26.16 .476
VRPX 1.77 9 2.3 6.921
RAPT 1.77 7 22.65 .546
DAVA 1.77 4 115.66 .060
XBI 1.75 6 92.11 .108
EA 1.75 6 135.2 .072
LWAC 1.73 5 16.98 .505
WAVE 1.72 5 5.29 1.625
LAIX 1.72 4 0.479 14.360
DLTR 1.72 11 132.15 .143
LIN 1.71 11 316.16 .055
TSCO 1.70 10 217.17 .070
IMPL 1.70 5 9.04 .940
DOCN 1.70 12 55.66 .360
NNOX 1.69 5 11.49 .735
KYMR 1.69 2 39.89 .084
SQ 1.68 24 117.3 .336
PAYX 1.68 4 120.09 .052
ROG 1.67 1 273.64 .006
AN 1.67 8 112.48 .112
NMRD 1.66 4 3.95 1.680
VVOS 1.65 6 2.43 4.074
TMUS 1.65 10 106.65 .150
NVOS 1.65 5 1.2 6.875
CREE 1.64 5 79.12 .100
AMAT 1.64 9 139.29 .099
TRI 1.63 4 106.33 .060
LVS 1.63 1 44.89 .036
JZXN 1.63 4 1.39 4.688
NVTS 1.62 2 9.94 .324
GRU 1.62 1 4.88 .331
CLDX 1.61 3 28.85 .165
PLCE 1.60 4 69.24 .092
BLDR 1.60 8 69.8 .176
STMP 1.59 4 329.61 .016
LH 1.59 9 272.15 .045
TMX 1.58 3 42.9 .108
LHDX 1.58 4 5 1.264
XLNX 1.57 16 185.51 .128
TASK 1.57 8 29.59 .424
RLMD 1.57 4 18.46 .340
GH 1.57 8 71.37 .168
CARA 1.57 2 11.77 .266
DPW 1.56 5 1.6 4.875
UTHR 1.55 5 202.15 .035
TSC 1.55 1 29.71 .052
IRDM 1.55 4 36.43 .168
CRNC 1.55 4 62.02 .096
BLFS 1.55 1 29.11 .053
CHCI 1.54 3 4.58 1.008
TERN 1.53 4 5.75 1.064
SIEB 1.53 5 1.95 3.920
DLO 1.53 5 26.69 .285
MRAM 1.52 3 8.63 .528
FISV 1.52 7 102.74 .098
CVS 1.52 6 103.51 .084
TTWO 1.51 8 164.99 .072
SNOA 1.51 4 3.78 1.596
WAFU 1.50 4 2.7854 2.152
F 1.50 1 20.39 .073
BYND 1.50 8 62.49 .192
BTCS 1.50 1 4.59 .326
RBLX 1.49 16 70.74 .336
KTTA 1.49 1 1.21 1.231
CNC 1.49 5 77.53 .095
BCYC 1.49 3 46.91 .093
AACG 1.49 7 1.7 6.132
STT 1.48 3 93.8 .045
ADI 1.48 5 161.44 .045
VRTX 1.47 2 229.68 .012
NURO 1.47 11 4.63 3.487
FGEN 1.47 3 14.37 .306
EDIT 1.47 3 18.48 .237
VCVC 1.46 1 9.85 .148
JKS 1.46 6 41.16 .210
HTBX 1.46 2 2.65 1.100
DPST 1.46 4 52.54 .108
AAP 1.46 6 232.81 .036
SBEA 1.45 2 9.97 .290
KMB 1.45 10 141.8 .100
EYEG 1.45 1 1.95 .743
BTBT 1.45 10 4.57 3.170
BBY 1.45 7 101.38 .098
KALV 1.44 8 11.69 .984
FATE 1.44 4 39.52 .144
LANC 1.43 2 162.82 .016
CRM 1.43 15 223.03 .090
TTC 1.42 5 93.56 .075
IMNM 1.42 4 9.27 .612
RMBL 1.41 3 33.9 .123
HOOD 1.41 14 13.12 1.498
TWTR 1.40 6 35.06 .234
JCS 1.40 3 2.16 1.944
HX 1.40 6 2.24 3.750
HON 1.40 8 204.45 .048
ESTC 1.40 9 87.99 .135
VERY 1.39 4 6 .924
EOSE 1.39 2 4.59 .604
APP 1.39 11 69.54 .209
TNET 1.38 1 85.66 .016
EXPI 1.38 6 24.84 .330
TWST 1.37 7 55.87 .168
LIVE 1.37 3 24.95 .162
EVA 1.37 3 70.01 .057
ECOM 1.37 1 20.82 .065
V 1.35 12 201.85 .072
TAOP 1.35 3 1.59 2.547
NXPI 1.35 8 203.07 .048
WNW 1.34 1 1.68 .797
J 1.33 4 132.13 .040
GRVY 1.33 7 61.92 .147
FIGS 1.33 6 22 .360
VIH 1.31 1 9.36 .139
TJX 1.31 6 69.06 .108
ROST 1.31 6 98.25 .078
CPE 1.31 8 49.35 .208
BFRI 1.31 6 3.5 2.244
ABCL 1.31 1 8.57 .152
A 1.31 10 138.12 .090
UHS 1.30 4 130.74 .036
LITE 1.30 3 98.52 .039
JG 1.30 3 0.8299 4.698
GWRE 1.30 5 99.67 .065
BNR 1.30 3 9.67 .402
OLLI 1.29 2 48.16 .052
ATAI 1.29 2 5.14 .500
APPN 1.29 4 52.58 .096
FRD 1.28 1 9 .142
BILI 1.28 23 35.19 .828
RHE 1.27 2 3.23 .786
NFE 1.27 1 21.13 .060
HJLI 1.27 1 10.38 .122
ATVI 1.27 6 79.97 .090
APXT 1.27 1 12.11 .104
DOMO 1.26 4 43.52 .112
DELL 1.26 9 55.42 .198
AMD 1.26 34 116.53 .340
THCB 1.25 1 10 .125
SPT 1.25 6 64.16 .114
OPAD 1.25 4 3.54 1.412
NGM 1.25 2 14.78 .168
BYSI 1.25 5 3.29 1.895
SJ 1.24 4 5 .992
RSKD 1.24 2 6.53 .378
PBTS 1.24 1 0.363 3.415
LPX 1.24 3 67.41 .054
LEDS 1.24 3 3.49 1.065
EDSA 1.24 1 4.36 .284
CMMB 1.24 2 5.13 .482
BNTC 1.24 3 2.44 1.524
ANPC 1.24 2 0.8 3.100
ALXN 1.24 4 182.5 .024
YETI 1.23 5 69 .085
TAP 1.23 2 49.86 .048
NVDA 1.23 167 233.72 .835
LAW 1.23 3 30.4 .120
HOG 1.23 5 34.47 .175
RCUS 1.22 1 31.75 .038
LYFT 1.22 6 37.13 .192
EYES 1.22 6 1.35 5.418
DDL 1.22 2 4.86 .502
BZ 1.22 3 27.88 .129
BRLT 1.22 5 10.82 .560
PFGC 1.21 3 44.79 .081
OSAT 1.21 3 3.75 .966
LYEL 1.21 3 5.43 .666
HGEN 1.21 3 2.52 1.440
EAT 1.21 3 34.99 .102
COUR 1.21 3 19.85 .180
ARAV 1.21 1 2.18 .555
AKAM 1.21 5 114.19 .050
WHLM 1.20 4 4.29 1.116
MMM 1.20 7 172.8 .042
MARA 1.20 21 22.9 1.092
KSS 1.20 12 63.71 .216
CRIS 1.20 2 3.27 .732
CLX 1.20 5 176.95 .030
CETX 1.20 1 0.7001 1.714
AMTX 1.20 3 9.21 .390
TVTX 1.19 3 25.93 .135
SGOC 1.19 9 6.2 1.719
FANG 1.19 9 119.42 .081
DKS 1.19 20 116.55 .200
MQ 1.18 7 11.45 .721
DFH 1.18 1 18.4 .064
BIIB 1.18 9 224.69 .045
AMC 1.18 61 16.64 4.270
WYNN 1.17 6 84.8 .078
VMW 1.17 9 125.19 .081
TSM 1.17 6 125.96 .054
TDC 1.17 5 40.56 .140
STZ 1.17 4 240.06 .016
SKT 1.17 3 17.58 .198
MVIS 1.17 5 3.05 1.915
ZIM 1.16 12 57.48 .240
VOXX 1.16 3 10.49 .330
SIF 1.16 1 6.2 .187
NTAP 1.16 4 86.52 .052
WGO 1.15 3 65.42 .051
RACE 1.15 15 231.72 .060
QCOM 1.14 16 170.07 .096
HCWB 1.14 2 2.13 1.070
AVIR 1.14 3 6.58 .519
VNET 1.13 3 8.37 .405
VIR 1.13 8 32.88 .272
STG 1.13 1 5.92 .190
LAZR 1.13 6 12.75 .528
CAH 1.13 6 50.81 .132
BTX 1.13 2 2.81 .804
TGT 1.12 16 220.58 .080
HD 1.12 23 363.81 .069
ARDS 1.12 1 1.94 .577
SHEN 1.11 3 23.07 .144
SEMR 1.11 3 17.07 .195
PMCB 1.11 3 2.09 1.593
CTRN 1.11 5 54.52 .100
CNET 1.11 1 0.7022 1.580
ALLO 1.11 2 11.34 .194
XM 1.10 3 25.96 .126
OPTT 1.10 1 1.05 1.047
MRUS 1.10 3 26.5 .123
JRVR 1.10 3 27.84 .117
IMMX 1.10 2 4.23 .520
XTLB 1.09 2 2.3992 .908
SKX 1.09 4 43.24 .100
HHR 1.09 12 36.21 .360
FOSL 1.09 2 10.38 .210
ALDX 1.09 2 3.46 .630
SPCE 1.08 25 8.6 3.125
SFIX 1.08 3 16.18 .198
MTSL 1.08 3 3.37 .960
FCBP 1.08 1 29.1 .037
B 1.08 1 46.55 .023
AZYO 1.08 1 5.4 .200
ALF 1.08 2 1.74 1.240
ABSI 1.08 3 6.64 .486
SMLP 1.07 2 22.74 .094
HALO 1.07 2 34.7 .060
AXP 1.07 6 158.93 .036
ATKR 1.07 4 99.6 .040
VYGR 1.06 2 2.85 .742
JPM 1.06 15 144.95 .105
IBM 1.06 11 128.82 .088
C 1.06 5 62.7 .080
XLY 1.05 7 182.59 .035
SCR 1.05 5 35.58 .145
PTGX 1.05 3 28.97 .108
CELC 1.05 3 10.71 .294
RUN 1.04 6 27.04 .228
PRTA 1.04 9 35.47 .261
OCGN 1.04 12 3.32 3.756
NETE 1.04 2 13.09 .158
KURA 1.04 4 12.9 .320
IPA 1.04 2 5.66 .366
FSTX 1.04 1 3.97 .261
AUPH 1.04 10 15.74 .660
TSN 1.03 5 90.65 .055
KMPH 1.03 3 6.65 .462
MFNC 1.02 2 21.5 .094
INMD 1.02 6 44.61 .132
GIII 1.02 5 26.46 .190
ZCMD 1.01 1 1.74 .580
SCHW 1.01 6 88.71 .066
MOXC 1.01 6 1.99 3.042
LL 1.01 1 14.47 .069
FUBO 1.01 3 10.11 .297
EGRX 1.01 2 47.55 .042
PINS 1.00 4 31.11 .128
OMER 1.00 1 5.07 .197
HGSH 1.00 3 1.77 1.692
UAL .99 3 41.39 .069
DNA .99 2 5.13 .384
DKNG .99 6 20.03 .294
CM .99 9 125.16 .063
ARVN .99 9 68.48 .126
ACY .99 19 7.68 2.432
TRCH .98 2 4.95 .394
MYGN .98 2 26.86 .072
MCD .98 8 253.61 .024
MBOT .98 2 6.9 .284
JWN .98 4 22.59 .172
IMTX .98 4 10.05 .388
HOFV .98 2 1.33 1.472
SAFM .97 2 186.96 .010
RRGB .96 2 14.85 .128
NFLX .96 105 387.15 .210
IMAB .96 6 28.9 .198
FA .96 1 17.04 .056
AZPN .96 4 145.52 .024
SUPN .95 2 29.14 .064
SPG .95 9 146.1 .054
BTWN .95 1 9.8 .096
BPTH .95 2 3.54 .536
AGRI .95 5 1.24 3.830
HAS .94 6 97.41 .054
ENOB .94 5 4.43 1.060
UPS .93 9 204.13 .036
TGTX .93 3 14.46 .192
NIU .93 4 13.66 .272
LIFE .93 4 6.05 .612
PLUG .92 9 20.7 .396
OKE .92 3 58.63 .045
MNST .92 5 88.14 .050
LBPH .92 1 4.34 .211
KNL .92 1 25.04 .036
YEXT .91 1 7.94 .114
SSY .91 3 1.32 2.067
OTIS .91 5 83.23 .050
BIG .91 3 42.72 .063
AIT .91 2 100.1 .018
ZEV .90 5 4.79 .935
VSCO .90 7 54.46 .112
OVV .90 5 37.5 .120
GEG .90 1 1.94 .463
DXC .90 3 30.32 .087
CRTO .90 1 33.72 .026
SPI .89 4 2.94 1.208
BKE .89 6 38.15 .138
ACHL .89 1 3.8 .234
TTD .88 18 65.33 .234
RTX .88 3 88.12 .027
GMBL .88 2 2.73 .644
COP .88 13 83.02 .130
GDEV .87 3 6.79 .384
DTSS .87 1 1.21 .719
KODK .86 2 3.88 .442
GE .86 6 96.91 .048
APT .86 2 4.76 .360
VMEO .85 2 13.69 .124
SRNE .85 1 3.535 .240
WMT .84 22 140.2 .110
STX .84 10 97.16 .080
PTIX .84 2 0.969699 1.732
NLS .84 2 4.95 .338
MO .84 4 49.95 .064
MDT .84 11 104.21 .088
ISPC .84 8 4.92 1.360
HOL .84 3 12.35 .204
FL .84 5 46.47 .090
CLII .84 3 14.36 .174
APOP .84 5 13.17 .315
TNA .83 5 62.21 .065
ROIV .83 1 7.28 .114
MAXR .83 4 27.74 .116
LEGN .83 7 37.91 .147
IRBO .83 1 36.12 .022
CNA .83 1 45.19 .018
BLUW .83 2 9.63 .172
AEO .83 4 23.18 .140
SONO .82 6 23.43 .204
SANA .82 1 9.01 .091
MNSO .82 1 10.26 .079
FITB .82 3 45.48 .054
BGFV .82 11 19.45 .462
XLK .81 13 155.13 .065
USB .81 7 56.81 .098
SPRT .81 20 11.8 1.360
MBRX .81 2 1.51 1.072
JNJ .81 8 162.97 .032
GDYN .81 2 26.86 .060
BABA .81 100 120.37 .600
SYPR .80 4 2.07 1.544
NKE .80 11 146 .055
GTEC .80 4 4.85 .656
DD .80 4 77.15 .040
CYTK .80 6 31.47 .150
BZUN .80 2 12.93 .122
ASAN .80 16 54.69 .224
SWI .79 1 13.73 .057
PNRG .79 1 76.48 .010
LUV .79 8 43.87 .144
ERYP .79 4 2.03 1.556
BBBY .79 17 14.04 .952
ZY .78 3 5.03 .465
PTON .78 6 29.71 .156
IPHA .78 4 3.71 .840
GNOG .78 1 7.25 .107
CAI .78 1 56 .013
BTBD .78 1 3.1 .251
PLTR .77 2 13.4 .114
OLB .77 3 1.77 1.305
FUV .77 2 5.71 .268
ENTX .77 2 2.32 .662
BJ .77 9 62.89 .108
ALYA .77 4 2.46 1.252
VLDR .76 2 3.56 .426
NBRV .76 1 0.450401 1.687
MOS .76 5 39.11 .095
GROM .76 2 1.57 .968
ABT .76 12 123.82 .072
JBL .75 6 62.17 .072
FLWS .75 4 22.51 .132
SCKT .74 4 3.6 .820
MS .74 10 98.08 .070
MNOV .74 3 2.21 1.002
LOGI .74 8 74.45 .072
JD .74 13 71.74 .130
GTIM .74 1 4.31 .171
GRVI .74 3 4.22 .525
EVOL .74 2 1.83 .808
BB .74 12 8.2 1.080
ATXI .74 1 0.6365 1.162
UPC .73 3 1.36 1.608
SQBG .73 2 6.24 .232
RIOT .73 6 15.13 .288
OPNT .73 4 26.09 .108
NVFY .73 3 1.6083 1.359
LI .73 7 27.27 .182
GM .73 5 52.64 .065
RMED .72 6 1.03 4.194
DEN .72 4 70.5 .040
CRMT .72 9 103.18 .054
BTCM .72 4 3.09 .932
BBLG .72 3 2.4 .900
ARPO .72 1 2.2 .327
ZKIN .71 2 1.33 1.066
UBER .71 6 36.28 .114
RFL .71 5 4.05 .875
PALI .71 3 1.09 1.953
DAL .71 7 37.91 .126
TBLA .70 1 9.85 .071
ORGS .70 1 2.54 .275
OCX .70 1 1.8 .388
IGIC .70 3 7.94 .264
DDD .70 12 16.85 .492
CRCT .70 4 20.08 .136
VRNT .69 5 52.82 .065
SVFD .69 1 4.62 .149
SLS .69 4 4.8 .572
FTEK .69 3 1.16 1.782
ASM .69 1 0.7997 .862
APRE .69 3 2.1 .984
STEM .68 6 12.48 .324
RIDE .68 7 2.6 1.827
ONCS .68 1 0.84 .809
CGC .68 3 7.4 .273
XONE .67 2 26.7 .050
SKLZ .67 4 4.8 .556
QFIN .67 10 19.84 .330
PPSI .67 9 5.27 1.143
PLD .67 5 153.31 .020
NPTN .67 1 15.23 .043
JRJC .67 3 3.99 .501
FTCH .67 6 21.86 .180
CLNE .67 1 5.24 .127
ACH .67 1 14.02 .047
VIPS .66 1 8.76 .075
GLD .66 13 172.03 .039
CTKB .66 1 14.83 .044
ATNF .66 4 2.54 1.036
AMOM .66 1 29.74 .022
ABBV .66 9 132.16 .036
TATT .65 3 5.85 .333
STRO .65 2 10.41 .124
RY .65 9 113.4 .045
NEE .65 6 81.92 .042
MESO .65 2 4.15 .312
LMNL .65 3 0.8949 2.178
IONQ .65 7 10.89 .413
FB .65 108 308.71 .216
SLGG .64 2 1.97 .648
SDC .64 2 1.99 .642
MDIA .64 4 5.38 .472
LZB .64 2 34.12 .036
LOW .64 14 232.35 .028
DVAX .64 2 12.6 .100
LEXX .63 4 4.3 .584
FLOW .63 4 85.1 .028
CHKP .63 8 124.24 .040
CANF .63 2 1.14 1.104
ARCE .63 3 19.65 .096
TQQQ .62 145 57.49 1.450
LJPC .62 2 4.29 .288
ISEE .62 4 12.69 .192
HCM .62 6 27.78 .132
CUE .62 1 9.41 .065
BON .62 3 3.47 .534
BLPH .62 1 2.42 .256
ASTR .62 5 4.8 .645
AREC .62 5 1.74 1.780
APG .62 2 22.42 .054
WM .61 11 149.79 .044
VGR .61 1 11.6 .052
SOS .61 2 0.673 1.812
MVST .61 6 5.14 .708
ENSC .61 4 2.31 1.056
AMBO .61 1 0.81 .753
RETO .60 3 0.785 2.292
PSTV .60 1 0.865 .693
KZR .60 3 12.62 .141
EVK .60 6 2.02 1.782
CEMI .60 8 0.9061 5.296
AYRO .60 2 1.15 1.042
AMRS .60 1 4.59 .130
TTCF .59 3 12.09 .144
SPTN .59 4 24.7 .092
IS .59 2 6.37 .184
YMM .58 2 8.7 .132
WPRT .58 2 1.89 .612
WISH .58 3 2.38 .729
STAF .58 2 0.815 1.422
IFRX .58 3 3.43 .507
ICCM .58 1 2.17 .267
CSIQ .58 4 25.61 .088
BRTX .58 1 3.46 .167
ALC .58 12 76.01 .084
XLV .57 10 129.04 .040
WEI .57 1 0.5 1.140
SNAP .57 113 31.8 1.921
SBTX .57 1 4.61 .123
PRFX .57 4 1.135 2.008
ORPH .57 4 2 1.140
LAC .57 15 25.59 .330
EZFL .57 1 1.17 .487
CLPS .57 1 1.86 .306
CLPS .57 1 1.86 .306
VTSI .56 4 6.3 .352
UAA .56 4 19.33 .112
SJM .56 15 142.02 .045
OLN .56 3 48.74 .033
OBLN .56 3 3.05 .549
MTP .56 1 1 .560
LODE .56 3 1.4201 1.182
EAR .56 1 4.89 .114
CYAD .56 1 3.5 .160
BFLY .56 2 5.84 .190
VNE .55 6 35 .090
RSI .55 2 9.63 .114
MOSY .55 2 4.5 .244
MAT .55 7 20.65 .182
M .55 18 27.07 .360
LOOP .55 5 7.69 .355
FLXN .55 1 9.12 .060
EOLS .55 1 5.46 .100
WHLR .54 2 1.64 .658
VOOV .54 2 146.98 .006
INTC .54 7 51.94 .070
GPS .54 7 17.12 .217
ENZ .54 2 3.16 .340
CALT .54 4 20.86 .100
BCRX .54 13 14.26 .481
ADMA .54 1 1.39 .388
TBIO .53 3 37.36 .042
PCVX .53 3 18.19 .087
NIO .53 77 24.87 1.617
MEDS .53 5 1.91 1.385
HUYA .53 4 6.86 .308
HPQ .53 6 35.62 .084
EQ .53 1 3.97 .133
CHPT .53 4 12.94 .160
BBWI .53 6 56.18 .054
SILK .52 7 32.99 .105
ANF .52 3 35.91 .042
RCON .51 2 1.03 .990
OCUP .51 2 2.84 .358
MU .51 12 82.95 .072
MSFT .51 119 296.37 .119
LEN .51 9 100.01 .045
GFAI .51 2 1.0399 .980
DYAI .51 3 3.81 .399
CPSH .51 1 3.03 .168
BLU .51 3 5.66 .270
TIGR .50 8 4.36 .912
PSTG .50 5 26.4 .090
PG .50 14 161.3 .042
PATI .50 2 8.02 .124
CROX .50 13 106.13 .052
CCJ .50 17 20.05 .408
CBAT .50 3 1.15 1.302
BEKE .50 4 21.07 .092
SOFI .49 9 13.3 .324
RKDA .49 1 0.86 .569
RELI .49 8 5.94 .656
NTRB .49 4 4.47 .436
NRBO .49 2 1.17 .836
MOLN .49 6 28.55 .102
IGC .49 3 0.8501 1.728
GP .49 3 5.2 .282
GEVO .49 4 3.33 .588
ENLV .49 2 5.09 .192
ECHO .49 1 48.24 .010
BAC .49 7 44.55 .070
ATHM .49 3 31.38 .045
ARMP .49 1 4.91 .099
PFE .48 21 51.54 .189
NNDM .48 3 3.32 .432
KIRK .48 3 16.69 .084
EPU .48 3 32.39 .042
TRIL .47 1 18.44 .025
TLRY .47 4 5.84 .320
SPRB .47 3 2.57 .546
SOHU .47 6 17.53 .156
PEP .47 8 173.33 .016
EXPR .47 5 3.08 .760
DARE .47 1 1.47 .319
BODY .47 2 1.72 .546
AMKR .47 3 22.21 .063
XPEV .46 84 39.99 .924
UFAB .46 2 1.79 .512
SYTA .46 5 1.29 1.780
SM .46 5 32.59 .070
NTEC .46 4 9.63 .188
MARK .46 4 0.8273 2.224
KO .46 9 59.96 .063
KBSF .46 2 3.05 .300
GURE .46 1 4.15 .110
EQOS .46 1 1.91 .240
DUK .46 11 102.58 .044
CVV .46 2 4.55 .202
VERU .45 4 4.94 .364
TYME .45 4 0.5301 3.392
TME .45 1 6.19 .072
ONCT .45 2 1.93 .466
NXGL .45 1 2.66 .169
EVGO .45 8 8.32 .432
CCL .45 5 19.74 .110
ADIL .45 2 2.35 .382
WORX .44 4 1.13 1.556
WFC .44 10 53.32 .080
STN .44 3 52.43 .024
NNVC .44 3 2.25 .585
MTTR .44 15 10.44 .630
MRVL .44 10 72.09 .060
LESL .44 2 21.86 .040
GALT .44 3 1.98 .666
FFHL .44 2 7.2801 .120
DWSN .44 2 2.32 .378
DNUT .44 10 14.82 .290
WOOF .43 3 18.11 .069
HOLI .43 1 12.8 .033
GAME .43 1 2.64 .162
EVGN .43 1 1.31 .328
CAN .43 4 4.02 .424
ATIF .43 1 4.01 .107
HRC .42 6 155.96 .012
HMHC .42 4 17.45 .096
DTST .42 6 2.91 .864
CTSO .42 4 3.79 .440
BWAY .42 3 7.0843 .177
ARMK .42 4 34.38 .048
AA .42 16 58.02 .112
SRNG .41 1 11.42 .035
SLB .41 6 36.6 .066
RKT .41 2 12.96 .062
PDCO .41 4 28.04 .056
KZIA .41 2 6.65 .122
HNST .41 3 6.05 .201
GTT .41 1 2.36 .173
BLIN .41 8 1.77 1.848
AUUD .41 7 1.645 1.743
ACOR .41 4 1.78 .920
YJ .40 2 0.6005 1.332
LIZI .40 4 1.36 1.176
GRTX .40 4 2.66 .600
FCX .40 26 39.96 .260
FBRX .40 1 1.46 .273
DUOT .40 1 5.13 .077
CTIB .40 5 0.8911 2.240
CHRA .40 1 5.19 .077
MT .39 5 30.99 .060
IYC .39 4 74.59 .020
EQT .39 3 20.65 .054
CSCW .39 2 0.4092 1.906
CRTD .39 7 1.76 1.547
BDTX .39 1 3.95 .098
AQMS .39 3 0.9045 1.293
XOM .38 10 72.79 .050
SBH .38 3 18.83 .060
RDUS .38 1 7.04 .053
OVID .38 2 2.82 .268
OTLK .38 2 1.39 .546
MRTN .38 3 16.53 .066
MPC .38 6 70.39 .030
K .38 14 66.2 .070
GPK .38 2 19.02 .038
ANIX .38 1 3.02 .125
VTNR .37 10 4.22 .870
UONE .37 7 4.19 .616
MRK .37 12 78.83 .048
HUGE .37 1 0.8966 .412
GT .37 6 22.04 .096
DRN .37 13 22.71 .208
CRDF .37 4 3.62 .408
CHMA .37 2 3.76 .196
XLF .36 4 38.31 .036
UAVS .36 3 1.13 .954
MRKR .36 1 0.62 .580
MITQ .36 1 1.22 .295
JFIN .36 2 1.82 .394
IDEX .36 4 0.981 1.464
GOVX .36 7 2.27 1.106
GNLN .36 2 0.7731 .930
CSCO .36 15 56.9 .090
CLF .36 14 17.11 .294
BNGO .36 12 2.08 2.076
AKTX .36 1 1.37 .262
ADMP .36 1 0.6189 .581
ACB .36 3 4.32 .249
VXX .35 4 23.72 .056
VALN .35 8 31.65 .088
ORMP .35 19 8.86 .741
ORGO .35 2 7.53 .092
ON .35 12 55.34 .072
LMFA .35 5 3.67 .475
KHC .35 6 36.39 .054
CLSD .35 3 1.83 .573
CIFR .35 3 2.8 .375
BSQR .35 13 1.49 3.042
AESE .35 1 1.78 .196
XELB .34 2 1.0999 .618
TRIT .34 5 1.73 .980
SSNT .34 2 3.65 .186
NKLA .34 18 7.45 .810
HWCC .34 1 5.3 .064
CYTH .34 1 3.62 .093
NUAN .33 3 55.05 .015
ME .33 7 4.58 .504
LICY .33 2 7.57 .086
IMMR .33 6 5.11 .384
HNP .33 2 21.52 .030
GTS .33 1 35.66 .009
EPAY .33 4 56.44 .020
CIEN .33 21 65.38 .105
BHTG .33 1 0.837 .394
WATT .32 2 1.05 .608
TAL .32 2 3.18 .200
SPCB .32 2 0.498 1.284
SGBX .32 3 1.99 .480
PRPL .32 6 9.12 .210
PHUN .32 17 2.35 2.312
MINM .32 2 1.16 .550
FOE .32 2 21.75 .028
CORT .32 2 17.78 .034
CL .32 9 83.67 .027
AAPL .32 112 161.62 .112
AAL .32 9 16.41 .171
WINT .31 3 1.15 .807
VZ .31 4 52.96 .020
ULBI .31 2 5.19 .118
SCYX .31 4 4.75 .260
DMAC .31 2 2.38 .260
DBGI .31 6 1.28 1.452
AEY .31 1 1.3101 .236
TESS .30 3 5.8 .153
OXBR .30 5 4.86 .305
LGHL .30 4 1.05 1.140
LC .30 13 21.06 .182
HAPP .30 1 0.4048 .741
ENG .30 3 0.8379 1.074
CLSK .30 1 6.59 .045
BRG .30 3 26.5 .033
AUTL .30 3 3.83 .234
ACI .30 14 28.46 .140
NEXT .29 4 2.41 .480
HUSN .29 4 2.27 .508
EFOI .29 4 1.78 .648
ALTO .29 5 5.17 .280
AFMD .29 3 4.09 .210
RF .28 3 22.97 .036
ORCL .28 37 82.42 .111
MLCO .28 1 11.03 .025
MITO .28 1 0.7052 .397
KR .28 21 47.72 .105
FLO .28 6 28.59 .054
CLOV .28 2 2.53 .220
APTO .28 4 1.205 .928
WIMI .27 4 2.87 .376
RSLS .27 4 1.27 .848
NAOV .27 11 0.8348 3.553
INCY .27 5 75.34 .015
GSM .27 7 5.16 .364
FENC .27 2 4.55 .118
ENVB .27 3 0.62 1.305
ZGNX .26 1 25.93 .010
VIVE .26 2 0.9401 .552
PPBT .26 1 2.9 .089
PME .26 1 0.5675 .458
JQUA .26 1 41.94 .006
GIS .26 14 68.55 .042
AXLA .26 2 1.66 .312
VCLO .25 1 12.18 .020
PBLA .25 1 1.655 .151
HITI .25 1 3.94 .063
AVCT .25 6 1.32 1.134
T .24 8 26.34 .072
RAIL .24 4 3.45 .276
PLG .24 3 1.73 .414
MOGO .24 4 2.29 .416
IKT .24 1 1.3 .184
GBR .24 1 2.55 .094
CPIX .24 4 3.09 .308
CONE .24 3 89.08 .006
UWMC .23 4 5.22 .176
PIRS .23 7 3.5 .455
NXE .23 2 4.09 .112
IMRN .23 1 3.6 .063
ERJ .23 16 15.1 .240
BCLI .23 2 3.15 .146
BBIG .23 24 2.93 1.872
AZN .23 17 56.97 .068
XLE .22 11 62.87 .033
THTX .22 1 2.9999 .073
SSKN .22 1 1.39 .158
SLV .22 7 22.11 .063
PBR .22 12 12.64 .204
JFU .22 3 0.9412 .699
INVO .22 1 3.06 .071
INOV .22 2 41.06 .010
FFIE .22 2 4.49 .096
DYNT .22 5 0.852 1.290
BIOC .22 4 2.97 .296
ABUS .22 8 2.69 .648
VBLT .21 3 1.31 .480
TENX .21 1 0.6751 .311
SPWH .21 5 11.03 .095
ATOS .21 5 1.31 .800
ALZN .21 3 1.51 .417
ALAC .21 2 11.78 .034
ERF .20 5 10.92 .090
ENSV .20 1 0.6596 .303
ANY .20 21 1.94 2.163
AEHR .20 34 11.83 .544
NBEV .19 1 0.76 .250
MOMO .19 3 8.94 .063
FLGC .19 6 1.665 .684
COTY .19 8 8.43 .176
BKYI .19 2 2.06 .184
BGI .19 3 4.57 .123
VSH .18 3 20.69 .024
IRIX .18 4 5.23 .136
GNFT .18 7 4.12 .301
FCEL .18 131 3.92 5.895
CSPR .18 4 6.78 .104
BLNK .18 14 20.56 .112
TISI .17 1 0.697 .243
PPC .17 2 27.52 .012
PETZ .17 4 0.4563 1.488
LIVX .17 2 3.07 .110
KXIN .17 6 1.01 1.008
HRL .17 10 49.01 .030
GMTX .17 2 2 .170
AGNC .17 5 14.73 .055
TTM .16 17 31.51 .085
SNES .16 2 0.86 .372
OCG .16 4 5 .128
INFI .16 4 1.19 .536
IMMP .16 7 2.67 .413
HFBL .16 1 20.155 .007
GGAL .16 4 8.26 .076
ZNGA .15 4 8.93 .064
XLP .15 14 75.71 .014
VRS .15 2 26.55 .010
PBT .15 3 11.85 .036
IMV .15 2 1.12 .266
HIPO .15 3 1.99 .225
GSKY .15 2 10.19 .028
GRUB .15 3 10.02 .042
CREX .15 1 1.31 .114
CHNG .15 2 19.98 .014
XERS .14 1 2.12 .066
SYKE .14 3 54 .006
OEG .14 1 1.64 .085
NXTP .14 1 0.6351 .220
INM .14 1 1.18 .118
IEC .14 1 15.34 .009
EDU .14 1 1.49 .093
VIEW .13 2 2.74 .094
SVBI .13 1 13.63 .009
SALM .13 5 2.89 .220
OSMT .13 4 1.11 .468
GENE .13 3 1.8699 .207
VERB .12 8 1.13 .848
SBBP .12 2 2 .120
PSTX .12 1 4.75 .025
MGTX .12 2 15.04 .014
LTHM .12 19 22.56 .095
HDGE .12 3 25.51 .012
GSAT .12 2 1.01 .236
CRON .12 5 3.43 .170
CHNR .12 4 0.844999 .568
BP .12 8 29.98 .032
AHPI .12 3 3.52 .102
UNIT .11 3 12.1 .027
TELL .11 9 2.7 .360
SNMP .11 2 0.3399 .646
MRO .11 19 18.3 .114
MOHO .11 3 0.3043 1.083
GBS .11 1 1.16 .094
FENG .11 2 0.73 .300
ET .11 6 9.18 .066
EKSO .11 2 2.33 .094
CALA .11 1 0.4406 .249
ACHV .11 2 7.08 .030
SLHG .10 1 0.8482 .117
RAVN .10 3 58.08 .003
OBSV .10 6 1.5 .396
KDMN .10 4 9.5 .040
EDTK .10 2 1.16 .172
D .10 12 78.48 .012
CNFR .10 2 2.37 .084
CDEV .10 6 7.53 .078
YPF .09 3 3.77 .069
XELA .09 7 0.4137 1.519
WTER .09 2 1.07 .168
TEDU .09 2 1.87 .096
TAAG .09 1 20.9494 .004
SELF .09 1 5.46 .016
PRPO .09 3 1.3 .207
CXM .09 1 10.77 .008
AEMD .09 3 1.65 .162
AEI .09 2 0.3713 .484
XPDI .08 14 9.6 .112
TEO .08 2 4.9 .032
RIG .08 7 3.2 .175
MBII .08 1 0.6565 .121
CLDR .08 1 15.99 .005
BQ .08 2 0.6201 .258
AGEN .08 14 2.69 .406
VSTM .07 3 1.54 .135
SWN .07 4 4.16 .064
SSL .07 26 19.48 .078
NEPT .07 2 0.3715 .376
LMRK .07 2 16.49 .008
ITRO .07 1 1.27 .055
ITRN .07 3 24.02 .006
CPLG .07 1 15.64 .004
CPG .07 10 6.12 .110
BVXV .07 4 1.38 .200
XBIO .06 8 1.03 .464
VG .06 1 20.81 .002
RRD .06 12 11.07 .060
KULR .06 8 1.98 .240
ESXB .06 2 11.3 .010
ENIC .06 1 2.1 .028
DBVT .06 12 1.47 .480
ADMS .06 2 8.22 .014
SBS .05 13 6.52 .091
OXY .05 32 34.01 .032
OCG .05 13 5 .130
MFGP .05 9 5.72 .072
MDNA .05 8 1.44 .272
LPTX .05 10 2.02 .240
FRBK .05 1 4.05 .012
FAST .05 8 57.47 0
PSP .04 3 13.64 .006
NOK .04 6 5.49 .042
MTL .04 23 2.62 .345
CXP .04 1 19.28 .002
AVGR .04 7 0.277 1.008
VTGN .03 5 1.59 .090
VCAR .03 1 13.13 .002
SNDL .03 1 0.46 .065
SIC .03 1 14.49 .002
IRCP .03 5 2.11 .070
FRO .03 21 6.43 .084
RVI .02 4 3.14 .024
RTLR .02 9 12.14 .009
RCAT .02 3 1.7 .033
NWHM .02 1 8.99 .002
KIN .02 2 9.25 .004
EIC .02 2 16.9181 .002
DSE .02 1 9.49 .002
PMD .01 1 6.79 .001
INFL .01 2 29.98 0
IACB .01 3 7.95 .003
DFP .01 3 26.32 0
BEST .01 3 0.7239 .039
WMPN 0 4 12.35 0
SLVO 0 6 5.14 0
QQC 0 2 29.3 0
QADB 0 4 87.54 0
PAE 0 1 10 0
ONON 0 1 51.42 0
NLSP 0 1 0.886 0
LHAA 0 1 9.7 0
HWBK 0 1 25.7 0
ESLT 0 1 166.5 0
DVD 0 1 3.61 0
APWC 0 1 2.99 0
NSYS -.12 1 10.1 -.011
