HGEN 6.64 3 0.1231 161.817
SCPS 3.05 7 0.22 97.041
EJH 4.47 6 0.442 60.678
NURO 7.74 12 1.585 58.596
BTBT 2.72 12 0.75 43.512
IDEX 1.89 4 0.2057 36.752
DAVE 3.75 3 0.3522 31.941
NRBO 13.42 4 1.77 30.324
FCEL .64 150 3.23 29.700
AMC 2.50 69 5.94 28.980
EVK 2.95 6 0.65 27.228
INM 10.54 4 2.03 20.768
GTEC 7.00 6 2.11 19.902
OCG 3.64 4 0.74 19.672
GME 3.81 106 22.63 17.808
SNAP 1.22 131 9.45 16.899
BBBY 1.82 27 3.08 15.930
SJ 6.31 5 2.02 15.615
AREC 2.49 8 1.28 15.560
LIZI 2.65 4 0.8 13.248
NCTY 1.19 8 0.73 13.040
ATXI 4.42 4 1.39 12.716
NIO 1.55 101 12.63 12.322
SHOP 11.22 42 38.38 12.264
AYRO 3.46 2 0.5719 12.100
CRIS 3.07 3 0.7701 11.958
CRDF 2.62 6 1.43 10.992
VVOS .63 6 0.3571 10.584
KXIN .86 6 0.49 10.530
OPTT 5.92 1 0.59 10.033
NVAX 8.77 18 16.51 9.558
SPI 1.78 7 1.36 9.156
CNET 6.68 1 0.73 9.150
DWAC 19.78 10 21.66 9.130
MOHO .30 3 0.0999 9.009
SHOP 17.08 20 38.38 8.900
XPEV .84 114 10.94 8.664
KOSS 5.55 9 5.87 8.505
OCX 3.76 1 0.4501 8.353
GOVX .58 10 0.71 8.160
VERU 1.05 42 5.47 8.022
SHOP 14.84 20 38.38 7.720
ENG 1.68 4 0.8827 7.612
MOGO 1.07 4 0.5801 7.376
SHOP 13.98 20 38.38 7.280
VLDR 2.40 3 1.02 7.056
BLNK 6.17 14 12.44 6.930
SLS 2.16 8 2.52 6.856
OCGN .65 14 1.35 6.734
JG 1.45 4 0.8697 6.668
GEVO 1.69 7 1.79 6.608
AVXL 4.99 10 7.65 6.520
CBAT 2.55 3 1.21 6.321
CTIB .95 4 0.73 5.204
BLNK 4.60 14 12.44 5.166
SOXS 4.72 36 33.23 5.112
BRLT 3.90 6 4.82 4.854
FFIE .13 11 0.295 4.840
SPCE .86 26 4.65 4.784
FTEK 2.32 3 1.46 4.767
MVIS 2.12 6 2.85 4.458
SOXS 4.65 31 33.23 4.309
ASAN 2.95 21 14.46 4.284
TQQQ .52 176 20.89 4.224
RCON 2.23 2 1.06 4.206
VEEE 4.13 2 2 4.130
PBLA .20 2 0.0988 4.048
SOXS 4.45 30 33.23 3.990
NKLA .40 22 2.32 3.784
TTCF .56 8 1.25 3.584
VERU .88 22 5.47 3.520
BB .91 17 4.4 3.502
ADGI 1.79 9 4.64 3.465
ZIM 1.78 36 18.57 3.420
ALDX 3.40 6 6.14 3.318
SFIX 4.27 3 3.88 3.300
CAN 1.28 6 2.41 3.186
ENSV .48 13 1.9695 3.159
ONON 18.32 3 17.42 3.153
SQ 6.29 32 64.6 3.104
ACB .58 6 1.13 3.078
MTTR .82 10 2.73 3.000
PLUG 3.33 12 13.36 2.988
LAZR 2.34 9 7.11 2.961
TSLA 2.66 211 179.05 2.954
ANVS 4.22 8 11.57 2.912
MRNA 12.02 43 177.35 2.881
NTLA 9.93 11 37.94 2.871
NVDA 2.51 204 170.01 2.856
VCSA 1.12 3 1.26 2.664
KMPH 2.99 4 4.53 2.640
BFLY 1.17 6 2.71 2.586
KODK .58 17 3.84 2.567
FIGS 1.73 11 7.4 2.563
GDRX 3.46 4 5.42 2.552
UAVS .32 3 0.4097 2.343
LYFT 2.65 9 10.95 2.178
TOST 6.00 7 19.3 2.170
TELL .14 33 2.14 2.145
YJ .89 2 0.8301 2.144
NGM 3.54 3 5.05 2.100
PLG .53 7 1.78 2.079
STEM 1.74 12 10.55 1.968
PPSI .56 10 2.8892 1.930
AA 2.33 37 45.08 1.887
ONCT 2.02 1 1.07 1.887
OVID 1.71 2 1.82 1.878
LGVN .61 10 3.26 1.870
RLMD .82 6 2.68 1.830
PRPL 1.34 7 5.31 1.764
BNGO .31 12 2.12 1.752
AMD 2.13 54 68.59 1.674
RBLX 2.74 19 31.65 1.634
VTNR .98 10 6.02 1.620
RUN 3.01 15 28.65 1.575
BCLI .43 5 1.37 1.565
VIVE .31 2 0.4014 1.544
TZA 4.29 12 33.42 1.536
PYPL 8.65 13 73.57 1.521
PTON 1.95 9 11.51 1.521
FNGD 9.04 8 47.36 1.520
FSTX 4.14 2 5.51 1.502
BB .39 17 4.4 1.496
KMX 12.16 8 65.7 1.480
CANO .26 8 1.43 1.448
GBR .53 3 1.12 1.419
VERV 3.80 8 21.65 1.400
SPLK 19.84 6 87.54 1.356
DPST 2.92 11 23.9 1.342
GSM .59 9 3.94 1.341
M .97 31 22.07 1.333
CHPT 1.40 10 10.65 1.310
CFLT 9.43 3 21.68 1.302
RLAY 5.23 4 16.3 1.280
SLS .45 7 2.52 1.246
DQ 4.10 15 49.61 1.230
UAA 1.94 6 9.53 1.218
BKYI .51 2 0.8467 1.204
TME .90 11 8.21 1.199
NOV 2.58 9 19.26 1.197
GIII 1.76 9 13.4 1.179
CLF .74 25 15.5 1.175
IBRX 2.35 3 6.15 1.146
ENVX 3.33 4 11.62 1.144
NXE .33 14 4.05 1.134
SQQQ 1.82 29 46.49 1.131
TLRY .49 8 3.48 1.120
PYPL 7.44 11 73.57 1.111
TIGR .54 11 5.34 1.111
TAL 1.05 7 6.61 1.106
ALTO .24 14 3.02 1.106
PLRX 5.01 4 18.23 1.096
FSR 2.58 3 7.26 1.065
YANG .94 14 12.24 1.064
ISEE 3.57 6 20.25 1.056
STRO 2.59 3 7.47 1.038
SIG 17.54 4 68.27 1.024
BLUE 1.91 4 7.49 1.020
SBSW .74 15 11 1.005
INTR .67 3 2 1.005
BCLI .34 4 1.37 .992
AMTX .93 4 3.78 .984
GGR 1.76 2 3.61 .974
SSL .28 54 15.29 .972
TME 1.13 7 8.21 .959
BGFV .97 11 11.07 .957
CCL .61 14 8.87 .952
GPS 1.32 10 13.9 .940
GT .90 11 10.52 .935
REV 1.21 3 3.8999 .930
CTRN 3.96 7 29.89 .924
YETI 6.84 6 44.66 .918
GENE .26 4 1.16 .896
SDS 3.59 11 43.96 .891
HOOD .41 20 9.31 .880
BNTX 3.95 38 170.3 .874
ANPC 1.12 3 3.86 .870
PDSB 1.90 4 8.72 .868
SPWR 3.82 5 22 .865
NRSN .34 4 1.58 .860
MRNA 3.40 45 177.35 .855
GNFT .26 12 3.65 .852
LTHM .72 28 23.8 .840
F .65 17 13.18 .833
SBLK 1.26 13 19.51 .832
VNET .54 8 5.17 .832
SPXS 2.84 6 20.84 .816
ENVX 1.89 5 11.62 .810
TECS 4.16 7 35.87 .805
TMX 6.06 5 37.87 .800
BABA .56 133 91.34 .798
VXX 1.74 7 15.3 .791
PVH 19.26 3 73.41 .786
EQT 1.33 21 35.67 .777
BLU 1.52 5 9.83 .770
RHE .75 3 2.94 .765
BIOC .12 4 0.6282 .764
SQQQ 1.55 23 46.49 .759
DAL 1.49 17 33.8 .748
ASML 11.49 39 597.7 .741
LESL 1.49 6 12.1 .738
DOMO 3.24 4 17.56 .736
AXON 62.01 2 168.61 .734
GOGL .44 14 8.44 .728
VLO 2.62 33 114.65 .726
JWN 1.15 11 17.42 .726
SSNT 1.25 2 3.46 .722
TECS 3.24 8 35.87 .720
STX 2.19 18 54.14 .720
VIPS .79 12 13.03 .720
ABUS .19 10 2.61 .720
ZS 4.93 17 117.21 .714
KR .82 42 46.47 .714
LI .36 42 21.12 .714
MAT .60 20 17.14 .700
EQRX .50 4 2.86 .696
EVGN .46 1 0.661 .695
SBS .15 49 10.59 .686
PAAS 2.26 5 16.43 .685
LXU 2.45 4 14.34 .680
FITB 2.79 8 32.89 .672
SJR 3.00 6 26.86 .666
NEM 6.19 5 46.4 .665
ARVN 2.20 11 36.54 .660
ACI .65 22 21.38 .660
UUU .63 3 2.89 .651
XMTR 8.64 3 39.95 .648
AEHR .46 36 24.39 .648
CRM 3.05 28 131.11 .644
SU .83 23 29.6 .644
DKNG .90 10 13.96 .640
BROS 2.97 7 32.32 .637
MRNA 2.82 42 177.35 .630
TRQ 2.01 10 31.46 .630
VET .24 45 17.06 .630
BCRX .29 23 10.5 .621
PSTX .71 5 5.7 .620
YINN 5.01 6 48.3 .618
SIVB 12.43 11 220.27 .616
AAPL .70 154 142.16 .616
UWMC .41 7 4.64 .616
YMM .61 9 8.91 .612
NVDA .57 204 170.01 .612
CCJ .47 29 21.67 .609
NEPT .17 2 0.57 .596
URTY 3.02 8 40.53 .592
APA 1.58 16 41.86 .592
OVV 2.24 12 46.71 .564
JOBY .33 6 3.51 .564
FAZ 1.51 7 19.1 .553
SNOW 3.25 25 144.53 .550
FNGD 2.41 11 47.36 .550
RY 2.13 25 95.93 .550
AEO .88 10 15.82 .550
FOLD 3.18 2 11.69 .544
TNA 1.86 10 34.19 .540
ENLV .78 3 4.31 .540
IMVT 1.55 5 14.48 .535
GE 3.36 13 81.45 .533
IMTX .80 7 10.44 .532
RF 1.30 9 22.02 .531
SPXS 1.25 9 20.84 .531
TTD 1.03 25 47.81 .525
BLDR 3.40 10 65.36 .520
CVS 2.06 26 101.65 .520
BHVN .81 10 15.43 .520
SE 3.12 10 60.65 .510
CD .80 5 7.84 .510
ICPT 2.48 3 14.68 .504
PBR .15 36 10.71 .504
SIF 1.45 1 2.9136 .497
HOLI 2.10 4 17.07 .492
ARQT 2.10 4 17 .492
XOM 1.04 49 103.54 .490
FL 2.32 8 37.93 .488
AG 1.09 4 8.91 .488
BZ .81 12 20.07 .480
TH 1.04 7 15.2 .476
VTRS 1.02 5 10.78 .470
GFI .20 26 10.84 .468
SPXU .92 8 15.82 .464
MT .57 22 27 .462
HL .43 6 5.55 .462
ZM 3.38 10 72.16 .460
SHLS 3.59 3 23.81 .450
CSIQ 1.51 10 33.33 .450
PSTG 1.32 10 29.14 .450
FLO 1.32 10 28.91 .450
LTHM .37 30 23.8 .450
SBSW .38 13 11 .442
VIPS .58 10 13.03 .440
TECL 1.63 7 26.08 .434
YANG .30 18 12.24 .432
SHLS 5.14 2 23.81 .430
PRTA 2.54 10 58.36 .430
AUVI .04 10 0.9121 .430
PFE .70 33 51.72 .429
ABCL .89 5 10.47 .425
KSS .55 21 26.43 .420
XBI 1.80 19 79.53 .418
NVDA .49 208 170.01 .416
TVTX 1.57 5 18.73 .415
ADBE 7.67 18 330.64 .414
FCX .39 41 38.59 .410
CENX 1.06 3 7.75 .408
FLO 1.07 11 28.91 .407
EURN .25 29 17.82 .406
KR .42 45 46.47 .405
SQ .85 31 64.6 .403
LAC .31 31 23.22 .403
IMVT 1.45 4 14.48 .400
XOM .83 50 103.54 .400
MARA .09 22 5 .396
OLN 2.68 8 53.78 .392
CPIX .21 4 2.14 .392
ISEE .80 10 20.25 .390
FB .77 130 196.64 .390
EURN .54 13 17.82 .390
INTR .11 7 2 .385
PINS .56 16 23.16 .384
NNDM .20 4 2.07 .384
BBY 3.51 9 81.81 .378
NEE 1.46 22 84.51 .374
USB 1.34 12 43.11 .372
FISV 3.37 11 100.64 .363
EDU .72 17 33.14 .357
YPF .38 7 7.38 .357
LABU .33 7 6.39 .357
EDIT .85 4 9.45 .356
ROIV .83 3 7 .354
ECOM 2.71 3 23.09 .351
KNBE .97 9 24.77 .351
DXC 1.33 7 26.32 .350
PINS .60 14 23.16 .350
KZR .49 5 6.99 .350
AMGN 5.13 19 278.65 .342
PTEN 1.75 3 15.3 .342
BTU .27 38 28.07 .342
FANG 1.46 31 129.6 .341
BA 6.22 10 179.54 .340
PINS .47 17 23.16 .340
ABNB 1.34 24 94.7 .336
RKT .31 9 8.27 .333
SILK 2.53 7 53.03 .329
NTNX 2.59 4 31.32 .328
GM 1.59 8 38.28 .328
PATI 1.33 2 8.1118 .326
EL 6.66 12 240.41 .324
TSM 1.53 18 80.69 .324
SKX 1.95 7 42.25 .322
PPC 1.15 7 24.53 .322
OKTA 10.37 2 64.42 .320
MMM 2.05 20 125.76 .320
UBER .55 16 26.55 .320
CCL .26 11 8.87 .319
XLV 1.30 35 137.98 .315
SSRM .60 8 15.19 .312
ISIG .47 6 9 .312
QFIN .52 11 17.95 .308
FTI .50 7 11.15 .308
ARRY 3.14 2 20.49 .306
BP .32 34 33.71 .306
SWN .05 38 5.86 .304
LMT 5.87 25 483.58 .300
DLTR 2.19 20 142.31 .300
DOG 2.00 5 33.04 .300
HRL .57 25 47.02 .300
YPF .19 12 7.38 .300
RTX 2.35 13 98.27 .299
DOCS .98 11 35.63 .297
BILI .30 27 25.41 .297
NTNX 4.66 2 31.32 .296
BTU .23 37 28.07 .296
XOM .55 59 103.54 .295
AXSM 5.48 4 74.86 .292
MAXR 1.40 5 23.92 .290
SMH 3.79 17 220.04 .289
SPY 3.73 32 393.28 .288
HAS 1.95 9 59.49 .288
WOOF .51 6 10.51 .288
CLX 3.37 13 148.78 .286
CIVI 5.29 3 56.14 .282
CRH .82 14 39.86 .280
CAT 2.90 23 227.29 .276
WM 2.30 21 166.83 .273
SRTY 1.09 13 51.58 .273
SHOP 1.07 10 38.38 .270
DRN .30 10 10.75 .270
ATVI 1.82 11 75.16 .264
XLY 1.22 33 139.43 .264
BERZ .62 13 30.52 .260
BEKE .26 16 15.39 .256
MDB 3.51 14 191.75 .252
BBWI 1.07 10 42.31 .250
FA 1.68 2 13.5 .248
AZN .35 49 69.55 .245
FNGD 2.30 5 47.36 .240
CFVI .73 4 12.04 .240
AMGN 4.05 17 278.65 .238
ICPT 1.75 2 14.68 .238
TJX 1.38 14 78.06 .238
LVS .68 17 47.31 .238
CRGY .72 4 12.14 .236
TECL 1.25 5 26.08 .235
GKOS 5.32 2 45.46 .234
EVO .33 6 8.42 .234
SPWH .29 8 9.94 .232
JPM 1.42 23 132.16 .230
LMT 4.08 28 483.58 .224
MPC 1.10 22 106.83 .220
VRTX 9.85 7 312.22 .217
DIA 4.24 18 335.37 .216
DD 1.91 8 68.89 .216
ON .49 36 70.53 .216
ERF .13 27 16.14 .216
MOS .26 43 46.81 .215
UPS 1.82 21 177.64 .210
HX .88 6 24.58 .210
OVV .67 15 46.71 .210
XLE .49 42 82.68 .210
IMMR .29 6 8.06 .210
KO .51 26 63.14 .208
AMBP .24 4 4.59 .208
CELH 2.72 9 113.74 .207
K .39 41 72.34 .205
BIIB 3.53 17 285.37 .204
LLY 2.53 29 360.99 .203
PCVX 2.16 4 42.39 .200
CROX 1.98 10 94.77 .200
ASPN 1.14 2 11.33 .200
FCX .23 40 38.59 .200
SNPS 5.88 11 325.75 .198
STE 4.26 9 191.96 .198
ABT .86 28 107.51 .196
AAL .20 14 13.53 .196
ALB 10.02 5 253.25 .195
IWM 2.97 12 178.62 .192
CLNE .18 6 5.5 .192
INCY 1.57 10 82.34 .190
WFC .31 27 42.5 .189
FGEN .69 4 14.6 .188
DE 4.96 17 434.81 .187
SQM 1.09 17 91.45 .187
XLK .72 37 130.91 .185
T .16 23 19.09 .184
UNIT .14 8 5.94 .184
BLFS 1.19 3 19.41 .183
AN 1.69 13 116.24 .182
AMGN 2.79 18 278.65 .180
TZA 1.22 5 33.42 .180
WYNN .92 18 84.99 .180
CPSH .53 1 2.94 .180
FAST .48 20 50.96 .180
BTWN .10 18 9.86 .180
MRO .10 59 26.17 .177
V 1.79 22 208.7 .176
TSN .72 16 63.75 .176
TAP 1.32 7 52.46 .175
FENG .45 1 2.58 .174
SOXL .36 6 12.32 .174
QCOM .69 34 119.05 .170
M .39 10 22.07 .170
COTY .08 17 7.89 .170
UAL .59 13 43.04 .169
BIG .47 6 16.6 .168
CM .38 21 42.89 .168
COP .34 56 110.02 .168
GRAB .25 2 3.02 .164
FUTU 3.65 3 66.67 .162
KMB .83 27 136.2 .162
GS 3.81 16 359.14 .160
LUV .62 10 38.01 .160
JD .30 32 58.32 .160
BP .20 32 33.71 .160
CPG .03 40 6.54 .160
MSFT .25 157 245.42 .157
PBF .42 13 32.55 .156
NXE .05 13 4.05 .156
SQM .67 22 91.45 .154
PRTA 1.05 9 58.36 .153
AYX 1.76 4 46.01 .152
HPK 1.56 2 20.37 .152
XBI .69 19 79.53 .152
GIII .26 8 13.4 .152
LPX 1.39 7 64.65 .147
SDOW .78 5 26.27 .145
IBM .75 29 147.05 .145
TMUS .85 24 141.57 .144
ATNM .39 4 10.77 .144
IMGN .25 3 5.14 .144
YINN 1.39 5 48.3 .140
SDOW .39 10 26.27 .140
MO .34 20 46.71 .140
EURN .19 14 17.82 .140
ORMP .12 10 8.21 .140
SNOW 1.01 23 144.53 .138
DMAC .10 2 1.43 .138
SBS .04 46 10.59 .138
SEDG 2.84 15 314.8 .135
EA 1.13 15 124.71 .135
ARMK 1.13 5 41.16 .135
ABT .58 27 107.51 .135
UBER .25 15 26.55 .135
ALVR .19 5 6.83 .135
AZPN 4.16 7 217.05 .133
CAT 1.61 19 227.29 .133
DD 1.33 7 68.89 .133
XLE .30 44 82.68 .132
RMD 5.92 5 219.68 .130
LITE 1.43 5 54.41 .130
TRQ .42 10 31.46 .130
AU .25 10 18.48 .130
RACE .84 43 220.72 .129
AR 1.02 4 31.81 .128
MDRX .61 4 18.54 .128
AXP .94 21 153.9 .126
HRB .59 9 41.6 .126
CYTK .53 9 35.77 .126
EDTK .07 2 1.12 .124
LIN 1.16 41 332.21 .123
CTLT 2.75 2 44.68 .122
DG 2.52 12 243.26 .120
ABT .50 30 107.51 .120
RWM .30 10 24.2 .120
ADSK 2.68 9 194.31 .117
NAPA .49 4 16.62 .116
SBH .33 4 11.34 .116
GLW .77 5 33.02 .115
JKS .39 16 49.41 .112
RAPT .25 8 17.06 .112
EOLS .22 4 7.61 .112
ALC .22 37 68.91 .111
UBS .10 22 18.24 .110
FUTU 1.23 6 66.67 .108
SQM 1.10 9 91.45 .108
BULZ .50 6 26.64 .108
XOM .30 54 103.54 .108
LULU 4.94 7 326.39 .105
GGAL .13 6 7.44 .102
NKE 2.28 5 109.42 .100
STT 2.04 4 79.03 .100
WSM 1.22 10 115.22 .100
NUE .80 20 147.07 .100
INFL .64 5 31.59 .100
FDX 5.82 3 172.33 .099
ADI 1.63 11 168.68 .099
UHS 1.42 9 127.33 .099
RTX .73 14 98.27 .098
PWR 1.84 8 148.14 .096
SPB 1.43 4 58.49 .096
RL 1.33 8 107.51 .096
TTWO .82 12 102.06 .096
LZB .58 4 23.9 .096
ADMA .06 6 3.55 .096
TAP 1.03 5 52.46 .095
ANF .47 5 23.59 .095
JAZZ 4.82 3 151.95 .093
UNH 2.32 23 539.2 .092
WOLF 1.94 4 82.67 .092
XOM .31 46 103.54 .092
NEX .21 4 8.85 .092
VZ .17 23 37.4 .092
TTWO .79 13 102.06 .091
COST 4.71 10 483.02 .090
BURL 2.08 9 194.92 .090
AAP 1.33 10 145.9 .090
CAT 1.29 18 227.29 .090
ROST 1.14 10 114.89 .090
TRI .72 15 114.94 .090
OKE .58 10 63.55 .090
TMUS .53 30 141.57 .090
MDT .41 18 78.59 .090
TWTR .25 22 53.7 .088
ENPH 1.84 17 319.55 .085
ATHM .57 5 32.95 .085
DB .06 17 10.66 .085
STZ 3.04 7 242.04 .084
MNST .78 12 100.04 .084
WSM .77 14 115.22 .084
FISV .72 12 100.64 .084
GLD .51 28 167.06 .084
EPM .19 3 6.66 .084
AEHR .07 41 24.39 .082
MNST .97 9 100.04 .081
HON 1.73 10 211.63 .080
FHN .50 4 24.48 .080
WYNN .46 16 84.99 .080
CAH .44 16 77.55 .080
D .13 40 58.28 .080
YPF .08 8 7.38 .080
HOLI .46 3 17.07 .078
PDCO .40 6 28.94 .078
INM .16 1 2.03 .078
ANET .94 11 127.9 .077
WPP 1.00 4 51.47 .076
UNH 1.73 24 539.2 .072
TSCO 1.39 12 218.32 .072
STLD 1.33 6 108.41 .072
UPRO .35 8 35.76 .072
OPNT .26 6 20.21 .072
TRQ .22 12 31.46 .072
KHC .14 24 39.94 .072
CSCO .13 36 48.46 .072
VTRS .09 9 10.78 .072
VIGI .72 7 71.24 .070
TTWO .61 14 102.06 .070
SUPN .52 5 35.23 .070
HP 1.01 3 44.65 .066
MMM .43 22 125.76 .066
NKE .39 22 109.42 .066
PDD .32 22 89.71 .066
AMOM .86 2 26.6529 .064
MNSO .20 4 12.13 .064
SHW 3.86 4 252.88 .060
IYC .75 5 60.49 .060
LSI .73 10 107.25 .060
AXP .59 19 153.9 .057
DIS .33 19 93.38 .057
FDX 4.86 2 172.33 .056
AKAM .79 7 89.02 .056
COF .78 7 94.41 .056
COF .78 7 94.41 .056
A .67 14 152.95 .056
CHKP .56 14 131.53 .056
NTAP .49 8 64.29 .056
WEN .33 4 23.11 .056
TMUS .36 27 141.57 .054
MCW .27 2 9.89 .054
TEDU .15 2 5.39 .054
HCM .09 9 13.59 .054
SQM .53 10 91.45 .050
DD .38 10 68.89 .050
BCH .15 7 19.28 .049
XLE .11 49 82.68 .049
HES 2.15 3 129.32 .048
PANW .61 15 158.9 .045
OHI .17 9 29.81 .045
LBRT .13 5 14.2 .045
META .47 11 115.9 .044
MCD .76 21 272.04 .042
MCD .69 21 272.04 .042
TGT .35 21 152.28 .042
NFE .27 7 44.08 .042
MRK .24 21 108.78 .042
NOK .01 21 4.89 .042
J 1.06 5 121.36 .040
HTHT .46 4 42.98 .040
STN .40 5 48.44 .040
HDGE .14 8 27.97 .040
DUK .14 39 100.35 .039
MCD .72 19 272.04 .038
MCD .65 19 272.04 .038
KRYS 1.22 2 71.03 .034
PG .28 34 150.92 .034
KMB .24 34 136.2 .034
GIS .14 34 85.84 .034
EL .77 11 240.41 .033
INTU 1.98 8 399.83 .032
IBM .29 31 147.05 .031
COST .60 30 483.02 .030
OTIS .40 6 78.46 .030
SPG .28 15 116.75 .030
ASC .15 3 14.49 .030
UAL .09 15 43.04 .030
XLV .26 29 137.98 .029
PEP .35 28 183.1 .028
CVS .19 28 101.65 .028
KBH .28 3 31.05 .027
SJM .27 25 154.68 .025
SAIL .53 3 65.24 .024
BLK 2.70 7 706.95 .021
EQNR .06 21 35.63 .021
LOW .36 20 201.77 .020
VRDN .16 4 27.05 .020
BOX .14 5 28.11 .020
APG .11 4 18.69 .020
ICL .02 10 8.3 .020
WF .29 2 29.59 .018
RFP .14 3 21.01 .018
TSEM .22 4 45.84 .016
TDG 1.96 5 609.7 .015
GBT .37 3 68.49 .015
ANET .16 15 127.9 .015
AMKR .09 5 25.86 .015
IRBO .08 6 26.7 .012
BRG .04 11 26.6 .011
NRGU .61 8 413.96 .008
SJIV .17 4 69.94 .008
CHNG .04 8 27.49 .008
ULTA 1.27 3 471.63 .006
WF .05 5 29.59 .005
DNK 3.12 1 0.0
DPW 1.28 5
NETE 1.11 2
SQBG .87 2
ALXN .82 4
BKNG .79 15 2019.98 0
NTEC .77 4
XONE .76 2
HGSH .61 4
JRJC .59 3
KBSF .44 2
TRIT .36 6
HUSN .26 4
LLY .22 28 360.99 0
CNFR .13 2
DKS .09 26 119.26 0
ALAC .08 5
BIDU .06 157 119.99 0
UPS .03 19 177.64 0
SWCH .02 2 34.25 0
SH .01 14 15.67 0
PSO .01 15 11.41 0
PBT .01 6 21.5 0
MN .01 4 12.85 0
SPLX 0 5 0.0
SLVO 0 21 88.48 0
ROKU 0 15 51.74 0
QQC 0 4 21.8531 0
PGY 0 4 0.73 0
NINE 0 11 9.26 0
NFLX 0 134 320.01 0
LHAA 0 4 10.155 0
GRU 0 4 5.215 0
GCP 0 3 32.01 0
GBNY 0 3 10.68 0
ESLT 0 29 171.3 0
DBVT 0 17 1.32 0
D 0 38 58.28 0
ASAX 0 9 10.07 0
ABNB 0 26 94.7 0
SLV -.01 26 21.56 0
ET -.01 30 11.42 0
SLB -.02 37 46.97 0
WMT -.05 44 145.31 0
PEP -.14 31 183.1 0
ABBV -.14 39 163.06 0
BAK -.04 3 9.67 -.012
ASC -.03 9 14.49 -.018
SCHW -.15 18 79.82 -.018
AMAT -.16 21 107.34 -.021
GLPG -.27 3 37.44 -.021
KO -.11 27 63.14 -.027
JNJ -.34 27 175.74 -.027
CTIC -.01 34 5.48 -.034
HCA -1.37 7 237.59 -.035
XLP -.09 46 75.89 -.046
ORCL -.10 47 79.86 -.047
HES -1.21 6 129.32 -.054
ARGX -1.94 14 388.5 -.056
HD -.92 29 320.48 -.058
GDXD -.09 6 8.9 -.060
CALT -.12 11 18.56 -.066
CIEN -.12 36 50.76 -.072
CL -.30 24 77.78 -.072
YANG -.11 13 12.24 -.104
PKG -2.04 8 135.11 -.120
LOGI -.34 26 60.09 -.130
GDYN -.55 3 11.33 -.144
OLLI -1.44 6 51.3 -.168
WDAY -2.30 13 169.6 -.169
INTC -.29 17 28.24 -.170
PSQ -.20 17 13.96 -.238
CNC -1.95 11 86.25 -.242
DOCN -.48 16 29.38 -.256
ITUB -.12 11 4.58 -.286
ROG -7.63 5 120.37 -.315
GOOG -1.17 29 93.07 -.348
FRO -.09 52 12.83 -.364
DKNG -.44 12 13.96 -.372
MNSO -.57 9 12.13 -.414
TCOM -.60 23 32.41 -.414
OXY -.41 80 62.6 -.480
AAPL -.48 160 142.16 -.480
SMCI -9.28 5 84.02 -.550
ENPH -8.72 21 319.55 -.567
AGNC -.19 36 9.9 -.684
EDU -2.26 11 33.14 -.748
MLCO -.63 14 11.32 -.770
TWST -3.85 9 24.42 -1.413
CRK -.99 24 13.97 -1.680
GOOG -7.29 36 93.07 -2.808
AMZN -15.65 129 89.09 -22.575
