SHOP 28.96 11 1190.01 .264
PANW 23.18 1 532.91 .043
DWAC 22.11 4 60.27 1.464
MSTR 14.75 8 509.1 .224
CCMP 11.86 1 189.99 .062
RNG 11.84 1 174.11 .068
BKNG 10.17 8 2413.3 .032
SAM 9.40 7 499.33 .126
PCTY 8.94 1 213.07 .041
RMD 8.09 1 241.8 .033
REGN 7.44 9 598.44 .108
NVAX 7.31 16 121.5 .960
SIVB 7.01 8 733.29 .072
AMZN 6.99 94 3287.14 .188
PUBM 6.66 1 27.95 .238
LAD 6.41 5 298.48 .105
KRYS 6.33 1 65.92 .096
BLK 6.24 5 895.49 .030
SPLK 6.20 6 112.24 .330
W 6.04 9 174.12 .306
CAR 6.00 2 200 .060
ADBE 5.88 13 514.12 .143
EYPT 5.86 1 13.53 .433
DPZ 5.62 11 524.41 .110
MDB 5.57 9 429.68 .108
DUOL 5.53 4 97.49 .224
DDS 5.48 11 255.93 .231
KOSS 5.35 7 10.5 3.563
ASML 5.32 21 763.12 .126
VRTX 5.31 1 221.42 .023
EJH 5.21 6 1.39 22.488
AZO 5.11 12 2062.49 .024
THC 4.91 1 77.97 .062
DE 4.88 11 372.05 .143
INTU 4.61 8 586.39 .056
SI 4.55 8 132.34 .272
WBX 4.49 2 14.63 .612
GKOS 4.45 1 45.34 .098
RGEN 4.41 7 216.8 .140
SMH 4.39 2 306.2 .028
EEIQ 4.33 5 3.08 7.025
ISIG 4.32 1 21.38 .202
SE 3.92 20 192.76 .400
CARV 3.92 6 8.35 2.814
ZM 3.91 15 176.33 .330
WOLF 3.86 1 114.46 .033
GOOG 3.73 28 2751.02 .028
ANVS 3.73 6 17.19 1.296
IRTC 3.69 1 104.61 .035
CCXI 3.66 3 39.12 .279
SNPS 3.62 7 344.97 .070
EL 3.61 8 356.11 .080
U 3.60 6 121.01 .174
ABNB 3.59 10 159.75 .220
MA 3.58 7 373.9 .063
GPN 3.54 11 151.26 .253
XMTR 3.46 1 53.87 .064
EBET 3.45 6 17.03 1.212
DQ 3.36 7 39.99 .588
SCPS 3.34 7 1.58 14.791
TOST 3.31 2 28.5 .232
SNOW 3.29 10 297.09 .110
GLSI 3.27 5 21.99 .740
ZG 3.19 7 56 .392
IAC 3.19 7 132.41 .168
ROKU 3.14 8 193.83 .128
LSI 3.13 2 144.92 .042
CMTL 3.13 1 23.53 .133
NEGG 3.07 20 9.51 6.440
BIIB 3.06 8 239.27 .096
MRNA 3.05 41 216.06 .574
NUE 3.02 1 116.6 .025
IRNT 3.02 6 3.67 4.932
UPST 2.99 19 118.43 .475
GME 2.99 82 131.03 1.804
ANTM 2.99 6 458.22 .036
SITM 2.97 7 249.85 .077
LII 2.97 6 309.04 .054
BKKT 2.95 2 6.19 .952
ZLAB 2.93 7 54.04 .378
NEWR 2.93 6 101.64 .168
IWM 2.93 6 218.6 .078
GS 2.93 9 396.93 .063
NRXP 2.89 8 5.04 4.584
TSLA 2.82 161 1064.7 .322
ZS 2.76 10 260.21 .100
LLY 2.74 11 259.33 .110
SAVA 2.73 29 49.09 1.595
JAN 2.73 6 3.62 4.524
PENN 2.65 10 46.61 .560
NVCR 2.63 10 72.25 .360
NCTY 2.63 5 5.88 2.235
DOCS 2.62 8 46.91 .440
OSTK 2.60 7 53.32 .336
BIGC 2.58 2 32.01 .160
WDAY 2.57 7 250.63 .070
SEDG 2.57 8 248.24 .080
ADGI 2.56 12 6.12 5.016
UNH 2.55 13 469.65 .065
FULC 2.54 6 15.28 .996
INDP 2.52 5 5.56 2.265
LMT 2.51 11 358 .077
PWR 2.42 3 109.99 .066
AVXL 2.41 5 15.67 .765
PEAR 2.37 1 6.34 .373
COST 2.35 14 549.8 .056
CPOP 2.34 5 2.34 5.000
QDEL 2.32 6 126.89 .108
CFLT 2.29 2 64.9 .070
SPY 2.27 4 467.94 .016
FLGT 2.27 6 81.01 .168
STE 2.26 5 238.46 .045
GRTS 2.25 7 6.73 2.338
BHVN 2.25 6 123.86 .108
AXON 2.25 1 150.14 .014
KMX 2.23 4 119.35 .072
SPB 2.21 1 102.14 .021
ITCI 2.20 1 45.36 .048
HCA 2.20 4 258.97 .032
TPST 2.19 5 4.69 2.330
AMGN 2.19 6 225.17 .054
PKG 2.17 5 136.97 .075
CHGG 2.17 3 29.49 .219
PKI 2.16 4 181.6 .044
PDD 2.15 5 48.53 .220
LGVN 2.15 6 10 1.290
KEYS 2.15 5 192.59 .055
PYPL 2.14 9 192.27 .099
DLPN 2.14 5 8.08 1.320
CI 2.12 6 227.54 .054
ACRS 2.12 7 13.22 1.120
DASH 2.11 10 127.97 .160
APPS 2.11 7 54.63 .266
HRI 2.10 5 157.35 .065
DG 2.10 7 235.8 .056
AUVI 2.10 10 2.37 8.860
ALEC 2.10 6 18.45 .678
TSP 2.05 7 28.65 .497
AMEH 2.05 9 61.92 .297
ADSK 2.04 7 264.32 .049
MRIN 2.01 5 3.45 2.910
BYND 2.00 6 67.06 .174
UHAL 1.98 9 709.42 .018
XAIR 1.97 1 8.55 .230
WSM 1.97 6 156.61 .072
AAME 1.97 5 2.91 3.380
RNXT 1.96 4 4.01 1.952
CELH 1.96 7 61.52 .217
COHN 1.95 5 14.88 .655
BNTX 1.93 32 214.74 .256
ACIU 1.91 2 4.87 .784
LCID 1.90 13 38.22 .637
DOCN 1.90 11 70.82 .286
DLTR 1.90 9 142.82 .117
SNA 1.89 5 219.74 .040
RL 1.89 8 120.05 .120
MSGE 1.88 4 70.91 .104
CAT 1.88 10 221.99 .080
BIDU 1.88 118 150.75 1.416
AFRM 1.88 18 81.1 .414
TDG 1.87 4 644.76 .008
COF 1.87 4 148.26 .048
VLO 1.86 4 80.16 .092
DIS 1.86 9 156.9 .099
ACMR 1.83 5 83.7 .105
ENPH 1.82 8 151.49 .096
KNBE 1.80 7 21.52 .581
ROLL 1.78 7 209.36 .056
MYNZ 1.78 1 14.5 .122
CERE 1.78 7 32.36 .385
VRPX 1.77 9 2.98 5.337
RAPT 1.77 7 40.22 .308
DAVA 1.77 4 139.17 .048
XBI 1.75 6 105.2 .096
TASK 1.74 7 47.62 .252
LWAC 1.73 5 16.98 .505
WAVE 1.72 5 5.57 1.540
LIN 1.72 9 338.01 .045
LAIX 1.72 4 0.595 11.560
IMPL 1.70 5 7.31 1.160
NNOX 1.69 5 13.97 .600
KYMR 1.69 2 58.18 .058
SQ 1.68 24 144.66 .264
PAYX 1.68 4 130.8 .048
BURL 1.68 8 274.32 .048
ROG 1.67 1 273.45 .006
AN 1.67 8 112.28 .112
NMRD 1.66 4 4.455 1.488
IMMX 1.66 1 6.75 .245
VVOS 1.65 6 2.03 4.872
NVOS 1.65 5 1.38 5.975
FISV 1.64 6 109.14 .090
CREE 1.64 5 79.12 .100
TRI 1.63 4 112.99 .056
JZXN 1.63 4 1.41 4.624
NVTS 1.62 2 13.5 .240
KMB 1.62 9 143.12 .099
GRU 1.62 1 4.88 .331
EVA 1.62 2 73.46 .044
CVS 1.62 4 105.81 .060
CLDX 1.61 3 35.88 .132
PLCE 1.60 4 75.36 .084
STMP 1.59 4 329.61 .016
LH 1.59 9 286.57 .045
AMD 1.59 27 136.23 .297
TMX 1.58 3 43.67 .108
LHDX 1.58 4 7.54 .836
DNA 1.58 1 6.9 .228
XLNX 1.57 16 204.04 .112
WYNN 1.57 5 84.64 .090
RLMD 1.57 4 21.35 .292
GH 1.57 8 90.24 .136
CARA 1.57 2 11.66 .268
TTWO 1.56 6 164.61 .054
DPW 1.56 5 1.6 4.875
TSC 1.55 1 31.79 .048
SPG 1.55 8 163.16 .072
IRDM 1.55 4 40 .152
CRNC 1.55 4 78.25 .076
BLFS 1.55 1 32.79 .047
CPE 1.54 7 53.83 .196
CHCI 1.54 3 4.65 .993
TERN 1.53 4 6.09 1.004
SIEB 1.53 5 2.28 3.355
DLO 1.53 5 29.03 .260
TSCO 1.52 9 231.31 .054
MRAM 1.52 3 10.21 .444
SNOA 1.51 4 4.63 1.304
WAFU 1.50 4 3.53 1.696
RBLX 1.49 16 89.2 .256
KTTA 1.49 1 1.56 .955
CNC 1.49 5 79.79 .090
BCYC 1.49 3 53.76 .081
AACG 1.49 7 1.98 5.264
ZIM 1.48 11 55.73 .286
STT 1.48 3 98.92 .042
RACE 1.48 13 261.58 .065
JNJ 1.48 6 172.22 .048
ADI 1.48 5 173.39 .040
TGT 1.47 15 231.35 .090
NURO 1.47 11 4.79 3.366
FGEN 1.47 3 13.74 .318
EDIT 1.47 3 24.41 .180
VCVC 1.46 1 9.85 .148
HTBX 1.46 2 3.09 .944
DPST 1.46 4 62.07 .092
AAP 1.46 6 241.65 .036
SBEA 1.45 2 10.2 .284
EYEG 1.45 1 1.95 .743
COIN 1.45 11 234 .066
BTBT 1.45 10 5.6 2.580
BLDR 1.45 4 82.46 .068
BBY 1.45 7 103 .098
KALV 1.44 8 13.27 .864
FATE 1.44 4 49.38 .116
LYFT 1.43 5 43.59 .160
LANC 1.43 2 168.52 .016
CRM 1.43 15 229.15 .090
TTC 1.42 5 98.43 .070
IMNM 1.42 4 11.86 .476
DELL 1.42 8 58.04 .192
RMBL 1.41 3 42.11 .099
KSS 1.41 10 49.02 .280
HOOD 1.41 14 15.58 1.260
TWTR 1.40 6 39.59 .210
JCS 1.40 3 2.4351 1.722
HX 1.40 6 2.24 3.750
HON 1.40 8 210.82 .048
VERY 1.39 4 7.0001 .792
FANG 1.39 8 123.65 .088
EOSE 1.39 2 6.58 .422
APP 1.39 11 82.15 .176
TNET 1.38 1 93.69 .014
ROST 1.38 5 109.44 .060
EXPI 1.38 6 28.57 .288
TWST 1.37 7 72.64 .126
LIVE 1.37 3 30.9204 .132
ECOM 1.37 1 22.37 .061
TAOP 1.35 3 1.63 2.484
NXPI 1.35 8 224.57 .048
EA 1.35 5 129.69 .050
WNW 1.34 1 2.32 .577
J 1.33 4 139.07 .036
GRVY 1.33 7 69.36 .133
FIGS 1.33 6 23.31 .342
COUR 1.32 2 23.41 .112
VIH 1.31 1 9.36 .139
TJX 1.31 6 75.47 .102
INMD 1.31 5 57.75 .110
BFRI 1.31 6 5.3 1.482
ABCL 1.31 1 12.26 .106
A 1.31 10 149.12 .080
UHS 1.30 4 130.98 .036
LITE 1.30 3 104.72 .036
JG 1.30 3 1.01 3.861
GWRE 1.30 5 107.24 .060
BNR 1.30 3 9.35 .417
OLLI 1.29 2 49.54 .052
JPM 1.29 14 165.52 .098
ATAI 1.29 2 6.6 .390
APPN 1.29 4 60.72 .084
FRD 1.28 1 10.45 .122
BILI 1.28 23 39.01 .736
YETI 1.27 4 76.03 .064
RHE 1.27 2 4.31 .588
NFE 1.27 1 24.31 .052
HJLI 1.27 1 10.38 .122
APXT 1.27 1 12.11 .104
AKAM 1.27 4 111.88 .044
SPCE 1.26 24 11.78 2.544
DOMO 1.26 4 43.49 .112
THCB 1.25 1 10 .125
SPT 1.25 6 74.29 .096
OPAD 1.25 4 5.96 .836
NGM 1.25 2 16.98 .146
CHKP 1.25 6 115.05 .060
BYSI 1.25 5 4.5 1.385
ABSI 1.25 2 6.14 .406
SJ 1.24 4 5.62 .880
RSKD 1.24 2 6.82 .362
PBTS 1.24 1 0.4846 2.558
LPX 1.24 3 75.1 .048
LEDS 1.24 3 4.36 .852
JD 1.24 12 66.78 .216
EDSA 1.24 1 5.29 .234
CMMB 1.24 2 6.9 .358
BNTC 1.24 3 2.49 1.491
ANPC 1.24 2 1.23 2.016
ALXN 1.24 4 182.5 .024
TAP 1.23 2 49.78 .048
NVDA 1.23 167 281.78 .668
LAW 1.23 3 29.94 .123
JKS 1.23 5 43.18 .140
HOG 1.23 5 38.86 .155
ANET 1.23 1 133.15 .009
RCUS 1.22 1 38.44 .031
EYES 1.22 6 1.64 4.458
DDL 1.22 2 12.85 .188
BZ 1.22 3 35.14 .102
PFGC 1.21 3 46.66 .075
OSAT 1.21 3 3.85 .942
LYEL 1.21 3 6.45 .561
HGEN 1.21 3 3.115 1.164
EAT 1.21 3 38.1 .093
ARAV 1.21 1 2.74 .441
WHLM 1.20 4 5.09 .940
MMM 1.20 7 178 .042
MARA 1.20 21 29.3 .840
CRIS 1.20 2 3.495 .686
CLX 1.20 5 178.54 .030
CETX 1.20 1 0.9298 1.290
AMTX 1.20 3 11.31 .318
TVTX 1.19 3 29.36 .120
SGOC 1.19 9 6.2 1.719
DKS 1.19 20 106.66 .220
AMC 1.19 60 22.46 3.120
V 1.18 11 220 .055
MQ 1.18 7 15.63 .525
DFH 1.18 1 18.73 .063
ZEV 1.17 4 6.99 .668
VMW 1.17 9 120.12 .081
TDC 1.17 5 42.84 .135
STZ 1.17 4 244.79 .016
SKT 1.17 3 19.56 .177
MVIS 1.17 5 4.48 1.305
VOXX 1.16 3 10.31 .336
SIF 1.16 1 6.55 .177
NTAP 1.16 4 92.65 .048
LAZR 1.16 5 15.34 .375
HGSH 1.16 2 2.21 1.048
AMAT 1.16 8 156.34 .056
WGO 1.15 3 76.45 .045
HCWB 1.14 2 2.3 .990
BBLG 1.14 1 3.52 .323
AVIR 1.14 3 7.76 .438
VNET 1.13 3 8.37 .405
VIR 1.13 8 33.86 .264
STG 1.13 1 5.5786 .202
BTX 1.13 2 3.86 .584
ARDS 1.12 1 1.93 .580
SHEN 1.11 3 25.59 .129
SEMR 1.11 3 18.21 .180
PMCB 1.11 3 2.51 1.326
CTRN 1.11 5 85.2 .065
CNET 1.11 1 1.02 1.088
ALLO 1.11 2 13.75 .160
XM 1.10 3 29.82 .108
OPTT 1.10 1 1.48 .743
MRUS 1.10 3 29.07 .111
JRVR 1.10 3 28.34 .114
XTLB 1.09 2 2.74 .794
SKX 1.09 4 45.29 .096
HHR 1.09 12 45.22 .288
FOSL 1.09 2 10.44 .208
ALDX 1.09 2 3.94 .552
SFIX 1.08 3 19.44 .165
MTSL 1.08 3 3.37 .960
FCBP 1.08 1 29.1 .037
B 1.08 1 48.01 .022
AZYO 1.08 1 6.3669 .169
ALF 1.08 2 2.06 1.048
SMLP 1.07 2 25.02 .084
AXP 1.07 6 171.76 .036
ATKR 1.07 4 110.66 .036
VYGR 1.06 2 2.81 .754
C 1.06 5 64.91 .080
XLY 1.05 7 202.86 .035
SCR 1.05 5 35.58 .145
QCOM 1.05 15 185.95 .075
PTGX 1.05 3 34.54 .090
MNST 1.05 4 95.52 .040
CELC 1.05 3 12.59 .249
RUN 1.04 6 31.48 .198
PRTA 1.04 9 44.73 .207
OCGN 1.04 12 4.18 2.976
NETE 1.04 2 13.09 .158
LOW 1.04 13 254.75 .052
KURA 1.04 4 13.3 .312
IPA 1.04 2 5.99 .346
FSTX 1.04 1 4.71 .220
AUPH 1.04 10 20.04 .510
TSN 1.03 5 90.84 .055
KMPH 1.03 3 8.4 .366
MFNC 1.02 2 21.5 .094
GIII 1.02 5 28.16 .180
CAH 1.02 5 53.32 .095
ZCMD 1.01 1 1.76 .573
SCHW 1.01 6 90.74 .066
MOXC 1.01 6 2.9 2.088
LL 1.01 1 16.87 .059
FUBO 1.01 3 13.92 .216
ESTC 1.01 8 108.42 .072
EGRX 1.01 2 51.42 .038
PINS 1.00 4 32.69 .120
OMER 1.00 1 6.27 .159
ISPC 1.00 7 7.49 .931
UAL .99 3 45.77 .063
DKNG .99 6 25.8 .228
CM .99 9 121.62 .072
ARVN .99 9 71.04 .117
ACY .99 19 58.2 .323
TRCH .98 2 4.95 .394
NFLX .98 104 567.52 .104
MYGN .98 2 25.73 .076
MCD .98 8 267.19 .024
MBOT .98 2 6.66 .294
JWN .98 4 22.87 .168
IMTX .98 4 12.21 .320
HOFV .98 2 1.625 1.206
SAFM .97 2 189.4 .010
BGFV .97 10 18.95 .510
RRGB .96 2 17.37 .110
IMAB .96 6 40.06 .138
FA .96 1 18.31 .052
BRLT .96 4 16.77 .228
AZPN .96 4 148.95 .024
AEO .96 3 24.37 .117
SUPN .95 2 28.51 .066
HD .95 20 405.76 .040
BTWN .95 1 9.82 .096
BPTH .95 2 3.9 .486
AGRI .95 5 1.95 2.435
MDT .94 9 104.97 .072
HAS .94 6 103.15 .054
ENOB .94 5 6.82 .685
UPS .93 9 216.64 .036
TGTX .93 3 17.96 .153
NIU .93 4 16.18 .228
LIFE .93 4 7.15 .520
ABT .93 11 135.14 .066
PLUG .92 9 25.22 .324
OKE .92 3 61.65 .042
LBPH .92 1 4.6 .200
KNL .92 1 25.04 .036
YEXT .91 1 8.95 .101
SSY .91 3 1.54 1.770
OTIS .91 5 84.71 .050
BIG .91 3 47.74 .057
AIT .91 2 103.06 .016
VSCO .90 7 56.1 .112
GEG .90 1 2.13 .422
DXC .90 3 33.47 .078
CRTO .90 1 36.1 .024
TMUS .89 8 115.36 .056
SPI .89 4 3.47 1.024
BKE .89 6 41.05 .126
ACHL .89 1 4.42 .201
RTX .88 3 90.06 .027
IBM .88 10 135.34 .060
GMBL .88 2 3.62 .486
USB .87 6 60.05 .084
RELI .87 4 6.75 .512
GDEV .87 3 8.24 .315
DTSS .87 1 1.35 .644
UTHR .86 4 196.07 .016
TTCF .86 2 14.48 .118
KODK .86 2 4.63 .370
GE .86 6 99.95 .048
APT .86 2 5.99 .286
WMT .85 20 143.52 .100
VMEO .85 2 15.59 .108
SYTA .85 4 3.23 1.052
SRNE .85 1 4.4 .193
DAL .85 6 40.11 .126
STX .84 10 112.38 .070
PTIX .84 2 1.3974 1.202
OVV .84 4 38.04 .088
NLS .84 2 5.94 .282
MO .84 4 49.21 .068
HOL .84 3 12.35 .204
FL .84 5 42.21 .095
CLII .84 3 14.36 .174
APOP .84 5 13.17 .315
XLK .83 10 167.47 .040
TNA .83 5 79.99 .050
ROIV .83 1 8.89 .093
MAXR .83 4 29.4 .112
LEGN .83 7 44.67 .126
IRBO .83 1 39.54 .020
CNA .83 1 45.55 .018
BLUW .83 2 9.63 .172
ABBV .83 6 135.23 .036
SANA .82 1 13.11 .062
MNSO .82 1 10.09 .081
FITB .82 3 48.37 .048
BABA .82 99 126.63 .594
SPRT .81 20 11.8 1.360
MBRX .81 2 1.77 .914
GDYN .81 2 34.54 .046
ATVI .81 5 63.82 .060
SYPR .80 4 2.38 1.344
GTEC .80 4 6.44 .496
DD .80 4 81.99 .036
CYTK .80 6 39.42 .120
CALT .80 3 23.84 .099
BZUN .80 2 13.52 .118
ASAN .80 16 61.64 .192
SWI .79 1 13.89 .056
PNRG .79 1 71.75 .011
LUV .79 8 43.89 .136
ERYP .79 4 2.3 1.372
BBBY .79 17 14.43 .918
ZY .78 3 5.69 .411
PTON .78 6 33.86 .138
IPHA .78 4 4.79 .648
GNOG .78 1 9.39 .083
CAI .78 1 56 .013
QFIN .77 9 20.99 .324
PLTR .77 2 16.74 .090
OLB .77 3 2.23 1.035
FUV .77 2 7.51 .204
ENTX .77 2 2.76 .556
ALYA .77 4 2.5 1.232
VLDR .76 2 4.48 .338
NBRV .76 1 0.5825 1.304
MOS .76 5 39.41 .095
GROM .76 2 1.79 .848
JBL .75 6 69.99 .060
FLWS .75 4 24.53 .120
SCKT .74 4 4.07 .724
MS .74 10 103.42 .070
MNOV .74 3 2.62 .846
LOGI .74 8 85.52 .064
GTIM .74 1 4.92 .150
GRVI .74 3 4.09 .540
EVOL .74 2 2.22 .666
BB .74 12 8.78 1.008
ATXI .74 1 0.894 .827
VZ .73 2 53.76 .026
UPC .73 3 1.58 1.386
SQBG .73 2 6.24 .232
SOFI .73 7 13.78 .364
RIOT .73 6 20.48 .210
OPNT .73 4 32.23 .088
NVFY .73 3 1.86 1.176
LI .73 7 29.17 .175
GM .73 5 62.87 .055
COP .73 10 75.65 .090
RMED .72 6 1.51 2.856
RETO .72 2 1.27 1.132
DEN .72 4 80.1 .032
CRMT .72 9 103.31 .054
BTCM .72 4 5.52 .520
BFLY .72 1 6.34 .113
ARPO .72 1 2.2 .327
ZKIN .71 2 1.26 1.126
VALN .71 6 39.33 .108
UBER .71 6 42.03 .096
RFL .71 5 4.68 .755
PALI .71 3 1.4 1.521
BJ .71 8 64.85 .080
TBLA .70 1 9.85 .071
SONO .70 6 28.87 .144
ORGS .70 1 2.6 .269
OCX .70 1 2.06 .339
IGIC .70 3 7.71 .270
DDD .70 12 19.79 .420
CRCT .70 4 22.57 .124
VRNT .69 5 52.06 .065
SLS .69 4 5.61 .488
FTEK .69 3 1.31 1.578
ASM .69 1 0.777 .888
APRE .69 3 2.77 .747
STEM .68 6 16.11 .252
RIDE .68 7 3.22 1.477
ONCS .68 1 0.85 .800
CGC .68 3 8.21 .246
XONE .67 2 26.7 .050
SKLZ .67 4 6.04 .440
PPSI .67 9 7.95 .756
PLD .67 5 157.65 .020
NPTN .67 1 15.26 .043
JRJC .67 3 6.61 .303
FTCH .67 6 29.76 .132
CROX .67 12 128.68 .060
CLNE .67 1 6.07 .110
ACH .67 1 13.25 .050
VIPS .66 1 8.29 .079
TSM .66 4 128.47 .020
PEP .66 7 173.86 .021
GLD .66 13 169.06 .039
CTKB .66 1 15.72 .041
ATNF .66 4 3.41 .772
AMOM .66 1 33.5229 .019
TATT .65 3 6.42 .303
STRO .65 2 10.51 .122
PCVX .65 1 24.65 .026
NEE .65 6 85.77 .042
MESO .65 2 4.7 .276
LMNL .65 3 1.04 1.875
LEN .65 8 108.07 .048
IONQ .65 7 14.84 .301
FB .65 108 332.46 .108
AA .65 12 58.45 .132
TQQQ .64 143 148.94 .572
SLGG .64 2 2.26 .566
SDC .64 2 2.11 .606
LZB .64 2 36.41 .034
DVAX .64 2 13.11 .096
NKE .63 10 161.04 .030
LEXX .63 4 4.21 .596
FLOW .63 4 86.36 .028
CANF .63 2 1.33 .946
ARCE .63 3 19.66 .096
ULTA .62 1 401.49 .001
LJPC .62 2 4.55 .272
LAC .62 13 29.31 .273
ISEE .62 4 14.04 .176
HCM .62 6 33.7 .108
CUE .62 1 10.88 .056
BON .62 3 4.16 .447
BLPH .62 1 2.96 .209
BCRX .62 10 12.42 .490
ASTR .62 5 5.97 .515
AREC .62 5 1.88 1.645
APG .62 2 25.56 .048
WM .61 11 162.85 .033
VGR .61 1 11.3 .053
SOS .61 2 0.809 1.508
PG .61 12 162.83 .036
MVST .61 6 5.33 .684
ENSC .61 4 4.75 .512
BEKE .61 2 17.09 .070
AMBO .61 1 0.95 .642
PSTV .60 1 1.32 .454
MRVL .60 9 85.53 .063
KZR .60 3 14.3 .123
EVK .60 6 2.29 1.572
CEMI .60 8 1.12 4.280
AYRO .60 2 1.54 .778
AMRS .60 1 4.54 .132
SPTN .59 4 25.85 .088
IS .59 2 7.1 .166
YMM .58 2 8.07 .142
WPRT .58 2 2.27 .510
WISH .58 3 2.72 .639
STAF .58 2 0.9466 1.224
M .58 17 26.74 .357
IFRX .58 3 4.18 .414
ICCM .58 1 2.96 .195
CSIQ .58 4 29.17 .076
BRTX .58 1 4.31 .134
WEI .57 1 0.7335 .777
SNAP .57 113 41.33 1.469
SBTX .57 1 5.63 .101
PRFX .57 4 1.39 1.640
ORPH .57 4 2.4 .948
EZFL .57 1 1.44 .395
CLPS .57 1 1.98 .287
CLPS .57 1 1.98 .287
VTSI .56 4 6.87 .324
UAA .56 4 20.83 .104
TTD .56 16 76.93 .112
SJM .56 15 141.36 .045
RY .56 8 109.91 .040
OLN .56 3 52.69 .030
OBLN .56 3 3.05 .549
MTP .56 1 1.26 .444
LODE .56 3 1.33 1.263
EAR .56 1 7.28 .076
CYAD .56 1 3.78 .148
VNE .55 6 35.82 .090
RSI .55 2 15 .072
MOSY .55 2 4.5 .244
MAT .55 6 22.35 .144
LOOP .55 5 11.42 .240
K .55 11 65.96 .088
FLXN .55 1 9.12 .060
EOLS .55 1 6.13 .089
DRN .55 11 27.17 .220
WHLR .54 2 1.99 .542
VOOV .54 2 152.64 .006
MSFT .54 117 313.88 .117
MPC .54 4 70.15 .028
INTC .54 7 54.01 .063
GPS .54 7 18.56 .203
ENZ .54 2 3.13 .344
ADMA .54 1 1.31 .412
TBIO .53 3 37.36 .042
NIO .53 77 29.31 1.386
MEDS .53 5 2.26 1.170
HUYA .53 4 6.79 .312
HPQ .53 6 38.68 .078
HMHC .53 3 15.19 .102
EQ .53 1 3.47 .152
CHPT .53 4 17.35 .120
BBWI .53 6 62.34 .048
ALC .53 8 82.46 .048
SILK .52 7 38.64 .091
ANF .52 3 34.31 .045
WFC .51 7 52.29 .063
RCON .51 2 1.29 .790
OCUP .51 2 3.7 .274
GFAI .51 2 1.17 .870
DYAI .51 3 4.23 .360
DTST .51 5 4.13 .615
CPSH .51 1 3.6 .141
BLU .51 3 6.96 .219
TIGR .50 8 4.34 .920
PSTG .50 5 30.66 .080
PATI .50 2 8.29 .120
MDIA .50 3 5.67 .264
CBAT .50 3 1.38 1.086
RKDA .49 1 1.12 .437
NTRB .49 4 6.68 .292
NRBO .49 2 1.43 .684
IGC .49 3 0.98 1.500
GP .49 3 8.03 .183
GEVO .49 4 4.38 .444
ENLV .49 2 5.98 .162
ECHO .49 1 48.24 .010
CCJ .49 15 22.72 .315
ATHM .49 3 32.69 .042
ARMP .49 1 6.32 .077
NNDM .48 3 3.8 .378
MT .48 2 33.03 .028
KIRK .48 3 16.05 .087
EPU .48 3 30.93 .045
TRIL .47 1 18.44 .025
TLRY .47 4 6.63 .280
SPRB .47 3 4.04 .348
SOHU .47 6 16.47 .168
EXPR .47 5 3.14 .745
DARE .47 1 1.82 .258
BODY .47 2 2.09 .448
BAC .47 6 48.13 .054
AMKR .47 3 25.05 .054
XPEV .46 84 46.66 .756
UFAB .46 2 2 .460
SM .46 5 33.02 .065
NTEC .46 4 9.63 .188
MARK .46 4 1.03 1.784
KO .46 9 60.47 .063
KBSF .46 2 3.05 .300
GURE .46 1 4.36 .105
EQOS .46 1 1.96 .234
CVV .46 2 4.19 .218
VERU .45 4 5.56 .320
TYME .45 4 0.6202 2.900
TME .45 1 6.59 .068
ONCT .45 2 2.2 .408
FCX .45 25 41.68 .250
EVGO .45 8 9.58 .368
CSCO .45 12 60.28 .084
CRDF .45 3 6.31 .213
CCL .45 5 21.07 .105
ADIL .45 2 2.56 .350
WORX .44 4 1.29 1.364
STN .44 3 55.38 .021
NNVC .44 3 3.12 .423
MTTR .44 15 16.3 .390
LESL .44 2 22.55 .038
GALT .44 3 2.05 .642
FFHL .44 2 7.51 .116
DWSN .44 2 2.315 .380
WOOF .43 3 18.62 .069
PFE .43 19 55.63 .133
MU .43 11 95.65 .044
HOLI .43 1 16.1 .026
GAME .43 1 2.71 .158
EVGN .43 1 1.68 .255
CAN .43 4 4.68 .364
ATIF .43 1 3.9 .110
HRC .42 6 155.96 .012
DUK .42 10 103.64 .040
DBGI .42 5 2.62 .800
CTSO .42 4 3.81 .440
BWAY .42 3 7.645 .162
ARMK .42 4 36.73 .044
SRNG .41 1 11.42 .035
SLB .41 6 34.05 .072
RKT .41 2 14.18 .056
PDCO .41 4 29.7 .052
KZIA .41 2 8.25 .098
HNST .41 3 7.4 .165
GTT .41 1 2.36 .173
CLF .41 13 23.3 .221
BLIN .41 8 2.12 1.544
AUUD .41 7 1.74 1.645
ACOR .41 4 2.36 .692
YJ .40 2 0.5625 1.422
XLF .40 3 40.69 .027
LIZI .40 4 1.64 .972
GRTX .40 4 3.65 .436
FBRX .40 1 1.93 .207
DUOT .40 1 5.12 .078
CTIB .40 5 1.27 1.570
CHRA .40 1 5.26 .076
IYC .39 4 82.88 .016
HALO .39 1 38.59 .010
EQT .39 3 21.78 .051
DNUT .39 9 18.29 .189
CSCW .39 2 0.4847 1.608
CRTD .39 7 2.23 1.218
AQMS .39 3 1.16 1.008
XOM .38 10 68.32 .050
SBH .38 3 18.54 .060
RDUS .38 1 6.26 .060
OVID .38 2 3.31 .228
OTLK .38 2 1.31 .580
MRTN .38 3 16.86 .066
GPK .38 2 19.7 .038
ANIX .38 1 2.92 .130
VTNR .37 10 4.97 .740
UONE .37 7 4.87 .525
MRK .37 12 78.83 .048
LICY .37 1 9.12 .040
HUGE .37 1 1.05 .352
GT .37 6 21.71 .102
CHMA .37 2 3.76 .196
UAVS .36 3 1.55 .696
MRKR .36 1 0.8599 .418
MITQ .36 1 1.99 .180
JFIN .36 2 2.11 .340
IDEX .36 4 1.24 1.160
GOVX .36 7 3.72 .672
GNLN .36 2 0.9279 .774
BNGO .36 12 2.81 1.536
AKTX .36 1 1.44 .250
ADMP .36 1 0.5764 .624
ACB .36 3 5.45 .198
VXX .35 4 19.38 .072
PHUN .35 16 3.07 1.824
ORMP .35 19 11.83 .551
ORGO .35 2 8.45 .082
ON .35 12 67.25 .060
LMFA .35 5 4.68 .370
KHC .35 6 36.83 .054
CLSD .35 3 2.59 .405
CIFR .35 3 4.09 .255
BSQR .35 13 1.64 2.769
AESE .35 1 1.85 .189
XELB .34 2 1.18 .576
TRIT .34 5 2.28 .745
SSNT .34 2 4.09 .166
ME .34 6 6.16 .330
HWCC .34 1 5.3 .064
CYTH .34 1 4.21 .080
NUAN .33 3 55.15 .015
IMMR .33 6 5.33 .366
HNP .33 2 24 .026
GTS .33 1 35.72 .009
CIEN .33 21 75.38 .084
BHTG .33 1 0.837 .394
WATT .32 2 1.21 .528
TAL .32 2 3.41 .186
SPCB .32 2 0.508 1.258
SGBX .32 3 2.08 .459
PRPL .32 6 12.75 .150
MINM .32 2 1.3 .492
FOE .32 2 21.8 .028
CORT .32 2 19.19 .032
CL .32 9 84.66 .027
AAPL .32 112 172 .112
AAL .32 9 18.57 .153
WINT .31 3 1.42 .654
ULBI .31 2 5.98 .102
SCYX .31 4 6.01 .204
LC .31 12 22.95 .156
DMAC .31 2 3.67 .168
AEY .31 1 1.49 .208
TESS .30 3 6.38 .141
OXBR .30 5 5.1 .290
LGHL .30 4 1.29 .928
HAPP .30 1 0.55 .545
ENG .30 3 1.25 .720
CLSK .30 1 8.3 .036
BRG .30 3 26.44 .033
BBIG .30 21 2.33 2.688
AUTL .30 3 4.84 .183
NEXT .29 4 2.77 .416
HUSN .29 4 2.5 .464
EFOI .29 4 3.49 .332
ALTO .29 5 5.19 .275
AFMD .29 3 5.04 .171
ACI .29 13 31.21 .117
RF .28 3 24.59 .033
ORCL .28 37 86.34 .111
NKLA .28 17 10.21 .459
MITO .28 1 0.8696 .321
KR .28 20 47.12 .100
FLO .28 6 27.94 .060
EPAY .28 3 56.36 .012
CLOV .28 2 3.35 .166
APTO .28 4 1.32 .848
XLV .27 9 135.04 .009
WIMI .27 4 2.81 .384
RSLS .27 4 1.59 .676
NAOV .27 11 1.02 2.904
MGTX .27 1 21.89 .012
INCY .27 5 72.63 .015
GSM .27 7 5.65 .329
FENC .27 2 4.4 .122
ENVB .27 3 0.8651 .936
VIVE .26 2 1.26 .412
PPBT .26 1 4.04 .064
PME .26 1 0.5 .520
JQUA .26 1 44.47 .005
AXLA .26 2 2.09 .248
VCLO .25 1 13.31 .018
SPWH .25 4 11.9 .084
PBLA .25 1 1.81 .138
HITI .25 1 4.31 .058
ERF .25 4 10.61 .092
AVCT .25 6 2.14 .696
RAIL .24 4 4.04 .236
PLG .24 3 1.72 .417
MOGO .24 4 3.02 .316
IKT .24 1 1.41 .170
GBR .24 1 2.46 .097
CPIX .24 4 4.53 .208
CONE .24 3 89.35 .006
UWMC .23 4 5.77 .156
PIRS .23 7 3.56 .448
NXE .23 2 4.43 .102
HRL .23 9 49.33 .036
GIS .23 13 68.49 .039
ERJ .23 15 16.76 .195
BCLI .23 2 3.76 .122
XLE .22 11 60.51 .033
THTX .22 1 2.83 .077
SSKN .22 1 1.36 .161
SLV .22 7 20.51 .070
PBR .22 12 10.83 .240
JFU .22 3 1.07 .615
INOV .22 2 41.06 .010
FFIE .22 2 5.63 .078
DYNT .22 5 1.02 1.075
BIOC .22 4 3.67 .236
ABUS .22 8 3.56 .488
VBLT .21 3 1.85 .339
TENX .21 1 0.88 .238
AZN .21 16 56.67 .048
ATOS .21 5 1.56 .670
ALZN .21 3 1.97 .318
ALAC .21 2 11.75 .034
ENSV .20 1 0.91 .219
ANY .20 21 3.1 1.344
AEHR .20 32 20.48 .288
NBEV .19 1 1.02 .186
MOMO .19 3 9.05 .060
FLGC .19 6 1.79 .636
COTY .19 8 10.21 .144
BKYI .19 2 2.25 .168
BGI .19 3 4.78 .117
VSH .18 3 21.94 .024
IRIX .18 4 5.92 .120
GNFT .18 7 4.76 .259
FCEL .18 131 5.14 4.585
BLNK .18 14 25.1 .098
TISI .17 1 1.21 .140
PPC .17 2 27.77 .012
PETZ .17 4 3.86 .176
LIVX .17 2 3.07 .110
KXIN .17 6 1.09 .930
GMTX .17 2 2.61 .130
AGNC .17 5 15.2 .055
T .16 6 26.21 .036
SNES .16 2 1.01 .316
OCG .16 4 4.96 .128
INFI .16 4 1.58 .404
IMMP .16 7 3.28 .336
HFBL .16 1 20.3316 .007
GGAL .16 4 9.27 .068
BP .16 7 28.37 .035
ZNGA .15 4 6.09 .096
XLP .15 14 77.34 .014
VRS .15 2 26.86 .010
IMV .15 2 1.28 .234
HIPO .15 3 2.57 .174
GSKY .15 2 11.8 .024
GRUB .15 3 9.96 .045
CREX .15 1 1.4 .107
CHNG .15 2 20.95 .014
XERS .14 1 2.64 .053
SYKE .14 3 54 .006
OEG .14 1 2.1 .066
NXTP .14 1 0.799 .175
INM .14 1 1.29 .108
IEC .14 1 15.34 .009
EDU .14 1 1.87 .074
VIEW .13 2 3.68 .070
SVBI .13 1 13.63 .009
SALM .13 5 3.105 .205
OSMT .13 4 1.05 .492
GENE .13 3 1.8895 .204
VERB .12 8 1.19 .800
SBBP .12 2 2 .120
PSTX .12 1 6.27 .019
MRO .12 18 18.03 .108
LTHM .12 19 23.73 .095
HDGE .12 3 24.64 .012
GSAT .12 2 1.06 .226
CRON .12 5 3.86 .155
CHNR .12 4 0.86 .556
AHPI .12 3 5.04 .069
UNIT .11 3 12.99 .024
TELL .11 9 3.14 .315
SNMP .11 2 0.5551 .396
MOHO .11 3 0.4149 .795
GBS .11 1 1.47 .074
FENG .11 2 0.8103 .270
FAST .11 6 61.89 .006
ET .11 6 9.08 .072
EKSO .11 2 2.64 .082
CSPR .11 1 6.72 .016
CALA .11 1 0.6071 .181
ACHV .11 2 8.25 .026
TTM .10 15 32.85 .045
SLHG .10 1 1.24 .080
RAVN .10 3 58.08 .003
OBSV .10 6 2.06 .288
KDMN .10 4 9.5 .040
EDTK .10 2 0.955 .208
D .10 12 79.06 .012
CNFR .10 2 2.3401 .084
CDEV .10 6 7.09 .084
AGEN .10 12 3.07 .384
YPF .09 3 3.95 .066
XELA .09 7 0.7027 .896
WTER .09 2 1.14 .156
TEDU .09 2 1.95 .092
TAAG .09 1 20.9494 .004
SELF .09 1 5.7 .015
RIG .09 6 3.26 .162
PRPO .09 3 1.57 .171
CXM .09 1 14.78 .006
AEMD .09 3 1.75 .153
AEI .09 2 0.5076 .354
XPDI .08 14 10.11 .098
TEO .08 2 4.9 .032
SSL .08 23 16.53 .092
MBII .08 1 0.75 .106
CLDR .08 1 15.99 .005
BQ .08 2 0.79 .202
VSTM .07 3 1.93 .108
SWN .07 4 4.44 .060
SBS .07 11 6.4 .110
NEPT .07 2 0.3863 .362
LMRK .07 2 16.49 .008
ITRO .07 1 1.27 .055
ITRN .07 3 26.5 .006
CPLG .07 1 15.67 .004
CPG .07 10 6 .110
BVXV .07 4 2.02 .136
XBIO .06 8 1.3 .368
VG .06 1 20.75 .002
RVI .06 3 6.27 .027
RRD .06 12 11.2 .060
KULR .06 8 2.82 .168
ESXB .06 2 11.3 .010
ENIC .06 1 1.88 .031
DBVT .06 12 1.69 .420
ADMS .06 2 8.22 .014
ULTA .05 12 401.49 0
OXY .05 32 32.76 .032
OCG .05 13 4.96 .130
MTL .05 19 3.23 .285
MDNA .05 8 1.8 .216
FRBK .05 1 3.8 .013
PSP .04 3 15.02 .006
PBT .04 2 11.95 .006
NOK .04 6 6.12 .036
MFGP .04 7 5.63 .049
LPTX .04 6 2.83 .084
IRCP .04 4 2.2 .072
CXP .04 1 19.28 .002
AVGR .04 7 0.4663 .595
VTGN .03 5 1.82 .080
VCAR .03 1 15.1827 .001
SNDL .03 1 0.582 .051
SIC .03 1 14.49 .002
FRO .03 21 7.27 .084
RTLR .02 9 12.1 .009
RCAT .02 3 2.02 .027
NWHM .02 1 8.99 .002
KIN .02 2 9.25 .004
EIC .02 2 17.33 .002
DSE .02 1 9.49 .002
PMD .01 1 7.51 .001
INFL .01 2 30.67 0
IACB .01 3 7.95 .003
DFP .01 3 27.11 0
BEST .01 3 0.8548 .033
WMPN 0 4 12.49 0
SLVO 0 6 4.9 0
QQC 0 2 32.19 0
QADB 0 4 87.54 0
PAE 0 1 9.94 0
ONON 0 1 51.42 0
NLSP 0 1 1.28 0
LHAA 0 1 9.845 0
HWBK 0 1 25.88 0
DVD 0 1 3.61 0
APWC 0 1 2.99 0
NSYS -.12 1 10.5 -.011
