AXON 62.01 2 169.34 .732
PVH 19.26 3 69.89 .825
ONON 18.32 3 16.49 3.330
SIG 17.54 4 65.44 1.072
SHOP 17.08 20 36.09 9.460
SHOP 14.84 20 36.09 8.220
SHOP 13.98 20 36.09 7.740
MRNA 12.02 43 193.29 2.666
SHOP 11.22 42 36.09 13.020
SPLK 11.03 8 87.4 1.008
OKTA 10.37 2 67.92 .304
ALB 10.02 5 242.86 .205
CFLT 9.43 3 23.01 1.227
FNGD 9.04 8 53.53 1.344
XMTR 8.64 3 32.53 .795
NTLA 8.38 13 36.86 2.951
PYPL 7.44 11 69.26 1.177
VRTX 7.05 9 304.8 .207
NVAX 6.25 20 11.03 11.320
NEM 6.19 5 46.14 .670
BLNK 6.17 14 12.78 6.748
TMX 6.06 5 37.87 .800
SIVB 6.05 13 213.4 .364
TOST 6.00 7 18.76 2.233
RMD 5.92 5 209.8 .140
SNPS 5.88 11 329.12 .187
LMT 5.87 25 481.79 .300
FDX 5.82 3 171.72 .099
EL 5.76 14 240.94 .322
KOSS 5.55 9 5.56 8.982
AXSM 5.48 4 78.4 .276
GKOS 5.32 2 42.48 .250
CIVI 5.29 3 55.83 .282
RLAY 5.23 4 17.05 1.224
SHLS 5.14 2 26.72 .384
YINN 5.01 6 45.85 .654
PLRX 5.01 4 18.69 1.072
AVXL 4.99 10 8.64 5.770
DE 4.96 17 431.09 .187
LULU 4.94 7 321.24 .105
ZS 4.93 17 114.21 .731
FDX 4.86 2 171.72 .056
JAZZ 4.82 3 157.72 .090
AMGN 4.73 20 267.41 .340
SOXS 4.72 36 35.97 4.716
COST 4.71 10 461.45 .100
NTNX 4.66 2 31.17 .298
SOXS 4.65 31 35.97 3.999
BLNK 4.60 14 12.78 5.026
ADBE 4.47 20 338.54 .260
SOXS 4.45 30 35.97 3.690
DWAC 4.31 12 19.22 2.688
TZA 4.29 12 35.34 1.452
STE 4.26 9 183.03 .207
DIA 4.24 18 328.97 .216
ANVS 4.22 8 11.3 2.984
TECS 4.16 7 38.34 .756
AZPN 4.16 7 201.11 .140
FSTX 4.14 2 5.28 1.568
DQ 4.10 15 44.57 1.365
LMT 4.08 28 481.79 .224
AMGN 4.05 17 267.41 .255
PYPL 4.03 15 69.26 .870
CTRN 3.96 7 27.54 1.001
BNTX 3.95 38 175.25 .836
SHW 3.86 4 240.47 .064
SPWR 3.82 5 21.15 .900
GS 3.81 16 346.35 .176
GME 3.81 106 20.8 19.398
VERV 3.80 8 19.27 1.576
SMH 3.79 17 213.58 .289
SPY 3.73 32 383.27 .288
FUTU 3.65 3 66.47 .162
SHLS 3.59 3 26.72 .402
SDS 3.59 11 45.84 .858
ISEE 3.57 6 22.32 .954
NGM 3.54 3 5.06 2.097
BIIB 3.53 17 284.98 .204
MDB 3.51 14 203.1 .238
BBY 3.51 9 79.48 .396
BLDR 3.40 10 67.54 .500
ALDX 3.40 6 6.32 3.222
ZM 3.38 10 69.86 .480
FISV 3.37 11 98.58 .374
CLX 3.37 13 144.6 .299
GE 3.36 13 77.65 .559
PLUG 3.33 12 14.02 2.844
ENVX 3.33 4 11.19 1.188
SNOW 3.25 25 142.45 .550
TECS 3.24 8 38.34 .672
DOMO 3.24 4 16.55 .780
FOLD 3.18 2 12.23 .520
ARRY 3.14 2 21.77 .288
SE 3.12 10 53.69 .580
CRM 3.05 28 128.27 .644
STZ 3.04 7 231.36 .091
URTY 3.02 8 38.02 .632
RUN 3.01 15 29.16 1.545
SJR 3.00 6 26.55 .672
IWM 2.97 12 174.37 .204
BROS 2.97 7 30.82 .672
ASAN 2.95 21 14 4.410
DPST 2.92 11 20.34 1.573
CAT 2.90 23 232.72 .276
SPXS 2.84 6 22.12 .768
SEDG 2.84 15 320.53 .120
MRNA 2.83 47 193.29 .658
MRNA 2.82 42 193.29 .588
FITB 2.79 8 31.6 .704
AMGN 2.79 18 267.41 .180
CTLT 2.75 2 44.26 .124
RBLX 2.74 19 27.62 1.881
CELH 2.72 9 108.8 .225
ECOM 2.71 3 23.09 .351
BLK 2.70 7 700.22 .021
OLN 2.68 8 51.4 .416
ADSK 2.68 9 192.4 .117
TSLA 2.66 211 150.23 3.587
LYFT 2.65 9 11.09 2.142
VLO 2.62 33 119.37 .693
STRO 2.59 3 7.3 1.062
NTNX 2.59 4 31.17 .332
NOV 2.58 9 19.85 1.161
FSR 2.58 3 6.88 1.125
PRTA 2.54 10 56.84 .440
SILK 2.53 7 53.52 .329
LLY 2.53 29 359.87 .203
DG 2.52 12 248.25 .120
NVDA 2.51 204 165.71 3.060
AMC 2.50 69 5.31 32.430
ICPT 2.48 3 15.34 .483
LXU 2.45 4 13.62 .716
RTX 2.35 13 98.34 .299
LAZR 2.34 9 6.78 3.105
AA 2.33 37 42.72 1.998
UNH 2.32 23 523.7 .092
FL 2.32 8 34.19 .536
WM 2.30 21 161.79 .294
FNGD 2.30 5 53.53 .210
NKE 2.28 5 105.95 .105
PAAS 2.26 5 15.98 .705
OVV 2.24 12 50.17 .528
ARVN 2.20 11 36.04 .671
STX 2.19 18 52.13 .756
DLTR 2.19 20 142.65 .300
PCVX 2.16 4 45.8 .188
HES 2.15 3 133.01 .048
RY 2.13 25 93.45 .550
FNGD 2.13 13 53.53 .507
AMD 2.13 54 65.41 1.728
HOLI 2.10 4 17.14 .488
ARQT 2.10 4 15.96 .524
BURL 2.08 9 185.8 .099
CVS 2.06 26 95.45 .546
SQ 2.05 34 62.51 1.088
MMM 2.05 20 121.69 .320
STT 2.04 4 77.7 .104
TRQ 2.01 10 31.41 .630
DOG 2.00 5 33.63 .295
INTU 1.98 8 384.98 .040
CROX 1.98 10 95.01 .200
TDG 1.96 5 605.73 .015
SKX 1.95 7 41.08 .329
PTON 1.95 9 10.71 1.638
HAS 1.95 9 57.86 .297
WOLF 1.94 4 77.06 .100
UAA 1.94 6 10.15 1.146
DD 1.91 8 67.91 .224
BLUE 1.91 4 7.7 .992
PDSB 1.90 4 9.34 .812
ENVX 1.89 5 11.19 .840
TNA 1.86 10 32.08 .570
PWR 1.84 8 143.27 .096
ENPH 1.84 17 303.39 .102
UPS 1.82 21 178.2 .210
SQQQ 1.82 29 50.24 1.044
IBRX 1.82 4 6.44 1.128
ATVI 1.82 11 76.08 .253
XBI 1.80 19 80.96 .418
V 1.79 22 206.89 .176
ZIM 1.78 36 17.55 3.636
GIII 1.76 9 13.03 1.215
AYX 1.76 4 50.74 .136
PTEN 1.75 3 16.19 .324
ICPT 1.75 2 15.34 .228
VXX 1.74 7 15.01 .805
STEM 1.74 12 10.99 1.896
UNH 1.73 24 523.7 .072
HON 1.73 10 209.74 .080
FIGS 1.73 11 7.08 2.684
AN 1.69 13 111.69 .195
FA 1.68 2 12.91 .260
TECL 1.63 7 23.9 .476
ADI 1.63 11 166.82 .099
CAT 1.61 19 232.72 .114
GM 1.59 8 36.15 .344
APA 1.58 16 43.79 .576
TVTX 1.57 5 19.69 .395
INCY 1.57 10 82.03 .190
HPK 1.56 2 20.04 .154
SQQQ 1.55 23 50.24 .690
NIO 1.55 101 11.6 13.433
IMVT 1.55 5 15.91 .485
TSM 1.53 18 76.3 .360
BLU 1.52 5 9.37 .810
FAZ 1.51 7 20.52 .511
CSIQ 1.51 10 34.11 .440
LESL 1.49 6 12.08 .738
DAL 1.49 17 33.11 .765
NEE 1.46 22 84.14 .374
FANG 1.46 31 134.32 .310
IMVT 1.45 4 15.91 .364
SPB 1.43 4 58.01 .096
LITE 1.43 5 52.09 .135
UHS 1.42 9 135.77 .090
JPM 1.42 23 129.29 .230
MAXR 1.40 5 51.93 .130
CHPT 1.40 10 10.45 1.330
YINN 1.39 5 45.85 .150
TSCO 1.39 12 210.51 .072
LPX 1.39 7 61.85 .154
TJX 1.38 14 77.65 .238
USB 1.34 12 42.15 .372
ABNB 1.34 24 89.57 .336
STLD 1.33 6 101.02 .078
RL 1.33 8 105.18 .096
PATI 1.33 2 7.92 .334
EQT 1.33 21 37.24 .735
DXC 1.33 7 26.3 .350
DD 1.33 7 67.91 .133
AAP 1.33 10 140.16 .090
TAP 1.32 7 51.18 .175
FLO 1.32 10 28.69 .460
XLV 1.30 35 135.53 .315
RF 1.30 9 20.58 .567
CAT 1.29 18 232.72 .090
DPW 1.28 5
SBLK 1.26 13 19.54 .832
TECL 1.25 5 23.9 .260
SPXS 1.25 9 22.12 .504
FUTU 1.23 6 66.47 .108
XLY 1.22 33 133.91 .297
WSM 1.22 10 111.71 .100
TZA 1.22 5 35.34 .170
SNAP 1.22 131 8.47 18.864
KRYS 1.22 2 79.84 .030
BILI 1.20 27 23.01 1.404
BLFS 1.19 3 17.58 .201
LIN 1.16 41 329.63 .123
PPC 1.15 7 23.43 .343
JWN 1.15 11 16.34 .770
ROST 1.14 10 113.95 .100
ASPN 1.14 2 11.57 .196
TME 1.13 7 7.89 1.001
EA 1.13 15 121.74 .135
ARMK 1.13 5 41.51 .135
NETE 1.11 2
SQM 1.10 9 85.25 .108
QFIN 1.10 12 17.72 .744
MPC 1.10 22 109.75 .220
SRTY 1.09 13 54.51 .247
SQM 1.09 17 85.25 .204
AG 1.09 4 8.57 .508
MCD 1.08 22 266.12 .088
SHOP 1.07 46 36.09 1.334
FLO 1.07 11 28.69 .407
J 1.06 5 119.07 .040
CENX 1.06 3 7.31 .435
TAL 1.05 7 7.46 .980
PRTA 1.05 9 56.84 .162
XOM 1.04 49 104.7 .441
TH 1.04 7 16.41 .441
GPS 1.04 12 12.95 .960
TTD 1.03 25 46.15 .550
TAP 1.03 5 51.18 .100
VTRS 1.02 5 10.96 .465
SNOW 1.01 23 142.45 .161
HP 1.01 3 46.83 .063
WPP 1.00 4 48.64 .080
VTNR .98 10 5.86 1.670
DOCS .98 11 35.09 .297
MNST .97 9 100.78 .081
M .97 31 20.4 1.457
KNBE .97 9 24.79 .351
BGFV .97 11 10.06 1.056
AR .95 5 33.95 .135
YANG .94 14 12.74 1.022
AXP .94 21 146.3 .126
ANET .94 11 123.66 .077
WYNN .92 18 86.01 .180
SPXU .92 8 16.81 .432
GT .90 11 10.51 .935
DKNG .90 10 12.12 .740
PSTG .89 13 28.62 .403
ABCL .89 5 10.21 .435
HX .88 6 24.58 .210
AEO .88 10 14.58 .600
SQBG .87 2
AMOM .86 2 26.2291 .064
ABT .86 28 106.91 .224
TMUS .85 24 142.36 .120
SQ .85 31 62.51 .403
EDIT .85 4 10.27 .328
RACE .84 43 218.11 .129
XOM .83 50 104.7 .350
SU .83 23 29.92 .621
ROIV .83 3 7.32 .339
KMB .83 27 135.32 .162
TTWO .82 12 100.76 .096
KR .82 42 44.32 .756
CRH .82 14 39.02 .294
ALXN .82 4
BZ .81 12 19.15 .504
BHVN .81 10 15.09 .530
NUE .80 20 133.6 .100
ISEE .80 10 22.32 .350
IMTX .80 7 9.06 .616
CD .80 5 7.56 .525
VIPS .79 12 13.35 .708
TTWO .79 13 100.76 .091
BKNG .79 15 1938.55 0
AKAM .79 7 84.98 .063
SDOW .78 5 27.58 .140
MNST .78 12 100.78 .084
COF .78 7 90.1 .056
COF .78 7 90.1 .056
BBWI .78 10 40.31 .190
WSM .77 14 111.71 .084
NTEC .77 4
GLW .77 5 32.3 .115
FB .77 130 196.64 .390
EL .77 11 240.94 .033
XONE .76 2
TME .76 12 7.89 1.152
IYC .75 5 58.25 .060
IBM .75 29 140.16 .145
SBSW .74 15 10.06 1.095
CLF .74 25 15.13 1.200
RTX .73 14 98.34 .098
LSI .73 10 101.13 .070
CFVI .73 4 12.04 .240
XLK .72 37 127.48 .185
TSN .72 16 61.84 .176
TRI .72 15 113.64 .090
MCD .72 19 266.12 .038
LTHM .72 28 22.24 .896
KMX .72 10 61.44 .110
FISV .72 12 98.58 .084
CRGY .72 4 11.72 .244
PSTX .71 5 5.91 .600
YETI .70 9 41.95 .144
PFE .70 33 51.4 .429
AAPL .70 154 134.51 .770
XBI .69 19 80.96 .152
QCOM .69 34 114.53 .204
MCD .69 21 266.12 .042
FGEN .69 4 14.66 .188
BA .69 12 184.7 .036
LVS .68 17 47.49 .238
SQM .67 22 85.25 .154
OVV .67 15 50.17 .195
A .67 14 149.3 .056
MCD .65 19 266.12 .038
F .65 17 12.12 .901
ACI .65 22 20.66 .682
INFL .64 5 31.29 .100
LUV .62 10 37.28 .160
BERZ .62 13 33.53 .234
YMM .61 9 8.65 .630
TTWO .61 14 100.76 .084
PANW .61 15 151 .060
NRGU .61 8 436.84 .008
MDRX .61 4 17.78 .136
HGSH .61 4
CCL .61 14 8.45 1.008
SSRM .60 8 14.95 .320
PINS .60 14 24.8 .336
MAT .60 20 16.72 .700
COST .60 30 461.45 .030
UAL .59 13 38.43 .195
JRJC .59 3
HRB .59 9 40.33 .126
AXP .59 19 146.3 .076
VIPS .58 10 13.35 .430
OKE .58 10 64.49 .080
LZB .58 4 23.32 .096
ABT .58 27 106.91 .135
NVDA .57 204 165.71 .612
MT .57 22 25.46 .484
HRL .57 25 45.66 .300
ATHM .57 5 31.6 .090
PINS .56 16 24.8 .352
CHKP .56 14 129.05 .056
BABA .56 133 86.79 .798
XOM .55 59 104.7 .295
UBER .55 16 25.97 .336
KSS .55 21 25.97 .441
VNET .54 8 5.22 .824
TIGR .54 11 5.08 1.166
EURN .54 13 18.3 .377
VIGI .53 8 69.9 .056
TMUS .53 30 142.36 .090
SQM .53 10 85.25 .060
SAIL .53 3 65.24 .024
CYTK .53 9 43.71 .108
TQQQ .52 176 19.06 4.752
SUPN .52 5 37 .070
WOOF .51 6 9.76 .312
KO .51 26 62.75 .208
GLD .51 28 166.79 .084
FTI .50 7 11.49 .301
FHN .50 4 24.41 .080
BULZ .50 6 23.79 .126
ABT .50 30 106.91 .120
XLE .49 42 84.36 .210
ON .49 36 65.38 .252
NVDA .49 208 165.71 .416
NTAP .49 8 60.32 .064
NAPA .49 4 16.7 .116
KZR .49 5 7.04 .345
FAST .48 20 47.87 .200
PINS .47 17 24.8 .306
META .47 11 119.43 .033
ISIG .47 6 8.98 .312
EDU .47 18 34.4 .234
CCJ .47 29 21.71 .609
BIG .47 6 15.86 .174
ANF .47 5 21.78 .105
WYNN .46 16 86.01 .080
HTHT .46 4 42.64 .040
HOLI .46 3 17.14 .078
AEHR .46 36 23.42 .684
KBSF .44 2
GOGL .44 14 8.81 .686
CAH .44 16 79.28 .080
MMM .43 22 121.69 .066
HL .43 6 5.3 .486
TRQ .42 10 31.41 .130
PBF .42 13 36.58 .143
KR .42 45 44.32 .405
MDT .41 18 76.72 .090
HOOD .41 20 8.61 .940
STN .40 5 48.26 .040
PDCO .40 6 27.53 .084
OTIS .40 6 78.6 .030
SDOW .39 10 27.58 .140
NKE .39 22 105.95 .066
M .39 10 20.4 .190
K .39 41 71.29 .205
JKS .39 16 51.04 .112
FCX .39 41 38.36 .410
ATNM .39 4 11.09 .140
YPF .38 7 7.47 .350
SBSW .38 13 10.06 .481
DD .38 10 67.91 .050
CM .38 21 40.5 .189
LTHM .37 30 22.24 .480
GBT .37 3 68.49 .015
TRIT .36 6
TMUS .36 27 142.36 .054
SOXL .36 6 11.11 .192
LOW .36 20 206.14 .020
LI .36 42 20.45 .714
UPRO .35 8 33.37 .080
TGT .35 21 146.45 .042
PEP .35 28 180.34 .028
AZN .35 49 67.94 .245
MO .34 20 46.56 .140
COP .34 56 110.44 .168
WEN .33 4 23.1 .056
SBH .33 4 12.85 .100
LABU .33 7 6.66 .343
EVO .33 6 8.11 .240
DIS .33 19 90.08 .057
PDD .32 22 87.03 .066
BP .32 34 33.68 .306
XOM .31 46 104.7 .092
WFC .31 27 41.19 .189
RKT .31 9 7.96 .342
LAC .31 31 22.85 .403
YANG .30 18 12.74 .414
XOM .30 54 104.7 .108
XLE .30 44 84.36 .132
RWM .30 10 24.68 .120
JD .30 32 56.59 .160
EURN .30 30 18.3 .480
DRN .30 10 10.04 .290
WF .29 2 29.05 .018
SPWH .29 8 9.33 .248
IMMR .29 6 7.88 .216
IBM .29 31 140.16 .062
BCRX .29 23 10.94 .598
SSL .28 54 14.81 .972
SPG .28 15 116.32 .030
KBH .28 3 32.16 .024
SJM .27 25 155.33 .025
NFE .27 7 44.15 .042
MCW .27 2 9.46 .056
BTU .27 38 28.49 .342
XLV .26 29 135.53 .029
OPNT .26 6 20.25 .072
MOS .26 43 45.36 .215
HUSN .26 4
GIII .26 8 13.03 .152
CCL .26 11 8.45 .330
BEKE .26 16 14.46 .272
UBER .25 15 25.97 .135
TWTR .25 22 53.7 .088
RAPT .25 8 18.05 .104
MSFT .25 157 244.69 .157
VET .24 45 17.29 .585
MRK .24 21 109.2 .042
KMB .24 34 135.32 .034
PG .23 35 150.44 .035
FCX .23 40 38.36 .200
BTU .23 37 28.49 .296
TSEM .22 4 45.78 .016
TRQ .22 12 31.41 .084
LLY .22 28 359.87 0
EOLS .22 4 7.04 .124
ALC .22 37 67.45 .111
NEX .21 4 9.24 .088
MNSO .20 4 11.12 .068
GFI .20 26 10.19 .494
BP .20 32 33.68 .160
AAL .20 14 12.81 .210
YPF .19 12 7.47 .300
EURN .19 14 18.3 .140
EPM .19 3 7.03 .081
CVS .19 28 95.45 .028
ALVR .19 5 6.44 .145
CLNE .18 6 5.83 .180
VZ .17 23 37.12 .092
SJIV .17 4 69.56 .008
OHI .17 9 28.64 .045
VRDN .16 4 27.88 .020
T .16 23 18.49 .184
AU .16 24 18.72 .192
ANET .16 15 123.66 .015
SBS .15 50 10.09 .700
BCH .15 7 19.04 .049
ASC .15 3 14.83 .030
UNIT .14 8 5.93 .184
RFP .14 3 21.08 .018
KHC .14 24 39.92 .072
HDGE .14 8 28.59 .032
GIS .14 34 86.93 .034
DUK .14 39 100.34 .039
BOX .14 6 31.24 .024
LBRT .13 5 15.57 .040
GGAL .13 6 7.68 .096
ERF .13 27 16.43 .189
D .13 40 58.62 .080
CSCO .13 36 47.81 .072
CNFR .13 2
PBR .12 37 9.37 .444
ORMP .12 10 8.26 .140
XLE .11 49 84.36 .049
APG .11 4 18.62 .020
UBS .10 22 17.75 .110
MRO .10 59 27.33 .177
BTWN .10 19 9.87 .190
VTRS .09 9 10.96 .072
UAL .09 15 38.43 .030
HCM .09 9 13.77 .054
DKS .09 26 111.82 0
AMKR .09 5 25.2 .015
YPF .08 8 7.47 .080
IRBO .08 6 26.16 .018
COTY .08 17 7.94 .170
ALAC .08 5
AEHR .07 41 23.42 .082
EQNR .06 21 36.09 .021
DB .06 17 10.49 .085
WF .05 5 29.05 .005
SWN .05 38 6.18 .304
SBS .04 46 10.09 .138
CHNG .04 8 27.49 .008
BRG .04 11 26.6 .011
UPS .03 19 178.2 0
CPG .03 40 6.64 .160
BIDU .03 157 112.59 0
SWCH .02 2 34.25 0
ICL .02 11 7.31 .022
SH .01 14 16.01 0
PSO .01 15 11.08 0
PBT .01 6 22.5 0
MN .01 4 12.85 0
SLVO 0 21 88.7 0
ROKU 0 15 45.85 0
QQC 0 4 21.1394 0
NINE 0 11 9.85 0
NFLX 0 134 290.71 0
LHAA 0 5 10.08 0
GRU 0 4 5.281 0
GCP 0 3 32.01 0
GBNY 0 3 10.99 0
ESLT 0 29 168.35 0
D 0 38 58.62 0
ASAX 0 9 10.08 0
ABNB 0 26 89.57 0
SLV -.01 26 21.37 0
ET -.01 30 11.66 0
CTIC -.01 34 5.71 -.034
SLB -.02 37 49.38 0
ASC -.03 9 14.83 -.018
XPEV -.04 116 10.3 -.348
BAK -.04 3 8.63 -.012
WMT -.05 44 142.75 0
ASML -.06 41 574.32 0
GDXD -.09 6 9.19 -.054
XLP -.10 47 74.86 -.047
ORCL -.10 47 79.58 -.047
FRO -.10 53 13.53 -.371
YANG -.11 13 12.74 -.104
KO -.11 27 62.75 -.027
CIEN -.12 36 48.42 -.072
CALT -.12 11 19 -.066
PEP -.14 31 180.34 0
ABBV -.14 39 160.48 0
SCHW -.15 18 78.19 -.018
AMAT -.16 21 104.73 -.021
AGNC -.19 36 10.14 -.648
PSQ -.20 17 14.36 -.221
GLPG -.27 3 40.06 -.018
INTC -.29 17 26.92 -.170
CL -.30 25 77.76 -.075
LOGI -.34 26 58.51 -.130
JNJ -.34 27 175.67 -.027
OXY -.41 80 62.53 -.480
MNSO -.41 10 11.12 -.360
DKNG -.44 12 12.12 -.432
DOCN -.48 16 28.18 -.272
AAPL -.48 160 134.51 -.480
ULTA -.55 4 451.12 -.004
GDYN -.55 3 10.74 -.153
TCOM -.60 23 34.82 -.391
MLCO -.63 15 12.03 -.780
CRK -.67 25 14.77 -1.125
HD -.92 29 323.34 -.058
GOOG -1.17 29 90.86 -.348
HES -1.21 6 133.01 -.054
HCA -1.37 7 239.05 -.035
OLLI -1.44 6 50.17 -.168
ARGX -1.94 14 385.81 -.070
CNC -1.95 11 81.4 -.253
PKG -2.04 8 130.58 -.120
EDU -2.26 11 34.4 -.715
WDAY -2.30 13 175.22 -.169
TWST -3.85 9 25.25 -1.368
GOOG -7.29 36 90.86 -2.880
ROG -7.63 5 115.6 -.330
ENPH -8.72 21 303.39 -.588
SMCI -9.28 5 80.73 -.570
AMZN -15.65 129 87.86 -22.962
