BKNG 17.64 6 2325.37
MSTR 14.90 6 614.29
NVAX 14.88 8 237.54
REGN 12.57 6 651.88
DPZ 10.53 7 503.54
W 9.22 6 286.26
SAM 8.67 6 517.06
BNTX 8.38 6 359.18
AZO 8.36 6 1592.88
SE 8.13 8 339.81
AMZN 8.07 92 3462.52
DE 6.81 6 349.09
ASML 6.72 6 859.85
KOSS 6.42 6 17.72
NVCR 5.71 6 131.03
ROKU 5.65 4 324.1
HRI 5.63 1 128.91
TWST 5.55 3 121.74
EBET 5.51 4 32.44
MDB 5.49 6 506.99
EEIQ 5.44 4 6.31
ADGI 5.39 4 51.46
JAN 5.37 3 6.4
GWRE 5.32 1 118.76
IAC 5.23 4 133.04
EJH 5.21 6 3.4
CROX 5.17 1 155.18
SEDG 5.15 4 281.45
V 5.11 1 221.75
SPLK 5.11 4 151.78
UHAL 5.06 6 649.68
APPN 5.04 2 101.64
RGEN 5.01 2 306.9
GPN 4.99 6 162.03
BLK 4.95 2 876.63
AAME 4.94 2 4
SCPS 4.93 5 5.13
GH 4.92 2 132.05
AXP 4.88 1 163.92
HON 4.87 2 218.49
ENPH 4.87 4 160.89
PLCE 4.81 1 83.16
UPST 4.75 10 303.32
ANVS 4.75 5 33.5
CARV 4.74 5 15.27
ABNB 4.71 3 166.59
EDIT 4.67 1 63.2
MA 4.60 4 343.04
DASH 4.59 5 222.91
RACE 4.57 1 216.39
GOOG 4.55 25 2829.27
NNOX 4.52 2 24.33
ZM 4.42 13 287.68
AFRM 4.41 6 116.28
CI 4.39 2 205.62
CAT 4.36 2 199.75
ADI 4.35 2 171.52
LWAC 4.34 2 16.98
GLSI 4.33 4 42.09
SNOW 4.31 5 322.8
SITM 4.31 4 224.67
LLY 4.31 4 230.1
DOCN 4.31 1 82.21
WDAY 4.30 4 268.51
WAVE 4.30 2 7.93
IMAB 4.28 1 75.85
NEWR 4.27 1 77.04
ZS 4.26 3 275.66
CPOP 4.25 3 3.25
RL 4.24 2 113.04
KALV 4.24 3 19.25
COF 4.22 1 159.57
RAPT 4.20 3 39.47
AMGN 4.19 3 219.38
CELH 4.18 2 93.28
ALEC 4.17 3 26.81
ZG 4.16 4 96.14
IMNM 4.16 1 24.67
APPS 4.16 1 66.86
AN 4.16 2 120.46
SNA 4.15 1 213.6
IRNT 4.15 3 30.26
VMW 4.12 3 139.67
NVOS 4.12 2 1.89
AUVI 4.12 5 6.96
ROLL 4.11 2 214.6
TSLA 4.08 144 759.49
INDP 4.08 4 10.08
COST 4.08 4 459.51
OPAD 4.03 1 13.63
DOCS 3.99 4 95.67
STE 3.98 1 215.09
LAD 3.97 3 337.08
GRTS 3.97 4 11.5
SPT 3.95 1 136.98
LOW 3.95 4 209.03
EAT 3.93 1 50.12
SIVB 3.90 4 610.41
SIEB 3.89 2 3.55
FANG 3.89 1 82.62
KMB 3.87 2 135.18
NRXP 3.86 6 10.7
HCA 3.85 2 258.74
BNTC 3.84 1 4.07
VRNT 3.78 1 44.39
ZLAB 3.76 5 128.64
ACMR 3.76 2 102.4
TPST 3.75 3 15.12
FULC 3.74 4 30.83
TSCO 3.73 2 207.16
SHEN 3.71 1 30.36
OCGN 3.71 2 7.93
BHVN 3.71 2 135
KZIA 3.69 1 10.83
PKG 3.68 2 141.02
CTRN 3.67 2 70.11
CRMT 3.67 4 120.78
LH 3.66 3 295.93
AMEH 3.61 2 96.81
LAW 3.60 1 50.51
PDD 3.58 4 100.73
QDEL 3.57 1 153.48
DLPN 3.56 3 12.36
AACG 3.56 3 2.68
ADBE 3.54 5 654.48
UHS 3.49 2 145.92
SKT 3.49 1 17.5
LIN 3.48 4 309.32
TVTX 3.46 1 22.51
TDC 3.44 1 50.61
OTIS 3.43 1 89.2
LAIX 3.43 2 0.8825
SFIX 3.41 1 35.51
RBLX 3.40 4 80.81
TERN 3.38 2 10.51
ADSK 3.38 5 288.15
STZ 3.34 2 214.85
FIGS 3.34 2 41.21
SNPS 3.33 3 325.54
NMRD 3.33 2 6.88
SI 3.30 2 111.49
PKI 3.30 2 187.56
MCD 3.30 2 242.49
DQ 3.27 6 61.93
LHDX 3.26 2 7.88
BIIB 3.26 3 300.19
UNH 3.25 9 420.16
SAVA 3.25 24 48.51
KURA 3.24 1 20.96
SCR 3.23 2 34.28
IMPL 3.20 3 14.44
OPNT 3.16 1 22.38
BYND 3.16 2 112.95
FLGT 3.14 4 91.71
BKE 3.14 1 41.15
TDG 3.11 3 609.94
GRVY 3.11 3 96.5
MSGE 3.10 3 79.24
VSCO 3.09 2 61.82
RLMD 3.08 2 27.56
PTON 3.08 1 103.42
OLLI 3.08 1 67.98
GS 3.08 7 391.46
XLNX 3.06 4 153.78
KMPH 3.04 1 9.08
CLX 3.04 2 166.09
TASK 3.03 4 71.84
INTU 3.03 3 561.85
CREE 3.02 3 85.7
NEGG 3.00 20 16.97
DOMO 3.00 2 79.66
GME 2.99 82 204.97
DKS 2.98 5 133.34
J 2.97 1 130.55
ESTC 2.97 3 164.09
UBER 2.96 1 39.75
SEMR 2.96 1 27.31
ARVN 2.96 3 96.48
JRVR 2.95 1 34.07
TSM 2.93 1 117.75
FATE 2.92 1 71.6
LOOP 2.88 1 10.56
WGO 2.86 1 69.04
LITE 2.84 1 85.38
HTBX 2.80 1 6.37
WAFU 2.79 2 6.56
VERY 2.78 2 7.81
MOXC 2.78 2 7.33
WSM 2.77 4 185.36
YETI 2.76 2 99.03
STX 2.76 3 83.74
TTWO 2.75 2 151.66
IRDM 2.75 2 44.98
ABT 2.75 2 126.79
SLS 2.74 1 10.53
PFGC 2.74 1 45.31
MNST 2.74 1 94.64
TNA 2.70 2 86.76
NXPI 2.70 3 209.33
MVIS 2.70 2 12.83
MRNA 2.70 25 430.05
AKAM 2.70 1 109.49
KNBE 2.69 4 24.84
EL 2.69 5 319.88
HAS 2.68 2 95.6
COHN 2.68 4 20.04
BURL 2.66 3 296.16
XBI 2.65 4 132.88
DDS 2.64 6 199.93
PEP 2.63 1 154.13
NCTY 2.63 5 12.25
UTHR 2.62 2 200.08
DTST 2.61 1 5.27
DPW 2.61 3 2.43
RMBL 2.58 1 33.59
TTD 2.55 5 72.58
IWM 2.55 3 222.48
DEN 2.54 1 71.55
LPX 2.53 1 61.04
FL 2.53 1 49.63
DDL 2.53 1 22.16
CLII 2.53 1 14.36
NTAP 2.52 2 90.01
JBL 2.52 1 60.89
HOL 2.52 1 12.35
LEXX 2.49 1 6.32
ALXN 2.49 2 182.5
SJ 2.48 2 4.22
LOGI 2.48 2 95.76
BBY 2.48 4 109.62
CRNC 2.46 2 105.73
LII 2.41 4 305.83
GDEV 2.41 1 9.36
AVXL 2.41 5 17.63
LYEL 2.40 1 11.81
CM 2.39 2 114.5
PLD 2.38 2 130.11
GIII 2.35 2 28.45
UPS 2.33 5 190.03
SKX 2.32 1 45.22
CYTK 2.32 2 33.89
AGRI 2.32 1 2.375
LAZR 2.31 2 17.09
CHCI 2.31 2 5.2
PRFX 2.29 1 3.18
ATKR 2.27 1 87.36
SQ 2.23 21 255.79
RTX 2.23 1 83.39
DLTR 2.23 2 89.31
TJX 2.22 3 70.41
STT 2.22 2 84.82
CHGG 2.22 1 78.25
FGEN 2.21 2 11.69
AMD 2.21 7 103.88
OSTK 2.20 6 73.75
VIR 2.19 2 54.54
DXC 2.19 1 35.96
XTLB 2.18 1 4.22
TSN 2.17 2 75.81
MDT 2.17 4 129.7
SPG 2.16 2 131.27
SMLP 2.15 1 36.52
PATI 2.15 1 12.07
PATI 2.15 1 12.07
STMP 2.14 3 328.7
EXPI 2.14 3 46.6
ANTM 2.14 4 379.52
INCY 2.13 1 75.99
IGIC 2.12 1 8.83
ACRS 2.12 7 18.16
TGT 2.11 8 246.67
PRTA 2.11 4 77.07
WM 2.10 2 152.68
CERE 2.10 5 37.57
DELL 2.08 5 100.53
ZIM 2.07 2 59.41
BON 2.06 1 9.91
ALDX 2.06 1 8.57
ASAN 2.05 3 118.26
MFNC 2.04 1 21.5
COIN 2.04 4 245.19
BTX 2.04 1 11.95
VLO 2.03 2 65.6
JD 2.03 3 77.69
FLWS 2.02 2 32.88
APRE 2.02 1 5.06
TMUS 2.01 3 128
MRIN 2.01 5 5.66
IBM 2.00 4 135.23
DD 1.98 1 68.91
VTSI 1.97 1 8.96
KSS 1.96 6 53.26
JG 1.96 2 1.89
BNR 1.96 2 20.41
LMT 1.95 9 340.98
LI 1.94 2 29.09
RRGB 1.93 1 22.72
LEGN 1.93 3 43.83
AAP 1.93 3 205.8
BTBT 1.92 7 9.99
NEE 1.91 1 81.64
DLO 1.91 4 65.15
DG 1.89 3 222.11
FTCH 1.88 1 40.57
LEDS 1.87 2 8.87
HOOD 1.85 12 42.38
ON 1.84 1 48.89
DUK 1.84 1 99.67
DKNG 1.84 2 60.42
AIT 1.83 1 83.46
OSAT 1.82 2 5.35
OKE 1.82 1 55.17
DIS 1.79 6 183.47
ANF 1.79 1 37.28
BIDU 1.78 117 162.21
ARCE 1.78 1 23.37
VRPX 1.77 9 5.74
BLDR 1.77 1 52.82
TTC 1.75 3 102.84
TSP 1.75 5 40.42
VOXX 1.74 2 12.49
AMAT 1.73 5 140.8
KODK 1.72 1 7.25
HD 1.71 9 335.67
CHKP 1.71 4 117.35
VMEO 1.70 1 33.12
ROST 1.70 3 114.62
LYFT 1.70 3 52.18
ENOB 1.70 3 7.25
LIFE 1.69 2 10.31
MYGN 1.67 1 33.72
EA 1.67 2 133.88
TWTR 1.66 2 62.47
MPC 1.66 1 58.86
SYPR 1.65 2 3.57
FLOW 1.65 3 77.79
KMX 1.64 1 140.29
CAH 1.64 3 52.57
LODE 1.63 1 2.89
KYMR 1.63 1 62.95
JZXN 1.63 4 2.74
MOS 1.62 1 33.61
IYC 1.62 1 79.36
CRCT 1.61 1 30.36
USB 1.60 3 57.01
SPI 1.60 2 5.62
RMED 1.60 3 3.13
MBRX 1.60 1 3.11
WHLM 1.59 3 5.41
CSIQ 1.59 2 36.97
CLDX 1.59 2 54.39
BZ 1.59 1 38.54
A 1.59 5 173.94
FISV 1.58 5 108.62
CELC 1.58 2 20.58
RIOT 1.57 2 29.3
GTEC 1.57 2 6.39
CNC 1.57 1 64.64
CARA 1.57 2 15.25
PAYX 1.56 1 108.78
BLFS 1.55 1 47.49
FUV 1.54 1 12.14
GIS 1.53 1 58.92
UAL 1.50 1 44.54
SUPN 1.50 1 27.28
ZEV 1.49 3 9.45
SGOC 1.48 8 6.05
JNJ 1.48 2 164.75
ISEE 1.48 2 16.62
VCVC 1.46 1 9.85
LGHL 1.46 1 1.37
PINS 1.45 3 54.77
MS 1.45 5 101.75
EYEG 1.45 1 2
EVOL 1.45 1 2.14
BPTH 1.44 1 5.5
SNOA 1.43 3 5.35
SCKT 1.43 3 6.61
LANC 1.43 2 169.81
GM 1.42 1 51.33
ATVI 1.42 3 79.56
SCHW 1.41 2 70.43
AVIR 1.41 1 26.23
MMM 1.40 6 181.49
JCS 1.40 3 8.3
CVS 1.40 3 85.51
CRDF 1.40 1 6.86
NVDA 1.39 139 219
ERYP 1.39 2 5.92
EOSE 1.39 2 13.07
COUR 1.39 1 37.34
TNET 1.38 1 93.65
PG 1.37 5 144.34
LIVE 1.37 3 36.17
ECOM 1.37 1 28.26
APP 1.37 4 72.75
AA 1.37 3 48.83
TAOP 1.35 3 2.9
RUN 1.35 4 44.91
BWAY 1.35 1 8
WNW 1.34 1 4.42
NLS 1.33 1 10.67
SLV 1.32 1 20.74
HOG 1.32 2 37.83
AEO 1.32 2 26.7
VIH 1.31 1 10.08
SPY 1.31 1 441.4
NURO 1.31 9 11.34
ABCL 1.31 1 20.36
SPCE 1.29 22 26.42
MAT 1.28 2 20.38
FRD 1.28 1 12.15
BILI 1.28 22 74.44
RHE 1.27 2 8.39
HJLI 1.27 1 9.43
APXT 1.27 1 12.11
SLGG 1.26 1 3.53
MESO 1.26 1 6.17
JKS 1.26 2 48.08
HHR 1.26 1 52.16
THCB 1.25 1 10
NGM 1.25 2 23.03
BYSI 1.25 3 22.91
PBTS 1.24 1 1.34
EDSA 1.24 1 5.88
CMMB 1.24 2 12.99
ANPC 1.24 2 3.58
TAP 1.23 2 45.8
C 1.23 4 69.96
AMC 1.23 55 44.2
RCUS 1.22 1 36.39
NKE 1.22 6 156.42
EYES 1.22 6 3.43
BBBY 1.22 12 24.14
KIRK 1.21 1 18.67
HGEN 1.21 3 6.83
ARAV 1.21 1 4.04
MAXR 1.20 3 30.18
JPM 1.20 12 157.68
CRIS 1.20 2 8.48
CETX 1.20 1 1.22
AMTX 1.20 3 14.71
JWN 1.19 3 28.12
QCOM 1.18 7 133.6
GRU 1.18 1 4.27
GRU 1.18 0 4.27
GRTX 1.18 1 7.42
DFH 1.18 1 18.66
AYRO 1.18 1 3.64
NIU 1.17 3 26.42
CLSK 1.17 1 12.9
SIF 1.16 1 8.69
HGSH 1.16 2 1.6403
IMTX 1.15 3 14.64
DAL 1.14 4 40.11
VNET 1.13 3 19.4
STG 1.13 1 6.55
NUAN 1.13 1 55.1
ABSI 1.13 1 11.97
RY 1.12 2 100.12
MNOV 1.12 2 3.92
BZUN 1.12 1 20.27
TGTX 1.11 1 31.28
PMCB 1.11 3 3.6
KHC 1.11 1 36.55
CNET 1.11 1 1.36
OPTT 1.10 1 2.28
GT 1.09 1 16.98
DDD 1.09 8 30
ATAI 1.09 1 16.42
SLB 1.08 1 28.31
RSLS 1.08 1 3.02
MTSL 1.08 3 3.37
FCBP 1.08 1 29.1
BAC 1.08 3 40.5
B 1.08 1 43.31
AZYO 1.08 1 8.25
ALF 1.08 2 7.52
TTCF 1.07 1 20.2
NETE 1.05 1 9.21
OCUP 1.04 1 5.19
KEYS 1.04 2 177.45
IPA 1.04 2 7.02
FSTX 1.04 1 7.59
CANF 1.04 1 1.74
ALLO 1.04 1 25.38
MTTR 1.03 2 22.25
FTEK 1.03 2 1.76
COP 1.03 5 58.92
AMKR 1.03 1 27.26
ALYA 1.03 3 2.75
QADB 1.02 3 87.49
FAST 1.02 1 52.96
CRM 1.02 10 260.53
ZCMD 1.01 1 1.62
RSI 1.01 1 19.23
RCON 1.01 1 2.94
MVST 1.01 4 9.16
LL 1.01 1 19.47
EGRX 1.01 2 49.28
TRCH .98 2 4.95
NFLX .98 101 589.35
HOFV .98 2 3.1
UAA .97 2 21.07
SKLZ .97 3 11.01
FA .96 1 22.25
DWSN .96 1 2.19
BTWN .95 1 9.81
CGC .94 1 14.71
MO .93 2 48.61
HCM .93 4 38.93
CHPT .93 1 21.31
ABBV .93 4 107.73
LBPH .92 1 9.29
KNL .92 1 25.04
YEXT .91 1 12.83
WFC .91 4 46.47
SSY .91 3 2.49
GEG .90 1 2.48
CRTO .90 1 34.9
ATNF .90 3 6.2
YMM .89 1 16.06
PLUG .89 8 26.47
ACHL .89 1 5.83
HPQ .88 3 27.68
BABA .88 96 160.05
FB .87 102 364.72
DTSS .87 1 2.13
BCRX .87 6 15.7
AFMD .87 1 6.39
VLDR .86 1 6.41
RF .86 1 19.83
ATHM .86 2 42.72
SRNE .85 1 8.25
SAFM .85 1 190.91
RIDE .85 5 7.06
RKT .84 1 16.78
PTIX .84 2 1.92
HRC .84 3 150.5
CCJ .84 3 22.46
BB .84 11 10.03
UAVS .83 1 3.23
LUV .83 3 49.08
IRBO .83 1 44.42
CNA .83 1 42.73
BLUW .83 2 9.63
SANA .82 1 24.98
MNSO .82 1 13.13
FITB .82 3 40.12
SPRT .81 20 11.8
GMBL .80 1 7.58
SWI .79 1 17.97
SCYX .79 1 6.07
PNRG .79 1 51.27
MU .79 4 74.3
BP .79 1 25.24
ZY .78 3 13.87
VVOS .78 4 4.69
OTLK .78 1 2.41
IPHA .78 4 8.1
HX .78 1 1.71
GNOG .78 1 21.63
CAI .78 1 55.86
WATT .77 1 2.27
SJM .77 7 123
PLTR .77 2 28.71
ENTX .77 2 4.82
QFIN .76 8 20.77
NBRV .76 1 1.15
MOSY .76 1 5.63
APG .76 1 20.56
NNVC .75 2 4.02
CEMI .75 7 2.62
SHOP .74 5 1486.29
PSTG .74 2 26.27
MQ .74 1 28.2
GTIM .74 1 5.07
GRVI .74 3 5.29
FUBO .74 2 28.28
ATXI .74 1 1.65
VZ .73 2 54.28
VOOV .73 1 143.25
UPC .73 3 2.32
SQBG .73 2 6.24
RNXT .73 2 7.59
ORPH .73 3 4.76
NVFY .73 3 2.15
LEN .73 4 101.28
MRK .72 2 71.68
ENSC .72 1 2.95
BTCM .72 4 11.06
ARPO .72 1 2.2
AREC .72 4 2
ZKIN .71 2 3.07
XLV .71 2 133
PALI .71 3 2.74
GLD .71 6 163.77
TBLA .70 1 9.85
PRPL .70 3 22.57
ORGS .70 1 5.08
OCX .70 1 3.97
JRJC .70 1 5.14
CBAT .70 2 2.77
BGFV .70 6 24.98
WIMI .69 1 3.86
BEKE .69 1 17.08
ASM .69 1 0.86
APOP .69 4 6.7
ONCS .68 1 2.19
INTC .68 5 54.26
XONE .67 2 23.48
WMT .67 14 144.73
PDCO .67 2 30.98
FOE .67 1 20.63
CLNE .67 1 8.08
ACH .67 1 20.78
VIPS .66 1 12.86
TIGR .66 5 12.9
SSNT .66 1 6.23
RETO .66 1 0.8041
ERJ .66 1 15.89
CTKB .66 1 25.96
CRTD .66 3 3.2
AMOM .66 1 36.54
TATT .65 3 5.52
STRO .65 2 19.68
PCVX .65 1 25.36
OLB .65 1 4.97
LMNL .65 3 2.7
TESS .64 1 5.33
SDC .64 2 6.7
M .64 5 21.93
LZB .64 2 33.29
GPS .64 5 24.35
FLGC .64 2 6.32
CTIB .64 3 1.94
BBWI .64 5 66.34
ACY .64 16 36.08
XLP .63 1 71.36
DNUT .63 3 15.21
CCL .63 4 23.55
ULTA .62 1 379.05
ORMP .62 10 20.5
LJPC .62 2 4.02
SPWH .61 1 17.65
SOS .61 2 2.65
QADB .61 0 87.49
PYPL .61 5 276.34
PLG .61 1 2.28
MRVL .61 5 62.1
CL .61 3 76.23
AMBO .61 1 1.59
SPTN .60 2 20.66
PSTV .60 1 1.97
LTHM .60 6 24.86
EVK .60 6 3.01
AVCT .60 1 3.28
AMRS .60 1 13.74
VERU .59 3 8.94
UONE .59 3 7.65
BIG .59 2 47.68
WPRT .58 2 3.36
WISH .58 3 6.54
TRIT .58 3 5.19
STAF .58 2 2.06
SNAP .58 112 74.76
MARA .58 11 35.84
EPU .58 2 26.8
WEI .57 1 0.84
SBTX .57 1 12.55
GGAL .57 1 10.98
ACI .57 5 30.1
T .56 3 27.53
SBH .56 2 16.91
OBLN .56 3 3.05
MTP .56 1 1.84
KO .56 5 54.44
CSCO .56 7 56.85
CLPS .56 1 3.1
CLPS .56 1 3.1
CLOV .56 1 8.31
ARMK .56 3 32.12
VNE .55 6 34.69
UWMC .55 1 7.06
EVGO .55 1 7.59
EOLS .55 1 8.22
APTO .55 2 2.69
WHLR .54 2 3.13
TQQQ .54 132 142.24
ENZ .54 2 3.62
AUUD .54 5 2.69
ADMA .54 1 1.29
TBIO .53 3 37.36
MEDS .53 5 5.12
HUYA .53 3 9.21
EQ .53 1 6.38
ENG .53 2 2.21
VIVE .52 1 2.33
TLRY .52 3 12.17
KULR .52 1 2.49
FLO .52 2 23.25
WOOF .51 2 22.48
VTNR .51 6 6.09
SILK .51 4 58.23
K .51 8 63.56
DYAI .51 3 5.37
CPSH .51 1 5.42
AUTL .51 1 6.7
SONO .50 5 37.28
RKDA .49 1 2.19
NRBO .49 2 4.25
IGC .49 3 1.61
GP .49 3 14
GEVO .49 4 6.7
ENLV .49 2 11.65
ECHO .49 1 47.82
BBIG .49 16 7.77
ARMP .49 1 3.85
XLE .48 5 49.32
NNDM .48 3 6.12
NIO .48 75 37.51
DBGI .48 3 2.67
CLF .48 7 21.86
AEHR .48 15 11.11
TRIL .47 1 17.34
STEM .47 5 25.94
SOHU .47 6 21.2
MSFT .47 108 299.87
DARE .47 1 1.77
BODY .47 2 7.02
BGI .47 1 2.48
XPEV .46 80 39.01
VXX .46 3 26.81
UFAB .46 2 2.64
NTEC .46 4 9.63
KBSF .46 2 3.02
INOV .46 1 40.39
GURE .46 1 4.7
CVV .46 2 4.45
BCLI .46 1 3.53
TYME .45 4 1.03
TME .45 1 7.87
ONCT .45 2 4.24
BLIN .45 7 4.4
ADIL .45 2 4.19
WORX .44 4 2.33
GALT .44 3 4.06
FFHL .44 2 9.56
FCX .44 17 33.05
EVGN .43 1 3.04
COTY .43 4 8.35
CAN .43 4 8.01
ATIF .43 1 3.81
AQMS .43 2 2.08
KR .42 14 40.94
SRNG .41 1 11.42
GTT .41 1 2.36
CTSO .41 3 8.73
ASTR .41 3 9.62
ACOR .41 4 4.73
YJ .40 2 0.67
XOM .40 6 55.16
RRD .40 2 4.38
LIZI .40 4 3.71
GE .40 4 100.47
FBRX .40 1 3.6
DUOT .40 1 6.1
CHRA .40 1 4.52
AAPL .40 107 146.06
MDIA .39 2 8.24
HRL .39 4 42.02
CSCW .39 2 0.9773
OVID .38 2 3.37
MRTN .38 3 15.14
ANIX .38 1 4.9
AAL .38 8 19.73
ORCL .37 34 86.39
NEXT .37 3 2.52
HUGE .37 1 1.55
HNST .37 1 10.72
GPK .37 1 19.14
CHMA .37 2 3.76
MRKR .36 1 1.84
JFIN .36 2 3.72
IDEX .36 4 2.21
GNLN .36 2 2.73
BNGO .36 11 5.56
AKTX .36 1 1.81
AGNC .36 2 15.98
ADMP .36 1 1.1
ACB .36 3 6.63
ORGO .35 2 16.66
IRIX .35 3 7.21
CLSD .35 3 6.77
BSQR .35 13 2.47
AESE .35 1 1.78
XELB .34 2 1.74
HWCC .34 1 5.3
CIEN .34 17 53.14
LMFA .33 4 4.35
HNP .33 2 19.98
GTS .33 1 35.08
BHTG .33 1 1.47
AZN .33 7 55.56
VBLT .32 2 2.33
TAL .32 2 4.62
SPCB .32 2 1.05
MINM .32 2 1.96
IMMP .32 3 3.92
DRN .32 2 24.12
BKYI .32 1 3.23
ANY .32 10 6.26
YPF .31 1 5.18
WINT .31 3 1.89
ULBI .31 2 7.71
PIRS .31 5 5.85
FENC .31 1 8.46
EXPR .31 4 5.37
DMAC .31 2 4.18
D .31 8 74.12
AEY .31 1 2.44
OXBR .30 5 3.1
LC .30 6 28.68
HAPP .30 1 1.08
HUSN .29 4 2.38
GOVX .29 5 4.69
AXLA .29 1 3.23
OBSV .28 3 3.34
NKLA .28 14 10.69
MITO .28 1 1.41
IMMR .28 2 7.22
ALTO .28 3 4.82
NAOV .27 11 2.15
ENVB .27 3 2.5
PPBT .26 1 4.95
PME .26 1 0.74
GSM .26 6 7.94
ATOS .26 4 3.58
PBLA .25 1 2.16
MTL .25 3 3.86
RAIL .24 4 4.94
IKT .24 1 2.04
GBR .24 1 4.06
PYPL .23 13 276.34
MOGO .23 3 4.66
KDMN .23 2 8.73
ACHV .23 1 8.28
THTX .22 1 3.61
SSKN .22 1 1.81
JFU .22 3 2.05
GENE .22 2 3.39
DYNT .22 5 1.32
XELA .21 6 2.05
VIEW .21 1 5.42
TENX .21 1 1.37
PFE .21 6 43.89
OCG .21 4 4.25
KXIN .21 5 3.06
ALAC .21 2 11.33
ZNGA .20 2 8.01
PHUN .20 5 1.05
ENSV .20 1 1.19
EKSO .20 1 4.56
SBS .19 3 6.64
NBEV .19 1 1.39
VSH .18 3 20.47
TEO .18 1 5.06
TELL .18 5 3.37
OSMT .18 3 2.88
ET .18 2 9.1
PPC .17 2 28.26
LIVX .17 2 3.37
IRCP .17 1 3.04
GMTX .17 1 4.77
FCEL .17 129 6.55
SNES .16 2 1.65
RAVN .16 2 57.35
MOMO .16 2 11.35
ME .16 2 8.34
INFI .16 4 3.63
HFBL .16 1 18.95
SSL .15 9 15.44
OXY .15 25 26.94
IMV .15 2 1.74
GRUB .15 3 17.05
CHNG .15 2 21.84
SYKE .14 3 54
OEG .14 1 3.1
INM .14 1 1.99
IEC .14 1 15.33
EDU .14 1 1.9
SVBI .13 1 12.49
LMRK .13 1 16.52
ESXB .13 1 10.3
CRON .13 4 5.975
SBBP .12 2 2.12
RIG .12 2 3.35
PSTX .12 1 8
GSAT .12 2 1.77
CHNR .12 4 1.27
VERB .11 6 1.91
SNMP .11 2 1.02
MRO .11 11 12
MOHO .11 3 0.5896
MFGP .11 2 5.28
GBS .11 1 3.12
FENG .11 2 1.29
CPG .11 2 3.9
CALA .11 1 2.27
XLK .10 3 155.48
SLHG .10 1 3.09
PBR .10 5 9.71
EDTK .10 2 1.32
DBVT .10 5 5.11
CNFR .10 2 2.88
AGEN .10 7 5.83
AEMD .10 2 3.45
WTER .09 2 1.64
TEDU .09 2 1.42
SELF .09 1 5.27
PRPO .09 3 3.11
NOK .09 2 5.5
BIOC .09 2 4.01
AEI .09 2 3.05
MDNA .08 7 2.5
MBII .08 1 0.8789
MARK .08 2 1.21
CLDR .08 1 15.94
BQ .08 2 2.69
NEPT .07 2 0.65
ITRO .07 1 1.27
ITRN .07 3 25.88
XBIO .06 8 2.35
WYNN .06 3 83.29
PSP .06 2 16.12
OCG .06 13 4.25
FRO .06 9 7.95
ULTA .05 12 379.05
FRBK .05 1 2.97
WYNN .04 4 83.29
VTGN .04 3 2.98
SHOP .04 88 1486.29
PBT .04 2 5.29
CXP .04 1 19
AVGR .04 7 0.8646
VCAR .03 1 11.7511
SNDL .03 1 0.7254
SIC .03 1 14.47
DFP .03 1 28.98
NWHM .02 1 8.99
KIN .02 2 9.25
IACB .02 2 9.9
DSE .02 1 9.49
BLNK .02 11 30.03
BEST .02 2 1.42
XPDI .01 3 10.15
SLVO .01 2 5.13
PMD .01 1 7.83
INFL .01 2 29.83
WMPN 0 4 12.25
GSKY 0 1 11.62
RTLR -.01 7 11.79
EIC -.08 1 17
NSYS -.12 1 11.62
