NVAX 14.88 8 257.3 .456
BKNG 10.17 8 2475.51 .032
SAM 9.40 7 525.69 .119
REGN 8.57 8 646.51 .104
AMZN 8.07 92 3416 .184
SE 7.69 10 342.72 .220
DPZ 7.66 9 492.81 .135
W 7.31 7 275 .182
BNTX 7.14 9 352.99 .180
AZO 6.83 8 1687.79 .032
MDB 5.88 8 514.06 .088
ROKU 5.65 4 334.52 .064
EEIQ 5.44 4 8.05 2.700
KOSS 5.35 7 17.09 2.191
RGEN 5.32 5 324.21 .080
AFRM 5.30 7 126.89 .287
IAC 5.23 4 133.71 .156
EJH 5.21 6 2.68 11.664
ASML 5.17 8 879.78 .040
SEDG 5.15 4 284.11 .072
SPLK 5.11 4 152.56 .132
BLK 5.03 4 876.17 .020
COST 4.91 4 452.78 .040
DE 4.88 8 351.5 .104
ENPH 4.87 4 158.32 .120
UPST 4.78 12 336.34 .168
MA 4.60 4 354.07 .048
ZM 4.42 13 276.19 .208
GOOG 4.33 27 2836.53 .027
GLSI 4.33 4 45.16 .380
EBET 4.32 5 28.54 .755
LLY 4.31 4 232.18 .072
WDAY 4.30 4 270.07 .060
BIIB 4.30 4 293.2 .056
GPN 4.22 8 163.98 .200
ZG 4.16 4 94.28 .176
ADGI 4.10 5 46.74 .435
TSLA 4.08 144 753.64 .720
INDP 4.08 4 9.47 1.720
SNOW 4.03 6 321.5 .072
IRNT 4.02 4 23.79 .672
DOCS 3.99 4 88.09 .180
GRTS 3.97 4 11.81 1.344
ZS 3.95 4 280.02 .056
LOW 3.95 4 207.98 .072
CARV 3.92 6 14.65 1.602
CAT 3.91 4 196.62 .076
SIVB 3.90 4 642.15 .024
NRXP 3.86 6 10.01 2.310
ZLAB 3.76 5 120.87 .155
FULC 3.74 4 26.74 .556
ANVS 3.73 6 35.43 .630
ROLL 3.67 5 216.72 .080
PDD 3.58 4 98.28 .144
ADBE 3.54 5 630.84 .025
LIN 3.48 4 310.37 .044
AMGN 3.47 4 215.05 .064
RAPT 3.42 4 34.22 .396
AUVI 3.42 6 6.74 3.042
SITM 3.41 5 238.27 .070
RBLX 3.40 4 82.28 .164
SNPS 3.38 4 322.88 .040
ADSK 3.38 5 292.16 .055
SCPS 3.34 7 4.36 5.362
CELH 3.33 4 96.98 .136
IMAB 3.30 3 70.3 .138
DQ 3.27 6 57.01 .342
UNH 3.25 9 408.03 .063
SAVA 3.25 24 60.12 1.296
JAN 3.24 5 6.56 2.465
CPOP 3.24 4 3.05 4.248
KALV 3.18 4 18.88 .672
TSCO 3.14 4 210.11 .056
FLGT 3.14 4 87.36 .140
LAD 3.10 4 340.93 .036
GS 3.08 7 391.86 .049
NEGG 3.07 20 15.38 3.980
XLNX 3.06 4 156.2 .076
TASK 3.03 4 83.51 .144
DKS 3.03 6 135.22 .132
NVCR 2.99 8 131 .176
GME 2.99 82 191.24 1.230
LH 2.92 4 296.74 .036
ADI 2.86 4 177.23 .064
DASH 2.82 7 217 .084
TPST 2.81 4 15.11 .740
ABNB 2.80 5 175.13 .075
WSM 2.77 4 188.51 .056
STX 2.76 3 85.04 .096
ARVN 2.76 4 94.19 .116
TTWO 2.75 2 146.68 .036
NVOS 2.75 3 1.92 4.296
IRDM 2.75 2 43.19 .126
ABT 2.75 2 125.3 .042
SLS 2.74 1 10.28 .266
PFGC 2.74 1 47.79 .057
MNST 2.74 1 93.09 .029
COF 2.73 2 166.02 .032
CI 2.73 4 202.46 .052
TNA 2.70 2 89.38 .060
NXPI 2.70 3 216.35 .036
MVIS 2.70 2 12.76 .422
MRNA 2.70 25 454.6 .125
AKAM 2.70 1 108.77 .024
KNBE 2.69 4 24.9 .432
EL 2.69 5 321.32 .040
VMW 2.68 4 142.16 .072
HAS 2.68 2 94.65 .056
DLPN 2.68 4 12.1 .884
COHN 2.68 4 20.805 .512
AACG 2.67 4 2.36 4.524
BURL 2.66 3 303.28 .024
XBI 2.65 4 133.07 .076
DOCN 2.65 2 87.67 .060
DDS 2.64 6 210.06 .072
PEP 2.63 1 154.13 .017
NCTY 2.63 5 11.66 1.125
UTHR 2.62 2 200.47 .026
DTST 2.61 1 4.69 .556
DPW 2.61 3 2.36 3.315
PRTA 2.60 5 78.89 .160
NEWR 2.60 2 76.71 .066
SIEB 2.59 3 3.39 2.292
RMBL 2.58 1 34.61 .074
AN 2.58 4 122.25 .084
SPT 2.57 2 144.26 .034
TTD 2.55 5 76.4 .165
IWM 2.55 3 224.81 .033
OPAD 2.54 2 10.27 .494
MCD 2.54 3 244.78 .030
DEN 2.54 1 75.36 .033
LPX 2.53 1 61.69 .041
FL 2.53 1 51.95 .048
DDL 2.53 1 23.13 .109
CLII 2.53 1 14.36 .176
NTAP 2.52 2 92.78 .054
JBL 2.52 1 61.48 .040
HOL 2.52 1 12.35 .204
OCGN 2.50 3 7.61 .984
ALEC 2.50 5 24.26 .515
LEXX 2.49 1 6.76 .368
ALXN 2.49 2 182.5 .026
UHAL 2.48 9 654.1 .027
SJ 2.48 2 4.07 1.218
LOGI 2.48 2 100.08 .048
BBY 2.48 4 106.17 .092
AAME 2.47 4 3.91 2.524
CRNC 2.46 2 103.91 .046
APPS 2.45 2 73.76 .066
TWST 2.44 5 121.07 .100
KMB 2.44 3 133.58 .054
FANG 2.44 2 87.86 .054
CRMT 2.44 5 120.56 .100
LII 2.41 4 308.61 .028
GDEV 2.41 1 6.6 .365
AVXL 2.41 5 19.29 .620
LYEL 2.40 1 11.23 .213
DOMO 2.40 3 84.17 .084
HON 2.39 4 219.7 .040
CM 2.39 2 115.28 .040
RL 2.38 4 115.66 .080
PLD 2.38 2 128.84 .036
GIII 2.35 2 29.81 .156
UPS 2.33 5 186.79 .060
GRVY 2.33 4 95.32 .096
SKX 2.32 1 46.12 .050
CYTK 2.32 2 33.61 .138
AGRI 2.32 1 2.39 .970
UHS 2.31 3 144.42 .045
LAZR 2.31 2 17.32 .266
J 2.31 2 134.81 .034
CHCI 2.31 2 5.23 .882
PRFX 2.29 1 2.92 .784
LAIX 2.29 3 0.8838 7.773
CREE 2.28 4 86.73 .104
ATKR 2.27 1 95.16 .023
BYND 2.26 3 112.88 .060
SQ 2.23 21 266.72 .168
RTX 2.23 1 86.75 .025
DLTR 2.23 2 85.6 .052
BHVN 2.23 3 135.55 .048
TJX 2.22 3 70.7 .093
STT 2.22 2 85.86 .050
NMRD 2.22 3 5.99 1.110
CHGG 2.22 1 73.75 .030
NNOX 2.21 4 24.27 .364
IMNM 2.21 2 25.88 .170
FGEN 2.21 2 10.74 .410
AMD 2.21 7 106.15 .140
OSTK 2.20 6 78.61 .162
VIR 2.19 2 44.69 .098
V 2.19 4 228.31 .036
DXC 2.19 1 35.18 .062
XTLB 2.18 1 4.11 .530
LAW 2.18 2 51.08 .084
INTU 2.18 4 577.37 .012
TSN 2.17 2 76.11 .056
MDT 2.17 4 130.64 .064
LWAC 2.17 4 16.98 .508
SPG 2.16 2 135.12 .030
PKG 2.16 4 142.69 .060
WAVE 2.15 4 7.72 1.112
SMLP 2.15 1 36.5 .058
PATI 2.15 1 11.3 .190
PATI 2.15 1 11.3 .190
LHDX 2.15 3 7.5 .858
STMP 2.14 3 329.1 .018
EXPI 2.14 3 49.79 .126
ANTM 2.14 4 380.3 .020
SNA 2.13 3 215.37 .027
INCY 2.13 1 69.78 .030
IGIC 2.12 1 8.5 .249
ACRS 2.12 7 18.01 .819
TGT 2.11 8 242.67 .064
FIGS 2.11 3 39.32 .159
WM 2.10 2 153.5 .026
CERE 2.10 5 31.29 .335
STE 2.09 3 220.36 .027
SCR 2.08 3 34.93 .177
DELL 2.08 5 102.69 .100
ZIM 2.07 2 58.94 .070
BON 2.06 1 9.5372 .215
ALDX 2.06 1 8.4 .245
TERN 2.05 3 10.93 .561
IMPL 2.05 4 13.45 .608
BNTC 2.05 2 3.87 1.058
ASAN 2.05 3 124.48 .048
RLMD 2.04 3 29.54 .207
MFNC 2.04 1 21.5 .094
COIN 2.04 4 237.5 .032
BTX 2.04 1 10.04 .203
VLO 2.03 2 67.17 .060
JD 2.03 3 76.13 .078
PTON 2.02 2 94.38 .042
OPNT 2.02 2 25.4 .158
FLWS 2.02 2 34.29 .116
APRE 2.02 1 4.53 .445
TMUS 2.01 3 130.94 .045
MRIN 2.01 5 8.54 1.175
IBM 2.00 4 136.73 .056
AXP 2.00 3 173.36 .033
TDC 1.99 2 54.18 .072
GH 1.98 5 129.32 .075
DD 1.98 1 68.9 .028
VTSI 1.97 1 10.47 .188
KSS 1.96 6 55.37 .210
JG 1.96 2 1.79 2.188
BNR 1.96 2 20.6 .190
VSCO 1.95 3 61.97 .093
LMT 1.95 9 344.2 .045
WAFU 1.94 3 6.12 .948
VRNT 1.94 2 45.6 .084
STZ 1.94 3 214.02 .027
LI 1.94 2 27.27 .142
RRGB 1.93 1 23.83 .080
LEGN 1.93 3 47.55 .120
AAP 1.93 3 214.09 .027
GWRE 1.92 3 121.09 .045
BTBT 1.92 7 9.68 1.386
NEE 1.91 1 81.27 .023
DLO 1.91 4 66.48 .112
DG 1.89 3 218.36 .024
SI 1.88 3 105.07 .051
MSGE 1.88 4 79.44 .092
FTCH 1.88 1 41.05 .045
TDG 1.87 4 638.19 .008
LEDS 1.87 2 8.89 .420
BKE 1.86 2 43 .086
VERY 1.85 3 8.3 .666
HOOD 1.85 12 45.94 .480
QDEL 1.84 3 153.47 .033
ON 1.84 1 49.36 .037
DUK 1.84 1 98.4 .018
DKNG 1.84 2 51.75 .070
AIT 1.83 1 87.21 .020
OSAT 1.82 2 5.12 .710
OKE 1.82 1 57.46 .031
OTIS 1.81 2 85.74 .042
EAT 1.81 2 52.94 .068
TVTX 1.79 2 25.03 .142
DIS 1.79 6 176.25 .060
CTRN 1.79 3 77.04 .069
ANF 1.79 1 39.81 .044
UBER 1.78 2 45.48 .078
BIDU 1.78 117 160.5 1.287
ARCE 1.78 1 23.64 .075
VRPX 1.77 9 4.96 3.204
MOXC 1.77 3 6.96 .762
BLDR 1.77 1 54.26 .032
SKT 1.76 2 17.44 .200
FATE 1.76 2 68.86 .050
TTC 1.75 3 99.78 .051
TSP 1.75 5 39.52 .220
VOXX 1.74 2 11.92 .290
AMAT 1.73 5 141.11 .060
YETI 1.72 3 98.89 .051
KODK 1.72 1 7.19 .239
HRI 1.71 3 156.45 .030
HD 1.71 9 335.91 .045
VMEO 1.70 1 32.98 .051
ROST 1.70 3 115.56 .042
LYFT 1.70 3 55.64 .090
KMPH 1.70 2 9.3 .364
ENOB 1.70 3 7.21 .705
LIFE 1.69 2 12.48 .270
SHEN 1.68 2 30.23 .110
MYGN 1.67 1 34.76 .048
EA 1.67 2 127.89 .026
TWTR 1.66 2 66.69 .048
MPC 1.66 1 61.8 .026
KURA 1.66 2 20.35 .162
SYPR 1.65 2 3.66 .900
FLOW 1.65 3 77.78 .063
ESTC 1.65 4 166.99 .036
KMX 1.64 1 142.16 .011
CAH 1.64 3 51.36 .093
LODE 1.63 1 2.93 .556
KYMR 1.63 1 64.23 .025
JZXN 1.63 4 2.51 2.596
MOS 1.62 1 34.97 .046
IYC 1.62 1 79.48 .020
CRCT 1.61 1 31.9 .050
USB 1.60 3 59.29 .078
SPI 1.60 2 5.53 .578
RMED 1.60 3 3.11 1.542
MBRX 1.60 1 2.97 .538
WHLM 1.59 3 5.46 .873
CSIQ 1.59 2 34.33 .092
CLDX 1.59 2 55.99 .056
BZ 1.59 1 38 .041
A 1.59 5 172.77 .045
FISV 1.58 5 110.24 .070
CELC 1.58 2 20.5 .154
RIOT 1.57 2 29.39 .106
LOOP 1.57 2 11.81 .264
GTEC 1.57 2 6.33 .496
CNC 1.57 1 62.6 .025
CARA 1.57 2 15.85 .198
PAYX 1.56 1 110.31 .014
BLFS 1.55 1 47.71 .032
FUV 1.54 1 11.86 .129
GIS 1.53 1 60.28 .025
UAL 1.50 1 47.47 .031
SUPN 1.50 1 26.93 .055
AMEH 1.50 5 96.37 .075
ZEV 1.49 3 9.05 .492
SGOC 1.48 8 6.11 1.936
SEMR 1.48 2 27.94 .104
JRVR 1.48 2 33.79 .086
JNJ 1.48 2 164.86 .016
ISEE 1.48 2 16.23 .182
CHKP 1.48 5 115.55 .060
EDIT 1.47 3 62.07 .069
VCVC 1.46 1 9.85 .148
SFIX 1.46 2 41.28 .070
LITE 1.46 2 85.48 .034
LGHL 1.46 1 1.21 1.206
HTBX 1.46 2 6.27 .464
PINS 1.45 3 54.02 .078
MS 1.45 5 103.55 .070
EYEG 1.45 1 2.1 .690
EVOL 1.45 1 2.03 .714
BPTH 1.44 1 5.39 .267
SNOA 1.43 3 5.42 .789
SCKT 1.43 3 6.68 .642
LANC 1.43 2 168.52 .016
GM 1.42 1 51.92 .027
ATVI 1.42 3 74.67 .057
SCHW 1.41 2 74.3 .036
CROX 1.41 3 163 .024
AVIR 1.41 1 31.97 .044
MMM 1.40 6 181.53 .042
JCS 1.40 3 10.1 .414
CVS 1.40 3 84.86 .048
CRDF 1.40 1 7.27 .192
WGO 1.39 2 67.02 .040
NVDA 1.39 139 224.82 .834
ERYP 1.39 2 6.05 .458
EOSE 1.39 2 14.23 .194
COUR 1.39 1 35.28 .039
TNET 1.38 1 95.83 .014
PG 1.37 5 144.19 .045
LIVE 1.37 3 37.55 .108
ECOM 1.37 1 26.55 .051
ACMR 1.37 4 105 .052
AA 1.37 3 48.56 .084
TSM 1.36 2 116.19 .022
TAOP 1.35 3 2.78 1.455
RUN 1.35 4 44.56 .120
BWAY 1.35 1 8.4 .160
WNW 1.34 1 4.33 .309
QADB 1.34 3 87.08 .045
PKI 1.33 3 186.08 .021
NLS 1.33 1 9.98 .133
SLV 1.32 1 20.91 .063
HOG 1.32 2 38.34 .068
AEO 1.32 2 27.61 .094
VIH 1.31 1 10.09 .129
SPY 1.31 1 443.18 .002
NURO 1.31 9 11.94 .981
ABCL 1.31 1 21.15 .061
SPCE 1.29 22 25.85 1.078
OLLI 1.29 2 64.53 .038
APPN 1.29 4 105.94 .048
MAT 1.28 2 20.34 .124
FRD 1.28 1 11.78 .108
BILI 1.28 22 74.34 .374
RHE 1.27 2 10.17 .248
HJLI 1.27 1 9.67 .131
HCA 1.27 3 255.53 .012
APXT 1.27 1 12.11 .104
SLGG 1.26 1 3.39 .371
MESO 1.26 1 6.3 .200
JKS 1.26 2 43.82 .056
HHR 1.26 1 51.08 .024
THCB 1.25 1 10 .125
NGM 1.25 2 22.6 .110
BYSI 1.25 3 15.35 .243
PBTS 1.24 1 1.28 .968
EDSA 1.24 1 8.64 .143
CMMB 1.24 2 12.28 .200
ANPC 1.24 2 3.58 .692
TAP 1.23 2 46.36 .052
C 1.23 4 70.88 .068
AMC 1.23 55 39.98 1.650
RCUS 1.22 1 36.99 .032
EYES 1.22 6 3.51 2.082
BBBY 1.22 12 23.46 .624
KIRK 1.21 1 19.14 .063
HGEN 1.21 3 6.57 .552
ARAV 1.21 1 4.09 .295
MAXR 1.20 3 29.98 .120
JPM 1.20 12 161.18 .084
CRIS 1.20 2 8.4 .284
CETX 1.20 1 1.18 1.016
AMTX 1.20 3 14.85 .240
JWN 1.19 3 29.46 .120
QCOM 1.18 7 133.91 .056
GRU 1.18 1 4.25 .277
GRTX 1.18 1 7.86 .150
DFH 1.18 1 18.25 .064
AYRO 1.18 1 3.64 .324
NIU 1.17 3 24.98 .138
CLSK 1.17 1 11.86 .098
SIF 1.16 1 9.5 .122
HGSH 1.16 2 1.54 1.506
CLX 1.16 3 162.39 .021
IMTX 1.15 3 13.66 .252
DAL 1.14 4 42.59 .104
VNET 1.13 3 18.11 .186
STG 1.13 1 5.89 .191
NUAN 1.13 1 55.19 .020
ABSI 1.13 1 11.46 .098
RY 1.12 2 101.17 .022
MNOV 1.12 2 3.96 .564
BZUN 1.12 1 19.37 .057
TGTX 1.11 1 33.08 .033
PMCB 1.11 3 3.39 .981
KHC 1.11 1 36.31 .030
CNET 1.11 1 1.32 .840
OPTT 1.10 1 2.3 .478
GT 1.09 1 17.48 .062
DDD 1.09 8 29.49 .288
ATAI 1.09 1 16.28 .066
SLB 1.08 1 28.88 .037
RSLS 1.08 1 2.91 .371
MTSL 1.08 3 3.37 .960
FCBP 1.08 1 29.1 .037
BAC 1.08 3 41.69 .075
B 1.08 1 42.77 .025
AZYO 1.08 1 7.55 .143
ALF 1.08 2 7.03 .306
ACY 1.08 17 53.88 .340
TTCF 1.07 1 19.93 .053
APP 1.06 5 77.85 .065
NETE 1.05 1 8.87 .118
OCUP 1.04 1 5.36 .194
KEYS 1.04 2 179.75 .010
IPA 1.04 2 6.81 .304
FSTX 1.04 1 8.24 .126
CANF 1.04 1 1.66 .626
ALLO 1.04 1 27.64 .037
MTTR 1.03 2 23.23 .088
FTEK 1.03 2 1.78 1.156
COP 1.03 5 63.71 .080
AMKR 1.03 1 26.97 .038
ALYA 1.03 3 2.67 1.155
NKE 1.02 7 159.58 .042
FAST 1.02 1 53.87 .018
CRM 1.02 10 277.86 .030
ZCMD 1.01 1 1.6 .631
RSI 1.01 1 19.7 .051
RCON 1.01 1 2.79 .362
MVST 1.01 4 10.99 .364
LL 1.01 1 19.42 .052
EGRX 1.01 2 54.03 .036
TRCH .98 2 4.95 .394
NFLX .98 101 593.26 .101
HOFV .98 2 3.08 .636
UAA .97 2 21.43 .090
SKLZ .97 3 11.39 .255
FA .96 1 20.8 .046
DWSN .96 1 2.52 .380
BTWN .95 1 9.81 .096
MSTR .94 8 616.57 .008
CGC .94 1 14.56 .064
MO .93 2 48.81 .038
HCM .93 4 37.49 .096
CHPT .93 1 20.51 .045
ABBV .93 4 107.36 .032
RACE .92 3 217.12 .012
PLCE .92 3 86.89 .030
LBPH .92 1 9.15 .100
KNL .92 1 25.04 .036
YEXT .91 1 12.73 .071
WFC .91 4 47.8 .076
SSY .91 3 2.6 1.050
GEG .90 1 2.43 .370
CRTO .90 1 35.69 .025
ATNF .90 3 5.85 .459
YMM .89 1 16.78 .053
PLUG .89 8 27.77 .256
ACHL .89 1 5.95 .149
HPQ .88 3 27.98 .093
BABA .88 96 151.19 .480
FB .87 102 345.96 .204
DTSS .87 1 2.07 .420
BCRX .87 6 15.37 .336
AFMD .87 1 6.59 .132
VLDR .86 1 6.44 .133
RF .86 1 20.4 .042
ATHM .86 2 41.27 .040
SRNE .85 1 8.08 .105
SAFM .85 1 189.65 .004
RIDE .85 5 7.43 .570
RKT .84 1 16.88 .049
PTIX .84 2 1.98 .848
HRC .84 3 150.36 .015
CCJ .84 3 21.29 .117
BB .84 11 10.6 .869
APOP .84 5 24 .175
UAVS .83 1 3.32 .250
LUV .83 3 52.32 .045
IRBO .83 1 44.51 .018
CNA .83 1 41.77 .019
BLUW .83 2 9.63 .172
SANA .82 1 23.01 .035
MNSO .82 1 13.89 .059
FITB .82 3 40.76 .060
SPRT .81 20 11.8 1.360
PYPL .80 5 279.1 .010
GMBL .80 1 7.57 .105
SWI .79 1 17.16 .046
SCYX .79 1 5.6 .141
PNRG .79 1 54.23 .014
MU .79 4 74.04 .040
BP .79 1 26.16 .030
ZY .78 3 13.8 .168
VVOS .78 4 4.28 .728
OTLK .78 1 2.38 .327
IPHA .78 4 7 .444
HX .78 1 1.8 .433
GNOG .78 1 18.64 .041
CAI .78 1 55.86 .013
WATT .77 1 2.23 .345
SJM .77 7 119.77 .042
PLTR .77 2 28.77 .052
ENTX .77 2 4.88 .314
QFIN .76 8 21.93 .272
NBRV .76 1 1.21 .628
MOSY .76 1 5.29 .143
APG .76 1 21.03 .036
NNVC .75 2 5.24 .286
CEMI .75 7 2.67 1.960
PSTG .74 2 27.04 .054
MQ .74 1 27.12 .027
GTIM .74 1 5.25 .140
GRVI .74 3 5.08 .435
FUBO .74 2 25.94 .056
ATXI .74 1 1.58 .468
VZ .73 2 54.42 .026
VOOV .73 1 144.25 .005
UPC .73 3 2.37 .924
SQBG .73 2 6.24 .232
RNXT .73 2 7.37 .198
ORPH .73 3 4.51 .483
NVFY .73 3 2.2 .993
LEN .73 4 99.51 .028
MRK .72 2 73.05 .018
ENSC .72 1 4.69 .153
BTCM .72 4 10.22 .280
ARPO .72 1 2.2 .327
AREC .72 4 1.94 1.484
ZKIN .71 2 3.11 .456
XLV .71 2 132.52 .010
PALI .71 3 2.52 .843
GLD .71 6 163.51 .024
TBLA .70 1 9.85 .071
PRPL .70 3 22.51 .093
ORGS .70 1 5 .140
OCX .70 1 4 .175
JRJC .70 1 5.15 .135
CBAT .70 2 2.61 .536
BGFV .70 6 26.64 .156
WIMI .69 1 4.03 .171
BEKE .69 1 17.32 .039
ASM .69 1 0.8485 .813
ONCS .68 1 2.17 .313
INTC .68 5 54.03 .060
XONE .67 2 23.87 .056
WMT .67 14 142.77 .056
SHOP .67 5 1476.6 0
PDCO .67 2 30.41 .044
FOE .67 1 20.43 .032
CLNE .67 1 8.42 .079
ACH .67 1 20.13 .033
VIPS .66 1 12.03 .054
TIGR .66 5 12.4 .265
SSNT .66 1 6.4 .103
RETO .66 1 0.79 .835
ERJ .66 1 17.95 .036
CTKB .66 1 24.4 .027
CRTD .66 3 2.9 .681
AMOM .66 1 36.7488 .017
TATT .65 3 5.71 .339
STRO .65 2 19.72 .064
PCVX .65 1 26.18 .024
OLB .65 1 4.66 .139
LMNL .65 3 2.58 .753
TESS .64 1 5.65 .113
SDC .64 2 6.1 .208
M .64 5 23.17 .135
LZB .64 2 33.63 .038
GPS .64 5 24.19 .130
FLGC .64 2 5.16 .248
CTIB .64 3 1.9328 .993
BBWI .64 5 67.42 .045
XLP .63 1 70.59 .008
SILK .63 5 57.15 .055
DNUT .63 3 14.73 .126
CCL .63 4 24.69 .100
ULTA .62 1 380.76 .001
ORMP .62 10 22.06 .280
LJPC .62 2 4.11 .300
SPWH .61 1 17.68 .034
SOS .61 2 2.46 .494
PLG .61 1 2.09 .291
MRVL .61 5 63.44 .045
CL .61 3 76.67 .021
AMBO .61 1 1.49 .409
SPTN .60 2 20.71 .056
PSTV .60 1 1.97 .304
LTHM .60 6 24.64 .144
EVK .60 6 2.94 1.224
AVCT .60 1 2.83 .212
AMRS .60 1 13.51 .044
VERU .59 3 9.25 .189
UONE .59 3 7.53 .234
BIG .59 2 46.68 .024
WPRT .58 2 3.54 .326
WISH .58 3 6.135 .282
TRIT .58 3 5.5 .315
STAF .58 2 2.15 .538
SNAP .58 112 79.37 .784
MARA .58 11 37.7 .165
EPU .58 2 26.71 .042
WEI .57 1 0.8399 .678
SBTX .57 1 11.46 .049
GGAL .57 1 9.59 .059
ACI .57 5 31.78 .085
T .56 3 27.19 .060
SBH .56 2 16.86 .066
OBLN .56 3 3.05 .549
MTP .56 1 1.86 .301
KO .56 5 54.04 .050
CSCO .56 7 56.69 .063
CLPS .56 1 2.92 .191
CLPS .56 1 2.92 .191
CLOV .56 1 7.9 .070
ARMK .56 3 33.12 .048
VNE .55 6 34.68 .090
UWMC .55 1 6.92 .079
EVGO .55 1 8.65 .063
EOLS .55 1 8.09 .067
APTO .55 2 2.6 .422
WHLR .54 2 3.09 .348
TQQQ .54 132 141.39 .396
ENZ .54 2 3.62 .298
AUUD .54 5 2.49 1.080
ADMA .54 1 1.28 .421
TBIO .53 3 37.36 .042
MEDS .53 5 5.18 .510
HUYA .53 3 8.69 .180
EQ .53 1 6.88 .077
ENG .53 2 2.41 .438
VIVE .52 1 2.51 .207
TLRY .52 3 12.02 .129
KULR .52 1 2.27 .229
FLO .52 2 23.31 .044
WOOF .51 2 22.2 .044
VTNR .51 6 5.6 .546
K .51 8 63.15 .064
DYAI .51 3 5.67 .267
CPSH .51 1 5.24 .097
AUTL .51 1 6.7 .076
SONO .50 5 35.98 .065
RKDA .49 1 2.15 .227
NRBO .49 2 3.9 .250
IGC .49 3 1.55 .948
GP .49 3 14.25 .102
GEVO .49 4 6.7 .292
ENLV .49 2 11.38 .086
ECHO .49 1 47.71 .010
BBIG .49 16 6.24 1.248
ARMP .49 1 3.62 .135
XLE .48 5 50.52 .045
NNDM .48 3 6.26 .228
NIO .48 75 36.01 .975
DBGI .48 3 2.81 .510
CLF .48 7 20.84 .161
AEHR .48 16 11.78 .640
TRIL .47 1 17.45 .026
STEM .47 5 26.05 .090
SOHU .47 6 21.8 .126
MSFT .47 108 299.56 .108
DARE .47 1 1.76 .267
BODY .47 2 6.51 .144
BGI .47 1 2.63 .178
XPEV .46 80 36.81 .960
VXX .46 3 25.36 .054
UFAB .46 2 2.52 .364
NTEC .46 4 9.63 .188
KBSF .46 2 3.23 .284
INOV .46 1 40.39 .011
GURE .46 1 4.7124 .097
CVV .46 2 4.52 .202
BCLI .46 1 3.42 .134
TYME .45 4 1.05 1.712
TME .45 1 7.44 .060
ONCT .45 2 4.54 .198
BLIN .45 7 4.42 .707
ADIL .45 2 4.67 .192
WORX .44 4 2.28 .768
GALT .44 3 3.96 .333
FFHL .44 2 9.755 .090
FCX .44 17 32.11 .221
EVGN .43 1 2.92 .147
COTY .43 4 8.25 .208
CAN .43 4 7.75 .220
ATIF .43 1 3.76 .114
AQMS .43 2 1.98 .434
KR .42 14 40.18 .140
SRNG .41 1 11.42 .035
KZIA .41 2 11.45 .070
GTT .41 1 2.36 .173
CTSO .41 3 8.29 .147
ASTR .41 3 9.39 .129
ACOR .41 4 4.46 .364
YJ .40 2 0.7121 1.122
XOM .40 6 57.08 .042
RRD .40 2 4.42 .180
LIZI .40 4 3.45 .460
GE .40 4 102.96 .012
FBRX .40 1 3.39 .117
DUOT .40 1 6.34 .063
CHRA .40 1 4.52 .088
AAPL .40 107 146.83 .214
MDIA .39 2 8.42 .092
HRL .39 4 40.63 .036
CSCW .39 2 0.87 .896
OVID .38 2 3.45 .220
MRTN .38 3 15.53 .072
ANY .38 11 6.47 .638
ANIX .38 1 5 .076
AAL .38 8 20.9 .144
ORCL .37 34 89.42 .136
NEXT .37 3 2.65 .417
HUGE .37 1 1.52 .243
HNST .37 1 11.45 .032
GPK .37 1 19.37 .019
CHMA .37 2 3.76 .196
MRKR .36 1 1.78 .202
JFIN .36 2 3.94 .182
IDEX .36 4 2.13 .676
GNLN .36 2 2.61 .274
BNGO .36 11 5.64 .693
AZN .36 8 59.48 .048
AKTX .36 1 1.7 .211
AGNC .36 2 16.22 .044
ADMP .36 1 1.05 .342
ACB .36 3 6.15 .174
ORGO .35 2 15.61 .044
IRIX .35 3 7.22 .144
CLSD .35 3 6.9 .150
BSQR .35 13 2.56 1.768
AESE .35 1 1.76 .198
XELB .34 2 1.69 .402
HWCC .34 1 5.3 .064
CIEN .34 17 51.71 .102
LMFA .33 4 4.21 .312
HNP .33 2 21.93 .030
GTS .33 1 34.98 .009
BHTG .33 1 1.5 .220
VBLT .32 2 2.1 .304
TAL .32 2 4.8 .132
SPCB .32 2 1.01 .632
MINM .32 2 1.87 .342
IMMP .32 3 3.96 .240
DRN .32 2 24.23 .026
BKYI .32 1 3.45 .092
YPF .31 1 4.63 .066
WINT .31 3 1.9 .489
ULBI .31 2 7.46 .082
PYPL .31 13 279.1 .013
PIRS .31 5 5.44 .280
FENC .31 1 9.4 .032
EXPR .31 4 5.41 .228
DMAC .31 2 4.09 .150
D .31 8 74.26 .032
AEY .31 1 2.42 .128
OXBR .30 5 2.81 .530
LC .30 6 29.11 .060
HAPP .30 1 0.9771 .307
HUSN .29 4 2.41 .480
GOVX .29 5 4.37 .330
AXLA .29 1 3.07 .094
OBSV .28 3 3.16 .264
NKLA .28 14 11.4 .336
MITO .28 1 1.46 .191
IMMR .28 2 7.15 .078
ALTO .28 3 4.78 .174
NAOV .27 11 2.06 1.441
ENVB .27 3 2.19 .369
PPBT .26 1 4.88 .053
PME .26 1 0.7796 .333
GSM .26 6 8.88 .174
ATOS .26 4 3.51 .296
PBLA .25 1 2.29 .109
MTL .25 3 3.84 .195
RAIL .24 4 4.54 .208
IKT .24 1 2.1 .114
GBR .24 1 3.94 .060
MOGO .23 3 4.87 .141
KDMN .23 2 8.89 .050
ACHV .23 1 8.85 .025
THTX .22 1 4.02 .054
SSKN .22 1 1.82 .120
JFU .22 3 1.75 .375
GENE .22 2 3.37 .130
DYNT .22 5 1.5 .730
XELA .21 6 2.14 .588
VIEW .21 1 6.02 .034
TENX .21 1 1.28 .164
PFE .21 6 44.19 .024
OCG .21 4 4.12 .200
KXIN .21 5 3.09 .335
ALAC .21 2 11.31 .036
ZNGA .20 2 7.64 .052
PHUN .20 5 0.9979 1.000
ENSV .20 1 1.25 .160
EKSO .20 1 4.67 .042
SBS .19 3 7.06 .078
NBEV .19 1 1.47 .129
VSH .18 3 20.52 .024
TEO .18 1 4.98 .036
TELL .18 5 3.53 .250
OSMT .18 3 2.93 .183
ET .18 2 9.49 .036
PPC .17 2 28.51 .010
LIVX .17 2 3.16 .106
IRCP .17 1 2.97 .057
GMTX .17 1 4.41 .038
FCEL .17 129 7.24 2.967
SNES .16 2 1.55 .206
RAVN .16 2 57.58 .004
MOMO .16 2 11.19 .028
ME .16 2 9.2 .034
INFI .16 4 3.71 .172
HFBL .16 1 18.52 .008
SSL .15 9 16.95 .072
OXY .15 25 27.96 .125
IMV .15 2 1.71 .174
GRUB .15 3 16.24 .027
CHNG .15 2 21.59 .012
SYKE .14 3 54 .006
OEG .14 1 3.35 .041
INM .14 1 1.83 .076
IEC .14 1 15.33 .009
EDU .14 1 1.96 .071
SVBI .13 1 12.21 .010
LMRK .13 1 16.5 .007
ESXB .13 1 10.54 .012
CRON .13 4 6 .084
SBBP .12 2 2.13 .112
RIG .12 2 3.48 .068
PSTX .12 1 7.95 .015
GSAT .12 2 1.78 .134
CHNR .12 4 1.22 .392
VERB .11 6 1.86 .354
SNMP .11 2 1.07 .204
MRO .11 11 12.73 .088
MOHO .11 3 0.5776 .570
MFGP .11 2 5.35 .040
GBS .11 1 2.77 .039
FENG .11 2 1.3 .168
CPG .11 2 4.09 .052
CALA .11 1 2.25 .048
XLK .10 3 156.6 0
SLHG .10 1 2.85 .035
PBR .10 5 10.39 .045
EDTK .10 2 1.24 .160
DBVT .10 5 5.06 .095
CNFR .10 2 2.67 .074
AGEN .10 7 6.08 .112
AEMD .10 2 4.37 .044
WTER .09 2 1.69 .106
TEDU .09 2 1.49 .120
SELF .09 1 5.11 .017
PRPO .09 3 2.97 .090
NOK .09 2 5.58 .032
BIOC .09 2 4.07 .044
AEI .09 2 2.39 .074
MDNA .08 7 2.485 .224
MBII .08 1 1.02 .078
MARK .08 2 1.23 .130
CLDR .08 1 15.91 .005
BQ .08 2 2.26 .070
NEPT .07 2 0.5889 .236
ITRO .07 1 1.27 .055
ITRN .07 3 25.47 .006
XBIO .06 8 2.24 .208
WYNN .06 3 83.83 0
PSP .06 2 15.74 .006
OCG .06 13 4.12 .182
MSTR .06 118 616.57 0
FRO .06 9 8.1 .063
ULTA .05 12 380.76 0
FRBK .05 1 3.1 .016
WYNN .04 4 83.83 0
VTGN .04 3 2.95 .039
PBT .04 2 5.39 .014
CXP .04 1 19.06 .002
AVGR .04 7 0.835 .329
VCAR .03 1 11.7119 .002
SNDL .03 1 0.7015 .042
SIC .03 1 14.43 .002
SHOP .03 88 1476.6 0
DFP .03 1 28.851 .001
NWHM .02 1 8.99 .002
KIN .02 2 9.25 .004
IACB .02 2 9.93 .004
DSE .02 1 9.49 .002
BLNK .02 11 30.71 0
BEST .02 2 1.91 .020
XPDI .01 3 10.13 0
SLVO .01 2 5.14 .002
PMD .01 1 8.13 .001
INFL .01 2 30.03 0
WMPN 0 4 12.3 0
GSKY 0 1 11.51 0
RTLR -.01 7 11.65 0
EIC -.08 1 17.23 -.004
NSYS -.12 1 11.17 -.010
