AMC 2.50 69 5.31 32.430
GME 3.81 106 20.8 19.398
SNAP 1.22 131 8.47 18.864
NIO 1.55 101 11.6 13.433
SHOP 11.22 42 36.09 13.020
NVAX 6.25 20 11.03 11.320
SHOP 17.08 20 36.09 9.460
KOSS 5.55 9 5.56 8.982
SHOP 14.84 20 36.09 8.220
SHOP 13.98 20 36.09 7.740
BLNK 6.17 14 12.78 6.748
AVXL 4.99 10 8.64 5.770
BLNK 4.60 14 12.78 5.026
TQQQ .52 176 19.06 4.752
SOXS 4.72 36 35.97 4.716
ASAN 2.95 21 14 4.410
SOXS 4.65 31 35.97 3.999
SOXS 4.45 30 35.97 3.690
ZIM 1.78 36 17.55 3.636
TSLA 2.66 211 150.23 3.587
ONON 18.32 3 16.49 3.330
ALDX 3.40 6 6.32 3.222
LAZR 2.34 9 6.78 3.105
NVDA 2.51 204 165.71 3.060
ANVS 4.22 8 11.3 2.984
NTLA 8.38 13 36.86 2.951
PLUG 3.33 12 14.02 2.844
DWAC 4.31 12 19.22 2.688
FIGS 1.73 11 7.08 2.684
MRNA 12.02 43 193.29 2.666
TOST 6.00 7 18.76 2.233
LYFT 2.65 9 11.09 2.142
NGM 3.54 3 5.06 2.097
AA 2.33 37 42.72 1.998
STEM 1.74 12 10.99 1.896
RBLX 2.74 19 27.62 1.881
AMD 2.13 54 65.41 1.728
VTNR .98 10 5.86 1.670
PTON 1.95 9 10.71 1.638
VERV 3.80 8 19.27 1.576
DPST 2.92 11 20.34 1.573
FSTX 4.14 2 5.28 1.568
RUN 3.01 15 29.16 1.545
M .97 31 20.4 1.457
TZA 4.29 12 35.34 1.452
BILI 1.20 27 23.01 1.404
DQ 4.10 15 44.57 1.365
FNGD 9.04 8 53.53 1.344
SHOP 1.07 46 36.09 1.334
CHPT 1.40 10 10.45 1.330
CFLT 9.43 3 23.01 1.227
RLAY 5.23 4 17.05 1.224
GIII 1.76 9 13.03 1.215
CLF .74 25 15.13 1.200
ENVX 3.33 4 11.19 1.188
PYPL 7.44 11 69.26 1.177
TIGR .54 11 5.08 1.166
NOV 2.58 9 19.85 1.161
TME .76 12 7.89 1.152
UAA 1.94 6 10.15 1.146
IBRX 1.82 4 6.44 1.128
FSR 2.58 3 6.88 1.125
SBSW .74 15 10.06 1.095
SQ 2.05 34 62.51 1.088
SIG 17.54 4 65.44 1.072
PLRX 5.01 4 18.69 1.072
STRO 2.59 3 7.3 1.062
BGFV .97 11 10.06 1.056
SQQQ 1.82 29 50.24 1.044
YANG .94 14 12.74 1.022
SPLK 11.03 8 87.4 1.008
CCL .61 14 8.45 1.008
CTRN 3.96 7 27.54 1.001
TME 1.13 7 7.89 1.001
BLUE 1.91 4 7.7 .992
TAL 1.05 7 7.46 .980
SSL .28 54 14.81 .972
GPS 1.04 12 12.95 .960
ISEE 3.57 6 22.32 .954
HOOD .41 20 8.61 .940
GT .90 11 10.51 .935
F .65 17 12.12 .901
SPWR 3.82 5 21.15 .900
LTHM .72 28 22.24 .896
PYPL 4.03 15 69.26 .870
SDS 3.59 11 45.84 .858
ENVX 1.89 5 11.19 .840
BNTX 3.95 38 175.25 .836
SBLK 1.26 13 19.54 .832
PVH 19.26 3 69.89 .825
VNET .54 8 5.22 .824
PDSB 1.90 4 9.34 .812
BLU 1.52 5 9.37 .810
VXX 1.74 7 15.01 .805
TMX 6.06 5 37.87 .800
BABA .56 133 86.79 .798
XMTR 8.64 3 32.53 .795
DOMO 3.24 4 16.55 .780
JWN 1.15 11 16.34 .770
AAPL .70 154 134.51 .770
SPXS 2.84 6 22.12 .768
DAL 1.49 17 33.11 .765
TECS 4.16 7 38.34 .756
STX 2.19 18 52.13 .756
KR .82 42 44.32 .756
QFIN 1.10 12 17.72 .744
DKNG .90 10 12.12 .740
LESL 1.49 6 12.08 .738
EQT 1.33 21 37.24 .735
AXON 62.01 2 169.34 .732
ZS 4.93 17 114.21 .731
LXU 2.45 4 13.62 .716
LI .36 42 20.45 .714
VIPS .79 12 13.35 .708
PAAS 2.26 5 15.98 .705
FITB 2.79 8 31.6 .704
MAT .60 20 16.72 .700
SBS .15 50 10.09 .700
VLO 2.62 33 119.37 .693
SQQQ 1.55 23 50.24 .690
GOGL .44 14 8.81 .686
AEHR .46 36 23.42 .684
ACI .65 22 20.66 .682
TECS 3.24 8 38.34 .672
SJR 3.00 6 26.55 .672
BROS 2.97 7 30.82 .672
ARVN 2.20 11 36.04 .671
NEM 6.19 5 46.14 .670
MRNA 2.83 47 193.29 .658
YINN 5.01 6 45.85 .654
CRM 3.05 28 128.27 .644
URTY 3.02 8 38.02 .632
TRQ 2.01 10 31.41 .630
YMM .61 9 8.65 .630
SU .83 23 29.92 .621
IMTX .80 7 9.06 .616
NVDA .57 204 165.71 .612
CCJ .47 29 21.71 .609
AEO .88 10 14.58 .600
PSTX .71 5 5.91 .600
BCRX .29 23 10.94 .598
MRNA 2.82 42 193.29 .588
VET .24 45 17.29 .585
SE 3.12 10 53.69 .580
APA 1.58 16 43.79 .576
TNA 1.86 10 32.08 .570
RF 1.30 9 20.58 .567
GE 3.36 13 77.65 .559
SNOW 3.25 25 142.45 .550
RY 2.13 25 93.45 .550
TTD 1.03 25 46.15 .550
CVS 2.06 26 95.45 .546
FL 2.32 8 34.19 .536
BHVN .81 10 15.09 .530
OVV 2.24 12 50.17 .528
CD .80 5 7.56 .525
ARQT 2.10 4 15.96 .524
FOLD 3.18 2 12.23 .520
FAZ 1.51 7 20.52 .511
AG 1.09 4 8.57 .508
FNGD 2.13 13 53.53 .507
SPXS 1.25 9 22.12 .504
BZ .81 12 19.15 .504
BLDR 3.40 10 67.54 .500
GFI .20 26 10.19 .494
HOLI 2.10 4 17.14 .488
HL .43 6 5.3 .486
IMVT 1.55 5 15.91 .485
MT .57 22 25.46 .484
ICPT 2.48 3 15.34 .483
SBSW .38 13 10.06 .481
ZM 3.38 10 69.86 .480
LTHM .37 30 22.24 .480
EURN .30 30 18.3 .480
TECL 1.63 7 23.9 .476
VTRS 1.02 5 10.96 .465
FLO 1.32 10 28.69 .460
PBR .12 37 9.37 .444
XOM 1.04 49 104.7 .441
TH 1.04 7 16.41 .441
KSS .55 21 25.97 .441
PRTA 2.54 10 56.84 .440
CSIQ 1.51 10 34.11 .440
CENX 1.06 3 7.31 .435
ABCL .89 5 10.21 .435
SPXU .92 8 16.81 .432
VIPS .58 10 13.35 .430
PFE .70 33 51.4 .429
XBI 1.80 19 80.96 .418
OLN 2.68 8 51.4 .416
NVDA .49 208 165.71 .416
YANG .30 18 12.74 .414
FCX .39 41 38.36 .410
FLO 1.07 11 28.69 .407
KR .42 45 44.32 .405
PSTG .89 13 28.62 .403
SQ .85 31 62.51 .403
LAC .31 31 22.85 .403
SHLS 3.59 3 26.72 .402
BBY 3.51 9 79.48 .396
TVTX 1.57 5 19.69 .395
FB .77 130 196.64 .390
SHLS 5.14 2 26.72 .384
EURN .54 13 18.3 .377
FISV 3.37 11 98.58 .374
NEE 1.46 22 84.14 .374
USB 1.34 12 42.15 .372
SIVB 6.05 13 213.4 .364
IMVT 1.45 4 15.91 .364
TSM 1.53 18 76.3 .360
PINS .56 16 24.8 .352
ECOM 2.71 3 23.09 .351
KNBE .97 9 24.79 .351
DXC 1.33 7 26.3 .350
XOM .83 50 104.7 .350
ISEE .80 10 22.32 .350
YPF .38 7 7.47 .350
KZR .49 5 7.04 .345
GM 1.59 8 36.15 .344
PPC 1.15 7 23.43 .343
LABU .33 7 6.66 .343
RKT .31 9 7.96 .342
BTU .27 38 28.49 .342
AMGN 4.73 20 267.41 .340
ROIV .83 3 7.32 .339
ABNB 1.34 24 89.57 .336
PINS .60 14 24.8 .336
UBER .55 16 25.97 .336
PATI 1.33 2 7.92 .334
NTNX 2.59 4 31.17 .332
CCL .26 11 8.45 .330
SILK 2.53 7 53.52 .329
SKX 1.95 7 41.08 .329
EDIT .85 4 10.27 .328
PTEN 1.75 3 16.19 .324
EL 5.76 14 240.94 .322
MMM 2.05 20 121.69 .320
SSRM .60 8 14.95 .320
XLV 1.30 35 135.53 .315
WOOF .51 6 9.76 .312
ISIG .47 6 8.98 .312
FANG 1.46 31 134.32 .310
PINS .47 17 24.8 .306
BP .32 34 33.68 .306
OKTA 10.37 2 67.92 .304
SWN .05 38 6.18 .304
FTI .50 7 11.49 .301
LMT 5.87 25 481.79 .300
DLTR 2.19 20 142.65 .300
HRL .57 25 45.66 .300
YPF .19 12 7.47 .300
CLX 3.37 13 144.6 .299
RTX 2.35 13 98.34 .299
NTNX 4.66 2 31.17 .298
HAS 1.95 9 57.86 .297
XLY 1.22 33 133.91 .297
DOCS .98 11 35.09 .297
BTU .23 37 28.49 .296
DOG 2.00 5 33.63 .295
XOM .55 59 104.7 .295
WM 2.30 21 161.79 .294
CRH .82 14 39.02 .294
DRN .30 10 10.04 .290
SMH 3.79 17 213.58 .289
SPY 3.73 32 383.27 .288
ARRY 3.14 2 21.77 .288
CIVI 5.29 3 55.83 .282
AXSM 5.48 4 78.4 .276
CAT 2.90 23 232.72 .276
BEKE .26 16 14.46 .272
ADBE 4.47 20 338.54 .260
FA 1.68 2 12.91 .260
TECL 1.25 5 23.9 .260
AMGN 4.05 17 267.41 .255
ATVI 1.82 11 76.08 .253
ON .49 36 65.38 .252
GKOS 5.32 2 42.48 .250
SPWH .29 8 9.33 .248
SRTY 1.09 13 54.51 .247
AZN .35 49 67.94 .245
CRGY .72 4 11.72 .244
CFVI .73 4 12.04 .240
EVO .33 6 8.11 .240
MDB 3.51 14 203.1 .238
TJX 1.38 14 77.65 .238
LVS .68 17 47.49 .238
BERZ .62 13 33.53 .234
EDU .47 18 34.4 .234
JPM 1.42 23 129.29 .230
ICPT 1.75 2 15.34 .228
CELH 2.72 9 108.8 .225
LMT 4.08 28 481.79 .224
DD 1.91 8 67.91 .224
ABT .86 28 106.91 .224
MPC 1.10 22 109.75 .220
DIA 4.24 18 328.97 .216
IMMR .29 6 7.88 .216
MOS .26 43 45.36 .215
FNGD 2.30 5 53.53 .210
UPS 1.82 21 178.2 .210
HX .88 6 24.58 .210
XLE .49 42 84.36 .210
AAL .20 14 12.81 .210
KO .51 26 62.75 .208
VRTX 7.05 9 304.8 .207
STE 4.26 9 183.03 .207
ALB 10.02 5 242.86 .205
K .39 41 71.29 .205
BIIB 3.53 17 284.98 .204
IWM 2.97 12 174.37 .204
SQM 1.09 17 85.25 .204
QCOM .69 34 114.53 .204
LLY 2.53 29 359.87 .203
BLFS 1.19 3 17.58 .201
CROX 1.98 10 95.01 .200
FAST .48 20 47.87 .200
FCX .23 40 38.36 .200
ASPN 1.14 2 11.57 .196
AN 1.69 13 111.69 .195
OVV .67 15 50.17 .195
UAL .59 13 38.43 .195
SOXL .36 6 11.11 .192
AU .16 24 18.72 .192
INCY 1.57 10 82.03 .190
BBWI .78 10 40.31 .190
M .39 10 20.4 .190
BTWN .10 19 9.87 .190
CM .38 21 40.5 .189
WFC .31 27 41.19 .189
ERF .13 27 16.43 .189
PCVX 2.16 4 45.8 .188
FGEN .69 4 14.66 .188
SNPS 5.88 11 329.12 .187
DE 4.96 17 431.09 .187
XLK .72 37 127.48 .185
T .16 23 18.49 .184
UNIT .14 8 5.93 .184
AMGN 2.79 18 267.41 .180
WYNN .92 18 86.01 .180
CLNE .18 6 5.83 .180
MRO .10 59 27.33 .177
GS 3.81 16 346.35 .176
V 1.79 22 206.89 .176
TSN .72 16 61.84 .176
TAP 1.32 7 51.18 .175
BIG .47 6 15.86 .174
TZA 1.22 5 35.34 .170
COTY .08 17 7.94 .170
COP .34 56 110.44 .168
FUTU 3.65 3 66.47 .162
PRTA 1.05 9 56.84 .162
KMB .83 27 135.32 .162
SNOW 1.01 23 142.45 .161
LUV .62 10 37.28 .160
JD .30 32 56.59 .160
BP .20 32 33.68 .160
CPG .03 40 6.64 .160
MSFT .25 157 244.69 .157
HPK 1.56 2 20.04 .154
LPX 1.39 7 61.85 .154
SQM .67 22 85.25 .154
XBI .69 19 80.96 .152
GIII .26 8 13.03 .152
YINN 1.39 5 45.85 .150
IBM .75 29 140.16 .145
ALVR .19 5 6.44 .145
YETI .70 9 41.95 .144
PBF .42 13 36.58 .143
RMD 5.92 5 209.8 .140
AZPN 4.16 7 201.11 .140
SDOW .78 5 27.58 .140
SDOW .39 10 27.58 .140
ATNM .39 4 11.09 .140
MO .34 20 46.56 .140
EURN .19 14 18.3 .140
ORMP .12 10 8.26 .140
SBS .04 46 10.09 .138
AYX 1.76 4 50.74 .136
MDRX .61 4 17.78 .136
LITE 1.43 5 52.09 .135
EA 1.13 15 121.74 .135
ARMK 1.13 5 41.51 .135
AR .95 5 33.95 .135
ABT .58 27 106.91 .135
UBER .25 15 25.97 .135
DD 1.33 7 67.91 .133
XLE .30 44 84.36 .132
MAXR 1.40 5 51.93 .130
TRQ .42 10 31.41 .130
RACE .84 43 218.11 .129
AXP .94 21 146.3 .126
HRB .59 9 40.33 .126
BULZ .50 6 23.79 .126
CTLT 2.75 2 44.26 .124
EOLS .22 4 7.04 .124
LIN 1.16 41 329.63 .123
SEDG 2.84 15 320.53 .120
DG 2.52 12 248.25 .120
TMUS .85 24 142.36 .120
ABT .50 30 106.91 .120
RWM .30 10 24.68 .120
ADSK 2.68 9 192.4 .117
NAPA .49 4 16.7 .116
GLW .77 5 32.3 .115
CAT 1.61 19 232.72 .114
JKS .39 16 51.04 .112
ALC .22 37 67.45 .111
KMX .72 10 61.44 .110
UBS .10 22 17.75 .110
FUTU 1.23 6 66.47 .108
SQM 1.10 9 85.25 .108
CYTK .53 9 43.71 .108
XOM .30 54 104.7 .108
LULU 4.94 7 321.24 .105
NKE 2.28 5 105.95 .105
ANF .47 5 21.78 .105
STT 2.04 4 77.7 .104
RAPT .25 8 18.05 .104
ENPH 1.84 17 303.39 .102
COST 4.71 10 461.45 .100
WOLF 1.94 4 77.06 .100
WSM 1.22 10 111.71 .100
ROST 1.14 10 113.95 .100
TAP 1.03 5 51.18 .100
NUE .80 20 133.6 .100
INFL .64 5 31.29 .100
SBH .33 4 12.85 .100
FDX 5.82 3 171.72 .099
BURL 2.08 9 185.8 .099
ADI 1.63 11 166.82 .099
RTX .73 14 98.34 .098
PWR 1.84 8 143.27 .096
SPB 1.43 4 58.01 .096
RL 1.33 8 105.18 .096
TTWO .82 12 100.76 .096
LZB .58 4 23.32 .096
GGAL .13 6 7.68 .096
UNH 2.32 23 523.7 .092
XOM .31 46 104.7 .092
VZ .17 23 37.12 .092
STZ 3.04 7 231.36 .091
TTWO .79 13 100.76 .091
JAZZ 4.82 3 157.72 .090
UHS 1.42 9 135.77 .090
AAP 1.33 10 140.16 .090
CAT 1.29 18 232.72 .090
TRI .72 15 113.64 .090
ATHM .57 5 31.6 .090
TMUS .53 30 142.36 .090
MDT .41 18 76.72 .090
MCD 1.08 22 266.12 .088
TWTR .25 22 53.7 .088
NEX .21 4 9.24 .088
DB .06 17 10.49 .085
MNST .78 12 100.78 .084
WSM .77 14 111.71 .084
FISV .72 12 98.58 .084
TTWO .61 14 100.76 .084
GLD .51 28 166.79 .084
PDCO .40 6 27.53 .084
TRQ .22 12 31.41 .084
AEHR .07 41 23.42 .082
MNST .97 9 100.78 .081
EPM .19 3 7.03 .081
HON 1.73 10 209.74 .080
WPP 1.00 4 48.64 .080
OKE .58 10 64.49 .080
FHN .50 4 24.41 .080
WYNN .46 16 86.01 .080
CAH .44 16 79.28 .080
UPRO .35 8 33.37 .080
D .13 40 58.62 .080
YPF .08 8 7.47 .080
STLD 1.33 6 101.02 .078
HOLI .46 3 17.14 .078
ANET .94 11 123.66 .077
AXP .59 19 146.3 .076
UNH 1.73 24 523.7 .072
TSCO 1.39 12 210.51 .072
OPNT .26 6 20.25 .072
KHC .14 24 39.92 .072
CSCO .13 36 47.81 .072
VTRS .09 9 10.96 .072
LSI .73 10 101.13 .070
SUPN .52 5 37 .070
MNSO .20 4 11.12 .068
MMM .43 22 121.69 .066
NKE .39 22 105.95 .066
PDD .32 22 87.03 .066
SHW 3.86 4 240.47 .064
AMOM .86 2 26.2291 .064
NTAP .49 8 60.32 .064
HP 1.01 3 46.83 .063
AKAM .79 7 84.98 .063
IBM .29 31 140.16 .062
IYC .75 5 58.25 .060
PANW .61 15 151 .060
SQM .53 10 85.25 .060
DIS .33 19 90.08 .057
FDX 4.86 2 171.72 .056
COF .78 7 90.1 .056
COF .78 7 90.1 .056
A .67 14 149.3 .056
CHKP .56 14 129.05 .056
VIGI .53 8 69.9 .056
WEN .33 4 23.1 .056
MCW .27 2 9.46 .056
TMUS .36 27 142.36 .054
HCM .09 9 13.77 .054
DD .38 10 67.91 .050
BCH .15 7 19.04 .049
XLE .11 49 84.36 .049
HES 2.15 3 133.01 .048
OHI .17 9 28.64 .045
MCD .69 21 266.12 .042
TGT .35 21 146.45 .042
NFE .27 7 44.15 .042
MRK .24 21 109.2 .042
INTU 1.98 8 384.98 .040
J 1.06 5 119.07 .040
HTHT .46 4 42.64 .040
STN .40 5 48.26 .040
LBRT .13 5 15.57 .040
DUK .14 39 100.34 .039
MCD .72 19 266.12 .038
MCD .65 19 266.12 .038
BA .69 12 184.7 .036
PG .23 35 150.44 .035
KMB .24 34 135.32 .034
GIS .14 34 86.93 .034
EL .77 11 240.94 .033
META .47 11 119.43 .033
HDGE .14 8 28.59 .032
KRYS 1.22 2 79.84 .030
COST .60 30 461.45 .030
OTIS .40 6 78.6 .030
SPG .28 15 116.32 .030
ASC .15 3 14.83 .030
UAL .09 15 38.43 .030
XLV .26 29 135.53 .029
PEP .35 28 180.34 .028
CVS .19 28 95.45 .028
SJM .27 25 155.33 .025
SAIL .53 3 65.24 .024
KBH .28 3 32.16 .024
BOX .14 6 31.24 .024
ICL .02 11 7.31 .022
BLK 2.70 7 700.22 .021
EQNR .06 21 36.09 .021
LOW .36 20 206.14 .020
VRDN .16 4 27.88 .020
APG .11 4 18.62 .020
WF .29 2 29.05 .018
RFP .14 3 21.08 .018
IRBO .08 6 26.16 .018
TSEM .22 4 45.78 .016
TDG 1.96 5 605.73 .015
GBT .37 3 68.49 .015
ANET .16 15 123.66 .015
AMKR .09 5 25.2 .015
BRG .04 11 26.6 .011
NRGU .61 8 436.84 .008
SJIV .17 4 69.56 .008
CHNG .04 8 27.49 .008
WF .05 5 29.05 .005
DPW 1.28 5
NETE 1.11 2
SQBG .87 2
ALXN .82 4
BKNG .79 15 1938.55 0
NTEC .77 4
XONE .76 2
HGSH .61 4
JRJC .59 3
KBSF .44 2
TRIT .36 6
HUSN .26 4
LLY .22 28 359.87 0
CNFR .13 2
DKS .09 26 111.82 0
ALAC .08 5
UPS .03 19 178.2 0
BIDU .03 157 112.59 0
SWCH .02 2 34.25 0
SH .01 14 16.01 0
PSO .01 15 11.08 0
PBT .01 6 22.5 0
MN .01 4 12.85 0
SLVO 0 21 88.7 0
ROKU 0 15 45.85 0
QQC 0 4 21.1394 0
NINE 0 11 9.85 0
NFLX 0 134 290.71 0
LHAA 0 5 10.08 0
GRU 0 4 5.281 0
GCP 0 3 32.01 0
GBNY 0 3 10.99 0
ESLT 0 29 168.35 0
D 0 38 58.62 0
ASAX 0 9 10.08 0
ABNB 0 26 89.57 0
SLV -.01 26 21.37 0
ET -.01 30 11.66 0
SLB -.02 37 49.38 0
WMT -.05 44 142.75 0
ASML -.06 41 574.32 0
PEP -.14 31 180.34 0
ABBV -.14 39 160.48 0
ULTA -.55 4 451.12 -.004
BAK -.04 3 8.63 -.012
ASC -.03 9 14.83 -.018
SCHW -.15 18 78.19 -.018
GLPG -.27 3 40.06 -.018
AMAT -.16 21 104.73 -.021
KO -.11 27 62.75 -.027
JNJ -.34 27 175.67 -.027
CTIC -.01 34 5.71 -.034
HCA -1.37 7 239.05 -.035
XLP -.10 47 74.86 -.047
ORCL -.10 47 79.58 -.047
GDXD -.09 6 9.19 -.054
HES -1.21 6 133.01 -.054
HD -.92 29 323.34 -.058
CALT -.12 11 19 -.066
ARGX -1.94 14 385.81 -.070
CIEN -.12 36 48.42 -.072
CL -.30 25 77.76 -.075
YANG -.11 13 12.74 -.104
PKG -2.04 8 130.58 -.120
LOGI -.34 26 58.51 -.130
GDYN -.55 3 10.74 -.153
OLLI -1.44 6 50.17 -.168
WDAY -2.30 13 175.22 -.169
INTC -.29 17 26.92 -.170
PSQ -.20 17 14.36 -.221
CNC -1.95 11 81.4 -.253
DOCN -.48 16 28.18 -.272
ROG -7.63 5 115.6 -.330
XPEV -.04 116 10.3 -.348
GOOG -1.17 29 90.86 -.348
MNSO -.41 10 11.12 -.360
FRO -.10 53 13.53 -.371
TCOM -.60 23 34.82 -.391
DKNG -.44 12 12.12 -.432
OXY -.41 80 62.53 -.480
AAPL -.48 160 134.51 -.480
SMCI -9.28 5 80.73 -.570
ENPH -8.72 21 303.39 -.588
AGNC -.19 36 10.14 -.648
EDU -2.26 11 34.4 -.715
MLCO -.63 15 12.03 -.780
CRK -.67 25 14.77 -1.125
TWST -3.85 9 25.25 -1.368
GOOG -7.29 36 90.86 -2.880
AMZN -15.65 129 87.86 -22.962
