SHOP 25.67 12 892.39 .336
PANW 23.18 1 475.47 .048
DWAC 19.74 5 68.98 1.430
LULU 16.03 1 308.83 .051
MSTR 14.75 8 365.05 .320
CCMP 11.86 1 176.32 .067
RNG 11.84 1 159.47 .074
BKNG 10.17 8 2329.02 .032
ULTA 10.08 2 352.74 .056
SAM 9.40 7 435.57 .147
PCTY 8.94 1 185.68 .048
RMD 8.09 1 232.17 .034
REGN 7.44 9 603.19 .108
NVAX 7.31 16 77.21 1.504
SIVB 7.01 8 554.82 .096
AMZN 6.99 94 2799.72 .188
SMH 6.94 4 264.33 .104
ASML 6.86 27 648.57 .270
PUBM 6.66 1 23.31 .285
QQQ 6.44 4 345.11 .072
LAD 6.41 5 290.67 .110
KRYS 6.33 1 56.4 .112
DPZ 6.30 12 436.36 .168
BLK 6.24 5 798.55 .035
SPLK 6.20 6 116.25 .318
W 6.04 9 148.86 .360
CAR 6.00 2 169.52 .070
ADBE 5.88 13 502.72 .143
EYPT 5.86 1 9.42 .622
MDB 5.57 9 365.48 .135
DUOL 5.53 4 89.51 .244
DDS 5.48 11 267.32 .220
KOSS 5.35 7 7.63 4.907
EJH 5.21 6 0.812 38.496
AZO 5.11 12 1930.94 .024
DE 4.88 11 368.22 .143
INTU 4.61 8 515.99 .064
WBX 4.49 2 13.1 .684
GKOS 4.45 1 50.53 .088
RGEN 4.41 7 185.4 .161
EEIQ 4.33 5 2.51 8.625
SE 3.92 20 144.92 .540
CARV 3.92 6 7.45 3.156
ZM 3.91 15 145.89 .390
WOLF 3.86 1 88.94 .043
TSLA 3.86 163 918.4 .652
GOOG 3.73 28 2534.71 .028
ANVS 3.73 6 14.02 1.596
EL 3.72 9 294.21 .108
SI 3.69 9 102.05 .324
IRTC 3.69 1 121.89 .030
GME 3.68 83 99.79 2.988
SNPS 3.62 7 291.66 .084
ABNB 3.59 10 144.56 .240
MA 3.58 7 338.76 .070
GPN 3.54 11 139.5 .275
XMTR 3.46 1 50.26 .068
EBET 3.45 6 11.59 1.782
UNH 3.38 13 456.84 .091
U 3.37 7 104.07 .224
DQ 3.36 7 37.25 .630
SCPS 3.34 7 1.09 21.448
TOST 3.31 2 21.21 .312
GLSI 3.27 5 21.11 .770
ZG 3.19 7 48.86 .455
IAC 3.19 7 127.94 .168
ROKU 3.14 8 152.19 .160
CMTL 3.13 1 21.4 .146
COIN 3.11 13 185.63 .208
NEGG 3.07 20 6.42 9.560
GS 3.07 10 341.55 .080
MRNA 3.05 41 152.54 .779
THC 3.03 2 74.6 .080
IRNT 3.02 6 3.06 5.916
CCXI 3.00 4 25.34 .472
UPST 2.99 19 94.2 .589
ANTM 2.99 6 439.18 .036
SITM 2.97 7 194.57 .105
LII 2.97 6 283.8 .060
BKKT 2.95 2 3.9 1.512
ZLAB 2.93 7 48.14 .420
NEWR 2.93 6 104.78 .162
IWM 2.93 6 198.84 .084
DG 2.91 8 212.01 .104
NRXP 2.89 8 3.17 7.288
LLY 2.85 12 239.46 .132
ZS 2.76 10 228.88 .120
SAVA 2.73 29 40.02 1.972
JAN 2.73 6 2.98 5.496
PENN 2.65 10 43.19 .610
NVCR 2.63 10 64.41 .400
NCTY 2.63 5 4.39 2.995
DOCS 2.62 8 42.63 .488
QDEL 2.61 7 99.11 .182
OSTK 2.60 7 41.29 .434
BIGC 2.58 2 28.79 .178
WDAY 2.57 7 236.11 .070
ADGI 2.56 12 6.74 4.548
FULC 2.54 6 12.49 1.218
LSI 2.53 3 132.82 .057
INDP 2.52 5 4.81 2.615
LMT 2.51 11 387.17 .066
PWR 2.42 3 97.06 .072
AVXL 2.41 5 12.94 .930
DASH 2.39 11 109.39 .231
PEAR 2.37 1 4.245 .558
ENPH 2.35 9 122.65 .171
CPOP 2.34 5 1.4 8.355
ISIG 2.30 3 15.32 .450
CFLT 2.29 2 56.75 .080
SPY 2.27 4 434.47 .020
FLGT 2.27 6 63.5 .210
STE 2.26 5 221.11 .050
GRTS 2.25 7 5.17 3.045
BHVN 2.25 6 116.34 .114
AXON 2.25 1 128.07 .017
KMX 2.23 4 109.94 .080
SPB 2.21 1 86.54 .025
NUE 2.21 2 94.19 .046
ITCI 2.20 1 46.64 .047
HCA 2.20 4 239.11 .036
TPST 2.19 5 3.841 2.850
AMGN 2.19 6 225.04 .054
PKG 2.17 5 135.03 .080
CHGG 2.17 3 25.23 .258
PKI 2.16 4 168.86 .048
LGVN 2.15 6 7.07 1.824
KEYS 2.15 5 168.77 .060
SEDG 2.14 9 212.74 .090
PYPL 2.14 9 158.2 .117
DLPN 2.14 5 5.81 1.840
CI 2.12 6 234.74 .054
ACRS 2.12 7 10.5 1.407
SNOW 2.11 12 263.43 .096
APPS 2.11 7 39.58 .371
HRI 2.10 5 157.78 .065
AUVI 2.10 10 1.74 12.060
ALEC 2.10 6 15.27 .822
BURL 2.07 9 231.67 .072
TSP 2.05 7 18.28 .784
AMEH 2.05 9 50.56 .360
ADSK 2.04 7 233.78 .056
UHAL 1.98 9 610 .027
XAIR 1.97 1 6.61 .298
WSM 1.97 6 156.22 .072
AAME 1.97 5 2.55 3.860
RNXT 1.96 4 3.43 2.284
CELH 1.96 7 44.17 .308
COHN 1.95 5 14.5425 .670
COST 1.93 18 477.32 .072
BNTX 1.93 32 156.49 .384
DIS 1.92 10 136.51 .140
ACIU 1.91 2 4.34 .880
SNA 1.89 5 208.94 .045
RL 1.89 8 108.14 .136
MSGE 1.88 4 70.74 .104
CAT 1.88 10 214.31 .080
BIDU 1.88 118 150.97 1.416
AFRM 1.88 18 54.52 .612
TDG 1.87 4 614.6 .012
PDD 1.87 5 59.5 .155
COF 1.87 4 152.16 .048
VLO 1.86 4 81.16 .088
TSRI 1.84 1 11.82 .155
ACMR 1.83 5 72.39 .125
MRIN 1.81 6 3.12 3.480
KNBE 1.80 7 20.31 .616
ROLL 1.78 7 184.66 .063
MYNZ 1.78 1 20.25 .087
CERE 1.78 7 25.57 .483
VRPX 1.77 9 2.15 7.407
RAPT 1.77 7 22.65 .546
DAVA 1.77 4 109.66 .064
XBI 1.75 6 91.38 .114
EA 1.75 6 131.01 .078
LWAC 1.73 5 16.98 .505
WAVE 1.72 5 5.74 1.495
LAIX 1.72 4 0.49 14.040
DLTR 1.72 11 131.35 .143
TSCO 1.70 10 212.36 .080
IMPL 1.70 5 9.45 .895
DOCN 1.70 12 51.44 .396
NNOX 1.69 5 10.74 .785
KYMR 1.69 2 39.76 .084
SQ 1.68 24 115.3 .336
PAYX 1.68 4 118.77 .056
ROG 1.67 1 272 .006
AN 1.67 8 110.09 .120
NMRD 1.66 4 3.9635 1.672
VVOS 1.65 6 2.81 3.522
TMUS 1.65 10 105.67 .150
NVOS 1.65 5 1.26 6.545
CREE 1.64 5 79.12 .100
AMAT 1.64 9 132.99 .108
TRI 1.63 4 104.94 .060
LVS 1.63 1 44.87 .036
JZXN 1.63 4 1.39 4.688
NVTS 1.62 2 9.54 .338
GRU 1.62 1 4.85 .334
CLDX 1.61 3 29.4 .162
PLCE 1.60 4 72.87 .084
BLDR 1.60 8 67.75 .184
STMP 1.59 4 329.61 .016
LH 1.59 9 268.05 .045
TMX 1.58 3 41.75 .111
LHDX 1.58 4 4.95 1.276
XLNX 1.57 16 173.16 .144
TASK 1.57 8 28.65 .432
RLMD 1.57 4 18.8 .332
GH 1.57 8 65.75 .184
CARA 1.57 2 11.79 .266
ZIM 1.56 13 57.22 .351
DPW 1.56 5 1.6 4.875
UTHR 1.55 5 199.72 .035
TSC 1.55 1 29.49 .052
IRDM 1.55 4 35.21 .176
CRNC 1.55 4 61.25 .100
BLFS 1.55 1 28 .055
CHCI 1.54 3 4.63 .996
TERN 1.53 4 5.66 1.080
SIEB 1.53 5 2.05 3.730
DLO 1.53 5 26.57 .285
MRAM 1.52 3 8.58 .531
FISV 1.52 7 101.04 .105
TTWO 1.51 8 158.39 .072
SNOA 1.51 4 3.7 1.632
WAFU 1.50 4 3.02 1.984
F 1.50 1 19.98 .075
BYND 1.50 8 61.2 .192
BTCS 1.50 1 4.96 .302
RBLX 1.49 16 65.29 .352
KTTA 1.49 1 1.22 1.221
CNC 1.49 5 76.37 .095
BCYC 1.49 3 46.33 .096
AACG 1.49 7 1.72 6.062
STT 1.48 3 94.13 .045
ADI 1.48 5 155.77 .045
VRTX 1.47 2 227.11 .012
NURO 1.47 11 4.54 3.553
FGEN 1.47 3 14.43 .303
EDIT 1.47 3 18.23 .240
BALY 1.47 1 35.85 .041
XLY 1.46 8 179.5 .064
VCVC 1.46 1 9.85 .148
JKS 1.46 6 41.04 .210
HTBX 1.46 2 2.73 1.068
DPST 1.46 4 52.47 .108
AAP 1.46 6 230.18 .036
SBEA 1.45 2 9.98 .290
KMB 1.45 10 139.63 .100
EYEG 1.45 1 1.95 .743
BTBT 1.45 10 4.31 3.360
BBY 1.45 7 98.03 .098
KALV 1.44 8 11.56 .992
FATE 1.44 4 39.87 .144
LANC 1.43 2 161.03 .016
CRM 1.43 15 215.39 .090
ANET 1.43 3 116.95 .036
TTC 1.42 5 93.92 .075
IMNM 1.42 4 8.99 .628
RMBL 1.41 3 33.26 .126
HOOD 1.41 14 13.05 1.512
TWTR 1.40 6 34.17 .240
JCS 1.40 3 2.06 2.037
HX 1.40 6 2.24 3.750
HON 1.40 8 202.3 .048
ESTC 1.40 9 82.52 .144
VERY 1.39 4 6.25 .888
EOSE 1.39 2 4.45 .624
APP 1.39 11 64.58 .231
TNET 1.38 1 82.69 .016
EXPI 1.38 6 24.88 .330
TWST 1.37 7 53.22 .175
LIVE 1.37 3 24.38 .168
EVA 1.37 3 69.41 .057
ECOM 1.37 1 20.6 .066
V 1.35 12 202 .072
TAOP 1.35 3 1.56 2.595
NXPI 1.35 8 194.77 .048
WNW 1.34 1 1.77 .757
J 1.33 4 127.18 .040
GRVY 1.33 7 61.6 .147
FIGS 1.33 6 21.72 .366
VIH 1.31 1 9.36 .139
TJX 1.31 6 68.68 .114
ROST 1.31 6 96.61 .078
CPE 1.31 8 53.04 .192
BFRI 1.31 6 3.52 2.232
ABCL 1.31 1 8.37 .156
A 1.31 10 134.57 .090
UHS 1.30 4 127.96 .040
LITE 1.30 3 95.48 .039
JG 1.30 3 0.8548 4.560
GWRE 1.30 5 96.75 .065
BNR 1.30 3 9.31 .417
OLLI 1.29 2 46.26 .054
ATAI 1.29 2 5.06 .508
APPN 1.29 4 49.63 .100
LIN 1.28 12 313.59 .048
FRD 1.28 1 9.16 .139
BILI 1.28 23 34.21 .851
RHE 1.27 2 3.15 .806
NFE 1.27 1 20.97 .060
HJLI 1.27 1 10.38 .122
ATVI 1.27 6 79.12 .096
APXT 1.27 1 12.11 .104
DOMO 1.26 4 40.73 .120
DELL 1.26 9 55.44 .198
AMD 1.26 34 111.13 .374
THCB 1.25 1 10 .125
SPT 1.25 6 60.54 .120
OPAD 1.25 4 3.57 1.400
NGM 1.25 2 14.79 .168
BYSI 1.25 5 3.32 1.880
SJ 1.24 4 5.68 .872
RSKD 1.24 2 6.44 .384
PBTS 1.24 1 0.4026 3.079
LPX 1.24 3 66.15 .054
LEDS 1.24 3 3.41 1.089
EDSA 1.24 1 4.29 .289
CMMB 1.24 2 5.22 .474
BNTC 1.24 3 2.42 1.536
ANPC 1.24 2 0.8508 2.914
ALXN 1.24 4 182.5 .024
YETI 1.23 5 67.27 .090
TAP 1.23 2 50.22 .048
LAW 1.23 3 29.64 .123
HOG 1.23 5 34.25 .175
RCUS 1.22 1 30.85 .039
LYFT 1.22 6 36.22 .198
EYES 1.22 6 1.35 5.418
DDL 1.22 2 4.55 .536
BZ 1.22 3 28.66 .126
BRLT 1.22 5 10.87 .560
PFGC 1.21 3 44.07 .081
OSAT 1.21 3 3.75 .966
LYEL 1.21 3 5.45 .666
HGEN 1.21 3 2.43 1.491
EAT 1.21 3 35.14 .102
COUR 1.21 3 18.58 .195
ARAV 1.21 1 2.21 .547
AKAM 1.21 5 112.56 .050
XLK 1.20 14 151.54 .098
WHLM 1.20 4 4.3 1.116
MMM 1.20 7 173.75 .042
MARA 1.20 21 22.18 1.134
KSS 1.20 12 62.27 .228
CRIS 1.20 2 3.22 .744
CLX 1.20 5 174.53 .030
CETX 1.20 1 0.6761 1.774
AMTX 1.20 3 8.98 .399
TVTX 1.19 3 26.46 .132
SGOC 1.19 9 6.2 1.719
FANG 1.19 9 126.98 .081
DKS 1.19 20 117.91 .200
MQ 1.18 7 11.2 .735
DFH 1.18 1 17.9 .065
BIIB 1.18 9 222.31 .045
AMC 1.18 61 16.02 4.453
WYNN 1.17 6 86.46 .078
VMW 1.17 9 122.65 .081
TSM 1.17 6 122.48 .054
TDC 1.17 5 39.88 .145
STZ 1.17 4 236.47 .016
SKT 1.17 3 17.78 .195
MVIS 1.17 5 3 1.950
VOXX 1.16 3 10.52 .330
SIF 1.16 1 6.4 .181
NTAP 1.16 4 85.72 .052
WGO 1.15 3 63.94 .051
RACE 1.15 15 226.66 .075
HCWB 1.14 2 2.22 1.026
AVIR 1.14 3 6.51 .525
VNET 1.13 3 8.27 .408
VIR 1.13 8 31.36 .288
STG 1.13 1 5.74 .196
LAZR 1.13 6 12.39 .546
CAH 1.13 6 50.75 .132
BTX 1.13 2 2.77 .814
TGT 1.12 16 214.68 .080
HD 1.12 23 358.98 .069
ARDS 1.12 1 2.08 .538
SHEN 1.11 3 22.9 .144
SEMR 1.11 3 16.29 .204
PMCB 1.11 3 2.21 1.506
CTRN 1.11 5 55.28 .100
CNET 1.11 1 0.7401 1.499
ALLO 1.11 2 11.36 .194
XM 1.10 3 24.55 .132
OPTT 1.10 1 1.05 1.047
MRUS 1.10 3 26.31 .123
JRVR 1.10 3 27.16 .120
IMMX 1.10 2 4.12 .532
XTLB 1.09 2 2.3917 .910
SKX 1.09 4 42.28 .100
HHR 1.09 12 37.79 .336
GE 1.09 7 91.11 .077
FOSL 1.09 2 10.58 .206
ALDX 1.09 2 3.51 .620
SPCE 1.08 25 8.48 3.175
SFIX 1.08 3 15.89 .201
MTSL 1.08 3 3.37 .960
FCBP 1.08 1 29.1 .037
B 1.08 1 45.74 .023
AZYO 1.08 1 5.68 .190
ALF 1.08 2 1.75 1.234
ABSI 1.08 3 6.44 .501
SMLP 1.07 2 23.68 .090
HALO 1.07 2 33.53 .062
AXP 1.07 6 173.11 .036
ATKR 1.07 4 96.52 .044
VYGR 1.06 2 2.85 .742
JPM 1.06 15 146.53 .105
IBM 1.06 11 136.1 .077
C 1.06 5 64.11 .080
SCR 1.05 5 35.58 .145
PTGX 1.05 3 28.8 .108
CELC 1.05 3 10.72 .291
RUN 1.04 6 26.28 .234
PRTA 1.04 9 34.31 .270
OCGN 1.04 12 3.38 3.684
NETE 1.04 2 13.09 .158
KURA 1.04 4 13.6 .304
IPA 1.04 2 5.35 .388
FSTX 1.04 1 3.86 .269
AUPH 1.04 10 16.26 .630
TSN 1.03 5 90.29 .055
QCOM 1.03 17 165.45 .102
KMPH 1.03 3 6.7 .459
MFNC 1.02 2 21.5 .094
INMD 1.02 6 42.93 .138
GIII 1.02 5 26.31 .190
ZCMD 1.01 1 1.74 .580
SCHW 1.01 6 88.53 .066
MOXC 1.01 6 2.03 2.982
LL 1.01 1 14.51 .069
FUBO 1.01 3 9.88 .306
EGRX 1.01 2 46.51 .042
PINS 1.00 4 28.46 .140
OMER 1.00 1 5.4 .185
HGSH 1.00 3 1.75 1.713
UAL .99 3 41.78 .069
DNA .99 2 4.83 .408
DKNG .99 6 19.32 .306
CM .99 9 126.47 .063
ARVN .99 9 67.08 .126
ACY .99 19 7.91 2.375
TRCH .98 2 4.95 .394
MYGN .98 2 26.03 .074
MCD .98 8 250.68 .024
MBOT .98 2 7.02 .278
JWN .98 4 22.55 .172
IMTX .98 4 9.97 .392
HOFV .98 2 1.21 1.618
SAFM .97 2 186.85 .010
RRGB .96 2 15.27 .124
NFLX .96 105 366.42 .210
IMAB .96 6 27.18 .210
FA .96 1 16.53 .058
AZPN .96 4 143.28 .024
SUPN .95 2 29.7 .062
SPG .95 9 146.78 .054
BTWN .95 1 9.8 .096
BPTH .95 2 3.57 .532
AGRI .95 5 1.16 4.090
HAS .94 6 95.58 .054
ENOB .94 5 4.48 1.045
CVS .94 7 103.1 .063
UPS .93 9 201.94 .036
TGTX .93 3 14.76 .189
NIU .93 4 13.39 .276
LIFE .93 4 5.93 .624
PLUG .92 9 19.73 .414
OKE .92 3 59.59 .045
MNST .92 5 86.33 .050
LBPH .92 1 4.45 .206
KNL .92 1 25.04 .036
YEXT .91 1 7.92 .114
SSY .91 3 1.27 2.148
OTIS .91 5 82.97 .050
BIG .91 3 43.06 .063
AIT .91 2 96.68 .018
ZEV .90 5 4.71 .955
VSCO .90 7 54.06 .112
OVV .90 5 38.9 .115
GEG .90 1 1.92 .468
DXC .90 3 29.44 .090
CRTO .90 1 32.95 .027
SPI .89 4 2.85 1.248
BKE .89 6 38.11 .138
ACHL .89 1 3.81 .233
TTD .88 18 62.67 .252
RTX .88 3 90.31 .027
GMBL .88 2 2.83 .620
COP .88 13 87.11 .130
GDEV .87 3 6.74 .387
DTSS .87 1 1.16 .750
KODK .86 2 3.88 .442
APT .86 2 4.58 .374
VMEO .85 2 13.4 .126
SRNE .85 1 3.51 .242
WMT .84 22 137.15 .132
STX .84 10 94.78 .080
PTIX .84 2 1.08 1.554
NLS .84 2 5.4 .310
MO .84 4 50.03 .064
MDT .84 11 104.17 .088
ISPC .84 8 5 1.344
HOL .84 3 12.35 .204
FL .84 5 45.67 .090
CLII .84 3 14.36 .174
APOP .84 5 13.17 .315
TNA .83 5 59.57 .065
ROIV .83 1 7.25 .114
MAXR .83 4 26.61 .124
LEGN .83 7 38.12 .147
IRBO .83 1 35.45 .023
CNA .83 1 44.72 .018
BLUW .83 2 9.63 .172
AEO .83 4 23.65 .140
SONO .82 6 22.95 .210
SANA .82 1 8.51 .096
MNSO .82 1 9.78 .083
FITB .82 3 44.92 .054
BGFV .82 11 19.39 .462
USB .81 7 57.41 .098
SPRT .81 20 11.8 1.360
MBRX .81 2 1.52 1.064
JNJ .81 8 167.63 .032
GDYN .81 2 24.81 .064
BABA .81 100 119.14 .600
SYPR .80 4 2.09 1.528
NKE .80 11 145.48 .055
GTEC .80 4 4.89 .652
DD .80 4 76.83 .040
CYTK .80 6 30.48 .156
BZUN .80 2 12.97 .122
ASAN .80 16 50.57 .240
SWI .79 1 13.34 .059
PNRG .79 1 75 .010
LUV .79 8 43.85 .144
ERYP .79 4 2.04 1.548
BBBY .79 17 15.05 .884
ZY .78 3 4.87 .480
PTON .78 6 26.53 .174
IPHA .78 4 3.81 .816
GNOG .78 1 7.04 .110
CAI .78 1 56 .013
BTBD .78 1 3.03 .257
PLTR .77 2 13.06 .116
OLB .77 3 1.8 1.281
FUV .77 2 6.11 .252
ENTX .77 2 2.28 .674
BJ .77 9 60.87 .108
ALYA .77 4 2.5 1.232
VLDR .76 2 3.54 .428
NBRV .76 1 0.49 1.551
MOS .76 5 40.43 .090
GROM .76 2 1.55 .980
ABT .76 12 123.27 .072
MRVL .75 11 67.02 .121
JBL .75 6 60.18 .072
FLWS .75 4 21.94 .136
SCKT .74 4 3.62 .816
MS .74 10 99.04 .070
MNOV .74 3 2.29 .969
LOGI .74 8 77.78 .072
JD .74 13 72.15 .130
GTIM .74 1 4.32 .171
GRVI .74 3 4.34 .510
EVOL .74 2 1.88 .786
BB .74 12 8.08 1.092
ATXI .74 1 0.72 1.027
UPC .73 3 1.45 1.509
SQBG .73 2 6.24 .232
RIOT .73 6 14.64 .294
OPNT .73 4 25.56 .112
NVFY .73 3 1.5699 1.392
LI .73 7 25.43 .196
GM .73 5 51.9 .070
RMED .72 6 1.05 4.110
DEN .72 4 72.71 .036
CRMT .72 9 101.16 .063
BTCM .72 4 3.16 .908
BBLG .72 3 2.59 .831
ARPO .72 1 2.2 .327
ZKIN .71 2 1.32 1.074
UBER .71 6 34.82 .120
RFL .71 5 4.03 .880
PALI .71 3 1.12 1.899
DAL .71 7 38.72 .126
TBLA .70 1 9.85 .071
ORGS .70 1 2.5 .280
OCX .70 1 1.76 .397
IGIC .70 3 7.8 .267
DDD .70 12 16.77 .492
CRCT .70 4 19.91 .140
VRNT .69 5 51.33 .065
SVFD .69 1 4.35 .158
SLS .69 4 5.08 .540
FTEK .69 3 1.13 1.830
ASM .69 1 0.805 .857
APRE .69 3 2.24 .924
STEM .68 6 12.09 .336
RIDE .68 7 2.63 1.806
ONCS .68 1 0.8624 .788
CGC .68 3 7.36 .276
XONE .67 2 26.7 .050
SKLZ .67 4 4.6 .580
QFIN .67 10 19.58 .340
PPSI .67 9 5.27 1.143
PLD .67 5 153.96 .020
NPTN .67 1 15.2 .044
JRJC .67 3 3.99 .501
FTCH .67 6 20.61 .192
CLNE .67 1 5.51 .121
ACH .67 1 13.9 .048
VIPS .66 1 8.82 .074
GLD .66 13 172.58 .039
CTKB .66 1 14.01 .047
ATNF .66 4 2.53 1.040
AMOM .66 1 28.8454 .022
ABBV .66 9 133.09 .036
TATT .65 3 6.02 .321
STRO .65 2 10.39 .124
NEE .65 6 75.1 .048
MESO .65 2 4.12 .314
LMNL .65 3 0.8701 2.241
IONQ .65 7 10.44 .434
FB .65 108 300.15 .216
SLGG .64 2 1.98 .646
SDC .64 2 2.48 .516
MDIA .64 4 5.15 .496
LZB .64 2 34.15 .036
LOW .64 14 230.01 .028
DVAX .64 2 12.6 .100
LEXX .63 4 4.38 .572
FLOW .63 4 85.25 .028
CHKP .63 8 119.21 .040
CANF .63 2 1.17 1.076
ARCE .63 3 19.78 .093
TQQQ .62 145 53.25 1.595
LJPC .62 2 4.42 .280
ISEE .62 4 12.9 .192
HCM .62 6 27.96 .132
CUE .62 1 9.79 .063
BON .62 3 3.48 .534
BLPH .62 1 2.45 .253
ASTR .62 5 4.8 .645
AREC .62 5 1.83 1.690
APG .62 2 21.89 .056
WM .61 11 148.01 .044
VGR .61 1 11.5 .053
SOS .61 2 0.6584 1.852
MVST .61 6 5.23 .696
ENSC .61 4 2.05 1.188
AMBO .61 1 0.79 .772
RETO .60 3 0.9 1.998
PSTV .60 1 0.8657 .693
KZR .60 3 12.69 .141
EVK .60 6 2.09 1.722
CEMI .60 8 0.9131 5.256
AYRO .60 2 1.19 1.008
AMRS .60 1 4.21 .142
TTCF .59 3 12.21 .144
SPTN .59 4 24.28 .096
IS .59 2 6.2 .190
YMM .58 2 8.08 .142
WPRT .58 2 1.85 .626
WISH .58 3 2.3 .756
STAF .58 2 0.83 1.396
RY .58 10 111.89 .050
IFRX .58 3 3.45 .504
ICCM .58 1 2.01 .288
CSIQ .58 4 25.32 .088
BRTX .58 1 3.57 .162
ALC .58 12 74.23 .084
XLV .57 10 128.21 .040
WEI .57 1 1.335 .426
SNAP .57 113 30.66 2.034
SBTX .57 1 4.57 .124
PRFX .57 4 1.18 1.932
ORPH .57 4 1.98 1.148
LAC .57 15 25.28 .330
EZFL .57 1 1.1801 .483
CLPS .57 1 1.91 .298
CLPS .57 1 1.91 .298
VTSI .56 4 6.13 .364
UAA .56 4 18.6 .120
SJM .56 15 139.4 .060
OLN .56 3 49.52 .033
OBLN .56 3 3.05 .549
MTP .56 1 1.01 .554
LODE .56 3 1.5 1.119
EAR .56 1 4.79 .116
CYAD .56 1 3.55 .157
BFLY .56 2 5.61 .198
VNE .55 6 34.9 .090
RSI .55 2 9 .122
MOSY .55 2 4.5 .244
MAT .55 7 19.61 .196
M .55 18 26.85 .360
LOOP .55 5 7.96 .345
FLXN .55 1 9.12 .060
EOLS .55 1 5.62 .097
WHLR .54 2 1.78 .606
VOOV .54 2 146.44 .006
INTC .54 7 51 .070
GPS .54 7 17.71 .210
ENZ .54 2 3.23 .334
CALT .54 4 19.55 .108
BCRX .54 13 14.65 .468
ADMA .54 1 1.47 .367
TBIO .53 3 37.36 .042
PCVX .53 3 17.91 .087
NIO .53 77 23.79 1.694
MEDS .53 5 1.94 1.365
HUYA .53 4 6.79 .312
HPQ .53 6 34.98 .090
EQ .53 1 4 .132
CHPT .53 4 12.5 .168
BBWI .53 6 54.8 .054
SILK .52 7 30.46 .119
ANF .52 3 36.95 .042
RCON .51 2 1.09 .934
OCUP .51 2 2.99 .340
MU .51 12 80.72 .072
MSFT .51 119 288.49 .119
LEN .51 9 97.95 .045
GFAI .51 2 0.9189 1.110
DYAI .51 3 3.66 .417
CPSH .51 1 3.11 .163
BLU .51 3 6 .255
TIGR .50 8 4.32 .920
PSTG .50 5 24.92 .100
PG .50 14 159.54 .042
PATI .50 2 8.12 .122
CROX .50 13 101.39 .052
CCJ .50 17 20.01 .408
CBAT .50 3 1.17 1.281
BEKE .50 4 20.48 .096
SOFI .49 9 12.76 .342
RKDA .49 1 0.8649 .566
RELI .49 8 5.89 .664
NTRB .49 4 4.48 .436
NRBO .49 2 1.04 .942
MOLN .49 6 27.85 .102
IGC .49 3 0.91 1.614
GP .49 3 5.1 .288
GEVO .49 4 3.32 .588
ENLV .49 2 5.09 .192
ECHO .49 1 48.24 .010
BAC .49 7 45.43 .070
ATHM .49 3 30.75 .045
ARMP .49 1 5.07 .096
PFE .48 21 52.54 .189
NNDM .48 3 3.35 .429
KIRK .48 3 16.83 .084
EPU .48 3 32.45 .042
TRIL .47 1 18.44 .025
TLRY .47 4 5.72 .328
SPRB .47 3 2.54 .555
SOHU .47 6 17.61 .156
PEP .47 8 171.34 .016
EXPR .47 5 3.09 .760
DARE .47 1 1.59 .295
BODY .47 2 1.68 .558
AMKR .47 3 21.34 .066
XPEV .46 84 38.01 1.008
UFAB .46 2 1.815 .506
SYTA .46 5 1.34 1.715
SM .46 5 34.13 .065
NTEC .46 4 9.63 .188
MARK .46 4 0.8256 2.228
KO .46 9 59.82 .063
KBSF .46 2 3.05 .300
GURE .46 1 4.18 .110
EQOS .46 1 1.8 .255
CVV .46 2 4.56 .200
VERU .45 4 4.81 .372
TYME .45 4 0.5301 3.392
TME .45 1 6.05 .074
ONCT .45 2 1.91 .470
NXGL .45 1 2.68 .167
EVGO .45 8 7.92 .448
DUK .45 12 102.32 .048
CCL .45 5 20.2 .110
ADIL .45 2 2.29 .392
WORX .44 4 1.14 1.540
WFC .44 10 53.59 .080
STN .44 3 51.79 .024
NNVC .44 3 2.45 .537
MTTR .44 15 10.39 .630
LESL .44 2 20.68 .042
GALT .44 3 1.91 .690
FFHL .44 2 7.22 .120
DWSN .44 2 2.325 .378
DNUT .44 10 14.23 .300
WOOF .43 3 17.84 .072
HOLI .43 1 11.88 .036
GAME .43 1 2.77 .155
EVGN .43 1 1.29 .333
CAN .43 4 3.93 .436
ATIF .43 1 3.91 .109
HRC .42 6 155.96 .012
HMHC .42 4 16.85 .096
DTST .42 6 3.01 .834
CTSO .42 4 3.57 .468
BWAY .42 3 7.42 .168
ARMK .42 4 34.11 .048
AA .42 16 61.21 .096
SRNG .41 1 11.42 .035
SLB .41 6 38.79 .060
RKT .41 2 13.08 .062
PDCO .41 4 27.77 .056
KZIA .41 2 6.61 .124
HNST .41 3 6.13 .198
GTT .41 1 2.36 .173
BLIN .41 8 1.8 1.816
AUUD .41 7 1.73 1.652
ACOR .41 4 1.9 .860
YJ .40 2 0.6242 1.280
LIZI .40 4 1.32 1.212
GRTX .40 4 2.72 .588
FCX .40 26 39.63 .260
FBRX .40 1 1.47 .272
DUOT .40 1 5.127 .078
DRN .40 14 22.42 .238
CTIB .40 5 0.9 2.220
CSCO .40 16 56.11 .112
CHRA .40 1 5.09 .078
MT .39 5 30.55 .060
IYC .39 4 73.22 .020
EQT .39 3 20.1 .057
CSCW .39 2 0.4323 1.804
CRTD .39 7 1.73 1.575
BDTX .39 1 3.99 .097
AQMS .39 3 0.9599 1.218
XOM .38 10 74.93 .050
SBH .38 3 18.08 .063
RDUS .38 1 7.03 .054
OVID .38 2 2.74 .276
OTLK .38 2 1.4 .542
NVDA .38 172 223.24 .172
MRTN .38 3 16.18 .069
MPC .38 6 71.5 .030
K .38 14 66.19 .070
GPK .38 2 18.48 .040
ANIX .38 1 3.07 .123
VTNR .37 10 3.81 .970
UONE .37 7 5.07 .504
MRK .37 12 79.46 .048
HUGE .37 1 0.899 .411
GT .37 6 21.31 .102
CRDF .37 4 3.44 .428
CHMA .37 2 3.76 .196
XLF .36 4 38.47 .036
UAVS .36 3 1.15 .939
MRKR .36 1 0.58 .620
MITQ .36 1 1.23 .292
JFIN .36 2 2.03 .354
IDEX .36 4 0.9999 1.440
GOVX .36 7 2.38 1.057
GNLN .36 2 0.7297 .986
CLF .36 14 16.85 .294
BNGO .36 12 2.05 2.100
AKTX .36 1 1.33 .270
ADMP .36 1 0.6098 .590
ACB .36 3 4.21 .255
VXX .35 4 23.86 .056
VALN .35 8 33.71 .080
ORMP .35 19 8.67 .760
ORGO .35 2 7.47 .092
ON .35 12 53.32 .072
LMFA .35 5 3.44 .505
KHC .35 6 36.21 .054
CLSD .35 3 1.93 .543
CIFR .35 3 2.75 .381
BSQR .35 13 1.53 2.964
AESE .35 1 1.82 .192
XELB .34 2 1.07 .634
TRIT .34 5 1.85 .915
SSNT .34 2 3.78 .178
NKLA .34 18 7.44 .810
HWCC .34 1 5.3 .064
CYTH .34 1 3.82 .089
NUAN .33 3 54.79 .018
ME .33 7 4.4 .525
LICY .33 2 7.31 .090
IMMR .33 6 5.05 .390
HNP .33 2 21.27 .030
GTS .33 1 35.53 .009
EPAY .33 4 56.33 .020
CIEN .33 21 64.63 .105
BHTG .33 1 0.837 .394
WATT .32 2 1.04 .614
TAL .32 2 3.03 .210
SPCB .32 2 0.5099 1.254
SGBX .32 3 1.98 .483
PRPL .32 6 8.6 .222
PHUN .32 17 2.27 2.380
MINM .32 2 1.23 .520
FOE .32 2 21.6 .028
CORT .32 2 17.42 .036
CL .32 9 81.74 .027
AAPL .32 112 159.78 .224
AAL .32 9 16.46 .171
WINT .31 3 1.18 .786
VZ .31 4 52.9 .020
ULBI .31 2 5.28 .116
SCYX .31 4 4.8 .256
DMAC .31 2 2.46 .252
DBGI .31 6 1.515 1.224
AEY .31 1 1.3301 .233
TESS .30 3 6.01 .147
OXBR .30 5 4.73 .315
LGHL .30 4 0.9837 1.216
LC .30 13 21.55 .169
HAPP .30 1 0.395 .759
ENG .30 3 0.92 .978
CLSK .30 1 6.37 .047
BRG .30 3 26.76 .033
AUTL .30 3 3.89 .231
ACI .30 14 27.08 .154
NEXT .29 4 2.35 .492
HUSN .29 4 2.14 .540
EFOI .29 4 1.72 .672
ALTO .29 5 5.42 .265
AFMD .29 3 3.96 .219
RF .28 3 23.22 .036
ORCL .28 37 81.07 .111
MLCO .28 1 10.84 .025
MITO .28 1 0.6566 .426
KR .28 21 45.08 .126
FLO .28 6 28.11 .054
CLOV .28 2 2.42 .230
APTO .28 4 1.23 .908
WIMI .27 4 2.92 .368
RSLS .27 4 1.26 .856
NAOV .27 11 0.84 3.531
INCY .27 5 74.15 .015
GSM .27 7 4.94 .378
FENC .27 2 4.6 .116
ENVB .27 3 0.6199 1.305
ZGNX .26 1 25.93 .010
VIVE .26 2 0.965 .538
PPBT .26 1 2.81 .092
PME .26 1 0.6286 .413
JQUA .26 1 41.34 .006
GIS .26 14 68.34 .042
AXLA .26 2 1.63 .318
VCLO .25 1 11.62 .021
PBLA .25 1 1.6 .156
HITI .25 1 4.27 .058
AVCT .25 6 1.22 1.224
T .24 8 26.48 .072
RAIL .24 4 3.43 .276
PLG .24 3 1.66 .432
MOGO .24 4 2.25 .424
IKT .24 1 1.34 .179
GBR .24 1 2.63 .091
CPIX .24 4 3.48 .272
CONE .24 3 89.34 .006
UWMC .23 4 5.31 .172
PIRS .23 7 3.59 .448
NXE .23 2 3.96 .116
IMRN .23 1 3.71 .061
ERJ .23 16 15.28 .240
BCLI .23 2 3.15 .146
BBIG .23 24 3.01 1.824
AZN .23 17 57.85 .051
XLE .22 11 65.31 .033
THTX .22 1 3.08 .071
SSKN .22 1 1.4 .157
SLV .22 7 22.02 .063
PBR .22 12 13.16 .192
JFU .22 3 0.9875 .666
INVO .22 1 3.09 .071
INOV .22 2 41.06 .010
FFIE .22 2 4.5 .096
DYNT .22 5 0.8428 1.305
BIOC .22 4 2.91 .300
ABUS .22 8 2.71 .648
VBLT .21 3 1.3 .483
TENX .21 1 0.66375 .316
SPWH .21 5 10.65 .095
ATOS .21 5 1.3 .805
ALZN .21 3 1.47 .426
ALAC .21 2 11.77 .034
AGNC .21 6 15 .084
ERF .20 5 11.38 .085
ENSV .20 1 0.7001 .285
ANY .20 21 2.04 2.058
AEHR .20 34 11.55 .578
NBEV .19 1 0.7341 .258
MOMO .19 3 9.26 .060
FLGC .19 6 1.56 .726
COTY .19 8 8.39 .176
BKYI .19 2 2.07 .182
BGI .19 3 4.6 .123
VSH .18 3 20.02 .024
IRIX .18 4 5.25 .136
GNFT .18 7 4.08 .308
FCEL .18 131 3.87 6.026
CSPR .18 4 6.78 .104
BLNK .18 14 19.84 .126
TISI .17 1 0.6791 .250
PPC .17 2 27.37 .012
PETZ .17 4 0.4464 1.520
LIVX .17 2 3.07 .110
KXIN .17 6 1.0093 1.008
HRL .17 10 48.21 .030
GMTX .17 2 2.01 .168
TTM .16 17 31.9 .085
SNES .16 2 0.8753 .364
OCG .16 4 4.8 .132
INFI .16 4 1.2 .532
IMMP .16 7 2.48 .448
HFBL .16 1 20.5 .007
GGAL .16 4 8.56 .072
ZNGA .15 4 8.77 .068
XLP .15 14 74.87 .028
VRS .15 2 26.4 .010
PBT .15 3 12.8 .033
IMV .15 2 1.17 .256
HIPO .15 3 1.93 .231
GSKY .15 2 10.13 .028
GRUB .15 3 9.27 .048
CREX .15 1 1.33 .112
CHNG .15 2 19.39 .014
XERS .14 1 2.1 .066
SYKE .14 3 54 .006
OEG .14 1 1.67 .083
NXTP .14 1 0.6209 .225
INM .14 1 1.14 .122
IEC .14 1 15.34 .009
EDU .14 1 1.46 .095
VIEW .13 2 2.95 .088
SVBI .13 1 13.63 .009
SALM .13 5 2.93 .220
OSMT .13 4 1.11 .468
GENE .13 3 1.84 .210
VERB .12 8 1.13 .848
SBBP .12 2 2 .120
PSTX .12 1 4.78 .025
MGTX .12 2 14.98 .016
LTHM .12 19 21.99 .095
HDGE .12 3 25.91 .012
GSAT .12 2 0.99 .242
CRON .12 5 3.48 .170
CHNR .12 4 0.85 .564
BP .12 8 31.4 .024
AHPI .12 3 3.48 .102
UNIT .11 3 12.05 .027
TELL .11 9 2.64 .369
SNMP .11 2 0.372 .590
MRO .11 19 19.5 .095
MOHO .11 3 0.31 1.062
GBS .11 1 1.12 .098
FENG .11 2 0.7123 .308
ET .11 6 9.29 .066
EKSO .11 2 2.43 .090
CALA .11 1 0.4413 .249
ACHV .11 2 7.135 .030
SLHG .10 1 0.865 .115
RAVN .10 3 58.08 .003
OBSV .10 6 1.48 .402
KDMN .10 4 9.5 .040
EDTK .10 2 1.1601 .172
D .10 12 77.98 .012
CNFR .10 2 2.49 .080
CDEV .10 6 8.22 .072
YPF .09 3 3.93 .066
XELA .09 7 0.55 1.141
WTER .09 2 1.08 .166
TEDU .09 2 1.89 .094
TAAG .09 1 20.9494 .004
SELF .09 1 5.585 .016
PRPO .09 3 1.27 .210
CXM .09 1 10.35 .008
AEMD .09 3 1.67 .159
AEI .09 2 0.3871 .464
XPDI .08 14 9.6 .112
TEO .08 2 4.89 .032
RIG .08 7 3.4 .161
MBII .08 1 0.6356 .125
CLDR .08 1 15.99 .005
BQ .08 2 0.6978 .228
AGEN .08 14 2.68 .406
VSTM .07 3 1.67 .123
SWN .07 4 4.16 .064
SSL .07 26 20.93 .078
NEPT .07 2 0.3701 .378
LMRK .07 2 16.49 .008
ITRO .07 1 1.27 .055
ITRN .07 3 23.92 .006
CPLG .07 1 15.64 .004
CPG .07 10 6.49 .100
BVXV .07 4 1.45 .192
XBIO .06 8 0.98 .488
VG .06 1 20.77 .002
RRD .06 12 10.94 .060
KULR .06 8 2.09 .224
ESXB .06 2 11.3 .010
ENIC .06 1 2.09 .028
DBVT .06 12 1.51 .468
ADMS .06 2 8.22 .014
SBS .05 13 6.56 .091
OXY .05 32 36.77 .032
OCG .05 13 4.8 .130
MFGP .05 9 5.74 .072
MDNA .05 8 1.46 .272
LPTX .05 10 1.98 .250
FRBK .05 1 4.2 .011
FAST .05 8 55.68 0
PSP .04 3 13.59 .006
NOK .04 6 5.57 .042
MTL .04 23 2.63 .345
CXP .04 1 19.28 .002
AVGR .04 7 0.2949 .945
VTGN .03 5 1.6 .090
VCAR .03 1 13 .002
SNDL .03 1 0.4764 .062
SIC .03 1 14.49 .002
IRCP .03 5 2.1 .070
FRO .03 21 6.56 .084
RVI .02 4 3.22 .024
RTLR .02 9 12.17 .009
RCAT .02 3 1.69 .033
NWHM .02 1 8.99 .002
KIN .02 2 9.25 .004
EIC .02 2 16.825 .002
DSE .02 1 9.49 .002
PMD .01 1 7.39 .001
INFL .01 2 29.95 0
IACB .01 3 7.95 .003
DFP .01 3 26.35 0
BEST .01 3 0.7601 .039
WMPN 0 4 12.33 0
SLVO 0 6 5.14 0
QQC 0 2 28.8 0
QADB 0 4 87.54 0
PAE 0 1 10 0
ONON 0 1 51.42 0
NLSP 0 1 0.88 0
LHAA 0 1 9.7 0
HWBK 0 1 26 0
ESLT 0 1 163.71 0
DVD 0 1 3.61 0
APWC 0 1 2.99 0
NSYS -.12 1 10.0999 -.011
