BKNG 16.89 7 2325.62
MSTR 15.37 7 581.02
NVAX 14.88 8 230.29
REGN 10.23 7 646.95
AZO 9.82 7 1643.07
SAM 9.40 7 520.84
DPZ 9.03 8 498.15
AMZN 8.07 92 3343.63
SE 7.94 9 329.39
W 7.31 7 279.26
MDB 6.73 7 488.64
BNTX 6.65 8 341.35
ASML 6.60 7 854.73
KOSS 6.42 6 17.02
DE 5.93 7 336.95
RGEN 5.79 4 314.18
ROKU 5.65 4 319
EBET 5.51 4 28.63
EEIQ 5.44 4 6.42
ADGI 5.39 4 47.86
UPST 5.28 11 320.77
IAC 5.23 4 130.21
EJH 5.21 6 2.87
SEDG 5.15 4 269.46
SPLK 5.11 4 148.18
BLK 5.03 4 845.24
COST 4.91 4 452.11
ENPH 4.87 4 154.29
GPN 4.71 7 156.58
DASH 4.61 6 221.36
MA 4.60 4 337.38
GOOG 4.55 25 2792.93
NVCR 4.52 7 128.36
ZM 4.42 13 278.24
AFRM 4.41 6 108.11
GLSI 4.33 4 42.68
SNOW 4.31 5 314.27
SITM 4.31 4 216.72
LLY 4.31 4 230.17
WDAY 4.30 4 270.18
BIIB 4.30 4 295.54
UHAL 4.22 7 650.03
ZG 4.16 4 95.18
AUVI 4.12 5 6.74
TSLA 4.08 144 739.38
INDP 4.08 4 8.27
ROLL 4.07 3 189.3
IRNT 4.02 4 30.96
DOCS 3.99 4 87.05
GRTS 3.97 4 11.8
ZS 3.95 4 272.33
LOW 3.95 4 206.27
SCPS 3.94 6 4.11
CARV 3.92 6 13.88
CAT 3.91 4 189.84
SIVB 3.90 4 593.17
NRXP 3.86 6 10.43
ZLAB 3.76 5 119.25
FULC 3.74 4 30.87
ANVS 3.73 6 33.16
CRMT 3.67 4 119.92
PDD 3.58 4 95.1
ADBE 3.54 5 645.89
LIN 3.48 4 304.96
AMGN 3.47 4 215.36
RAPT 3.42 4 35.36
RBLX 3.40 4 78.85
SNPS 3.38 4 317.9
ADSK 3.38 5 283.19
TSCO 3.34 3 207.02
AMEH 3.34 3 85.07
CELH 3.33 4 91.63
DQ 3.27 6 58.64
LHDX 3.26 2 7.84
UNH 3.25 9 412.34
SAVA 3.25 24 52.86
KURA 3.24 1 20.29
JAN 3.24 5 6.2
CPOP 3.24 4 3
SCR 3.23 2 33.61
KALV 3.18 4 18.38
OPNT 3.16 1 25.79
BYND 3.16 2 112.23
FLGT 3.14 4 89.69
BKE 3.14 1 41.16
ALEC 3.14 4 26.17
GRVY 3.11 3 91.26
LAD 3.10 4 325.48
VSCO 3.09 2 61.8
RLMD 3.08 2 28.69
PTON 3.08 1 100.92
OLLI 3.08 1 64.24
GS 3.08 7 375.84
ADI 3.08 3 170.57
XLNX 3.06 4 151.25
KMPH 3.04 1 8.97
CLX 3.04 2 163.77
ACMR 3.04 3 99.89
TASK 3.03 4 76.3
CREE 3.02 3 83.99
NEGG 3.00 20 15.74
DOMO 3.00 2 78.32
GME 2.99 82 189.95
DKS 2.98 5 132.58
QDEL 2.97 2 157.32
J 2.97 1 126.74
UBER 2.96 1 44.36
SEMR 2.96 1 27.42
IMAB 2.96 2 73.68
ARVN 2.96 3 93.01
RL 2.95 3 110.19
JRVR 2.95 1 33.43
TSM 2.93 1 114.96
STE 2.93 2 212.12
LH 2.92 4 294.16
FATE 2.92 1 68.13
PKG 2.89 3 138.02
LWAC 2.89 3 16.98
LOOP 2.88 1 11.08
WGO 2.86 1 65.28
WAVE 2.86 3 7.75
LITE 2.84 1 84.22
TPST 2.81 4 15.15
HTBX 2.80 1 6.22
ABNB 2.80 5 169.29
WAFU 2.79 2 6.33
VERY 2.78 2 7.66
MOXC 2.78 2 6.83
WSM 2.77 4 184.73
YETI 2.76 2 97.01
STX 2.76 3 81.57
TTWO 2.75 2 145.72
NVOS 2.75 3 1.92
IRDM 2.75 2 43.79
ABT 2.75 2 125.13
SLS 2.74 1 9.98
PFGC 2.74 1 45.2
MNST 2.74 1 91.8
COF 2.73 2 156.5
CI 2.73 4 202.39
TNA 2.70 2 81.19
NXPI 2.70 3 206.06
MVIS 2.70 2 12.03
MRNA 2.70 25 434.04
AKAM 2.70 1 106.95
KNBE 2.69 4 24.73
EL 2.69 5 311.58
VMW 2.68 4 138.03
HAS 2.68 2 92.86
DLPN 2.68 4 11.93
COHN 2.68 4 19.91
AACG 2.67 4 2.41
BURL 2.66 3 294.14
XBI 2.65 4 130.25
DOCN 2.65 2 79.35
DDS 2.64 6 199.63
PEP 2.63 1 153.54
NCTY 2.63 5 10.86
UTHR 2.62 2 198.83
DTST 2.61 1 4.81
DPW 2.61 3 2.25
NEWR 2.60 2 76.01
SIEB 2.59 3 3.46
RMBL 2.58 1 33.84
AN 2.58 4 121.09
SPT 2.57 2 135.71
TTD 2.55 5 72.14
IWM 2.55 3 217.52
OPAD 2.54 2 12.47
MCD 2.54 3 240.5
DEN 2.54 1 70.82
LPX 2.53 1 58.83
FL 2.53 1 49.8
DDL 2.53 1 22.09
CLII 2.53 1 14.36
NTAP 2.52 2 88.09
JBL 2.52 1 58.61
HOL 2.52 1 12.35
OCGN 2.50 3 7.55
LEXX 2.49 1 6.62
ALXN 2.49 2 182.5
SJ 2.48 2 3.94
LOGI 2.48 2 95.31
BBY 2.48 4 106.89
AAME 2.47 4 3.85
CRNC 2.46 2 101.27
APPS 2.45 2 65.51
TWST 2.44 5 119.98
KMB 2.44 3 134.5
FANG 2.44 2 80.04
LII 2.41 4 305.94
GDEV 2.41 1 8.85
AVXL 2.41 5 17.4
LYEL 2.40 1 11
HON 2.39 4 214.9
CM 2.39 2 111.64
PLD 2.38 2 128.85
GIII 2.35 2 28.21
UPS 2.33 5 189.73
SKX 2.32 1 44.46
CYTK 2.32 2 32.87
AGRI 2.32 1 2.3
UHS 2.31 3 145.25
LAZR 2.31 2 16.96
CHCI 2.31 2 4.99
PRFX 2.29 1 3.21
LAIX 2.29 3 0.86
ATKR 2.27 1 86.34
SQ 2.23 21 251.3
RTX 2.23 1 83.11
DLTR 2.23 2 86.26
BHVN 2.23 3 134.58
TJX 2.22 3 69.29
STT 2.22 2 81.69
NMRD 2.22 3 6.17
CHGG 2.22 1 74.47
NNOX 2.21 4 23.33
IMNM 2.21 2 24.16
FGEN 2.21 2 11.24
AMD 2.21 7 102.82
OSTK 2.20 6 72.26
VIR 2.19 2 51.02
V 2.19 4 220.17
DXC 2.19 1 34.5
XTLB 2.18 1 4.23
LAW 2.18 2 49.49
INTU 2.18 4 555.25
TSN 2.17 2 75.52
MDT 2.17 4 127.84
SPG 2.16 2 130.38
SMLP 2.15 1 35.21
PATI 2.15 1 11.76
PATI 2.15 1 11.76
STMP 2.14 3 329.09
EXPI 2.14 3 44.12
ANTM 2.14 4 379.07
SNA 2.13 3 210
INCY 2.13 1 76.06
IGIC 2.12 1 8.51
ACRS 2.12 7 16.95
TGT 2.11 8 241.31
PRTA 2.11 4 75.03
FIGS 2.11 3 37.69
WM 2.10 2 152.75
CERE 2.10 5 38.85
DELL 2.08 5 99.34
ZIM 2.07 2 55.89
BON 2.06 1 10.06
ALDX 2.06 1 7.94
TERN 2.05 3 10.39
IMPL 2.05 4 13.43
BNTC 2.05 2 3.74
ASAN 2.05 3 113.78
MFNC 2.04 1 21.5
GH 2.04 4 130.27
COIN 2.04 4 238.46
BTX 2.04 1 9.64
VLO 2.03 2 63.32
JD 2.03 3 73.5
FLWS 2.02 2 32.28
APRE 2.02 1 4.67
TMUS 2.01 3 124.9
MRIN 2.01 5 5.69
IBM 2.00 4 132.97
AXP 2.00 3 163.27
TDC 1.99 2 52.13
DD 1.98 1 67.35
VTSI 1.97 1 9.43
KSS 1.96 6 52.4
JG 1.96 2 1.76
BNR 1.96 2 20.23
LMT 1.95 9 336.05
VRNT 1.94 2 43.49
STZ 1.94 3 209.08
LI 1.94 2 27.06
RRGB 1.93 1 21.48
LEGN 1.93 3 45.55
AAP 1.93 3 205.66
GWRE 1.92 3 114.37
BTBT 1.92 7 8.64
NEE 1.91 1 81.92
DLO 1.91 4 62.5
DG 1.89 3 219.55
SI 1.88 3 101.71
MSGE 1.88 4 74.6
FTCH 1.88 1 38.69
TDG 1.87 4 613.75
LEDS 1.87 2 8.24
HOOD 1.85 12 42.29
ON 1.84 1 47.68
DUK 1.84 1 98.92
DKNG 1.84 2 52.77
AIT 1.83 1 82.94
OSAT 1.82 2 5.12
OKE 1.82 1 53.31
OTIS 1.81 2 84.29
EAT 1.81 2 48.25
TVTX 1.79 2 23.22
DIS 1.79 6 171.17
CTRN 1.79 3 72.09
ANF 1.79 1 37.7
BIDU 1.78 117 156.71
ARCE 1.78 1 22.98
VRPX 1.77 9 5.26
BLDR 1.77 1 52.4
SKT 1.76 2 16.84
TTC 1.75 3 98.86
TSP 1.75 5 39.52
VOXX 1.74 2 11.7
AMAT 1.73 5 135.18
KODK 1.72 1 7.02
HRI 1.71 3 133.15
HD 1.71 9 334.22
CHKP 1.71 4 113.09
VMEO 1.70 1 32.39
ROST 1.70 3 113.83
LYFT 1.70 3 54.45
ENOB 1.70 3 7.06
LIFE 1.69 2 12.01
SHEN 1.68 2 30.1
MYGN 1.67 1 33.99
EA 1.67 2 126.76
TWTR 1.66 2 62.78
MPC 1.66 1 57.84
SYPR 1.65 2 3.51
FLOW 1.65 3 77.2
ESTC 1.65 4 163.18
KMX 1.64 1 136.98
CAH 1.64 3 51.04
LODE 1.63 1 2.66
KYMR 1.63 1 59.58
JZXN 1.63 4 2.65
MOS 1.62 1 32.42
IYC 1.62 1 77.67
CRCT 1.61 1 31.42
USB 1.60 3 57.1
SPI 1.60 2 5.29
RMED 1.60 3 3.22
MBRX 1.60 1 2.8
WHLM 1.59 3 5.27
CSIQ 1.59 2 34.89
CLDX 1.59 2 52.1
BZ 1.59 1 35.78
A 1.59 5 171.44
FISV 1.58 5 106.21
CELC 1.58 2 19.95
RIOT 1.57 2 27.36
GTEC 1.57 2 5.92
CNC 1.57 1 63.09
CARA 1.57 2 15.6
PAYX 1.56 1 108.5
BLFS 1.55 1 46.52
FUV 1.54 1 11.35
GIS 1.53 1 58.01
UAL 1.50 1 44.45
SUPN 1.50 1 27.26
ZEV 1.49 3 8.84
SGOC 1.48 8 6.66
JNJ 1.48 2 164.53
ISEE 1.48 2 16.25
EDIT 1.47 3 58.68
VCVC 1.46 1 9.85
SFIX 1.46 2 35.46
LGHL 1.46 1 1.2
PINS 1.45 3 52.42
MS 1.45 5 98.3
EYEG 1.45 1 1.82
EVOL 1.45 1 2
BPTH 1.44 1 5.29
SNOA 1.43 3 5.35
SCKT 1.43 3 6.28
LANC 1.43 2 168.74
GM 1.42 1 49.37
ATVI 1.42 3 73.03
SCHW 1.41 2 68.44
CROX 1.41 3 152.47
AVIR 1.41 1 28.45
MMM 1.40 6 178.42
JCS 1.40 3 9.29
CVS 1.40 3 83.93
CRDF 1.40 1 6.7
NVDA 1.39 139 212.46
ERYP 1.39 2 6.15
EOSE 1.39 2 12.9
COUR 1.39 1 37.43
TNET 1.38 1 94.69
PG 1.37 5 143.11
LIVE 1.37 3 33.93
ECOM 1.37 1 26.17
APP 1.37 4 74.09
AA 1.37 3 45.6
TAOP 1.35 3 2.74
RUN 1.35 4 43.19
BWAY 1.35 1 7.84
WNW 1.34 1 4.2
PKI 1.33 3 184.8
NLS 1.33 1 10.18
SLV 1.32 1 20.84
HOG 1.32 2 36.84
AEO 1.32 2 26.39
VIH 1.31 1 10.12
SPY 1.31 1 433.63
NURO 1.31 9 13.26
ABCL 1.31 1 21.08
SPCE 1.29 22 25.19
APPN 1.29 4 100.25
MAT 1.28 2 19.65
FRD 1.28 1 11.41
BILI 1.28 22 70.56
RHE 1.27 2 8.18
HJLI 1.27 1 9.6
HCA 1.27 3 255.84
APXT 1.27 1 12.11
SLGG 1.26 1 3.41
MESO 1.26 1 5.99
JKS 1.26 2 45.6
HHR 1.26 1 50.33
THCB 1.25 1 10
NGM 1.25 2 22.7
BYSI 1.25 3 15.82
PBTS 1.24 1 1.25
EDSA 1.24 1 8.36
CMMB 1.24 2 12.35
ANPC 1.24 2 3.56
TAP 1.23 2 44.8
C 1.23 4 66.94
AMC 1.23 55 38.82
RCUS 1.22 1 36.01
NKE 1.22 6 155.02
EYES 1.22 6 3.31
BBBY 1.22 12 23.12
KIRK 1.21 1 17.42
HGEN 1.21 3 6.39
ARAV 1.21 1 4.05
MAXR 1.20 3 28.88
JPM 1.20 12 152.98
CRIS 1.20 2 8.12
CETX 1.20 1 1.15
AMTX 1.20 3 13.54
JWN 1.19 3 27.71
QCOM 1.18 7 131.75
GRU 1.18 1 4.19
GRU 1.18 0 4.19
GRTX 1.18 1 7.46
DFH 1.18 1 18.38
AYRO 1.18 1 3.46
NIU 1.17 3 25.33
CLSK 1.17 1 11.24
SIF 1.16 1 9.2101
HGSH 1.16 2 1.54
IMTX 1.15 3 14.37
DAL 1.14 4 40.36
VNET 1.13 3 17.64
STG 1.13 1 5.78
NUAN 1.13 1 55.13
ABSI 1.13 1 10.37
RY 1.12 2 97.84
MNOV 1.12 2 3.82
BZUN 1.12 1 18.84
TGTX 1.11 1 31.06
PMCB 1.11 3 3.47
KHC 1.11 1 35.94
CNET 1.11 1 1.27
OPTT 1.10 1 2.14
GT 1.09 1 16.21
DDD 1.09 8 28.35
ATAI 1.09 1 16.05
SLB 1.08 1 26.93
RSLS 1.08 1 2.85
MTSL 1.08 3 3.37
FCBP 1.08 1 29.1
BAC 1.08 3 39.13
B 1.08 1 41.83
AZYO 1.08 1 7.57
ALF 1.08 2 6.96
TTCF 1.07 1 19.11
NETE 1.05 1 8.25
OCUP 1.04 1 5.22
KEYS 1.04 2 174.23
IPA 1.04 2 6.595
FSTX 1.04 1 7.73
CANF 1.04 1 1.65
ALLO 1.04 1 25.32
MTTR 1.03 2 21.84
FTEK 1.03 2 1.7
COP 1.03 5 59.33
AMKR 1.03 1 25.58
ALYA 1.03 3 2.65
QADB 1.02 3 86.99
FAST 1.02 1 52.67
CRM 1.02 10 257.97
ZCMD 1.01 1 1.56
RSI 1.01 1 19.28
RCON 1.01 1 2.68
MVST 1.01 4 10.28
LL 1.01 1 19.53
EGRX 1.01 2 49.85
TRCH .98 2 4.95
NFLX .98 101 573.14
HOFV .98 2 2.96
UAA .97 2 20.5
SKLZ .97 3 10.56
FA .96 1 21
DWSN .96 1 2.39
BTWN .95 1 9.82
CGC .94 1 13.52
MO .93 2 48.03
HCM .93 4 38.18
CHPT .93 1 20.31
ABBV .93 4 107.15
RACE .92 3 214.71
PLCE .92 3 82.09
LBPH .92 1 9.28
KNL .92 1 25.04
YEXT .91 1 12.16
WFC .91 4 45.85
SSY .91 3 2.46
GEG .90 1 2.41
CRTO .90 1 33.83
ATNF .90 3 6.09
YMM .89 1 15.42
PLUG .89 8 26.08
ACHL .89 1 5.95
HPQ .88 3 26.83
BABA .88 96 150.18
FB .87 102 357.48
DTSS .87 1 1.93
BCRX .87 6 15.32
AFMD .87 1 6.39
VLDR .86 1 6.28
RF .86 1 19.11
ATHM .86 2 41.35
SRNE .85 1 8
SAFM .85 1 190
RIDE .85 5 6.87
RKT .84 1 16.55
PTIX .84 2 1.94
HRC .84 3 150.02
CCJ .84 3 21.08
BB .84 11 9.37
UAVS .83 1 3.01
LUV .83 3 49.15
IRBO .83 1 43.41
CNA .83 1 41.66
BLUW .83 2 9.63
SANA .82 1 23.7
MNSO .82 1 13.08
FITB .82 3 38.23
SPRT .81 20 11.8
GMBL .80 1 7.07
SWI .79 1 16.81
SCYX .79 1 5.71
PNRG .79 1 53.25
MU .79 4 72.14
BP .79 1 25.23
ZY .78 3 13.36
VVOS .78 4 4.29
OTLK .78 1 2.31
IPHA .78 4 7.49
HX .78 1 1.69
GNOG .78 1 18.92
CAI .78 1 55.82
WATT .77 1 2.14
SJM .77 7 120.48
PLTR .77 2 26.62
ENTX .77 2 4.69
QFIN .76 8 20.93
NBRV .76 1 1.13
MOSY .76 1 4.96
APG .76 1 20.55
NNVC .75 2 6.19
CEMI .75 7 2.58
PSTG .74 2 25.68
MQ .74 1 25.97
GTIM .74 1 4.96
GRVI .74 3 4.65
FUBO .74 2 25.22
ATXI .74 1 1.55
VZ .73 2 54.03
VOOV .73 1 140.61
UPC .73 3 2.29
SQBG .73 2 6.24
RNXT .73 2 7.5
ORPH .73 3 4.5
NVFY .73 3 2.11
LEN .73 4 97.77
MRK .72 2 71.97
ENSC .72 1 4.55
BTCM .72 4 9.51
ARPO .72 1 2.2
AREC .72 4 1.96
ZKIN .71 2 2.98
XLV .71 2 131.35
PALI .71 3 2.46
GLD .71 6 166.04
TBLA .70 1 9.85
PRPL .70 3 22.32
ORGS .70 1 4.94
OCX .70 1 3.87
JRJC .70 1 4.98
CBAT .70 2 2.56
BGFV .70 6 25.03
WIMI .69 1 3.53
BEKE .69 1 16.68
ASM .69 1 0.8005
APOP .69 4 6
ONCS .68 1 1.98
INTC .68 5 52.87
XONE .67 2 23.33
WMT .67 14 143.02
SHOP .67 5 1437.15
PDCO .67 2 30.14
FOE .67 1 20.35
CLNE .67 1 7.78
ACH .67 1 20.47
VIPS .66 1 12.29
TIGR .66 5 11.86
SSNT .66 1 6.46
RETO .66 1 0.7533
ERJ .66 1 15.3
CTKB .66 1 24.72
CRTD .66 3 2.85
AMOM .66 1 35.97
TATT .65 3 5.63
STRO .65 2 19.44
PCVX .65 1 25.27
OLB .65 1 4.5
LMNL .65 3 2.57
TESS .64 1 5.44
SDC .64 2 6.47
M .64 5 21.6
LZB .64 2 32.89
GPS .64 5 23.28
FLGC .64 2 5.74
CTIB .64 3 1.9
BBWI .64 5 64.43
ACY .64 16 36.1
XLP .63 1 70.13
DNUT .63 3 14.27
CCL .63 4 22.96
ULTA .62 1 369.84
ORMP .62 10 19.19
LJPC .62 2 4.17
SPWH .61 1 17.64
SOS .61 2 2.38
QADB .61 0 86.99
PYPL .61 5 269.49
PLG .61 1 2.14
MRVL .61 5 61.03
CL .61 3 76.39
AMBO .61 1 1.52
SPTN .60 2 20.55
PSTV .60 1 2
LTHM .60 6 23.58
EVK .60 6 2.93
AVCT .60 1 2.81
AMRS .60 1 13.48
VERU .59 3 8.71
UONE .59 3 7.28
BIG .59 2 44.7
WPRT .58 2 3.28
WISH .58 3 5.85
TRIT .58 3 5.23
STAF .58 2 2.01
SNAP .58 112 76.09
MARA .58 11 33.24
EPU .58 2 26.42
WEI .57 1 0.8098
SBTX .57 1 11.7
GGAL .57 1 9.61
ACI .57 5 30.38
T .56 3 26.96
SBH .56 2 16.52
OBLN .56 3 3.05
MTP .56 1 1.81
KO .56 5 54.05
CSCO .56 7 55.26
CLPS .56 1 2.935
CLPS .56 1 2.935
CLOV .56 1 7.77
ARMK .56 3 31.51
VNE .55 6 34.3
UWMC .55 1 6.86
EVGO .55 1 7.83
EOLS .55 1 7.97
APTO .55 2 2.65
WHLR .54 2 3.05
TQQQ .54 132 133.66
ENZ .54 2 3.56
AUUD .54 5 2.41
ADMA .54 1 1.25
TBIO .53 3 37.36
MEDS .53 5 5.01
HUYA .53 3 8.57
EQ .53 1 6.52
ENG .53 2 1.97
VIVE .52 1 2.34
TLRY .52 3 11.22
KULR .52 1 2.37
FLO .52 2 23.09
WOOF .51 2 21.99
VTNR .51 6 6.04
SILK .51 4 57.06
K .51 8 62.78
DYAI .51 3 5.75
CPSH .51 1 4.92
AUTL .51 1 6.54
SONO .50 5 36.71
RKDA .49 1 2.04
NRBO .49 2 3.98
IGC .49 3 1.49
GP .49 3 13.62
GEVO .49 4 6.25
ENLV .49 2 11.45
ECHO .49 1 47.7
BBIG .49 16 6.77
ARMP .49 1 3.63
XLE .48 5 47.35
NNDM .48 3 5.67
NIO .48 75 34.9
DBGI .48 3 2.42
CLF .48 7 19.82
AEHR .48 15 11.15
TRIL .47 1 17.29
STEM .47 5 25.22
SOHU .47 6 20.65
MSFT .47 108 294.8
DARE .47 1 1.75
BODY .47 2 6.45
BGI .47 1 2.47
XPEV .46 80 36.74
VXX .46 3 28.86
UFAB .46 2 2.51
NTEC .46 4 9.63
KBSF .46 2 3.24
INOV .46 1 40.55
GURE .46 1 4.7074
CVV .46 2 4.42
BCLI .46 1 3.43
TYME .45 4 1
TME .45 1 7.33
ONCT .45 2 4.2
BLIN .45 7 4.05
ADIL .45 2 4.24
WORX .44 4 2.18
GALT .44 3 3.76
FFHL .44 2 9.8861
FCX .44 17 30.48
EVGN .43 1 2.85
COTY .43 4 7.98
CAN .43 4 7.27
ATIF .43 1 3.485
AQMS .43 2 1.95
KR .42 14 40.45
SRNG .41 1 11.42
KZIA .41 2 10.66
GTT .41 1 2.36
CTSO .41 3 8.32
ASTR .41 3 8.97
ACOR .41 4 4.28
YJ .40 2 0.7351
XOM .40 6 53.64
RRD .40 2 4.05
LIZI .40 4 3.37
GE .40 4 96.82
FBRX .40 1 3.37
DUOT .40 1 6.13
CHRA .40 1 4.54
AAPL .40 107 143.43
MDIA .39 2 9.23
HRL .39 4 41.32
CSCW .39 2 0.8998
OVID .38 2 3.38
MRTN .38 3 15.73
ANIX .38 1 4.79
AAL .38 8 19.76
ORCL .37 34 86.92
NEXT .37 3 2.29
HUGE .37 1 1.56
HNST .37 1 10.73
GPK .37 1 18.99
CHMA .37 2 3.76
MRKR .36 1 1.75
JFIN .36 2 3.61
IDEX .36 4 2.1
GNLN .36 2 2.51
BNGO .36 11 5.19
AKTX .36 1 1.76
AGNC .36 2 16.02
ADMP .36 1 1.04
ACB .36 3 6.03
ORGO .35 2 16.66
IRIX .35 3 6.85
CLSD .35 3 6.51
BSQR .35 13 2.4
AESE .35 1 1.78
XELB .34 2 1.63
HWCC .34 1 5.3
CIEN .34 17 50.84
LMFA .33 4 3.96
HNP .33 2 20.05
GTS .33 1 35.08
BHTG .33 1 1.39
AZN .33 7 59.13
VBLT .32 2 2.18
TAL .32 2 4.48
SPCB .32 2 0.994949
MINM .32 2 1.76
IMMP .32 3 3.69
DRN .32 2 23.7
BKYI .32 1 3.54
ANY .32 10 5.79
YPF .31 1 4.7
WINT .31 3 1.94
ULBI .31 2 7.37
PIRS .31 5 5.48
FENC .31 1 8.61
EXPR .31 4 5.09
DMAC .31 2 3.99
D .31 8 74.51
AEY .31 1 2.44
OXBR .30 5 2.68
LC .30 6 26.62
HAPP .30 1 0.98
HUSN .29 4 2.34
GOVX .29 5 4.18
AXLA .29 1 3.15
OBSV .28 3 3.13
NKLA .28 14 10.71
MITO .28 1 1.41
IMMR .28 2 6.87
ALTO .28 3 4.74
NAOV .27 11 2.06
ENVB .27 3 2.31
PPBT .26 1 4.82
PME .26 1 0.719564
GSM .26 6 7.33
ATOS .26 4 3.28
PBLA .25 1 2.31
MTL .25 3 3.52
RAIL .24 4 4.36
IKT .24 1 2
GBR .24 1 3.67
PYPL .23 13 269.49
MOGO .23 3 4.42
KDMN .23 2 8.8
ACHV .23 1 8.11
THTX .22 1 3.57
SSKN .22 1 1.75
JFU .22 3 1.72
GENE .22 2 3.39
DYNT .22 5 1.39
XELA .21 6 1.93
VIEW .21 1 5.38
TENX .21 1 1.23
PFE .21 6 43.92
OCG .21 4 4.14
KXIN .21 5 2.87
ALAC .21 2 11.379
ZNGA .20 2 7.66
PHUN .20 5 0.9776
ENSV .20 1 1.12
EKSO .20 1 4.94
SBS .19 3 6.84
NBEV .19 1 1.4
VSH .18 3 19.88
TEO .18 1 4.98
TELL .18 5 3.15
OSMT .18 3 3.06
ET .18 2 8.85
PPC .17 2 28.64
LIVX .17 2 3.1
IRCP .17 1 2.89
GMTX .17 1 4.53
FCEL .17 129 6
SNES .16 2 1.56
RAVN .16 2 57.47
MOMO .16 2 10.86
ME .16 2 8.52
INFI .16 4 3.58
HFBL .16 1 18.78
SSL .15 9 15.52
OXY .15 25 25.43
IMV .15 2 1.69
GRUB .15 3 16.16
CHNG .15 2 21.65
SYKE .14 3 54
OEG .14 1 2.99
INM .14 1 1.92
IEC .14 1 15.33
EDU .14 1 1.9
SVBI .13 1 12.15
LMRK .13 1 16.48
ESXB .13 1 10.08
CRON .13 4 5.67
SBBP .12 2 2.09
RIG .12 2 3.19
PSTX .12 1 7.91
GSAT .12 2 1.68
CHNR .12 4 1.22
VERB .11 6 1.86
SNMP .11 2 0.8987
MRO .11 11 11.41
MOHO .11 3 0.5582
MFGP .11 2 5.06
GBS .11 1 2.8
FENG .11 2 1.23
CPG .11 2 3.78
CALA .11 1 2.24
XLK .10 3 152.44
SLHG .10 1 2.84
PBR .10 5 9.71
EDTK .10 2 1.27
DBVT .10 5 4.99
CNFR .10 2 2.75
AGEN .10 7 5.81
AEMD .10 2 3.8
WTER .09 2 1.53
TEDU .09 2 1.48
SELF .09 1 5.03
PRPO .09 3 2.87
NOK .09 2 5.39
BIOC .09 2 4.04
AEI .09 2 2.45
MDNA .08 7 2.46
MBII .08 1 0.8199
MARK .08 2 1.16
CLDR .08 1 15.91
BQ .08 2 2.33
NEPT .07 2 0.5783
ITRO .07 1 1.27
ITRN .07 3 25.05
XBIO .06 8 2.26
WYNN .06 3 78.77
PSP .06 2 15.41
OCG .06 13 4.14
FRO .06 9 7.76
ULTA .05 12 369.84
FRBK .05 1 2.97
WYNN .04 4 78.77
VTGN .04 3 2.79
PBT .04 2 5.26
CXP .04 1 19.04
AVGR .04 7 0.801
VCAR .03 1 11.4389
SNDL .03 1 0.6915
SIC .03 1 14.4
SHOP .03 88 1437.15
DFP .03 1 28.76
NWHM .02 1 8.99
KIN .02 2 9.25
IACB .02 2 9.9
DSE .02 1 9.49
BLNK .02 11 29.73
BEST .02 2 1.63
XPDI .01 3 10.1
SLVO .01 2 5.12
PMD .01 1 7.6
INFL .01 2 29.46
WMPN 0 4 12.1
GSKY 0 1 11.16
RTLR -.01 7 11.09
EIC -.08 1 17.39
NSYS -.12 1 11.1698
