NVAX 13.77 9 181.6 .675
BKNG 10.17 8 2455.87 .032
SAM 9.40 7 508.94 .126
AZO 9.12 9 1672.28 .045
AMZN 8.18 93 3283.26 .186
SIVB 7.78 5 664.53 .055
DPZ 7.66 9 475.07 .144
REGN 7.44 9 570.79 .117
W 7.31 7 253.07 .196
LAD 6.41 5 317.67 .100
BNTX 6.26 12 254.79 .288
BLK 6.24 5 841.89 .035
MDB 5.88 8 474.51 .096
DDS 5.75 8 175.58 .256
SE 5.62 12 319.56 .204
KOSS 5.35 7 16.48 2.268
RGEN 5.32 5 281.6 .090
ASML 5.22 9 741.81 .063
EJH 5.21 6 2.61 11.976
DE 4.88 8 342.2 .112
AFRM 4.66 9 117.85 .351
MRNA 4.59 28 341.09 .364
UPST 4.49 13 298.77 .195
ZM 4.40 14 267.51 .224
GOOG 4.33 27 2729.25 .027
EEIQ 4.33 5 3.94 5.490
TSLA 4.22 145 775.22 .725
GPN 4.22 8 159.85 .208
FLGT 4.22 5 84.33 .250
SPLK 4.15 5 145.14 .140
ADBE 4.10 6 577.47 .042
BIIB 4.00 5 283.94 .070
CARV 3.92 6 17.29 1.356
SEDG 3.89 5 272.12 .070
ENPH 3.89 5 155.36 .125
NRXP 3.86 6 8.73 2.652
ZS 3.84 5 263.16 .070
IAC 3.78 5 135.5 .135
ANVS 3.73 6 31.74 .702
SNPS 3.67 5 302.49 .060
LLY 3.67 5 229.59 .075
IRNT 3.52 5 14.08 1.250
LIN 3.50 5 297.85 .055
EBET 3.45 6 31.33 .660
ZLAB 3.42 6 102.75 .198
SITM 3.41 5 208.55 .080
ADSK 3.38 5 284.06 .055
DQ 3.36 7 57.91 .406
SCPS 3.34 7 4.1 5.698
COST 3.33 5 448.33 .035
LOW 3.28 5 203.7 .080
GLSI 3.27 5 38.6 .420
UNH 3.25 9 392.43 .072
JAN 3.24 5 6.65 2.435
ADGI 3.21 7 27.98 .798
ZG 3.17 5 91.4 .170
GRTS 3.14 5 10.84 1.445
CAT 3.14 5 194.33 .080
ROKU 3.09 5 314.46 .045
NEGG 3.07 20 13.61 4.500
DOCS 3.04 6 79.39 .228
SAVA 3.02 26 60.52 1.274
NVCR 2.99 8 116.11 .200
GME 2.99 82 176.91 1.312
MA 2.96 5 360.18 .040
SNOW 2.91 8 303.72 .072
DLTR 2.91 4 97.98 .116
FULC 2.86 5 28.41 .500
DASH 2.82 7 203.99 .091
GS 2.81 8 380 .056
ABNB 2.80 5 173.01 .080
RBLX 2.77 5 75.59 .180
CELH 2.77 5 94.19 .145
XLNX 2.75 5 151.87 .090
KNBE 2.69 4 22.07 .484
EL 2.69 5 310.68 .040
VMW 2.68 4 151.91 .068
DLPN 2.68 4 12.27 .872
COHN 2.68 4 19.52 .548
AACG 2.67 4 2.4 4.448
IWM 2.66 4 222.28 .044
XBI 2.65 4 126.17 .084
NCTY 2.63 5 10.9 1.205
WDAY 2.61 5 254.55 .050
PRTA 2.60 5 70.74 .180
AN 2.58 4 119.42 .084
AUVI 2.56 8 6.78 3.016
TTD 2.55 5 70.42 .180
WSM 2.54 5 174.9 .070
STX 2.52 4 84.41 .116
INDP 2.52 5 7.79 1.615
ALEC 2.50 5 23.7 .525
BBY 2.48 4 105.31 .092
AAME 2.47 4 4.21 2.344
TWST 2.44 5 105.5 .115
SPT 2.41 4 125.84 .076
LII 2.41 4 297.39 .032
AVXL 2.41 5 17.95 .670
HON 2.39 4 215.65 .044
RL 2.38 4 114.79 .080
NXPI 2.35 4 192.89 .048
CPOP 2.34 5 2.97 3.935
UPS 2.33 5 181.49 .060
ARVN 2.31 6 85.21 .162
CREE 2.28 4 79.12 .112
AMGN 2.27 5 213.92 .050
MCD 2.26 4 242.93 .036
BURL 2.25 6 284.94 .042
APPS 2.24 3 71.04 .093
NNOX 2.21 4 22.87 .384
OSTK 2.20 6 78.97 .162
V 2.19 4 230.46 .036
TPST 2.19 5 15.1 .725
LH 2.18 6 279.48 .042
INTU 2.18 4 543.97 .016
MDT 2.17 4 127.31 .068
LWAC 2.17 4 16.98 .508
PKG 2.16 4 139.15 .060
WAVE 2.15 4 6.74 1.272
RAPT 2.15 6 31.98 .402
PDD 2.15 5 88.15 .120
ANTM 2.14 4 375.93 .020
KALV 2.12 6 17.33 .732
DIS 2.12 7 176.01 .084
ACRS 2.12 7 17.35 .854
CERE 2.11 6 30.79 .408
FANG 2.09 3 98.86 .063
CM 2.09 3 112.43 .054
SCR 2.08 3 35.65 .174
DELL 2.08 5 105.78 .095
ZIM 2.07 2 49.55 .082
GH 2.07 7 107.51 .133
BON 2.06 1 7.79 .264
TSCO 2.05 6 201.36 .060
IMPL 2.05 4 11.73 .696
ASAN 2.05 3 101.87 .060
RMBL 2.04 2 37.8 .106
MFNC 2.04 1 21.5 .094
COIN 2.04 4 231.15 .032
VLO 2.03 2 73.62 .054
TASK 2.03 6 66.22 .180
JD 2.03 3 70.02 .084
PTON 2.02 2 86.71 .046
APRE 2.02 1 4.975 .406
TMUS 2.01 3 126.76 .045
MRIN 2.01 5 8.57 1.170
IBM 2.00 4 143.32 .052
AXP 2.00 3 173.94 .033
TDC 1.99 2 57.86 .068
UHAL 1.98 9 655.33 .027
TSN 1.98 3 78.31 .075
DD 1.98 1 69.13 .028
VTSI 1.97 1 10.18 .193
SQ 1.96 22 239.29 .176
JG 1.96 2 1.66 2.360
BNR 1.96 2 16.98 .230
VSCO 1.95 3 54.56 .105
LMT 1.95 9 347.8 .045
WAFU 1.94 3 6.18 .939
VRNT 1.94 2 45.14 .084
STZ 1.94 3 213.48 .027
LI 1.94 2 26.29 .146
RRGB 1.93 1 24.06 .080
LEGN 1.93 3 50.21 .114
AAP 1.93 3 208 .027
GWRE 1.92 3 118.47 .048
NEE 1.91 1 79.21 .024
DLO 1.91 4 55.38 .136
DG 1.89 3 209.21 .027
SI 1.88 3 128.05 .042
PEP 1.88 2 150.95 .024
NTAP 1.88 3 90.58 .060
MSGE 1.88 4 70.34 .104
KMB 1.88 4 132.18 .056
FTCH 1.88 1 37.5 .050
TDG 1.87 4 652.93 .008
LPX 1.87 2 62.56 .058
LEDS 1.87 2 7.87 .474
GRVY 1.86 5 91.69 .100
BKE 1.86 2 40.51 .090
VIR 1.85 3 34.35 .159
VERY 1.85 3 9.01 .615
HOOD 1.85 12 41.9 .528
UTHR 1.84 3 185.9 .027
QDEL 1.84 3 134.33 .039
ON 1.84 1 45.61 .040
EXPI 1.84 5 41.32 .220
DUK 1.84 1 98.46 .018
DKNG 1.84 2 50.56 .072
CI 1.83 5 202.6 .045
AIT 1.83 1 91.79 .019
PFGC 1.82 2 48.84 .074
OSAT 1.82 2 4.96 .732
OKE 1.82 1 59.45 .030
COF 1.82 3 166.54 .030
OTIS 1.81 2 82.5 .042
EAT 1.81 2 52.21 .068
TVTX 1.79 2 25.02 .142
CTRN 1.79 3 73.25 .072
ANF 1.79 1 38.78 .046
UBER 1.78 2 47.05 .074
ROLL 1.78 7 214.36 .056
BIDU 1.78 117 151.58 1.287
ARCE 1.78 1 21.55 .082
VRPX 1.77 9 4.59 3.465
MOXC 1.77 3 7.73 .684
BLDR 1.77 1 52.96 .033
AMD 1.77 9 102.45 .153
SKT 1.76 2 16.82 .208
LOGI 1.76 3 88.51 .057
FATE 1.76 2 59.5 .058
TTC 1.75 3 98.21 .051
TSP 1.75 5 35.15 .245
VOXX 1.74 2 11.53 .300
BHVN 1.74 4 145.78 .044
HAS 1.73 3 89.09 .057
AMAT 1.73 5 129.13 .065
YETI 1.72 3 85.98 .060
LAIX 1.72 4 0.8907 7.724
KODK 1.72 1 6.96 .247
HRI 1.71 3 171.08 .027
HD 1.71 9 329.86 .045
VMEO 1.70 1 30.24 .056
ROST 1.70 3 111.09 .045
LYFT 1.70 3 55.48 .090
KMPH 1.70 2 9.29 .364
ENOB 1.70 3 6.8 .750
NURO 1.69 10 9.82 1.720
LYEL 1.69 2 13.29 .254
LIFE 1.69 2 8.56 .394
SHEN 1.68 2 32.2 .104
NEWR 1.67 3 72.97 .066
MYGN 1.67 1 31.89 .052
EA 1.67 2 143.59 .022
DKS 1.67 8 121.72 .104
TWTR 1.66 2 61.98 .052
PLD 1.66 3 126.43 .039
NMRD 1.66 4 5.99 1.108
MPC 1.66 1 63.56 .026
KURA 1.66 2 19.13 .172
ALXN 1.66 3 182.5 .027
SYPR 1.65 2 3.47 .950
NVOS 1.65 5 1.87 4.410
FLOW 1.65 3 73.9 .066
ESTC 1.65 4 151.06 .040
KMX 1.64 1 127.18 .012
CAH 1.64 3 50.01 .096
TNA 1.63 3 86.86 .054
LODE 1.63 1 2.58 .631
KYMR 1.63 1 60.22 .027
KSS 1.63 7 48.56 .231
JZXN 1.63 4 2.34 2.784
MOS 1.62 1 37.8 .042
IYC 1.62 1 78.19 .020
AKAM 1.62 2 105.48 .030
CRCT 1.61 1 26.71 .060
USB 1.60 3 60.76 .078
SPI 1.60 2 4.99 .640
RMED 1.60 3 3.01 1.593
MBRX 1.60 1 2.8 .571
WHLM 1.59 3 5.8 .822
STMP 1.59 4 329.6 .016
MNST 1.59 3 89.88 .051
FL 1.59 2 46.65 .068
CSIQ 1.59 2 34.42 .092
CLDX 1.59 2 55.88 .056
BZ 1.59 1 36.76 .043
A 1.59 5 155.99 .050
LHDX 1.58 4 6.89 .916
FISV 1.58 5 109.78 .070
CELC 1.58 2 17.72 .178
RLMD 1.57 4 26.74 .232
RIOT 1.57 2 26.1 .120
LOOP 1.57 2 11.61 .270
GTEC 1.57 2 6.3 .498
CNC 1.57 1 63.05 .024
CARA 1.57 2 15.25 .204
PAYX 1.56 1 115.15 .013
DPW 1.56 5 2.47 3.155
IRDM 1.55 4 40 .152
CRNC 1.55 4 91.28 .064
BLFS 1.55 1 42.58 .036
FUV 1.54 1 11.3 .136
CHCI 1.54 3 4.76 .969
TERN 1.53 4 10.73 .568
SIEB 1.53 5 3.27 2.335
GIS 1.53 1 60.62 .025
MVIS 1.51 4 10.82 .556
UAL 1.50 1 51.34 .029
SUPN 1.50 1 27.22 .055
AMEH 1.50 5 89.42 .080
ZEV 1.49 3 8.65 .516
STT 1.48 3 86.41 .051
SGOC 1.48 8 5.89 2.008
SEMR 1.48 2 23.83 .124
JRVR 1.48 2 38.98 .074
JNJ 1.48 2 160.47 .018
ISEE 1.48 2 16.65 .176
CHKP 1.48 5 113.95 .060
ADI 1.48 5 167.37 .040
FGEN 1.47 3 10.34 .426
EDIT 1.47 3 39.91 .108
VCVC 1.46 1 9.85 .148
SFIX 1.46 2 41.15 .070
LITE 1.46 2 85.37 .034
LGHL 1.46 1 1.5 .973
HTBX 1.46 2 6.01 .484
BYND 1.46 4 105.09 .052
PINS 1.45 3 52.62 .081
OCGN 1.45 5 6.98 1.035
EYEG 1.45 1 2.02 .717
EVOL 1.45 1 2.22 .653
BPTH 1.44 1 5.16 .279
SNOA 1.43 3 5.67 .756
SCKT 1.43 3 6.41 .669
LANC 1.43 2 169.78 .016
ATKR 1.43 2 89.27 .032
TTWO 1.42 4 158.54 .032
STE 1.42 4 207.6 .024
IMNM 1.42 4 20.16 .280
GM 1.42 1 53.13 .026
CYTK 1.42 3 36.74 .114
ATVI 1.42 3 78.53 .054
SCHW 1.41 2 74.42 .036
DOCN 1.41 3 81.07 .051
CROX 1.41 3 141.13 .027
AVIR 1.41 1 42.01 .033
SNA 1.40 4 209.42 .024
MMM 1.40 6 176.68 .042
LAZR 1.40 3 15.37 .273
JCS 1.40 3 7.76 .540
CVS 1.40 3 84.07 .048
CRDF 1.40 1 7.24 .193
ABT 1.40 4 117.21 .044
WGO 1.39 2 78 .034
OPNT 1.39 3 26.18 .159
JBL 1.39 2 59.4 .046
ERYP 1.39 2 6.12 .454
EOSE 1.39 2 14.2 .194
COUR 1.39 1 31.95 .043
BTBT 1.39 8 8.07 1.376
TNET 1.38 1 96.54 .014
INCY 1.38 2 68.21 .040
PG 1.37 5 139.58 .045
LIVE 1.37 3 36.05 .114
ECOM 1.37 1 25.68 .053
ACMR 1.37 4 107.49 .048
AA 1.37 3 49.77 .081
TSM 1.36 2 111.56 .024
TAOP 1.35 3 2.58 1.569
RUN 1.35 4 44.55 .120
CRMT 1.35 7 118.66 .077
BWAY 1.35 1 8.23 .164
WNW 1.34 1 3.88 .345
QADB 1.34 3 87.25 .045
FLWS 1.34 3 30.26 .132
PKI 1.33 3 173.6 .021
NLS 1.33 1 9.49 .140
TJX 1.32 4 66.61 .076
SLV 1.32 1 20.83 .063
HOG 1.32 2 36.83 .070
AEO 1.32 2 26.14 .100
WM 1.31 3 149.84 .024
VIH 1.31 1 10.07 .130
SPY 1.31 1 434.24 .003
ABCL 1.31 1 17.2 .076
UHS 1.30 4 138.83 .036
OLLI 1.29 2 59.93 .042
APPN 1.29 4 94.68 .052
MAT 1.28 2 18.71 .136
FRD 1.28 1 11.93 .107
BILI 1.28 22 64.88 .418
RHE 1.27 2 7.81 .324
HJLI 1.27 1 10.38 .122
HCA 1.27 3 247.79 .015
APXT 1.27 1 12.11 .104
SLGG 1.26 1 3.09 .407
MESO 1.26 1 5.95 .211
JKS 1.26 2 47.37 .052
HHR 1.26 1 49.72 .025
DOMO 1.26 4 84.96 .056
THCB 1.25 1 10 .125
OPAD 1.25 4 8.45 .588
NGM 1.25 2 20.48 .122
BYSI 1.25 3 15.39 .243
SJ 1.24 4 3.97 1.248
PBTS 1.24 1 1.17 1.059
EDSA 1.24 1 6.9 .179
CMMB 1.24 2 10.8 .228
BNTC 1.24 3 3.54 1.050
ANPC 1.24 2 3 .826
TAP 1.23 2 47.13 .052
NVDA 1.23 141 207.42 .705
LAW 1.23 3 48.9 .075
J 1.23 3 134.66 .027
C 1.23 4 71.18 .068
AMC 1.23 55 38.46 1.705
RCUS 1.22 1 35.23 .034
EYES 1.22 6 3.15 2.322
DDL 1.22 2 23.71 .102
RTX 1.21 2 87.48 .026
KIRK 1.21 1 19.65 .061
HGEN 1.21 3 5.88 .615
ARAV 1.21 1 3.68 .328
MAXR 1.20 3 28.84 .123
JPM 1.20 12 167.13 .084
CRIS 1.20 2 8.07 .296
CETX 1.20 1 1.15 1.043
AMTX 1.20 3 19.7 .180
MS 1.19 7 99.05 .084
JWN 1.19 3 26.87 .132
QCOM 1.18 7 128.71 .063
GRU 1.18 1 4.42 .266
GRTX 1.18 1 8.11 .145
DFH 1.18 1 17.85 .066
AYRO 1.18 1 3.39 .348
NIU 1.17 3 22.9 .153
CLSK 1.17 1 12.53 .093
SIF 1.16 1 8.52 .136
HGSH 1.16 2 1.5518 1.494
CLX 1.16 3 164.52 .021
IMTX 1.15 3 13.22 .258
SPCE 1.14 23 23.83 1.081
DAL 1.14 4 45.38 .100
VNET 1.13 3 16.92 .198
STG 1.13 1 5.36 .210
NUAN 1.13 1 55.17 .020
BTX 1.13 2 9.14 .246
ABSI 1.13 1 12.42 .090
SPG 1.12 3 133.14 .024
RY 1.12 2 99.82 .022
MNOV 1.12 2 3.85 .580
FIGS 1.12 5 37.91 .145
BZUN 1.12 1 17.11 .065
TGTX 1.11 1 33.71 .032
TGT 1.11 9 228.42 .036
PMCB 1.11 3 3.18 1.047
KHC 1.11 1 36.68 .030
GIII 1.11 4 29.13 .152
DXC 1.11 2 34.73 .062
CNET 1.11 1 1.17 .948
OPTT 1.10 1 2.27 .484
XTLB 1.09 2 4.4081 .494
GT 1.09 1 18.6 .058
DDD 1.09 8 27.67 .312
ATAI 1.09 1 13.86 .078
ALDX 1.09 2 8.87 .244
SLB 1.08 1 30.36 .035
RSLS 1.08 1 2.77 .389
MTSL 1.08 3 3.37 .960
FCBP 1.08 1 29.1 .037
BAC 1.08 3 43.08 .075
B 1.08 1 42.97 .025
AZYO 1.08 1 6.7 .161
ALF 1.08 2 6.32 .340
TTCF 1.07 1 18.49 .057
SMLP 1.07 2 37.49 .056
BBBY 1.07 13 16.58 .832
APP 1.06 5 74.78 .070
SKX 1.05 2 42.49 .048
NETE 1.05 1 8.22 .127
OCUP 1.04 1 5.19 .200
KEYS 1.04 2 165.42 .012
IPA 1.04 2 6.05 .342
FSTX 1.04 1 7.38 .140
CANF 1.04 1 1.64 .634
ALLO 1.04 1 24.52 .042
MTTR 1.03 2 18.64 .110
FTEK 1.03 2 1.75 1.176
COP 1.03 5 70.1 .070
AMKR 1.03 1 25.1 .041
ALYA 1.03 3 2.575 1.200
NKE 1.02 7 147.06 .042
FAST 1.02 1 51.68 .019
CRM 1.02 10 275.26 .030
ZCMD 1.01 1 1.62 .623
RSI 1.01 1 19.03 .053
RCON 1.01 1 2.9 .348
MVST 1.01 4 8.15 .492
LL 1.01 1 18.52 .054
EGRX 1.01 2 56.9 .034
IMAB 1.00 5 71.73 .065
TRCH .98 2 4.95 .394
HOFV .98 2 2.66 .736
UAA .97 2 20.79 .092
SKLZ .97 3 9.73 .297
FA .96 1 20.43 .046
DWSN .96 1 2.33 .412
CHGG .96 2 68.62 .026
BTWN .95 1 9.81 .096
MSTR .94 8 612.46 .008
CGC .94 1 13.41 .070
MO .93 2 45.86 .040
HCM .93 4 35.23 .104
CHPT .93 1 19.31 .048
ABBV .93 4 109.09 .032
RACE .92 3 209.19 .012
PLCE .92 3 81.31 .033
LBPH .92 1 9.08 .101
KNL .92 1 25.04 .036
YEXT .91 1 12.07 .075
WFC .91 4 47.02 .076
SSY .91 3 2.62 1.041
SLS .91 3 9.1 .300
ACY .91 18 54.8 .288
GEG .90 1 2.18 .412
CRTO .90 1 37.75 .023
ATNF .90 3 5.42 .498
YMM .89 1 14.28 .062
PLUG .89 8 25.57 .272
ACHL .89 1 7.79 .114
HPQ .88 3 28.07 .093
BABA .88 96 144.2 .576
GDEV .87 3 6.75 .384
FB .87 102 343.01 .204
DTSS .87 1 2.04 .426
AFMD .87 1 6.16 .141
VLDR .86 1 6 .143
RF .86 1 21.74 .039
ATHM .86 2 47.23 .036
SRNE .85 1 6.82 .124
SAFM .85 1 187.1 .004
RIDE .85 5 6.53 .650
RKT .84 1 15.86 .052
PTIX .84 2 1.88 .892
LEXX .84 3 6.38 .393
HRC .84 3 150.05 .015
HOL .84 3 12.35 .204
DTST .84 3 4.31 .582
CLII .84 3 14.36 .174
CCJ .84 3 22.11 .111
BB .84 11 9.7 .946
APOP .84 5 17.76 .235
UAVS .83 1 3.05 .272
LUV .83 3 54.35 .045
IRBO .83 1 42.36 .019
CNA .83 1 42.59 .019
BLUW .83 2 9.63 .172
SANA .82 1 21.29 .038
MNSO .82 1 15.58 .052
FITB .82 3 43.66 .054
SPRT .81 20 11.8 1.360
SJM .81 8 119.69 .048
PYPL .80 5 264.65 .015
GMBL .80 1 6.8 .117
GLD .80 7 164.59 .028
SWI .79 1 16.75 .047
SCYX .79 1 5.17 .152
PNRG .79 1 59.4 .013
MU .79 4 70.99 .044
BP .79 1 27.6 .028
ZY .78 3 14.19 .162
VVOS .78 4 4.04 .772
OTLK .78 1 2.15 .362
IPHA .78 4 5.94 .524
HX .78 1 2.2 .354
GNOG .78 1 18.25 .042
CAI .78 1 55.92 .013
BCRX .78 7 13.73 .392
WATT .77 1 2.1 .366
PRFX .77 3 2.83 .816
PLTR .77 2 24.33 .062
ENTX .77 2 4.79 .320
QFIN .76 8 19.85 .304
NBRV .76 1 1.19 .638
MOSY .76 1 4.81 .158
APG .76 1 21.19 .035
AGRI .76 3 2.215 1.029
NNVC .75 2 4.4 .340
GPS .75 6 23.57 .186
CEMI .75 7 2.42 2.163
PSTG .74 2 25.71 .056
MQ .74 1 21.89 .033
GTIM .74 1 5.39 .137
GRVI .74 3 4.88 .453
FUBO .74 2 24.41 .060
ATXI .74 1 1.52 .486
VZ .73 2 54.3 .026
VOOV .73 1 142.54 .005
UPC .73 3 2.45 .891
SQBG .73 2 6.24 .232
RNXT .73 2 5.91 .246
ORPH .73 3 4.16 .525
NVFY .73 3 2.25 .972
LEN .73 4 93.7 .028
MRK .72 2 81.4 .016
ENSC .72 1 2.87 .250
BTCM .72 4 8.58 .332
ARPO .72 1 2.2 .327
AREC .72 4 1.86 1.548
ZKIN .71 2 3.01 .470
XLV .71 2 127.33 .010
PALI .71 3 2.49 .855
TBLA .70 1 9.85 .071
PRPL .70 3 21.2 .099
ORGS .70 1 4.9 .142
OCX .70 1 3.44 .203
NFLX .70 103 613.15 .103
JRJC .70 1 5.33 .131
IGIC .70 3 8.15 .255
CBAT .70 2 2.29 .610
BGFV .70 6 24.11 .174
WIMI .69 1 4.13 .167
BEKE .69 1 18.62 .037
ASM .69 1 0.826 .835
ONCS .68 1 2.15 .316
INTC .68 5 53.86 .060
XONE .67 2 23.27 .056
WMT .67 14 137.05 .056
SHOP .67 5 1350.76 0
PDCO .67 2 31.28 .042
FOE .67 1 20.37 .032
CLNE .67 1 8.33 .080
ACH .67 1 18.62 .035
VIPS .66 1 10.92 .060
TIGR .66 5 10.42 .315
SSNT .66 1 6.3 .104
RETO .66 1 0.7873 .838
ERJ .66 1 18.11 .036
CTKB .66 1 21.38 .030
CRTD .66 3 2.6 .759
AMOM .66 1 34.9874 .018
TATT .65 3 5.89 .330
STRO .65 2 19.32 .066
PCVX .65 1 26.23 .024
OLB .65 1 4.02 .161
LMNL .65 3 2.2 .885
TESS .64 1 5.69 .112
SDC .64 2 5.5 .232
M .64 6 22.89 .162
LZB .64 2 32.77 .038
FLGC .64 2 5.55 .230
CTIB .64 3 1.93 .993
XLP .63 1 69.02 .009
SILK .63 5 54.46 .055
DNUT .63 3 14.22 .132
CCL .63 4 26.09 .096
ULTA .62 1 368.03 .001
LJPC .62 2 4.08 .302
SPWH .61 1 17.7 .034
SOS .61 2 2.15 .566
PLG .61 1 2.06 .296
MRVL .61 5 59.83 .050
CL .61 3 75.58 .024
AMBO .61 1 1.42 .429
SPTN .60 2 22.03 .054
PSTV .60 1 1.94 .309
EVK .60 6 2.71 1.326
AVCT .60 1 2.72 .220
AMRS .60 1 13.91 .043
VERU .59 3 8.46 .207
UONE .59 3 8.31 .210
MARA .59 12 33.17 .204
BIG .59 2 42.77 .026
WPRT .58 2 3.29 .352
WISH .58 3 5.35 .324
TRIT .58 3 5.96 .291
STAF .58 2 1.95 .594
SNAP .58 112 75.25 .784
EPU .58 2 26.4 .042
WEI .57 1 0.7744 .736
SBTX .57 1 11.67 .048
GGAL .57 1 10.24 .055
ACI .57 5 29.77 .095
T .56 3 27.16 .060
SBH .56 2 17.09 .064
OBLN .56 3 3.05 .549
MTP .56 1 1.71 .327
KO .56 5 53.02 .050
CSCO .56 7 55.14 .070
CLPS .56 1 2.83 .197
CLPS .56 1 2.83 .197
CLOV .56 1 7.47 .074
ARMK .56 3 35.78 .045
VNE .55 6 34.55 .090
UWMC .55 1 7 .078
EVGO .55 1 8.28 .066
EOLS .55 1 7.73 .071
APTO .55 2 2.36 .466
WHLR .54 2 2.91 .370
TQQQ .54 132 126.84 .528
ENZ .54 2 3.46 .312
AUUD .54 5 2.36 1.140
ADMA .54 1 1.19 .453
TBIO .53 3 37.36 .042
MEDS .53 5 4.94 .535
HUYA .53 3 7.92 .198
EQ .53 1 6.45 .082
ENG .53 2 3.18 .332
BBWI .53 6 64 .048
VIVE .52 1 2.3 .226
TLRY .52 3 11.15 .138
KULR .52 1 2.14 .242
FLO .52 2 23.81 .042
WOOF .51 2 21.61 .046
VTNR .51 6 5.66 .540
K .51 8 63.87 .056
DYAI .51 3 5.29 .288
CPSH .51 1 4.94 .103
AUTL .51 1 6.7 .076
SONO .50 5 32.26 .075
PATI .50 2 11.61 .086
ORMP .50 11 20.93 .253
RKDA .49 1 2.09 .234
NRBO .49 2 2.5 .392
IGC .49 3 1.47 .999
GP .49 3 14.46 .099
GEVO .49 4 6.6 .296
ENLV .49 2 9.49 .102
ECHO .49 1 47.64 .010
BBIG .49 16 6.14 1.264
ARMP .49 1 3.62 .135
XLE .48 5 53.84 .040
NNDM .48 3 5.64 .255
NIO .48 75 35.38 .975
DBGI .48 3 2.89 .498
CLF .48 7 19.66 .168
TRIL .47 1 17.64 .026
STEM .47 5 24.63 .095
SOHU .47 6 20.54 .132
MSFT .47 108 289.1 .108
DARE .47 1 1.65 .284
BODY .47 2 5.64 .166
BGI .47 1 2.85 .164
AEHR .47 17 12.6 .629
XPEV .46 80 35.46 .960
VXX .46 3 26.82 .051
UFAB .46 2 3.27 .280
NTEC .46 4 9.63 .188
KBSF .46 2 3.02 .304
INOV .46 1 40.27 .011
GURE .46 1 4.49 .102
CVV .46 2 4.6 .200
BCLI .46 1 3.26 .141
TYME .45 4 1.02 1.764
TME .45 1 7.13 .063
ONCT .45 2 4.13 .216
FCX .45 19 32.84 .247
ADIL .45 2 4.17 .214
WORX .44 4 2.19 .800
GALT .44 3 3.8 .345
FFHL .44 2 9.76 .090
EVGN .43 1 2.61 .164
COTY .43 4 8.18 .208
CAN .43 4 6.41 .268
ATIF .43 1 4.18 .102
AQMS .43 2 2.05 .418
KR .42 14 39.14 .140
DEN .42 3 73.93 .015
SRNG .41 1 11.42 .035
KZIA .41 2 11.14 .072
GTT .41 1 2.36 .173
CTSO .41 3 8.11 .150
BLIN .41 8 3.99 .816
ASTR .41 3 8.45 .144
ACOR .41 4 4.64 .352
YJ .40 2 0.7136 1.120
XOM .40 6 60.93 .036
RRD .40 2 5.39 .148
LIZI .40 4 3.15 .504
GE .40 4 105.82 .012
FBRX .40 1 2.97 .134
DUOT .40 1 6.2201 .064
CIEN .40 18 52.23 .126
CHRA .40 1 4.63 .086
AAPL .40 107 142.65 .214
MDIA .39 2 10.53 .074
LTHM .39 8 23.71 .128
HRL .39 4 40.89 .036
CSCW .39 2 0.54 1.444
OVID .38 2 3.53 .214
MRTN .38 3 15.56 .072
AZN .38 9 59.68 .054
ANY .38 11 5.97 .693
ANIX .38 1 4.75 .080
AAL .38 8 21.65 .136
ORCL .37 34 89.74 .136
NEXT .37 3 2.81 .393
HUGE .37 1 1.55 .238
HNST .37 1 10.22 .036
GPK .37 1 19.14 .019
CHMA .37 2 3.76 .196
MRKR .36 1 1.67 .215
JFIN .36 2 3.63 .198
IDEX .36 4 1.95 .736
GNLN .36 2 2.5 .288
BNGO .36 11 5.22 .748
AKTX .36 1 1.7 .211
AGNC .36 2 15.9 .044
ADMP .36 1 1.01 .356
ACB .36 3 7.08 .150
ORGO .35 2 13.5 .050
IRIX .35 3 7.51 .138
GOVX .35 6 4.18 .498
CLSD .35 3 5.7 .183
BSQR .35 13 2.37 1.911
AESE .35 1 1.8 .194
XELB .34 2 1.48 .458
HWCC .34 1 5.3 .064
LMFA .33 4 4.52 .292
HNP .33 2 21.07 .030
GTS .33 1 35.12 .009
BHTG .33 1 1.34 .246
VBLT .32 2 2.07 .308
TAL .32 2 4.82 .132
SPCB .32 2 0.994 .642
MINM .32 2 1.85 .344
IMMP .32 3 3.87 .246
DRN .32 2 22.34 .028
BKYI .32 1 3.56 .089
YPF .31 1 4.67 .066
WINT .31 3 2.08 .447
ULBI .31 2 7.1 .086
PYPL .31 13 264.65 .013
FENC .31 1 9.32 .033
EXPR .31 4 4.73 .260
DMAC .31 2 4.17 .148
D .31 8 72.29 .032
AEY .31 1 2.37 .130
OXBR .30 5 2.94 .510
LC .30 6 28 .060
HAPP .30 1 0.95 .315
HUSN .29 4 2.42 .476
AXLA .29 1 3 .096
PIRS .28 6 5.21 .318
OBSV .28 3 3.1 .270
NKLA .28 14 10.62 .364
MITO .28 1 1.33 .210
IMMR .28 2 6.96 .080
ALTO .28 3 5.11 .162
NAOV .27 11 1.84 1.606
ENVB .27 3 2.06 .393
PPBT .26 1 4.58 .056
PME .26 1 0.74 .351
GSM .26 6 9.26 .168
ATOS .26 4 3.25 .320
PBLA .25 1 2.01 .124
MTL .25 3 4.06 .183
RAIL .24 4 4.57 .208
IKT .24 1 1.94 .123
GBR .24 1 4.38 .054
MOGO .23 3 4.4 .156
KDMN .23 2 8.87 .050
ACHV .23 1 8.45 .027
THTX .22 1 3.76 .058
SSKN .22 1 1.89 .116
JFU .22 3 1.7 .387
GENE .22 2 3.19 .136
DYNT .22 5 1.37 .800
XELA .21 6 1.9 .660
VIEW .21 1 5.85 .035
TENX .21 1 1.8 .116
PFE .21 6 42.93 .024
OCG .21 4 3.93 .212
KXIN .21 5 2.76 .380
ALAC .21 2 11.3299 .036
ZNGA .20 2 7.49 .052
PHUN .20 5 0.9228 1.080
ENSV .20 1 1.47 .136
EKSO .20 1 4.7 .042
SBS .19 3 7.18 .078
NBEV .19 1 1.41 .134
VSH .18 3 20.47 .024
TEO .18 1 5 .036
TELL .18 5 3.97 .225
OSMT .18 3 3.05 .177
ET .18 2 9.75 .036
PPC .17 2 29.29 .010
LIVX .17 2 3.16 .106
IRCP .17 1 2.5 .068
GMTX .17 1 4 .042
FCEL .17 129 6.43 3.354
SNES .16 2 1.51 .210
RAVN .16 2 57.62 .004
MOMO .16 2 10.54 .030
ME .16 2 8.89 .034
INFI .16 4 3.36 .188
HFBL .16 1 18.75 .008
OXY .15 25 31.15 .100
IMV .15 2 1.71 .174
GRUB .15 3 14.9 .030
CHNG .15 2 21.12 .014
SYKE .14 3 54 .006
SSL .14 10 18.74 .070
OEG .14 1 3.07 .045
INM .14 1 1.7 .082
IEC .14 1 15.33 .009
EDU .14 1 2.09 .066
SVBI .13 1 12.48 .010
LMRK .13 1 16.42 .007
ESXB .13 1 11.44 .011
CRON .13 4 5.64 .092
SBBP .12 2 2.06 .116
RIG .12 2 3.82 .062
PSTX .12 1 7.05 .017
GSAT .12 2 1.54 .154
CHNR .12 4 1.21 .396
AGEN .12 9 5.32 .198
VERB .11 6 1.95 .336
SNMP .11 2 1.12 .196
MRO .11 11 14.24 .077
MOHO .11 3 0.5975 .552
MFGP .11 2 5.55 .038
GBS .11 1 2.37 .046
FENG .11 2 1.27 .172
CPG .11 2 4.74 .046
CALA .11 1 2.06 .053
XLK .10 3 151.57 0
SLHG .10 1 2.39 .041
PBR .10 5 10.74 .045
EDTK .10 2 1.25 .160
DBVT .10 5 4.78 .100
CNFR .10 2 2.83 .070
AEMD .10 2 3.75 .052
WTER .09 2 1.56 .114
TEDU .09 2 1.16 .154
SELF .09 1 5.07 .017
PRPO .09 3 2.77 .096
NOK .09 2 5.46 .032
BIOC .09 2 4 .044
AEI .09 2 2.35 .076
MBII .08 1 0.9722 .082
MARK .08 2 1.02 .156
CLDR .08 1 15.99 .005
BQ .08 2 2.29 .068
NEPT .07 2 0.5929 .236
ITRO .07 1 1.27 .055
ITRN .07 3 25.76 .006
XBIO .06 8 2.08 .224
WYNN .06 3 87.21 0
PSP .06 2 15.06 .006
OCG .06 13 3.93 .195
MSTR .06 118 612.46 0
FRO .06 9 9.65 .054
ULTA .05 12 368.03 0
MDNA .05 8 2.76 .144
FRBK .05 1 3.1 .016
WYNN .04 4 87.21 0
VTGN .04 3 2.69 .042
PBT .04 2 5.92 .012
CXP .04 1 19.03 .002
AVGR .04 7 0.7301 .378
VCAR .03 1 11.6201 .002
SNDL .03 1 0.6701 .044
SIC .03 1 14.42 .002
SHOP .03 88 1350.76 0
DFP .03 1 28.62 .001
NWHM .02 1 8.99 .002
KIN .02 2 9.25 .004
IACB .02 2 9.94 .004
DSE .02 1 9.49 .002
BLNK .02 11 28.28 0
BEST .02 2 1.67 .022
XPDI .01 3 10.17 0
SLVO .01 2 5.13 .002
PMD .01 1 8.36 .001
INFL .01 2 29.43 0
WMPN 0 4 12.25 0
GSKY 0 1 11.22 0
RTLR -.01 7 11.94 0
EIC -.08 1 17.58 -.004
NSYS -.12 1 11.8 -.010
