EIC -.08 1 16.24
INFL .01 2 29.1
BEST .02 2 1.06
BLNK .02 11 29.82
FB .02 100 355.12
KIN .02 2 9.23
DFP .03 1 29.67
FB .03 93 355.12
GMTX .04 1 3.3
IACB .04 1 9.84
CNFR .05 2 2.66
ITRO .06 1 1.27
CRON .08 4 6.92
FRO .09 3 7.28
EDTK .10 2 1.37
CALA .11 1 2.15
GBS .11 1 2.71
CHNR .12 4 1.19
IEC .14 1 15.23
INM .14 1 2.04
CHNG .15 2 21.34
GRUB .15 3 18.25
IMV .15 2 1.5
HFBL .16 1 18.22
INFI .16 4 2.81
IRCP .17 1 2.24
ET .18 2 9.11
EKSO .20 1 4.08
GENE .22 2 2.98
JFU .22 3 1.59
GBR .24 1 3.37
GEVO .24 3 4.96
IKT .24 1 1.86
BBIG .28 6 2.19
IMMR .28 2 6.72
HUSN .29 4 2.33
HAPP .30 1 1.05
FENC .31 1 6.82
IMMP .32 3 3.17
DAL .34 4 38.52
HWCC .34 1 5.24
IRIX .35 3 7.39
IDEX .36 4 2.05
CHMA .37 2 3.76
GPK .37 1 18.91
HNST .37 1 13.83
HUGE .37 1 1.49
AAL .38 8 18.73
AAPL .40 105 146.7
BSQR .40 11 2.4
GE .40 4 99.42
CLSD .41 2 5.62
CAN .43 4 7.76
FCX .43 16 32.42
FFHL .44 2 8.56
GALT .44 3 3.28
CVV .46 2 5.24
INOV .46 1 36.87
KBSF .46 2 3.55
BGI .47 1 3.42
D .47 6 79.06
DARE .47 1 1.47
DBGI .48 3 2.68
BLIN .49 6 4.07
IGC .49 3 1.53
DYAI .51 3 4.51
FLO .52 2 24.65
HRL .52 3 46.44
HUYA .53 3 9.55
ENZ .54 2 3.19
BTCM .55 2 6.67
EVGO .55 1 12.44
CLOV .56 1 7.56
CTSO .56 2 7.43
INTC .56 5 52.44
EPU .58 2 23.93
BIOC .61 1 3.69
CCL .63 4 21.66
CTIB .64 3 1.72
CRTD .66 3 2.63
ERJ .66 1 15.28
BODY .67 1 8.07
EVK .68 5 2.97
DNUT .69 2 14.91
JRJC .70 1 3.68
ENSC .72 1 3.83
FUBO .74 2 25.15
GRVI .74 3 5.23
GP .75 2 15.19
ACY .76 16 30.43
CAI .78 1 55.98
GNOG .78 1 18.57
HX .78 1 1.69
BP .79 1 25.64
CLF .81 5 23.17
CSCO .81 4 57.27
FITB .82 3 37.37
CNA .83 1 43.9
IRBO .83 1 41.94
BABA .84 92 160.55
ABBV .85 3 117.93
CRTO .85 1 35.97
GLD .87 5 166.61
K .88 4 66.23
CEMI .89 6 2.49
GEG .90 1 2.13
HPQ .92 1 27.78
CRM .93 8 253.07
CGC .94 1 19.19
GPS .96 3 27.42
HOFV .98 2 2.59
ATNF 1.01 2 5.11
EGRX 1.01 2 47.73
FAST 1.02 1 53.15
CANF 1.04 1 1.86
IPA 1.04 2 6.49
BAC 1.08 3 37.85
FCBP 1.08 1 29.1
DDD 1.09 8 27.23
GT 1.09 1 14.7
BCRX 1.11 5 14.24
BGFV 1.11 3 21.35
BZUN 1.12 1 19.14
HGSH 1.16 2 1.82
CLSK 1.17 1 11.69
COP 1.20 4 52.44
JPM 1.20 12 154.28
BBBY 1.22 12 25.89
EYES 1.22 6 3.38
C 1.23 4 3.53
EDSA 1.24 1 4.21
HCM 1.24 3 38.36
HHR 1.26 1 42.84
HJLI 1.27 1 6.82
BJ 1.29 4 54.02
AA 1.30 2 23.83
HD 1.31 7 322.9
HOG 1.32 2 40.12
AMC 1.35 50 33.82
BWAY 1.35 1 8.14
ECOM 1.37 1 22.9
COUR 1.39 1 40.91
EOSE 1.39 2 11.05
ERYP 1.39 2 5.96
CVS 1.40 3 84.23
GM 1.42 1 52.85
EYEG 1.45 1 1.48
JNJ 1.48 2 178.57
BILI 1.50 20 64.33
ENLV 1.50 1 9.58
GIS 1.53 1 60.91
FUV 1.54 1 11.04
HGEN 1.54 2 15.03
ENTX 1.55 1 4.43
CNC 1.57 1 70.47
A 1.59 5 167.67
BZ 1.59 1 34.13
CRCT 1.61 1 40.58
IYC 1.62 1 77.34
JZXN 1.63 4 3.3
CAH 1.64 3 50.63
FLOW 1.65 3 77.76
BLDR 1.70 1 47.31
CHKP 1.71 4 124.94
IMTX 1.72 2 11.69
CSIQ 1.74 1 31.99
DIS 1.79 6 173.25
AIT 1.83 1 89.31
BIDU 1.85 114 137.33
BNR 1.96 2 18.87
JG 1.96 2 1.95
JWN 1.96 1 33.94
IBM 2.00 4 138.02
CREE 2.05 3 79.68
BON 2.06 1 10.82
BBWI 2.11 2 65.51
IGIC 2.12 1 9.21
INCY 2.13 1 77.95
EXPI 2.14 3 40.19
HOOD 2.16 10 44.69
BTBT 2.20 6 12.08
FGEN 2.21 2 11.47
CHGG 2.22 1 85.0
CYTK 2.32 2 30
CRNC 2.46 2 116.64
HOL 2.52 1 12.35
JBL 2.52 1 58.25
BYSI 2.56 1 19.73
GS 2.60 6 393.57
HTBX 2.80 1 6.18
JCS 2.88 1 6.94
FATE 2.92 1
JRVR 2.95 1 37.79
J 2.97 1 56.85
CLX 3.04 2 165.71
KMPH 3.04 1 8.9
BYND 3.16 2 130.32
BIIB 3.26 3 338.62
ISCG 3.33 1 48.09
EA 3.34 1 140.6
FIGS 3.34 2 38.18
CERE 3.37 3 22.58
GME 3.48 75 152.9
BHVN 3.71 2 117.28
FANG 3.89 1 80.54
EAT 3.93 1 50.92
IMNM 4.16 1 13.17
CLDX 4.17 1 45.6
COF 4.22 1 159.96
IMAB 4.28 1 76.16
DDS 4.31 5 193.5
CAT 4.36 2 204.45
GOOG 4.55 25 2738.27
ADI 4.60 1 165.78
EDIT 4.67 1 56.48
HCA 4.67 1 249.32
HAS 4.75 1 103.98
HON 4.87 2 229.27
ABNB 4.90 3 142.65
APP 5.03 1 67.1
AACG 5.35 2 2.52
DQ 5.42 4 47.85
HRI 5.64 1 117.59
CELH 5.86 1 73.31
ENPH 5.87 2 162.89
KMB 6.35 1 135.82
KEYS 6.46 1 168.72
COST 6.76 2 454.26
FULC 6.92 2 22.69
GRTS 6.96 2 7.42
GH 7.05 1 98.77
AMZN 7.28 90 3187.75
FLGT 7.33 3 87.54
DASH 7.45 2 187.61
CRMT 7.58 2 132.01
BLK 7.59 1 880.67
CI 7.65 1 206.05
GPN 7.69 3 163
COIN 8.34 2 256.35
INTU 8.87 1 543.44
AAME 9.89 1 3.65
EL 11.21 1 330.06
KALV 11.62 1 17.9
CARV 11.81 2 16.53
CPOP 14.11 1 59.65
JAN 15.89 1 6.26
EJH 15.96 2 3.31
IAC 17.92 1 127.42
EBET 20.52 1 27.07
EEIQ 20.56 1 3.17
BNTX 20.64 2 446.24
BKNG 36.56 1 2209.57
