SHOP 32.80 7 1527.62 .147
DWAC 30.01 3 60.82 1.479
MSTR 14.75 8 736.12 .160
NVAX 11.91 10 172.45 .690
BKNG 10.17 8 2489.69 .032
SAM 9.40 7 505.05 .126
WBX 8.99 1 16.09 .558
AMZN 8.18 93 3318.11 .186
REGN 7.44 9 639.15 .099
W 7.31 7 252.52 .196
DUOL 7.27 3 175.04 .123
SIVB 7.01 8 727.99 .072
AZO 6.70 11 1779.44 .033
LAD 6.41 5 329.85 .095
BLK 6.24 5 936.23 .030
DDS 6.22 9 236.88 .234
MDB 5.88 8 498.27 .088
DPZ 5.62 11 487.38 .121
BNTX 5.53 16 274.32 .320
KOSS 5.35 7 15.94 2.345
DE 5.25 9 358.75 .126
EJH 5.21 6 2.93 10.668
SE 5.17 14 354.04 .196
SI 5.04 5 190.34 .130
THC 4.91 1 71.49 .068
UPST 4.74 17 344.73 .221
BKKT 4.57 1 36.23 .126
TSLA 4.47 150 1208.59 .450
RGEN 4.41 7 304.47 .098
ZM 4.40 14 278.94 .210
EEIQ 4.33 5 4.1 5.280
FLGT 4.22 5 86.79 .240
SPLK 4.15 5 166 .125
ASML 4.13 11 807.45 .055
ADBE 4.10 6 640.2 .036
ROKU 4.06 6 317.72 .072
BIIB 4.00 5 272.1 .070
CARV 3.92 6 14.83 1.584
SEDG 3.89 5 360.93 .050
NRXP 3.86 6 9.91 2.334
EL 3.86 7 325.15 .077
GOOG 3.73 28 2875.48 .028
ANVS 3.73 6 27.94 .798
SNPS 3.69 6 329.84 .066
CCXI 3.66 3 36.41 .300
AFRM 3.62 11 152.66 .253
EVA 3.59 1 68.47 .052
GPN 3.54 11 145.82 .264
MA 3.51 6 334.05 .060
EBET 3.45 6 28.48 .726
ZLAB 3.42 6 104.42 .192
SITM 3.41 5 269.56 .060
DQ 3.36 7 75 .308
SCPS 3.34 7 3.42 6.832
GLSI 3.27 5 36.71 .445
DPST 3.25 1 56.28 .057
JAN 3.24 5 6.23 2.600
ADGI 3.21 7 30.65 .728
IAC 3.19 7 154.23 .140
ZG 3.17 5 96.61 .160
COST 3.15 6 491.87 .036
CMTL 3.13 1 27.2 .115
ENPH 3.10 6 239.53 .072
CAT 3.09 7 205.38 .105
UNH 3.07 11 454.11 .066
NEGG 3.07 20 12.3 4.980
DOCS 3.04 6 73.73 .246
SAVA 3.02 26 46.11 1.690
IRNT 3.02 6 11.98 1.512
GME 2.99 82 200.09 1.148
ANTM 2.99 6 428.76 .036
LII 2.97 6 302.99 .054
ADSK 2.96 6 315.01 .054
IWM 2.93 6 233.96 .072
SNOW 2.91 8 357.73 .064
DLTR 2.90 5 110.76 .130
ZS 2.89 6 318.68 .054
GS 2.81 8 416.7 .048
MRNA 2.79 32 337.17 .256
CELH 2.77 5 101.4 .135
LLY 2.73 6 249.31 .060
LMT 2.70 10 330.93 .080
SBEA 2.67 1 9.82 .271
GRTS 2.64 6 11.62 1.362
NVCR 2.63 10 107.96 .240
NCTY 2.63 5 11.46 1.145
WDAY 2.61 5 288.07 .045
INTU 2.61 5 608.81 .020
OSTK 2.60 7 94.67 .189
AUVI 2.56 8 5.6 3.656
INMD 2.55 1 97.85 .026
WSM 2.54 5 187.78 .065
PYPL 2.54 8 231.28 .080
FULC 2.54 6 22.01 .690
KEYS 2.52 4 181.03 .052
INDP 2.52 5 7.43 1.695
AVXL 2.41 5 20.24 .595
DASH 2.38 8 197.94 .096
RBLX 2.36 7 81.14 .203
CPOP 2.34 5 3.15 3.710
LIN 2.33 6 322.97 .042
NXPI 2.32 5 205.13 .055
OLB 2.29 2 4.59 .996
XBI 2.27 5 129.59 .085
AMGN 2.27 5 209.79 .050
VMW 2.23 6 152.45 .084
HCA 2.20 4 250.99 .032
EA 2.20 3 141.77 .045
TPST 2.19 5 11.73 .930
PKG 2.17 5 135.45 .080
CHGG 2.17 3 62.76 .102
ASAN 2.17 8 135.28 .128
PDD 2.15 5 93.48 .110
DLPN 2.14 5 11.51 .925
AACG 2.14 5 2.285 4.680
DIS 2.12 7 170.19 .084
ACRS 2.12 7 18.49 .798
LCID 2.11 3 36.53 .171
ALEC 2.10 6 22.35 .558
V 2.08 7 212.46 .063
ROST 2.08 4 114.01 .072
KNBE 2.06 5 24.25 .420
COIN 2.06 6 330.99 .036
BBY 2.06 5 123.91 .080
DG 2.03 4 220.47 .036
PENN 2.02 8 74.89 .208
IONQ 2.02 1 15.66 .128
MRIN 2.01 5 6.53 1.535
UHAL 1.98 9 741.02 .018
AAME 1.97 5 4.26 2.310
SPT 1.96 5 129 .075
KMB 1.96 6 130.28 .090
MDT 1.95 5 120.23 .080
COHN 1.95 5 21.38 .455
ARVN 1.91 7 88.8 .147
MSGE 1.88 4 73.94 .100
TDG 1.87 4 630.54 .008
COF 1.87 4 153.01 .048
VLO 1.86 4 78.02 .092
LOW 1.83 7 231.75 .049
CI 1.83 5 216.13 .040
ACMR 1.83 5 111.29 .080
AAP 1.82 4 225.11 .032
TMUS 1.78 5 115.86 .075
ROLL 1.78 7 233.15 .049
CERE 1.78 7 40.9 .301
BIDU 1.78 117 170.32 1.170
VRPX 1.77 9 4.23 3.762
TSCO 1.77 8 213.83 .064
RAPT 1.77 7 34.72 .350
DAVA 1.77 4 161.87 .040
CTRN 1.77 4 79.81 .088
JKS 1.76 3 56.89 .090
HON 1.76 7 219.76 .056
TSP 1.75 5 39.9 .215
DELL 1.75 7 111.51 .105
TASK 1.74 7 59.79 .203
BHVN 1.74 4 148.2 .044
SQ 1.73 23 255.04 .138
LWAC 1.73 5 16.98 .505
WAVE 1.72 5 7.14 1.200
LAIX 1.72 4 0.8953 7.684
IMPL 1.70 5 11.17 .760
CM 1.70 4 122.02 .052
TWTR 1.69 5 55.11 .150
RL 1.69 6 129.75 .078
NNOX 1.69 5 24.43 .345
KYMR 1.69 2 63.07 .052
BURL 1.68 8 287.35 .040
ROG 1.67 1 208.23 .008
AN 1.67 8 123.38 .104
NMRD 1.66 4 6.32 1.048
NVOS 1.65 5 1.74 4.740
ESTC 1.65 4 173.83 .036
FISV 1.64 6 101.99 .096
CREE 1.64 5 79.12 .100
A 1.64 7 157.06 .070
KSS 1.63 7 51.58 .217
JZXN 1.63 4 2.29 2.844
TTD 1.62 7 76.49 .147
LEGN 1.61 5 52.7 .150
CLDX 1.61 3 44.09 .108
TTC 1.60 4 97.52 .064
STMP 1.59 4 329.61 .016
LH 1.59 7 288.78 .035
HOOD 1.59 13 34.85 .585
LHDX 1.58 4 6.15 1.024
ABNB 1.58 6 174.6 .054
RLMD 1.57 4 24.79 .252
LYFT 1.57 4 46.4 .132
GTEC 1.57 2 5.85 .536
GH 1.57 8 120.43 .104
CARA 1.57 2 17.5 .178
XLNX 1.56 8 185.39 .064
PAYX 1.56 1 121.6 .012
DPW 1.56 5 2.27 3.435
TSC 1.55 1 30.31 .051
IRDM 1.55 4 41.84 .148
CRNC 1.55 4 106.42 .056
BLFS 1.55 1 54.06 .028
FUV 1.54 1 12.84 .119
CHCI 1.54 3 4.41 1.047
XM 1.53 1 46.55 .032
TERN 1.53 4 9.69 .628
SIEB 1.53 5 3.37 2.270
FANG 1.53 5 111.61 .065
DLO 1.53 5 50.11 .150
CLX 1.52 4 163.4 .036
OVV 1.51 2 38.32 .078
MVIS 1.51 4 8.42 .716
GRU 1.51 1 4.6 .328
WAFU 1.50 4 6.05 .988
UAL 1.50 1 48.05 .031
SUPN 1.50 1 30.34 .049
RACE 1.50 7 239.74 .042
DKS 1.50 12 120.82 .144
AMD 1.50 11 125.23 .121
BCYC 1.49 3 53.5 .081
STT 1.48 3 99.33 .042
SEMR 1.48 2 24.65 .120
JRVR 1.48 2 32.29 .090
JNJ 1.48 2 163.02 .018
CPE 1.48 4 54.73 .108
ADI 1.48 5 174.99 .040
NURO 1.47 11 8.45 1.903
FGEN 1.47 3 11.67 .375
EDIT 1.47 3 38.61 .114
VCVC 1.46 1 9.85 .148
SFIX 1.46 2 34.46 .084
LITE 1.46 2 84.49 .034
HTBX 1.46 2 5.58 .522
BYND 1.46 5 99.57 .070
EYEG 1.45 1 1.99 .728
BTBT 1.45 10 11.8 1.220
MRUS 1.44 2 29.24 .098
KALV 1.44 8 18.25 .624
JD 1.44 5 82.5 .085
SNOA 1.43 3 6.03 .711
LANC 1.43 2 168.43 .016
CNC 1.43 2 71.74 .038
ATKR 1.43 2 98.15 .028
TTWO 1.42 4 183.8 .028
TSN 1.42 4 80.83 .068
STE 1.42 4 235.78 .024
IMNM 1.42 4 22.27 .252
ATVI 1.42 3 79.35 .051
APPS 1.42 5 91.4 .075
RMBL 1.41 3 40.29 .102
SNA 1.40 4 204.78 .024
LAZR 1.40 3 17.4 .240
JCS 1.40 3 3.85 1.089
HX 1.40 6 4.62 1.818
CVS 1.40 3 90.65 .045
CRDF 1.40 1 6.27 .223
WGO 1.39 2 70.64 .038
VERY 1.39 4 8.36 .664
OPNT 1.39 3 24.03 .171
KURA 1.39 3 17.09 .243
JBL 1.39 2 61.88 .044
EOSE 1.39 2 11.51 .240
TNET 1.38 1 101.53 .013
EXPI 1.38 6 53.59 .150
TWST 1.37 7 126.88 .070
LIVE 1.37 3 32.09 .126
ECOM 1.37 1 25.62 .053
SM 1.36 1 36.64 .037
FATE 1.36 3 57.76 .069
TAOP 1.35 3 3.08 1.314
IBM 1.35 6 126.28 .060
BWAY 1.35 1 8.55 .157
WNW 1.34 1 3.43 .390
OLN 1.34 1 59.07 .022
CAH 1.34 4 48.62 .108
UBER 1.33 4 44.36 .116
PKI 1.33 3 176.36 .021
NLS 1.33 1 10.68 .124
MOXC 1.33 4 6.17 .860
GRVY 1.33 7 106.7 .084
VRNT 1.32 3 46.89 .084
TJX 1.32 4 66.65 .076
TDC 1.32 3 56.34 .069
COUR 1.32 2 37 .070
AEO 1.32 2 25.32 .104
VIH 1.31 1 9.36 .139
SPY 1.31 1 460.04 .002
ABCL 1.31 1 17.03 .076
UHS 1.30 4 124.93 .040
NEWR 1.30 4 82.43 .060
JG 1.30 3 1.59 2.451
GWRE 1.30 5 119.39 .050
BNR 1.30 3 15.53 .249
BKE 1.30 3 43.34 .087
WM 1.29 6 159.28 .048
OLLI 1.29 2 71.27 .036
LI 1.29 3 32.34 .117
DOCN 1.29 4 94.77 .052
APPN 1.29 4 98.83 .052
VSCO 1.28 4 49.84 .100
FRD 1.28 1 14.2 .090
BILI 1.28 22 80.69 .330
ABT 1.28 5 128.94 .045
YETI 1.27 4 100.39 .048
RHE 1.27 2 6.84 .370
NFE 1.27 1 31.37 .040
HJLI 1.27 1 10.38 .122
APXT 1.27 1 12.11 .104
SPCE 1.26 24 19.55 1.536
MQ 1.26 4 33.25 .148
MESO 1.26 1 6.08 .207
DOMO 1.26 4 88.63 .056
USB 1.25 4 60.78 .080
THCB 1.25 1 10 .125
RIOT 1.25 3 28.09 .132
OPAD 1.25 4 7.99 .624
NGM 1.25 2 19.1 .130
CHKP 1.25 6 116.35 .060
BYSI 1.25 3 14.66 .255
SJ 1.24 4 6.15 .804
PBTS 1.24 1 1.28 .968
LPX 1.24 3 60.23 .060
LEDS 1.24 3 7.89 .471
KMX 1.24 2 138.95 .016
EDSA 1.24 1 8.49 .146
CMMB 1.24 2 10.48 .236
BNTC 1.24 3 3.77 .984
ANPC 1.24 2 2.64 .938
ALXN 1.24 4 182.5 .024
TAP 1.23 2 45.18 .054
NVDA 1.23 147 258.27 .588
LAW 1.23 3 55.55 .066
J 1.23 3 140.71 .024
C 1.23 4 69.61 .068
RCUS 1.22 1 34.1 .035
EYES 1.22 6 2.84 2.574
DDL 1.22 2 28.36 .086
RTX 1.21 2 88.55 .026
PFGC 1.21 3 47.26 .075
OSAT 1.21 3 5.08 .714
LYEL 1.21 3 14.14 .255
HGEN 1.21 3 7.58 .477
HD 1.21 12 366.48 .036
EAT 1.21 3 42.48 .084
ARAV 1.21 1 3.59 .337
AMC 1.21 57 37.07 1.824
WHLM 1.20 4 5.64 .848
SPG 1.20 5 149.36 .040
PG 1.20 7 142.64 .056
OCGN 1.20 9 13.98 .765
MMM 1.20 7 179.58 .042
MAXR 1.20 3 27 .132
JPM 1.20 12 169.8 .084
CRIS 1.20 2 6.93 .346
CETX 1.20 1 1.35 .888
AMTX 1.20 3 19.96 .180
AKAM 1.20 3 105.39 .033
TVTX 1.19 3 29.6 .120
SGOC 1.19 9 6.18 1.728
JWN 1.19 3 29.73 .120
PRTA 1.18 8 57.46 .160
ENOB 1.18 4 9.25 .508
DFH 1.18 1 15.91 .074
ZEV 1.17 4 8.48 .548
STZ 1.17 4 220.21 .020
SKT 1.17 3 17.73 .195
NIU 1.17 3 26.97 .129
CYTK 1.17 4 34.35 .136
CLSK 1.17 1 21.68 .053
VOXX 1.16 3 11.92 .291
TRI 1.16 3 118.72 .027
SIF 1.16 1 8.0683 .143
NTAP 1.16 4 90.12 .048
MAT 1.16 3 21.59 .159
LOGI 1.16 5 82.78 .070
HGSH 1.16 2 1.99 1.164
AMEH 1.16 8 70.67 .128
AMAT 1.16 8 139.51 .064
ZIM 1.15 6 54.28 .126
UPS 1.15 7 210.9 .035
NTRB 1.15 2 6.36 .360
IMTX 1.15 3 14.38 .237
BZ 1.15 2 36.57 .062
TGT 1.14 10 257.92 .040
HCWB 1.14 2 3.91 .582
DAL 1.14 4 40.42 .112
BBLG 1.14 1 5.48 .208
AVIR 1.14 3 12 .285
VNET 1.13 3 17.21 .195
STG 1.13 1 4.98 .226
SCHW 1.13 4 81.87 .052
PEP 1.13 5 161.26 .035
NUAN 1.13 1 55.14 .020
HAS 1.13 5 94.95 .055
BTX 1.13 2 8.98 .250
ABSI 1.13 1 15.55 .072
MNOV 1.12 2 3.45 .648
FIGS 1.12 5 34.52 .160
BZUN 1.12 1 18.46 .060
TGTX 1.11 1 32.73 .033
SHEN 1.11 3 28.77 .114
PMCB 1.11 3 2.93 1.134
GIII 1.11 4 29.59 .148
DXC 1.11 2 33.37 .066
CNET 1.11 1 1.46 .760
ALLO 1.11 2 18.74 .118
RUN 1.10 5 58.19 .090
OPTT 1.10 1 2.25 .488
XTLB 1.09 2 3.91 .556
SKX 1.09 4 47.79 .088
LIFE 1.09 3 8.74 .372
GT 1.09 1 20.56 .053
ATAI 1.09 1 15.52 .070
ALDX 1.09 2 9.24 .234
MTSL 1.08 3 3.37 .960
FCBP 1.08 1 29.1 .037
B 1.08 1 41.64 .025
AZYO 1.08 1 5.875 .183
ALF 1.08 2 4.48 .482
TTCF 1.07 1 18.08 .059
SMLP 1.07 2 31.81 .066
GFAI 1.07 1 2.64 .405
BBBY 1.07 13 15.28 .910
VYGR 1.06 2 3.71 .570
SPI 1.06 3 5.16 .615
CRM 1.06 11 302.76 .033
BAC 1.06 4 47.85 .088
SCR 1.05 5 35.58 .145
PTGX 1.05 3 32.96 .093
PLD 1.05 4 144.73 .028
NETE 1.05 1 8.93 .117
MNST 1.05 4 85.46 .048
CELC 1.05 3 19.33 .162
OCUP 1.04 1 4.02 .258
IPA 1.04 2 6.33 .328
FSTX 1.04 1 6.93 .150
CANF 1.04 1 1.51 .688
LUV 1.03 4 49.13 .080
KMPH 1.03 3 9.59 .321
BLDR 1.03 2 58.54 .034
ALYA 1.03 3 2.79 1.107
MFNC 1.02 2 21.5 .094
AXP 1.02 5 174.21 .025
ZCMD 1.01 1 1.73 .583
MOS 1.01 4 41.46 .096
LL 1.01 1 18.74 .053
EGRX 1.01 2 53.6 .036
PINS 1.00 4 45.26 .088
MO 1.00 3 44.05 .066
IMAB 1.00 5 63.94 .075
DKNG 1.00 5 49.02 .100
FL .99 3 48.53 .060
DD .99 2 71.23 .026
ACY .99 19 48.86 .380
VTSI .98 2 8.19 .238
TRCH .98 2 4.95 .394
MYGN .98 2 31.19 .062
MCD .98 8 250.58 .024
HOFV .98 2 2.43 .806
SKLZ .97 3 12.04 .240
MS .97 8 104 .072
RRGB .96 2 20.87 .090
HRI .96 4 183.96 .020
FA .96 1 19.19 .050
CRCT .96 2 28.18 .068
AZPN .96 4 155.99 .024
QDEL .95 4 137.5 .024
NEE .95 2 85.59 .022
BTWN .95 1 10.01 .094
BPTH .95 2 4.87 .390
AGRI .95 5 2.7 1.755
LAC .94 1 29.26 .032
FTCH .94 2 40.2 .046
CGC .94 1 13.25 .070
HCM .93 4 30.1 .120
CHPT .93 1 25.66 .036
PLUG .92 9 41.65 .198
PLCE .92 3 85.63 .030
OKE .92 3 64.14 .042
LBPH .92 1 7.25 .126
KNL .92 1 25.04 .036
YEXT .91 1 12.97 .070
WFC .91 4 51.71 .068
SSY .91 3 2.41 1.131
SLS .91 3 8.93 .303
AIT .91 2 97.05 .018
HOG .90 4 39.8 .088
GEG .90 1 1.97 .456
CRTO .90 1 33.23 .027
ATNF .90 3 5.12 .525
YMM .89 1 16.11 .055
ON .89 6 54.99 .096
NKE .89 8 166.33 .040
ERYP .89 3 2.93 .909
ARCE .89 2 17.58 .100
ACHL .89 1 6.71 .132
OTIS .88 4 80.92 .040
KHC .88 2 36.73 .046
GMBL .88 2 5.87 .298
ALC .88 1 84.4 .010
GM .87 3 55.49 .045
GDEV .87 3 8.94 .291
DTSS .87 1 2.22 .391
AFMD .87 1 6.96 .125
VLDR .86 1 6.59 .130
UTHR .86 4 193.76 .016
RF .86 1 24.15 .035
KODK .86 2 7.04 .244
VMEO .85 2 34.44 .048
SRNE .85 1 7.05 .120
SOFI .85 4 22.62 .148
SAFM .85 1 191.5 .004
RIDE .85 5 5.6 .755
INCY .85 3 69.35 .036
ABBV .85 5 114.81 .035
RKT .84 1 17.57 .047
PTIX .84 2 1.99 .844
LEXX .84 3 6.33 .396
IYC .84 2 84.97 .018
HOL .84 3 12.35 .204
DTST .84 3 4.07 .618
CLII .84 3 14.36 .174
BB .84 11 11.37 .803
APOP .84 5 13.17 .315
TNA .83 5 100.42 .040
IRBO .83 1 45.96 .018
CNA .83 1 46.03 .018
BLUW .83 2 9.63 .172
SANA .82 1 22.38 .036
MNSO .82 1 15.59 .052
FITB .82 3 44.47 .054
SPRT .81 20 11.8 1.360
MRK .81 5 87.84 .045
MBRX .81 2 2.63 .614
CRTD .81 6 3.74 1.296
APP .81 8 99.49 .064
SYPR .80 4 3.85 .828
SWI .79 1 15.85 .049
SLV .79 2 22.23 .070
SCYX .79 1 5.18 .152
PNRG .79 1 70.2191 .011
GLD .79 10 167.52 .040
BJ .79 7 59.35 .091
AUPH .79 5 32.63 .120
ZY .78 3 11.17 .207
VVOS .78 4 3.9 .800
UAA .78 3 21.98 .105
IPHA .78 4 5.87 .528
GNOG .78 1 17.75 .043
DUK .78 4 102.31 .028
COP .78 6 74.59 .060
CAI .78 1 55.97 .013
BABA .78 98 170.17 .392
PRFX .77 3 2.4602 .936
PLTR .77 2 26.56 .056
ENTX .77 2 4.27 .360
STX .76 9 91.9 .072
QFIN .76 8 21.8 .272
NFLX .76 105 681.17 .105
NBRV .76 1 1.21 .628
GROM .76 2 3.71 .408
SJM .75 11 123.62 .066
GPS .75 6 23.65 .186
FLWS .75 4 31.69 .092
FB .75 106 329.98 .212
CEMI .75 7 2.34 2.240
SCKT .74 4 6.32 .468
PSTG .74 2 27.15 .054
LOOP .74 4 16.6 .176
GTIM .74 1 4.865 .152
GRVI .74 3 5.61 .393
FUBO .74 2 33.06 .044
EVOL .74 2 2.76 .536
ATXI .74 1 1.59 .465
VZ .73 2 52.95 .026
VOOV .73 1 147.84 .004
UPC .73 3 2.31 .948
SQBG .73 2 6.24 .232
RNXT .73 2 5.46 .266
NVFY .73 3 2.36 .927
EQT .73 1 20.62 .035
RMED .72 6 3.02 1.428
ENSC .72 1 2.28 .315
DEN .72 4 86.99 .032
CRMT .72 9 119.93 .054
BTCM .72 4 8.61 .332
ARPO .72 1 2.2 .327
ZKIN .71 2 3.07 .462
RFL .71 5 7.4 .475
PALI .71 3 2.73 .780
MVST .71 5 8.9 .395
WMT .70 16 149.79 .064
TBLA .70 1 9.85 .071
SONO .70 6 34.75 .120
PRPL .70 3 19.37 .108
ORGS .70 1 4.61 .151
OCX .70 1 3.53 .198
INTC .70 6 49.55 .084
IGIC .70 3 8.6 .243
CBAT .70 2 2.23 .626
BGFV .70 6 25.59 .162
AMKR .70 2 22.85 .060
FTEK .69 3 1.96 1.056
BEKE .69 1 19.66 .035
ASM .69 1 0.9628 .716
APRE .69 3 5.04 .408
ONCS .68 1 1.75 .388
DDD .68 9 31.61 .189
XONE .67 2 25.57 .052
XLK .67 5 161.29 .020
PDCO .67 2 32.64 .040
JRJC .67 3 6.27 .318
FOE .67 1 21.12 .031
CROX .67 5 167.73 .015
CLNE .67 1 9.54 .070
ANF .67 2 41.44 .032
ACH .67 1 15.04 .044
VIPS .66 1 11.92 .055
SSNT .66 1 5.74 .114
RETO .66 1 1.23 .536
LGHL .66 2 2.08 .634
CTKB .66 1 23.63 .027
BCRX .66 8 15.31 .344
AMOM .66 1 37.58 .017
TATT .65 3 6.53 .297
STRO .65 2 21.67 .058
PCVX .65 1 24.99 .026
LMNL .65 3 1.94 1.005
SLGG .64 2 3.82 .334
SDC .64 2 5.38 .236
LZB .64 2 34.82 .036
XLV .63 5 133.66 .020
PFE .63 7 43.64 .098
MTTR .63 7 24.73 .175
HPQ .63 4 31.25 .080
FLOW .63 4 76.4 .032
DNUT .63 3 12.95 .144
CLF .63 10 23.23 .270
CCL .63 4 23.07 .108
ULTA .62 1 365.13 .001
MPC .62 3 67.26 .027
LJPC .62 2 4.17 .296
ISEE .62 4 17.81 .136
IFRX .62 2 4.74 .260
BON .62 3 6.64 .279
AREC .62 5 2.37 1.305
APG .62 2 22.23 .054
AA .62 9 46.73 .117
SOS .61 2 2.28 .534
RY .61 7 104.52 .035
PLG .61 1 2.53 .241
CL .61 4 75.95 .032
AMBO .61 1 1.3 .469
SPTN .60 2 23.44 .050
SLB .60 4 33.3 .072
PSTV .60 1 1.86 .322
KIRK .60 2 23.92 .050
EVK .60 6 2.86 1.254
AYRO .60 2 3.18 .376
AVCT .60 1 2.4 .250
AMRS .60 1 14.85 .040
VERU .59 3 8.44 .207
LEN .59 5 101.13 .025
BIG .59 2 46.68 .024
WPRT .58 2 3.8 .304
WISH .58 3 5.45 .318
STAF .58 2 1.74 .666
CSIQ .58 4 41.29 .056
WEI .57 1 0.9255 .615
SNAP .57 113 53.98 1.130
SBTX .57 1 8.94 .063
ORPH .57 4 4.18 .544
GGAL .57 1 10.83 .052
EZFL .57 1 2.85 .200
TQQQ .56 137 156.69 .411
T .56 3 25.37 .066
SBH .56 2 16.1 .068
OBLN .56 3 3.05 .549
MTP .56 1 1.7227 .325
LODE .56 3 2.26 .741
CLPS .56 1 3.06 .183
CLPS .56 1 3.06 .183
CLOV .56 1 7.82 .071
VNE .55 6 35.52 .090
UWMC .55 1 7.11 .077
RSI .55 2 20.93 .052
MU .55 6 70.7 .042
MOSY .55 2 6.65 .164
FLXN .55 1 9.29 .059
FLGC .55 4 4.48 .488
EOLS .55 1 8.38 .065
WHLR .54 2 2.56 .420
TSM .54 3 114.12 .012
NIO .54 76 40.84 .988
M .54 7 28.42 .133
ENZ .54 2 3.42 .314
ADMA .54 1 1.35 .400
TBIO .53 3 37.36 .042
MEDS .53 5 4.24 .625
HUYA .53 3 9.09 .174
GIS .53 5 62.29 .040
ERJ .53 5 15.81 .165
EQ .53 1 6.23 .085
BBWI .53 6 71.64 .042
ASTR .53 4 9.98 .212
TLRY .52 3 10.75 .144
SILK .52 7 61.47 .056
PHUN .52 10 3.83 1.350
CSCO .52 8 56.1 .072
WOOF .51 2 24.52 .040
RCON .51 2 2.37 .430
MRVL .51 6 68.96 .042
KO .51 6 56.17 .054
K .51 8 62.16 .064
DYAI .51 3 4.14 .369
CPSH .51 1 5.1 .100
TIGR .50 8 7.28 .544
PATI .50 2 15.53 .064
MDIA .50 3 8.9 .168
GRTX .50 3 1.85 .810
RKDA .49 1 1.99 .246
NRBO .49 2 1.89 .518
IGC .49 3 1.39 1.056
GP .49 3 14.55 .099
GEVO .49 4 7.67 .252
ENLV .49 2 9 .108
ECHO .49 1 48.15 .010
CCJ .49 6 25.14 .114
ATHM .49 3 40.62 .036
ARMP .49 1 3.91 .125
NNDM .48 3 6.28 .228
HRL .48 5 42.95 .055
HRC .48 5 155.1 .015
EPU .48 3 30.36 .045
DRN .48 4 26.55 .072
XPEV .47 81 47.87 .729
XLE .47 6 58.46 .048
TRIL .47 1 18 .026
STEM .47 5 24.3 .095
SOHU .47 6 20.98 .132
QCOM .47 8 134.81 .024
EXPR .47 5 4.03 .580
DARE .47 1 1.5 .313
BODY .47 2 5.51 .170
VXX .46 3 21.1 .063
UFAB .46 2 3.02 .304
NTEC .46 4 9.63 .188
MARK .46 4 1.92 .956
KBSF .46 2 3.05 .300
GURE .46 1 5.52 .083
EQOS .46 1 6.03 .076
CVV .46 2 4.85 .188
BCLI .46 1 2.93 .156
TYME .45 4 0.9601 1.872
TME .45 1 8.41 .053
ONCT .45 2 3.87 .232
ME .45 4 11.72 .152
ADIL .45 2 3.14 .286
WORX .44 4 1.77 .992
NNVC .44 3 5.07 .258
GALT .44 3 3.27 .402
FFHL .44 2 9.4 .092
DWSN .44 2 2.33 .376
EVGO .43 2 10.38 .082
EVGN .43 1 2.81 .153
CAN .43 4 8.95 .192
ATIF .43 1 4.01 .107
ACI .43 8 31.82 .104
FCX .42 23 38.33 .230
DBGI .42 5 3.82 .545
CTSO .42 4 5.85 .284
ARMK .42 4 37.37 .044
SRNG .41 1 11.42 .035
MSFT .41 112 329.37 .112
KZIA .41 2 11.2 .072
GTT .41 1 2.36 .173
FFIE .41 1 8.83 .046
BLIN .41 8 3.45 .944
AUUD .41 7 2.7 1.057
ACOR .41 4 4.18 .392
YJ .40 2 0.8799 .908
ORMP .40 13 25.08 .195
LIZI .40 4 3.14 .508
KR .40 15 40.45 .135
GE .40 4 106.23 .012
FBRX .40 1 3.09 .129
DUOT .40 1 5.355 .074
CTIB .40 5 1.97 1.015
CIEN .40 18 55.26 .126
CHRA .40 1 4.63 .086
VTNR .39 8 5.1 .608
VIR .39 4 37 .040
LC .39 10 47.61 .080
FAST .39 4 56.78 .024
CSCW .39 2 0.7789 1.000
AQMS .39 3 1.83 .639
APTO .39 3 2.2 .531
UNIT .38 1 14.44 .026
OVID .38 2 3.45 .220
OTLK .38 2 2.08 .364
MRTN .38 3 17.02 .066
ANIX .38 1 5.09 .074
AAL .38 8 19.77 .152
UONE .37 7 10.46 .245
PTON .37 4 92.83 .012
ORCL .37 34 94.38 .102
HUGE .37 1 1.39 .266
HNST .37 1 9.24 .040
HHR .37 4 53.38 .024
GPK .37 1 20.15 .018
CHMA .37 2 3.76 .196
CDEV .37 1 7.5 .049
UAVS .36 3 2.94 .366
MRKR .36 1 1.56 .230
MARA .36 15 55.51 .090
JFIN .36 2 3.99 .180
IDEX .36 4 2.11 .680
GNLN .36 2 1.77 .406
BNGO .36 12 5.4 .792
AKTX .36 1 1.65 .218
AEHR .36 23 22.56 .345
ADMP .36 1 1.06 .339
ACB .36 3 6.99 .153
ORGO .35 2 11.2 .062
LTHM .35 10 29.13 .120
LMFA .35 5 6.18 .280
IRIX .35 3 8.11 .129
GOVX .35 6 4.08 .510
FLO .35 4 24.93 .056
CLSD .35 3 5.49 .189
CIFR .35 3 9.85 .105
BSQR .35 13 2.34 1.937
AESE .35 1 1.86 .188
XELB .34 2 1.41 .482
TRIT .34 5 7.48 .225
TESS .34 2 5.51 .122
HWCC .34 1 5.3 .064
XOM .33 9 65.63 .045
KULR .33 2 2.87 .228
HNP .33 2 20.62 .032
GTS .33 1 35.34 .009
BHTG .33 1 1.23 .268
AZN .33 11 62.46 .055
WATT .32 2 2.04 .312
VBLT .32 2 2.38 .268
TAL .32 2 4.45 .142
SPCB .32 2 0.91 .702
SGBX .32 3 3.22 .297
MINM .32 2 1.74 .366
IMMP .32 3 4.35 .219
BKYI .32 1 3.15 .101
AAPL .32 108 148.96 .216
WINT .31 3 1.84 .504
ULBI .31 2 6.31 .098
PBR .31 8 10.2 .240
FENC .31 1 9.49 .032
DMAC .31 2 4.09 .150
D .31 8 75.41 .032
AUTL .31 2 5.75 .106
AEY .31 1 2.22 .139
XLP .30 4 71.36 .016
OXBR .30 5 3.45 .430
HAPP .30 1 0.9648 .310
ENG .30 3 2.43 .369
BBIG .30 20 5.07 1.180
NEXT .29 4 3.85 .300
HUSN .29 4 2.3 .504
NKLA .28 14 12.5 .308
MITO .28 1 1.13 .247
BP .28 4 29.28 .036
ALTO .28 3 5.6 .150
WIMI .27 4 5.07 .212
RSLS .27 4 2.79 .384
NAOV .27 11 1.46 2.024
GSM .27 7 7 .266
ENVB .27 3 1.89 .426
VIVE .26 2 2.16 .240
RRD .26 3 6.51 .117
PPBT .26 1 4.44 .058
PME .26 1 0.6587 .394
IMMR .26 5 9.17 .140
AXLA .26 2 3.27 .158
AGNC .26 3 16.18 .048
PBLA .25 1 2.16 .115
HIPO .25 2 4.32 .114
RVI .24 2 6.01 .078
RAIL .24 4 4.45 .212
MOGO .24 4 6.2 .152
IKT .24 1 1.97 .121
GBR .24 1 3.77 .063
PIRS .23 7 4.73 .336
OCG .23 4 4.34 .208
BGI .23 2 7.81 .058
ANY .23 16 6.74 .544
THTX .22 1 3.51 .062
SSKN .22 1 1.83 .120
SPWH .22 3 17.22 .036
JFU .22 3 1.52 .432
INOV .22 2 40.69 .010
DYNT .22 5 1.47 .745
VIEW .21 1 5.29 .039
TENX .21 1 1.57 .133
ATOS .21 5 2.81 .370
ALAC .21 2 11.58 .036
ZNGA .20 2 7.56 .052
SALM .20 4 3.86 .204
ENSV .20 1 1.17 .170
EKSO .20 1 3.96 .050
NBEV .19 1 1.54 .123
MOMO .19 3 13.02 .042
VSH .18 3 20.14 .024
TEO .18 1 5.1 .035
OBSV .18 5 2.56 .350
ADMS .18 1 8.16 .022
YPF .17 2 4.35 .078
PPC .17 2 28.53 .010
LIVX .17 2 3.07 .110
KXIN .17 6 2.23 .456
GMTX .17 1 3.85 .044
FCEL .17 129 9.53 2.193
SWN .16 2 5.02 .062
SNES .16 2 1.52 .210
INFI .16 4 2.64 .240
HFBL .16 1 18.9 .008
SBS .15 5 6.32 .115
IMV .15 2 1.59 .188
GRUB .15 3 14.43 .030
CHNG .15 2 21.75 .012
AGEN .15 10 4.39 .340
SYKE .14 3 54 .006
OEG .14 1 2.79 .050
NXTP .14 1 1.38 .101
INM .14 1 1.56 .089
IEC .14 1 15.34 .009
EDU .14 1 2.22 .063
TELL .13 7 4.18 .217
SVBI .13 1 13.63 .009
OSMT .13 4 1.8 .288
LMRK .13 1 16.34 .007
GENE .13 3 2.96 .129
ESXB .13 1 12.13 .010
CRON .13 4 5.42 .092
VERB .12 8 2.14 .448
SBBP .12 2 2 .120
PSTX .12 1 6.53 .018
MTL .12 8 4.13 .232
GSAT .12 2 1.67 .142
CHNR .12 4 1.34 .356
TTM .11 8 33.53 .024
SNMP .11 2 1.08 .202
MRO .11 15 17.03 .090
MOHO .11 3 0.679 .486
GBS .11 1 2.26 .048
FENG .11 2 1.41 .156
CALA .11 1 2 .055
ACHV .11 2 8.36 .026
XPDI .10 10 13.11 .070
SSL .10 13 17.05 .065
SLHG .10 1 2.82 .035
RCAT .10 2 2.92 .068
RAVN .10 3 57.84 .003
KDMN .10 4 9.46 .040
EDTK .10 2 1.4 .142
CNFR .10 2 2.7315 .072
XELA .09 7 2.06 .301
WTER .09 2 1.74 .102
TEDU .09 2 0.86 .208
TAAG .09 1 20.9494 .004
SELF .09 1 5.09 .017
RIG .09 6 3.76 .138
PRPO .09 3 2.605 .102
CPG .09 6 5.1 .102
BIOC .09 2 3.85 .046
AEMD .09 3 3.53 .075
AEI .09 2 2.04 .088
MBII .08 1 0.8887 .090
COTY .08 5 8.71 .045
CLDR .08 1 15.99 .005
BQ .08 2 2.01 .078
OCG .07 13 4.34 .208
NEPT .07 2 0.5189 .268
MFGP .07 3 5.13 .039
ITRO .07 1 1.27 .055
ITRN .07 3 26.12 .006
FRO .07 11 9.13 .077
DBVT .07 11 3.25 .231
ALZN .07 1 2.13 .032
XBIO .06 8 1.77 .264
WYNN .06 3 93.69 0
VSTM .06 2 2.7 .044
PSP .06 2 16.44 .006
ET .06 4 9.93 .024
ABUS .06 1 3.92 .015
ULTA .05 12 365.13 0
OXY .05 29 34.81 .029
MDNA .05 8 2.24 .176
FRBK .05 1 3.08 .016
WYNN .04 4 93.69 0
PBT .04 2 8.34 .008
NOK .04 6 5.69 .042
IRCP .04 4 2.75 .056
CXP .04 1 19.18 .002
AVGR .04 7 0.7284 .378
VTGN .03 5 2.4 .060
VCAR .03 1 17.12 .001
VALN .03 1 48.82 0
SNDL .03 1 0.657 .045
SIC .03 1 14.49 .002
SLVO .02 3 5.4 .009
NWHM .02 1 8.99 .002
KIN .02 2 9.25 .004
EIC .02 2 18.37 .002
DSE .02 1 9.49 .002
BLNK .02 11 33.42 0
RTLR .01 8 12.02 0
PMD .01 1 8.28 .001
INFL .01 2 31.52 0
IACB .01 3 9.95 .003
DFP .01 2 28.63 0
BEST .01 3 1.31 .021
WMPN 0 4 12.24 0
QADB 0 4 87.46 0
PAE 0 1 9.93 0
NLSP 0 1 2.21 0
GSKY 0 1 12.35 0
NSYS -.12 1 10.37 -.011
