DWAC 30.01 3 43.1 2.088
SHOP 25.38 10 1576.7 .160
PANW 23.18 1 533.24 .043
MSTR 14.75 8 663 .176
RNG 11.84 1 224.54 .052
BKNG 10.17 8 2155.56 .032
NVAX 9.95 12 217.97 .540
SAM 9.40 7 454.64 .140
WBX 8.99 1 13.45 .668
RMD 8.09 1 251.21 .032
AMZN 8.00 94 3504.56 .188
REGN 7.44 9 643.35 .099
DUOL 7.27 3 122.58 .177
SIVB 7.01 8 714.19 .072
W 6.80 8 276.42 .192
AZO 6.70 11 1814.18 .033
PUBM 6.66 1 37.69 .176
DDS 6.58 10 340.77 .190
LAD 6.41 5 285.97 .110
BLK 6.24 5 901.64 .030
SPLK 6.20 6 124.85 .294
CAR 6.00 2 288.96 .040
MDB 5.88 8 518.61 .088
EYPT 5.86 1 16.53 .354
DPZ 5.62 11 529.88 .110
U 5.45 3 179.89 .090
KOSS 5.35 7 14.45 2.590
EJH 5.21 6 2.15 14.538
THC 4.91 1 75.67 .064
DE 4.88 11 359.3 .143
ADBE 4.59 8 662.1 .048
BIGC 4.50 1 48.65 .092
GKOS 4.45 1 45.5 .097
RGEN 4.41 7 286.01 .105
LGVN 4.34 2 30.67 .282
EEIQ 4.33 5 3.75 5.770
SI 4.14 6 201.66 .120
ASML 4.12 14 782.02 .070
CFLT 4.09 1 81.04 .050
SE 3.98 16 296.82 .208
CARV 3.92 6 10.88 2.160
ZM 3.91 15 220.21 .255
INTU 3.91 6 666.91 .030
BNTX 3.87 23 348 .253
EL 3.86 7 334.35 .077
ZG 3.78 6 55.07 .408
GOOG 3.73 28 2856.12 .028
ANVS 3.73 6 25.76 .864
SNPS 3.69 6 342.16 .060
BIIB 3.69 6 242.9 .090
CCXI 3.66 3 36.28 .300
EVA 3.59 1 69.97 .051
MA 3.58 7 324.17 .077
SEDG 3.56 6 341.44 .060
GPN 3.54 11 123.16 .308
XMTR 3.46 1 50.48 .068
EBET 3.45 6 30.9 .666
ZLAB 3.42 6 76.94 .264
PWR 3.42 1 117.54 .029
DQ 3.36 7 58.52 .399
SCPS 3.34 7 2.57 9.093
TOST 3.31 2 43.1 .152
GLSI 3.27 5 33.1 .490
JAN 3.24 5 5.18 3.125
IAC 3.19 7 126.24 .175
CMTL 3.13 1 25.96 .120
APPS 3.13 6 54.87 .342
ENPH 3.10 6 247.42 .072
UNH 3.07 11 439.91 .066
NEGG 3.07 20 19.84 3.080
GDYN 3.03 1 36.88 .082
IRNT 3.02 6 9.08 1.992
GME 2.99 82 199.72 1.148
ANTM 2.99 6 415.52 .042
SITM 2.97 7 300.98 .063
LII 2.97 6 317.46 .054
TSLA 2.96 157 1081.92 .314
BKKT 2.95 2 15.61 .376
NEWR 2.93 6 110.27 .156
IWM 2.93 6 222.85 .078
GS 2.93 9 389.39 .063
MRNA 2.92 34 329.63 .272
DG 2.92 5 224.42 .065
SNOW 2.91 8 362.6 .064
ZS 2.89 6 336.9 .048
ROKU 2.89 7 235.16 .084
NRXP 2.89 8 6.75 3.424
CAT 2.86 8 198.73 .112
UPST 2.84 18 209.41 .234
ADGI 2.79 8 25.12 .888
SAVA 2.72 28 55.96 1.344
LMT 2.70 10 342.72 .070
PENN 2.65 10 52.77 .500
GRTS 2.64 6 11.12 1.422
NVCR 2.63 10 97.01 .270
NCTY 2.63 5 10.3 1.275
DOCS 2.62 8 61.13 .336
OSTK 2.60 7 92.18 .196
AFRM 2.60 16 136.98 .288
AUVI 2.56 8 5.1 4.008
WSM 2.54 5 205.72 .060
FULC 2.54 6 15.06 1.008
KEYS 2.52 4 191.37 .052
INDP 2.52 5 5.79 2.175
WDAY 2.46 6 277.55 .048
CNC 2.42 3 73.9 .096
AVXL 2.41 5 19.45 .615
NXPI 2.38 6 212.45 .066
CPOP 2.34 5 2.13 5.490
DPST 2.33 3 51.41 .135
MRAM 2.30 2 11.82 .388
LLY 2.28 7 260.37 .056
XBI 2.27 5 116.78 .095
FLGT 2.27 6 97.58 .138
AMGN 2.27 5 201.09 .055
STE 2.26 5 227.31 .045
AXON 2.25 1 177.2 .012
SPB 2.21 1 102.42 .021
HCA 2.20 4 231 .036
TPST 2.19 5 9.6001 1.140
PKG 2.17 5 133.57 .080
CHGG 2.17 3 24.99 .258
BRLT 2.17 2 16.61 .260
PKI 2.16 4 183.09 .044
PDD 2.15 5 68.46 .155
PYPL 2.14 9 187.79 .099
DLTR 2.14 8 141.11 .120
DLPN 2.14 5 9.26 1.155
AACG 2.14 5 1.72 6.220
BHVN 2.12 5 113.85 .090
ACRS 2.12 7 12.62 1.169
DASH 2.11 10 187.92 .110
ALEC 2.10 6 19.92 .630
ROST 2.08 4 110.01 .072
LCID 2.05 9 51.72 .351
AMEH 2.05 9 94.56 .189
ADSK 2.04 7 254.17 .056
COIN 2.02 9 303.19 .054
MRIN 2.01 5 5.31 1.890
V 2.00 8 197.65 .080
BYND 2.00 6 76.72 .156
LIN 1.99 7 320.57 .042
UHAL 1.98 9 722.34 .018
XAIR 1.97 1 15.61 .126
AAME 1.97 5 3.9651 2.480
RNXT 1.96 4 6.3899 1.224
KMB 1.96 6 135.27 .084
CELH 1.96 7 71.38 .189
AMD 1.96 19 154.81 .228
COHN 1.95 5 16 .605
VMW 1.91 7 121.9 .105
ARVN 1.91 7 78.32 .168
ACIU 1.91 2 5.17 .738
COST 1.90 8 546.13 .024
MSGE 1.88 4 67.01 .112
TDG 1.87 4 561.29 .012
COF 1.87 4 149.16 .048
VLO 1.86 4 68.01 .108
DIS 1.86 9 148.11 .108
CI 1.83 5 202.03 .045
ACMR 1.83 5 87.7 .100
AAP 1.82 4 226.73 .032
KNBE 1.80 7 22.68 .553
ROLL 1.78 7 200.56 .056
CERE 1.78 7 32.14 .385
BIDU 1.78 117 153.06 1.287
VRPX 1.77 9 4.45 3.573
TSCO 1.77 8 228.36 .056
RAPT 1.77 7 31.16 .392
DAVA 1.77 4 151.48 .044
CTRN 1.77 4 78.14 .088
HON 1.76 7 208.21 .056
TSP 1.75 5 38.92 .220
DELL 1.75 7 56.18 .217
TASK 1.74 7 45.41 .266
BFRI 1.74 1 7.9 .220
TMUS 1.73 6 113.53 .090
SQ 1.73 23 212.08 .184
LWAC 1.73 5 16.98 .505
WAVE 1.72 5 6.6379 1.295
LAIX 1.72 4 0.86 8.000
ABNB 1.72 8 173.86 .072
IMPL 1.70 5 9.6 .885
RL 1.69 6 116.43 .084
NNOX 1.69 5 20.15 .415
KYMR 1.69 2 53.79 .062
BURL 1.68 8 283.85 .040
ROG 1.67 1 270.35 .006
AN 1.67 8 127.19 .104
XM 1.66 2 33.88 .096
NMRD 1.66 4 4.85 1.368
VVOS 1.65 6 2.65 3.732
NVOS 1.65 5 1.29 6.395
ESTC 1.65 4 153.82 .040
BBY 1.65 6 114.77 .084
FISV 1.64 6 98.25 .096
CREE 1.64 5 79.12 .100
JZXN 1.63 4 2.0282 3.212
NVTS 1.62 2 18.1 .178
LOW 1.62 9 247.69 .054
CLDX 1.61 3 39.61 .120
RBLX 1.60 12 122.65 .156
PLCE 1.60 4 93.99 .068
STMP 1.59 4 329.61 .016
LSI 1.59 1 131.9 .012
LH 1.59 7 289.3 .035
LHDX 1.58 4 6.98 .904
DNA 1.58 1 12.06 .131
ALC 1.58 2 77.91 .040
RLMD 1.57 4 18.83 .332
KSS 1.57 9 53.92 .261
GH 1.57 8 106.92 .112
CARA 1.57 2 12.8 .244
JD 1.56 7 88.67 .119
DPW 1.56 5 1.8 4.330
TSC 1.55 1 29.79 .052
IRDM 1.55 4 38.06 .160
CRNC 1.55 4 77.07 .080
BLFS 1.55 1 41.16 .037
CHCI 1.54 3 4.87 .948
TERN 1.53 4 7.13 .856
SIEB 1.53 5 2.88 2.655
MDT 1.53 6 111.05 .078
DLO 1.53 5 33.69 .225
CLX 1.52 4 174.21 .032
SNOA 1.51 4 5.49 1.100
GRU 1.51 1 4.68 .322
EA 1.51 4 125.97 .044
AUPH 1.51 7 19.33 .546
ASAN 1.51 13 106.02 .182
WAFU 1.50 4 5.15 1.164
SUPN 1.50 1 30.61 .049
KTTA 1.49 1 4.01 .371
BCYC 1.49 3 54.6 .081
STT 1.48 3 93.35 .045
JRVR 1.48 2 27.63 .106
ADI 1.48 5 178 .040
NURO 1.47 11 7.44 2.167
FGEN 1.47 3 12.17 .360
EDIT 1.47 3 32.37 .135
VCVC 1.46 1 9.85 .148
SFIX 1.46 2 27.93 .104
LITE 1.46 2 86.82 .032
HTBX 1.46 2 4.54 .642
APP 1.46 9 90.71 .144
SBEA 1.45 2 10.05 .288
EYEG 1.45 1 1.95 .743
BTBT 1.45 10 8.78 1.650
KALV 1.44 8 15.08 .760
LYFT 1.43 5 42.4 .165
LANC 1.43 2 157.59 .018
ATKR 1.43 2 105.82 .026
TTC 1.42 5 103.6 .065
TSN 1.42 4 81.34 .068
IMNM 1.42 4 16.97 .332
RMBL 1.41 3 40.02 .105
HOOD 1.41 14 27.92 .700
TWTR 1.40 6 47.07 .174
SNA 1.40 4 211.3 .024
JCS 1.40 3 3.21 1.308
HX 1.40 6 2.97 2.826
CVS 1.40 3 91.52 .045
XLY 1.39 2 204.07 .012
WGO 1.39 2 74.26 .036
VERY 1.39 4 7.86 .704
JBL 1.39 2 59.89 .046
EOSE 1.39 2 9.67 .286
TNET 1.38 1 102.47 .013
EXPI 1.38 6 36.7 .222
TWST 1.37 7 94.99 .098
LIVE 1.37 3 33.87 .120
JKS 1.37 4 53.13 .100
ECOM 1.37 1 25.15 .054
FATE 1.36 3 52.52 .075
TAOP 1.35 3 2.99 1.353
WNW 1.34 1 3.12 .429
OLN 1.34 1 58.7 .022
CM 1.34 5 114.67 .055
CAH 1.34 4 47.6 .112
MOXC 1.33 4 4.65 1.144
GRVY 1.33 7 80.1 .112
FIGS 1.33 6 32.78 .240
COUR 1.32 2 28.96 .090
AEO 1.32 2 26.81 .098
VIH 1.31 1 9.36 .139
SPY 1.31 1 458.97 .002
PPSI 1.31 5 6 1.090
DOCN 1.31 9 100.21 .117
ABCL 1.31 1 13.99 .093
A 1.31 10 152.07 .080
UHS 1.30 4 124.36 .040
JG 1.30 3 1.4 2.784
GWRE 1.30 5 116.32 .055
BNR 1.30 3 13.8 .282
ZIM 1.29 7 53.18 .168
WM 1.29 6 163.47 .042
VSCO 1.29 5 53.88 .115
OLLI 1.29 2 64.62 .038
ATAI 1.29 2 11.19 .230
APPN 1.29 4 74.31 .068
FRD 1.28 1 10.91 .117
BILI 1.28 23 68.79 .414
YETI 1.27 4 96.87 .052
RHE 1.27 2 6.14 .412
NFE 1.27 1 25.16 .050
HJLI 1.27 1 10.38 .122
APXT 1.27 1 12.11 .104
TTWO 1.26 5 169.66 .035
SPCE 1.26 24 16.73 1.800
DOMO 1.26 4 72.81 .068
THCB 1.25 1 10 .125
SPT 1.25 6 111.28 .066
OPAD 1.25 4 7.56 .660
NVDA 1.25 158 315.03 .474
NGM 1.25 2 18.34 .136
CHKP 1.25 6 110.32 .066
BYSI 1.25 3 14.35 .261
ABSI 1.25 2 11.01 .226
UAL 1.24 2 42.26 .058
SJ 1.24 4 5.88 .840
RSKD 1.24 2 9.9 .250
PBTS 1.24 1 1.04 1.192
LPX 1.24 3 69.1 .051
LEDS 1.24 3 6.43 .576
KMX 1.24 2 145.75 .016
EDSA 1.24 1 6.54 .189
DKS 1.24 16 128.5 .144
CMMB 1.24 2 8.87 .278
BNTC 1.24 3 3.25 1.143
ANPC 1.24 2 1.7 1.458
ALXN 1.24 4 182.5 .024
TAP 1.23 2 45.6 .052
LAW 1.23 3 37.15 .099
J 1.23 3 145.73 .024
RCUS 1.22 1 46.36 .026
EYES 1.22 6 2.09 3.498
DDL 1.22 2 23.95 .100
BZ 1.22 3 33.07 .108
VIR 1.21 5 36 .165
RTX 1.21 2 83 .028
PFGC 1.21 3 42.39 .084
OSAT 1.21 3 4.31 .840
LYEL 1.21 3 9.31 .387
JNJ 1.21 3 159.2 .021
HGEN 1.21 3 6.11 .594
EAT 1.21 3 36.13 .099
ARAV 1.21 1 3.39 .356
AMC 1.21 57 37.63 1.824
WHLM 1.20 4 5.45 .880
MMM 1.20 7 175.52 .042
CRIS 1.20 2 5.1 .470
CETX 1.20 1 1.065 1.126
AMTX 1.20 3 17.74 .201
AKAM 1.20 3 111.94 .030
TVTX 1.19 3 29.03 .120
SGOC 1.19 9 6.2 1.719
JPM 1.19 13 161.93 .091
MQ 1.18 7 22.05 .371
ENOB 1.18 4 10.98 .428
DFH 1.18 1 17.41 .067
ZEV 1.17 4 7.61 .612
TDC 1.17 5 44.39 .130
STZ 1.17 4 229.32 .020
SKT 1.17 3 20.49 .171
MVIS 1.17 5 7.01 .830
CLSK 1.17 1 17.26 .067
VOXX 1.16 3 11.25 .309
TRI 1.16 3 120.06 .027
SIF 1.16 1 7.86 .147
NTAP 1.16 4 88.32 .052
LAZR 1.16 5 17.63 .325
INMD 1.16 2 84 .026
HGSH 1.16 2 1.8474 1.254
AMAT 1.16 8 143.29 .064
UPS 1.15 7 205.3 .035
NTRB 1.15 2 6.88 .334
HCWB 1.14 2 2.73 .834
BBLG 1.14 1 4.05 .281
AVIR 1.14 3 8.14 .420
ABT 1.14 7 125.88 .063
VNET 1.13 3 11.07 .306
STG 1.13 1 4.48 .252
SCHW 1.13 4 79.15 .056
PEP 1.13 5 161.14 .035
NUAN 1.13 1 55.34 .020
BTX 1.13 2 6.16 .366
BZUN 1.12 1 15.15 .073
SHEN 1.11 3 26.01 .126
SEMR 1.11 3 20.4 .162
PMCB 1.11 3 2.5 1.332
ISPC 1.11 3 17.51 .189
GIII 1.11 4 30.71 .144
DXC 1.11 2 30.5 .072
CNET 1.11 1 1.19 .932
ALLO 1.11 2 17.98 .122
RUN 1.10 5 47.41 .115
OPTT 1.10 1 1.82 .604
MRUS 1.10 3 26.5 .123
XTLB 1.09 2 2.99 .728
SKX 1.09 4 46 .092
LIFE 1.09 3 8.06 .405
FOSL 1.09 2 12.21 .178
ALDX 1.09 2 7.68 .282
MTSL 1.08 3 3.37 .960
FCBP 1.08 1 29.1 .037
B 1.08 1 43.42 .024
AZYO 1.08 1 5.22 .206
ALF 1.08 2 4.07 .530
SMLP 1.07 2 31.39 .068
FANG 1.07 6 107.48 .054
AXP 1.07 6 156.82 .036
VYGR 1.06 2 3.06 .692
USB 1.06 5 57.5 .090
TGT 1.06 12 246.57 .048
CRM 1.06 11 284.21 .033
C 1.06 5 65.5 .080
SCR 1.05 5 35.58 .145
PTGX 1.05 3 33.26 .093
PLD 1.05 4 149.88 .028
MNST 1.05 4 87.05 .048
CPE 1.05 6 51.48 .120
CELC 1.05 3 15.26 .204
PRTA 1.04 9 49.155 .189
OCGN 1.04 12 6.45 1.932
NETE 1.04 2 13.09 .158
LEGN 1.04 6 54.14 .114
KURA 1.04 4 14.005 .296
IPA 1.04 2 6.42 .322
FSTX 1.04 1 5.5 .189
CANF 1.04 1 1.2279 .846
TJX 1.03 6 69.36 .084
MARA 1.03 20 49.2 .400
KMPH 1.03 3 8.05 .381
IBM 1.03 9 115.81 .072
BLDR 1.03 2 71.43 .028
RIOT 1.02 5 34.92 .145
MFNC 1.02 2 21.5 .094
DAL 1.02 5 36.38 .140
ZCMD 1.01 1 1.86 .543
OVV 1.01 3 34.16 .087
LL 1.01 1 16.96 .059
FUBO 1.01 3 21.04 .144
EGRX 1.01 2 48.1 .040
CGC 1.01 2 11.69 .172
PINS 1.00 4 42.8 .092
MO 1.00 3 43.74 .066
IMAB 1.00 5 63.2 .075
SM .99 2 28.67 .068
LUV .99 6 44.96 .132
LOGI .99 6 84.77 .066
DKNG .99 6 36.04 .162
ACY .99 19 34.47 .532
TRCH .98 2 4.95 .394
MYGN .98 2 26.61 .072
MCD .98 8 250.01 .024
JWN .98 4 22.41 .172
IMTX .98 4 11.22 .348
HOFV .98 2 2 .980
HD .98 16 402.7 .032
BGFV .97 10 25.84 .370
RRGB .96 2 17.22 .110
HRI .96 4 184.02 .020
FA .96 1 17.91 .053
CYTK .96 5 39.03 .120
AZPN .96 4 145.16 .024
QDEL .95 4 144.81 .024
BTWN .95 1 9.865 .096
BPTH .95 2 4.26 .446
AGRI .95 5 2.39 1.985
PAYX .94 2 122.45 .014
HAS .94 6 98.75 .054
TGTX .93 3 23.98 .114
NIU .93 4 19.77 .188
INCY .93 4 68.38 .052
HCM .93 4 35.18 .104
TTD .92 12 103.98 .096
PLUG .92 9 40.25 .198
OKE .92 3 62.47 .042
NKE .92 9 168.02 .045
LBPH .92 1 5.9 .155
KNL .92 1 25.04 .036
FL .92 4 48.7 .072
YEXT .91 1 9.78 .093
SSY .91 3 2.0999 1.299
CROX .91 8 168.04 .040
AIT .91 2 100.46 .018
HOG .90 4 37.4 .096
GEG .90 1 1.84 .489
CRTO .90 1 39.32 .022
BBBY .90 16 20.9 .688
SPI .89 4 5.31 .668
ERYP .89 3 2.41 1.107
BKE .89 6 48.54 .108
ARCE .89 2 19.83 .088
ACHL .89 1 4.84 .183
OTIS .88 4 83.19 .040
GMBL .88 2 5.25 .334
GM .87 3 60.17 .042
GDEV .87 3 7.5 .348
DTSS .87 1 1.71 .508
UTHR .86 4 193.64 .016
TTCF .86 2 16.84 .102
KODK .86 2 6.13 .280
GE .86 6 97.84 .048
VMEO .85 2 19.67 .086
SRNE .85 1 5.94 .143
SAFM .85 1 186.69 .004
PG .85 9 147.47 .045
PTIX .84 2 1.77 .948
NLS .84 2 7.38 .226
LEXX .84 3 5.34 .471
HOL .84 3 12.35 .204
HHR .84 7 51.7 .112
DTST .84 3 3.8 .663
CLII .84 3 14.36 .174
BB .84 11 9.97 .924
APOP .84 5 13.17 .315
XLF .83 1 38.77 .021
WFC .83 5 48.43 .085
TNA .83 5 86.43 .045
MAXR .83 4 27.52 .120
IRBO .83 1 43.43 .019
CNA .83 1 43.28 .019
BLUW .83 2 9.63 .172
ABBV .83 6 116.51 .042
SANA .82 1 18.37 .044
MNSO .82 1 13.02 .062
KZR .82 2 13.69 .118
FITB .82 3 42.48 .057
ATNF .82 4 5.41 .604
SPRT .81 20 11.8 1.360
MBRX .81 2 2.15 .752
ATVI .81 5 60.62 .065
SYPR .80 4 2.81 1.136
GTEC .80 4 7.64 .416
DD .80 4 76.96 .040
SWI .79 1 14.96 .052
PNRG .79 1 66.95 .011
BJ .79 7 66.34 .077
ZY .78 3 9.05 .258
SJM .78 12 130.95 .060
IPHA .78 4 4.8 .648
GNOG .78 1 12.99 .060
CRDF .78 2 5.61 .278
COP .78 6 71.48 .060
CAI .78 1 56 .013
AA .78 10 47.95 .160
QFIN .77 9 23.32 .297
PLTR .77 2 21.03 .072
OLB .77 3 4.45 .519
MAT .77 4 21.97 .140
LESL .77 1 20.82 .036
FUV .77 2 9.75 .156
ENTX .77 2 3.43 .448
BABA .77 99 133.35 .495
ALYA .77 4 2.54 1.212
VLDR .76 2 5.67 .268
STX .76 9 98.62 .063
NFLX .76 105 665.64 .105
NBRV .76 1 0.834 .911
MOS .76 5 35.32 .105
LI .76 6 32.4 .138
IS .76 1 8.94 .085
GROM .76 2 2.5 .608
MU .75 7 83.42 .056
FLWS .75 4 32.51 .092
BAC .75 5 45.76 .080
SPTN .74 3 24.35 .090
SCKT .74 4 5.18 .568
PTON .74 5 46.41 .075
MS .74 10 97.93 .070
MNOV .74 3 3.22 .687
LOOP .74 4 14.22 .208
GTIM .74 1 4.72 .156
GRVI .74 3 4.88 .453
EVOL .74 2 2.36 .626
ATXI .74 1 1.11 .666
VZ .73 2 51.8 .028
VOOV .73 1 144.96 .005
UPC .73 3 2.29 .954
SQBG .73 2 6.24 .232
SOFI .73 7 18.21 .280
OPNT .73 4 24.76 .116
NVFY .73 3 2.043 1.071
RMED .72 6 2.45 1.758
RETO .72 2 1 1.440
ENSC .72 1 1.58 .455
DEN .72 4 78.63 .036
CRMT .72 9 102.03 .063
BTCM .72 4 6.61 .432
BFLY .72 1 7.52 .095
ARPO .72 1 2.2 .327
ZKIN .71 2 2.2 .644
UBER .71 6 40.52 .102
RFL .71 5 5.9 .600
PALI .71 3 2.31 .921
ON .71 8 60.3 .088
TBLA .70 1 9.85 .071
SONO .70 6 32.25 .126
ORGS .70 1 3.43 .204
OCX .70 1 2.41 .290
INTC .70 6 48.78 .084
IGIC .70 3 8.235 .255
GLD .70 11 166.85 .044
DDD .70 12 22.66 .360
CRCT .70 4 23.53 .116
AMKR .70 2 22.23 .062
VRNT .69 5 47.6 .070
SLS .69 4 7.04 .392
FTEK .69 3 1.67 1.239
ASM .69 1 0.8965 .769
APRE .69 3 4.15 .498
WMT .68 17 144.9 .068
STEM .68 6 21.09 .192
RIDE .68 7 4.76 .994
PRPL .68 5 11.09 .305
ONCS .68 1 1.31 .519
IYC .68 3 83.8 .024
FB .68 107 333.12 .214
BWAY .68 2 7.35 .184
XONE .67 2 26.7 .050
XLK .67 5 165.99 .020
SKLZ .67 4 9.82 .272
NPTN .67 1 15.44 .043
JRJC .67 3 6.67 .300
FTCH .67 6 36 .108
FOE .67 1 21.33 .031
CLNE .67 1 7.2 .093
ACH .67 1 12.34 .054
XLNX .66 11 223.95 .022
VIPS .66 1 9.84 .067
CTKB .66 1 19.02 .034
AMOM .66 1 37.107 .017
TATT .65 3 6.515 .297
STRO .65 2 16.18 .080
PCVX .65 1 19.86 .032
MESO .65 2 6.19 .210
LMNL .65 3 1.24 1.572
IONQ .65 7 24.18 .182
SLGG .64 2 3.22 .396
SDC .64 2 3.2 .400
LZB .64 2 34.81 .036
FLOW .63 4 85.28 .028
ULTA .62 1 399.53 .001
MPC .62 3 61.35 .030
LJPC .62 2 4.7 .262
ISEE .62 4 15.48 .160
CUE .62 1 12.82 .048
BON .62 3 5.12 .363
BCRX .62 10 12.48 .490
ASTR .62 5 11.27 .275
AREC .62 5 1.87 1.655
APG .62 2 24.05 .050
VGR .61 1 15.88 .038
SOS .61 2 1.28 .952
RY .61 7 101.52 .042
QCOM .61 11 175.74 .033
MVST .61 6 8.55 .426
CL .61 4 77.06 .028
BEKE .61 2 20.98 .058
AMBO .61 1 1.14 .535
SLB .60 4 29.7 .080
PSTV .60 1 1.5 .400
KIRK .60 2 23.28 .050
EVK .60 6 2.96 1.212
CEMI .60 8 2 2.400
AYRO .60 2 2.31 .518
AVCT .60 1 1.49 .402
AMRS .60 1 6.78 .088
LEN .59 5 107.04 .025
BIG .59 2 45.7 .024
YMM .58 2 12.87 .090
WPRT .58 2 2.55 .454
WISH .58 3 3.92 .441
TQQQ .58 138 160.84 .414
STAF .58 2 1.2 .966
SPG .58 6 160.48 .018
RACE .58 11 262.71 .022
LAC .58 7 35.69 .112
IFRX .58 3 5.08 .342
EQT .58 2 20.99 .054
CSIQ .58 4 38.28 .060
WEI .57 1 0.82 .695
SNAP .57 113 49.76 1.243
SBTX .57 1 7.19 .079
PRFX .57 4 1.95 1.168
ORPH .57 4 3.3 .688
EZFL .57 1 2.47 .230
EVGO .57 7 13.69 .287
DUK .57 5 99.28 .025
CLPS .57 1 2.77 .205
CLPS .57 1 2.77 .205
CLF .57 11 21.84 .286
VTSI .56 4 6.92 .320
UAA .56 4 23.98 .092
T .56 3 24.22 .069
SLV .56 3 21.37 .078
OBLN .56 3 3.05 .549
NEE .56 4 86.09 .024
MTP .56 1 1.4758 .379
MRK .56 8 79.16 .056
LODE .56 3 1.74 .963
VNE .55 6 35.22 .090
RSI .55 2 18 .060
PFE .55 9 54 .090
MOSY .55 2 4.03 .272
M .55 14 30.48 .252
HPQ .55 5 34.58 .075
FLXN .55 1 9.12 .060
EOLS .55 1 5.7 .096
WHLR .54 2 2.39 .450
TSM .54 3 117.09 .012
GPS .54 7 17.33 .217
ENZ .54 2 3.38 .318
CHPT .54 3 25.82 .060
ADMA .54 1 1.45 .372
TBIO .53 3 37.36 .042
NIO .53 77 39.99 1.001
MEDS .53 5 3.65 .725
KHC .53 4 34.83 .060
HUYA .53 3 7.95 .198
EQ .53 1 5.41 .097
BBWI .53 6 74.61 .042
SILK .52 7 43.33 .084
RF .52 2 23.47 .044
ANF .52 3 38.05 .039
RCON .51 2 1.91 .534
OCUP .51 2 4.35 .234
MRVL .51 6 71.99 .042
KO .51 6 53.73 .054
GFAI .51 2 1.53 .666
DYAI .51 3 3.7043 .411
CSCO .51 9 54.67 .081
CPSH .51 1 3.97 .128
TIGR .50 8 5.91 .672
PATI .50 2 10 .100
MDIA .50 3 5.01 .297
GRTX .50 3 1.47 1.020
CBAT .50 3 1.96 .765
RKDA .49 1 1.41 .347
PSTG .49 3 29.87 .048
NRBO .49 2 1.78 .550
IGC .49 3 1.36 1.080
GP .49 3 13.14 .111
GEVO .49 4 5.75 .340
ENLV .49 2 7.57 .128
ECHO .49 1 48.24 .010
ATHM .49 3 35.03 .039
ARMP .49 1 5.22 .093
NNDM .48 3 4.98 .288
HRL .48 5 42.81 .055
EPU .48 3 27.921 .051
DRN .48 4 25.2 .076
TRIL .47 1 18.44 .025
TLRY .47 4 10.57 .176
SOHU .47 6 16.75 .168
EXPR .47 5 3.93 .595
DARE .47 1 1.79 .262
BODY .47 2 2.93 .320
XPEV .46 84 51.11 .756
UFAB .46 2 2.38 .386
NTEC .46 4 9.63 .188
MARK .46 4 1.3 1.412
KBSF .46 2 3.05 .300
GURE .46 1 6 .076
GIS .46 7 62.76 .049
EQOS .46 1 4.07 .113
CVV .46 2 4.54 .202
CONE .46 1 89.24 .005
CCJ .46 9 24.08 .171
BCLI .46 1 3.74 .122
VERU .45 4 7.77 .228
TYME .45 4 0.7777 2.312
TME .45 1 7.16 .062
ONCT .45 2 3.04 .296
FLO .45 5 26.46 .085
CCL .45 5 17.95 .125
APT .45 1 6.41 .070
ADIL .45 2 2.85 .314
XLV .44 6 131.97 .018
WORX .44 4 1.54 1.140
NNVC .44 3 4.86 .270
K .44 9 63.64 .054
GALT .44 3 2.57 .513
FFHL .44 2 8.42 .104
DWSN .44 2 2.32 .378
CIEN .44 19 60.74 .133
ACI .44 10 35.72 .120
WOOF .43 3 20.04 .063
HOLI .43 1 15.37 .027
GAME .43 1 3.39 .126
EVGN .43 1 2.03 .211
CAN .43 4 8.52 .200
ATIF .43 1 3.57 .120
AFMD .43 2 6.97 .122
HRC .42 6 155.55 .012
DNUT .42 7 15.44 .189
DBGI .42 5 3.12 .670
CTSO .42 4 4.75 .352
ARMK .42 4 34.99 .048
SRNG .41 1 11.42 .035
RKT .41 2 15.69 .052
PDCO .41 4 31.63 .048
KZIA .41 2 9.9 .082
HNST .41 3 8.39 .144
GTT .41 1 2.36 .173
FCX .41 24 37.24 .264
BLIN .41 8 2.89 1.128
AUUD .41 7 2.07 1.386
ACOR .41 4 2.86 .572
YJ .40 2 0.8331 .960
PHUN .40 12 3.32 1.440
LIZI .40 4 2.41 .660
FBRX .40 1 2.74 .145
DUOT .40 1 5.21 .076
CTIB .40 5 1.705 1.170
CHRA .40 1 4.68 .085
MTTR .39 11 27.27 .154
MSFT .39 113 329.68 .113
LC .39 10 35.66 .100
CSCW .39 2 0.537 1.452
CRTD .39 7 2.48 1.099
AQMS .39 3 1.69 .690
SBH .38 3 20.21 .054
OVID .38 2 3.26 .232
OTLK .38 2 1.37 .554
MRTN .38 3 16.65 .066
GPK .38 2 20.8 .036
ANY .38 19 5.16 1.387
ANIX .38 1 3.98 .095
VTNR .37 9 4.76 .693
UONE .37 7 5.22 .490
HUGE .37 1 1.33 .278
CHMA .37 2 3.76 .196
UAVS .36 3 2.19 .492
ORCL .36 35 92.33 .105
MRKR .36 1 1.23 .292
MITQ .36 1 2.28 .157
JFIN .36 2 3.6 .200
IDEX .36 4 1.59 .904
GOVX .36 7 4.69 .532
GNLN .36 2 1.26 .570
BNGO .36 12 4 1.080
AKTX .36 1 1.68 .214
ADMP .36 1 0.8139 .442
ACB .36 3 6.79 .159
VXX .35 4 26.16 .052
ORGO .35 2 9.95 .070
LMFA .35 5 5.61 .310
ERJ .35 9 13.98 .225
CLSD .35 3 3.95 .264
CIFR .35 3 7.5 .138
BSQR .35 13 2.01 2.262
AESE .35 1 1.86 .188
XELB .34 2 1.3406 .506
TRIT .34 5 4.71 .360
TESS .34 2 5.52 .122
SSNT .34 2 5.12 .132
ME .34 6 9.14 .222
HWCC .34 1 5.3 .064
CYTH .34 1 5.28 .064
XOM .33 9 61.25 .045
XLE .33 7 55.58 .035
IMMR .33 6 5.7 .342
HNP .33 2 16.3 .040
GTS .33 1 35.53 .009
BHTG .33 1 0.9699 .340
WATT .32 2 1.49 .428
TAL .32 2 5.11 .124
SPCB .32 2 0.7399 .864
SGBX .32 3 2.3 .417
MINM .32 2 1.48 .432
AAPL .32 108 156.81 .216
AAL .32 9 17.75 .162
WINT .31 3 1.76 .528
ULBI .31 2 5.53 .112
SCYX .31 4 7.43 .164
PBR .31 8 10.47 .232
NKLA .31 15 10.46 .435
HMHC .31 2 16.04 .038
DMAC .31 2 3.77 .164
D .31 8 73.67 .032
AEY .31 1 1.93 .160
OXBR .30 5 4.49 .330
LGHL .30 4 2.07 .576
KR .30 17 43.14 .102
HAPP .30 1 0.7196 .416
GT .30 4 20.62 .056
ENG .30 3 1.98 .453
BBIG .30 21 3.28 1.911
AUTL .30 3 6.26 .141
XLP .29 6 71.96 .024
UWMC .29 3 7.03 .123
STN .29 2 55 .010
NEXT .29 4 3.58 .324
HUSN .29 4 2.25 .512
ALTO .29 5 5.05 .285
MITO .28 1 0.868 .322
CLOV .28 2 5.41 .102
BP .28 4 25.96 .040
APTO .28 4 2.28 .488
WIMI .27 4 4.34 .248
RSLS .27 4 2.02 .532
ORMP .27 16 20.21 .208
NAOV .27 11 1.18 2.508
MGTX .27 1 17.95 .015
GSM .27 7 6.21 .301
GGAL .27 2 9.15 .058
FENC .27 2 9.64 .056
ENVB .27 3 1.45 .558
VIVE .26 2 1.6 .324
PPBT .26 1 4.14 .062
PME .26 1 0.94 .276
JQUA .26 1 43.87 .005
AXLA .26 2 2.9 .178
AGNC .26 3 15.91 .048
PBLA .25 1 1.97 .126
HIPO .25 2 3.74 .132
RVI .24 2 6.09 .078
RAIL .24 4 3.89 .244
PLG .24 3 2.34 .306
MOGO .24 4 4.63 .204
IKT .24 1 2.06 .116
GBR .24 1 3.16 .075
PIRS .23 7 3.46 .462
OCG .23 4 4.59 .200
THTX .22 1 3.37 .065
SSKN .22 1 1.47 .149
SPWH .22 3 17.2 .036
JFU .22 3 1.31 .501
INOV .22 2 41.06 .010
FFIE .22 2 6.17 .070
DYNT .22 5 1.24 .885
VIEW .21 1 4.13 .050
VBLT .21 3 2.16 .291
TENX .21 1 1.26 .166
CDEV .21 3 6.19 .099
ATOS .21 5 2.28 .460
ALAC .21 2 11.61 .036
SALM .20 4 3.02 .264
ENSV .20 1 1.09 .183
NBEV .19 1 1.24 .153
MOMO .19 3 12.49 .045
LTHM .19 14 29.46 .084
FLGC .19 6 1.97 .576
COTY .19 8 9.64 .152
BKYI .19 2 2.55 .148
BGI .19 3 4.55 .123
AEHR .19 29 17.08 .319
VSH .18 3 20.73 .024
OBSV .18 5 2.24 .400
IRIX .18 4 6.52 .108
FCEL .18 130 8.94 2.600
BLNK .18 14 38.18 .056
AZN .18 15 56.58 .045
YPF .17 2 3.43 .098
TISI .17 1 1.38 .123
PPC .17 2 28.26 .012
PETZ .17 4 5.23 .128
LIVX .17 2 3.07 .110
KXIN .17 6 1.84 .552
GMTX .17 1 2.92 .058
SNES .16 2 1.3 .246
INFI .16 4 2.18 .292
IMMP .16 7 3.4 .329
HFBL .16 1 19.75 .008
ZNGA .15 4 6.44 .092
IMV .15 2 1.6 .186
GSKY .15 2 11.51 .026
GRUB .15 3 13.66 .030
CREX .15 1 1.8 .083
CHNG .15 2 20.73 .014
SYKE .14 3 54 .006
SSL .14 16 15.54 .144
OEG .14 1 2.62 .053
NXTP .14 1 1.15 .121
MRO .14 16 15.7 .128
INM .14 1 1.68 .083
IEC .14 1 15.34 .009
EDU .14 1 2.23 .062
ABUS .14 2 3.13 .088
TTM .13 11 30.36 .044
SVBI .13 1 13.63 .009
RRD .13 6 9.29 .078
OSMT .13 4 1.42 .364
LMRK .13 1 16.25 .008
KULR .13 5 2.98 .215
GENE .13 3 2.4 .162
VERB .12 8 1.51 .632
TELL .12 8 3.33 .288
SBBP .12 2 2 .120
PSTX .12 1 6.85 .017
GSAT .12 2 1.43 .166
CRON .12 5 4.67 .125
CHNR .12 4 1.02 .468
UNIT .11 3 13.31 .024
SNMP .11 2 0.9205 .238
MOHO .11 3 0.5274 .624
GBS .11 1 1.88 .058
FENG .11 2 1.02 .214
FAST .11 6 60.11 .006
EKSO .11 2 3.44 .062
CSPR .11 1 6.55 .016
CALA .11 1 0.901 .122
ACHV .11 2 7.32 .030
XPDI .10 12 12.58 .084
SWN .10 3 4.96 .060
SLHG .10 1 1.66 .060
RCAT .10 2 2.14 .092
RAVN .10 3 57.97 .003
KDMN .10 4 9.5 .040
EDTK .10 2 1.29 .154
CNFR .10 2 2.4189 .082
AGEN .10 12 3.23 .360
XELA .09 7 1.39 .448
WTER .09 2 1.3 .138
TEDU .09 2 0.7016 .256
TAAG .09 1 20.9494 .004
SELF .09 1 5.22 .017
SBS .09 8 6.12 .112
RIG .09 6 3.02 .174
PRPO .09 3 1.91 .141
CPG .09 6 4.47 .120
BIOC .09 2 3.89 .046
AEMD .09 3 2.63 .102
AEI .09 2 1.52 .118
TEO .08 2 4.97 .032
MTL .08 13 2.94 .351
MBII .08 1 0.696 .114
ET .08 5 8.84 .045
CLDR .08 1 15.99 .005
BQ .08 2 1.62 .098
OCG .07 13 4.59 .195
NEPT .07 2 0.5 .280
ITRO .07 1 1.27 .055
ITRN .07 3 25.82 .006
DBVT .07 11 3 .253
CPLG .07 1 15.48 .004
ALZN .07 1 2.27 .030
XBIO .06 8 1.455 .328
WYNN .06 3 85.69 0
VSTM .06 2 2.68 .044
ESXB .06 2 11.46 .010
ENIC .06 1 2.28 .026
ADMS .06 2 8.22 .014
ULTA .05 12 399.53 0
OXY .05 30 29.7 .030
MDNA .05 8 1.99 .200
FRBK .05 1 3.4 .014
WYNN .04 4 85.69 0
PSP .04 3 15.71 .006
PBT .04 2 9.19 .008
NOK .04 6 5.55 .042
IRCP .04 4 2.25 .068
FRO .04 12 6.8 .060
CXP .04 1 19.12 .002
AVGR .04 7 0.6299 .441
VTGN .03 5 1.95 .075
VCAR .03 1 16.5509 .001
VALN .03 1 59.6 0
SNDL .03 1 0.6541 .045
SLVO .03 4 5.115 .020
SIC .03 1 14.49 .002
MFGP .03 4 5.15 .020
NWHM .02 1 8.99 .002
KIN .02 2 9.25 .004
EIC .02 2 17.8763 .002
DSE .02 1 9.49 .002
RTLR .01 8 10.68 0
PMD .01 1 8.3805 .001
INFL .01 2 30.38 0
IACB .01 3 9.71 .003
DFP .01 2 27.84 0
BEST .01 3 1.1 .027
WMPN 0 4 12.054 0
QQC 0 2 33.15 0
QADB 0 4 87.54 0
PAE 0 1 9.93 0
ONON 0 1 51.42 0
NLSP 0 1 1.83 0
LHAA 0 1 9.84 0
HWBK 0 1 24.1501 0
HDGE 0 2 25.01 0
EPAY 0 1 45.98 0
DVD 0 1 3.59 0
APWC 0 1 2.99 0
NSYS -.12 1 10.37 -.011
