DWAC 30.01 3 51.21 1.758
SHOP 25.38 10 1690.6 .150
PANW 23.18 1 530.34 .043
MSTR 14.75 8 718.31 .160
CAR 12.01 1 286.3 .041
RNG 11.84 1 229.8 .051
BKNG 10.17 8 2339.99 .032
LGVN 10.15 1 10.03 1.011
NVAX 9.95 12 192.34 .612
SAM 9.40 7 464.75 .140
WBX 8.99 1 15 .599
RMD 8.09 1 260.31 .031
AMZN 8.00 94 3676.57 .188
REGN 7.44 9 652.68 .099
DUOL 7.27 3 135.96 .159
SIVB 7.01 8 727.79 .072
W 6.80 8 274.81 .192
AZO 6.70 11 1859.68 .033
PUBM 6.66 1 39.75 .167
DDS 6.58 10 360.27 .180
LAD 6.41 5 291.39 .105
BLK 6.24 5 914.95 .030
SPLK 6.20 6 132.49 .276
MDB 5.88 8 569.77 .080
EYPT 5.86 1 17.24 .339
DPZ 5.62 11 535.59 .110
DE 5.37 10 346.15 .150
KOSS 5.35 7 14.99 2.492
EJH 5.21 6 2.31 13.530
THC 4.91 1 77.45 .063
U 4.53 2 189.75 .046
BIGC 4.50 1 49.27 .091
GKOS 4.45 1 48.11 .092
RGEN 4.41 7 284.89 .105
ZM 4.40 14 251.3 .238
EEIQ 4.33 5 3.8 5.695
SI 4.14 6 219.75 .108
CFLT 4.09 1 79.75 .051
SE 3.98 16 309.99 .192
ASML 3.98 12 857.17 .048
CARV 3.92 6 11.58 2.028
INTU 3.91 6 692.34 .030
EL 3.86 7 352.85 .070
ZG 3.78 6 56.39 .402
BNTX 3.78 20 289.75 .260
GOOG 3.73 28 2999.05 .028
ANVS 3.73 6 27.1 .822
SNPS 3.69 6 357.95 .060
BIIB 3.69 6 257.19 .084
CCXI 3.66 3 39.6 .276
TSLA 3.62 155 1137.06 .465
EVA 3.59 1 69.95 .051
MA 3.58 7 339.72 .070
SEDG 3.56 6 365.13 .054
GPN 3.54 11 125.93 .308
XMTR 3.46 1 54.36 .063
EBET 3.45 6 32.16 .642
ZLAB 3.42 6 84.15 .240
PWR 3.42 1 121.06 .028
DQ 3.36 7 66.33 .350
SCPS 3.34 7 3.125 7.476
TOST 3.31 2 45.07 .146
NRXP 3.30 7 5.13 4.501
ADBE 3.28 7 688.37 .028
GLSI 3.27 5 34.84 .465
DPST 3.25 1 56.27 .057
JAN 3.24 5 5.26 3.075
ADGI 3.21 7 20.07 1.113
IAC 3.19 7 128.76 .168
CMTL 3.13 1 25.75 .121
APPS 3.13 6 60.64 .306
ENPH 3.10 6 267.74 .066
UNH 3.07 11 440 .066
NEGG 3.07 20 17.38 3.520
GDYN 3.03 1 38.25 .079
IRNT 3.02 6 10.52 1.722
GME 2.99 82 228.8 1.066
ANTM 2.99 6 415.21 .042
SITM 2.97 7 287.59 .070
LII 2.97 6 323.82 .054
ADSK 2.96 6 322.52 .054
BKKT 2.95 2 19.72 .298
NEWR 2.93 6 119.23 .144
IWM 2.93 6 232.72 .072
MRNA 2.92 34 263.78 .374
DG 2.92 5 224.55 .065
SNOW 2.91 8 392.15 .056
ZS 2.89 6 368.78 .042
ROKU 2.89 7 234.1 .084
CAT 2.86 8 200.44 .112
UPST 2.84 18 206.97 .234
GS 2.81 8 387.39 .056
XLY 2.79 1 211.42 .013
SAVA 2.72 28 53.19 1.428
LMT 2.70 10 341.44 .070
PENN 2.65 10 52.42 .500
GRTS 2.64 6 11.18 1.416
NVCR 2.63 10 103.51 .250
NCTY 2.63 5 11.73 1.120
DOCS 2.62 8 61.21 .336
OSTK 2.60 7 107.93 .168
AFRM 2.60 16 136.16 .304
DLTR 2.57 7 134.96 .133
AUVI 2.56 8 4.64 4.408
WSM 2.54 5 215.65 .055
FULC 2.54 6 17.14 .888
KEYS 2.52 4 194.63 .048
INDP 2.52 5 5.65 2.230
RBLX 2.47 11 134.72 .198
WDAY 2.46 6 286.6 .048
CNC 2.42 3 73.01 .099
AVXL 2.41 5 20.24 .595
NXPI 2.38 6 221.26 .060
CPOP 2.34 5 2.36 4.955
LIN 2.33 6 332.19 .042
MRAM 2.30 2 12.2 .376
LLY 2.28 7 260.7 .056
XBI 2.27 5 121.92 .090
FLGT 2.27 6 93.98 .144
AMGN 2.27 5 206.08 .055
STE 2.26 5 233.54 .045
AXON 2.25 1 181.94 .012
VMW 2.23 6 120.55 .108
SPB 2.21 1 105.08 .021
HCA 2.20 4 239.06 .036
TPST 2.19 5 10.57 1.035
PKG 2.17 5 133.09 .080
CHGG 2.17 3 26.53 .243
BRLT 2.17 2 17.29 .250
PKI 2.16 4 188.82 .044
PDD 2.15 5 81.87 .130
PYPL 2.14 9 193.61 .099
DLPN 2.14 5 9.8 1.090
AACG 2.14 5 1.7707 6.040
BHVN 2.12 5 113.75 .090
ACRS 2.12 7 13.79 1.071
DASH 2.11 10 215.25 .090
ALEC 2.10 6 21.39 .588
ROST 2.08 4 112.78 .072
BBY 2.06 5 136.13 .075
AMEH 2.05 9 113.47 .162
COIN 2.02 9 332.55 .054
MRIN 2.01 5 5.45 1.840
V 2.00 8 200.86 .072
BYND 2.00 6 77.53 .150
UHAL 1.98 9 742.86 .018
XAIR 1.97 1 13.55 .145
AAME 1.97 5 4.11 2.395
RNXT 1.96 4 6.59 1.188
KMB 1.96 6 134.44 .084
CELH 1.96 7 72.84 .182
MDT 1.95 5 117.22 .080
COHN 1.95 5 16.34 .595
ARVN 1.91 7 83.04 .161
ACIU 1.91 2 5.47 .698
COST 1.90 8 533.79 .024
MSGE 1.88 4 68.03 .108
TDG 1.87 4 631.84 .008
COF 1.87 4 151.32 .048
VLO 1.86 4 69.07 .104
DIS 1.86 9 154 .108
CI 1.83 5 210.51 .040
ACMR 1.83 5 96.2 .095
DKS 1.82 13 138.59 .169
AAP 1.82 4 230 .028
KNBE 1.80 7 23.6 .532
ROLL 1.78 7 209.78 .056
CERE 1.78 7 36.34 .336
BIDU 1.78 117 151.77 1.287
VRPX 1.77 9 4.14 3.843
TSCO 1.77 8 230.56 .056
RAPT 1.77 7 35 .350
KSS 1.77 8 57.01 .248
DAVA 1.77 4 155.76 .044
CTRN 1.77 4 90.92 .076
HON 1.76 7 218.49 .056
TSP 1.75 5 40.41 .215
DELL 1.75 7 55.02 .217
TASK 1.74 7 49.79 .238
TMUS 1.73 6 115.62 .084
SQ 1.73 23 225.14 .161
LWAC 1.73 5 16.98 .505
WAVE 1.72 5 6.5856 1.305
LAIX 1.72 4 0.87 7.908
ABNB 1.72 8 196.42 .064
IMPL 1.70 5 10.83 .780
TWTR 1.69 5 48.4 .170
RL 1.69 6 121.81 .078
NNOX 1.69 5 18.96 .445
KYMR 1.69 2 61.5 .054
BURL 1.68 8 264.97 .048
ROG 1.67 1 270.06 .006
AN 1.67 8 117.85 .112
XM 1.66 2 35.88 .092
NMRD 1.66 4 4.91 1.352
VVOS 1.65 6 2.73 3.624
NVOS 1.65 5 1.56 5.285
ESTC 1.65 4 175.22 .036
FISV 1.64 6 100.06 .096
CREE 1.64 5 79.12 .100
JZXN 1.63 4 2.28 2.856
LOW 1.62 9 249.52 .054
CLDX 1.61 3 42.98 .111
PLCE 1.60 4 103.1 .060
STMP 1.59 4 329.61 .016
LH 1.59 7 283.32 .035
LHDX 1.58 4 6.8 .928
DNA 1.58 1 13.45 .117
ALC 1.58 2 82.42 .038
RLMD 1.57 4 20.39 .304
GH 1.57 8 97.58 .128
CARA 1.57 2 14.18 .220
DPW 1.56 5 2.1 3.710
TSC 1.55 1 29.76 .052
IRDM 1.55 4 39.98 .152
CRNC 1.55 4 104.06 .056
BLFS 1.55 1 50.8 .030
CHCI 1.54 3 5.57 .828
TERN 1.53 4 8.4 .728
SIEB 1.53 5 3.01 2.540
FANG 1.53 5 102.17 .070
DLO 1.53 5 37.07 .205
CLX 1.52 4 166.98 .036
SNOA 1.51 4 5.52 1.092
OVV 1.51 2 34.51 .086
GRU 1.51 1 4.73 .319
EA 1.51 4 132.39 .044
ASAN 1.51 13 137.19 .143
WAFU 1.50 4 5.41 1.108
SUPN 1.50 1 33.47 .044
A 1.50 8 164.3 .072
BCYC 1.49 3 58.13 .075
STT 1.48 3 94.75 .045
JRVR 1.48 2 28.94 .102
ADI 1.48 5 188.8 .035
NURO 1.47 11 7.34 2.200
FGEN 1.47 3 12.21 .360
EDIT 1.47 3 35.35 .123
DOCN 1.47 8 128.53 .088
VCVC 1.46 1 9.85 .148
SFIX 1.46 2 28.58 .102
LITE 1.46 2 91.19 .032
HTBX 1.46 2 4.47 .652
APP 1.46 9 99.77 .126
SBEA 1.45 2 10.15 .284
EYEG 1.45 1 1.95 .743
BTBT 1.45 10 9.93 1.460
KALV 1.44 8 16.61 .688
LYFT 1.43 5 47.51 .150
LANC 1.43 2 157.92 .018
ATKR 1.43 2 111.65 .024
TTC 1.42 5 104.58 .065
TSN 1.42 4 81.51 .068
IMNM 1.42 4 17.2 .328
RMBL 1.41 3 41.44 .102
HOOD 1.41 14 28.99 .672
SNA 1.40 4 215.65 .024
JCS 1.40 3 3.53 1.188
HX 1.40 6 2.93 2.862
CVS 1.40 3 93.16 .045
WGO 1.39 2 72.19 .038
VERY 1.39 4 8.11 .684
KURA 1.39 3 16.99 .243
JBL 1.39 2 62.13 .044
EOSE 1.39 2 9.7 .286
TNET 1.38 1 105.76 .013
EXPI 1.38 6 39.66 .204
TWST 1.37 7 110.62 .084
LIVE 1.37 3 33.95 .120
JKS 1.37 4 63.69 .084
ECOM 1.37 1 27.01 .050
SM 1.36 1 30.2 .045
FATE 1.36 3 55.97 .072
TAOP 1.35 3 3.02 1.341
WNW 1.34 1 3.27 .409
OLN 1.34 1 60.22 .022
CM 1.34 5 116.11 .055
CAH 1.34 4 48.44 .108
MOXC 1.33 4 5.18 1.024
GRVY 1.33 7 84.59 .105
FIGS 1.33 6 31.95 .246
ABT 1.33 6 126.84 .060
COUR 1.32 2 32.53 .080
AEO 1.32 2 26.93 .098
VIH 1.31 1 9.36 .139
SPY 1.31 1 468.89 .002
RACE 1.31 9 271.31 .036
PPSI 1.31 5 7.39 .885
ABCL 1.31 1 15.8 .082
UHS 1.30 4 123.98 .040
JG 1.30 3 1.47 2.652
GWRE 1.30 5 122.93 .050
BNR 1.30 3 17.14 .225
WM 1.29 6 163.39 .042
VSCO 1.29 5 55.43 .115
OLLI 1.29 2 66.04 .038
ATAI 1.29 2 11.65 .220
APPN 1.29 4 76.8 .064
FRD 1.28 1 13.23 .096
BKE 1.28 5 50.25 .125
BILI 1.28 23 67.12 .437
YETI 1.27 4 103.22 .048
RHE 1.27 2 6.55 .386
NFE 1.27 1 26.09 .048
HJLI 1.27 1 10.38 .122
CPE 1.27 5 52.44 .120
APXT 1.27 1 12.11 .104
TTWO 1.26 5 170.5 .035
SPCE 1.26 24 17.25 1.752
DOMO 1.26 4 84.46 .056
USB 1.25 4 57.59 .084
THCB 1.25 1 10 .125
SPT 1.25 6 129.23 .054
OPAD 1.25 4 8.08 .616
NGM 1.25 2 19.96 .124
CHKP 1.25 6 115.31 .060
BYSI 1.25 3 13.25 .282
ABSI 1.25 2 11.05 .226
UAL 1.24 2 46.11 .052
SJ 1.24 4 6.02 .820
RSKD 1.24 2 10.81 .228
PBTS 1.24 1 1.08 1.148
LPX 1.24 3 70.01 .051
LEDS 1.24 3 6.82 .543
KMX 1.24 2 146.99 .016
EDSA 1.24 1 6.67 .185
CMMB 1.24 2 9.22 .268
BNTC 1.24 3 3.2 1.161
ANPC 1.24 2 1.67 1.484
ALXN 1.24 4 182.5 .024
TAP 1.23 2 45.91 .052
LAW 1.23 3 44.04 .081
J 1.23 3 146.42 .024
C 1.23 4 66.34 .072
RCUS 1.22 1 47.55 .025
EYES 1.22 6 2.34 3.126
DDL 1.22 2 24 .100
VIR 1.21 5 32.75 .180
RTX 1.21 2 85.43 .028
PFGC 1.21 3 43.9 .081
OSAT 1.21 3 4.87 .744
LYEL 1.21 3 10.81 .333
JNJ 1.21 3 162.89 .021
HGEN 1.21 3 6.02 .600
EAT 1.21 3 38.55 .093
ARAV 1.21 1 3.63 .333
AMC 1.21 57 40.87 1.653
WHLM 1.20 4 5.33 .900
MMM 1.20 7 179.23 .042
JPM 1.20 12 160.92 .084
IBM 1.20 8 116.05 .080
CRIS 1.20 2 5.13 .466
CETX 1.20 1 1.16 1.034
AMTX 1.20 3 17.32 .207
AKAM 1.20 3 110.98 .030
TVTX 1.19 3 29.27 .120
SGOC 1.19 9 6.2 1.719
JWN 1.19 3 32.74 .108
PRTA 1.18 8 58.73 .160
MQ 1.18 7 23.88 .343
ENOB 1.18 4 11.07 .424
DFH 1.18 1 17.92 .065
ZEV 1.17 4 8.15 .572
TDC 1.17 5 45.5 .125
STZ 1.17 4 235.4 .016
SKT 1.17 3 20.99 .165
NIU 1.17 3 24.06 .144
MVIS 1.17 5 7.89 .740
CLSK 1.17 1 18 .065
VOXX 1.16 3 11.62 .297
TRI 1.16 3 123.35 .027
SIF 1.16 1 7.6 .152
NTAP 1.16 4 86 .052
MAT 1.16 3 22.65 .153
LAZR 1.16 5 19.17 .300
INMD 1.16 2 88.58 .026
HGSH 1.16 2 1.99 1.164
GT 1.16 2 21.84 .106
AMAT 1.16 8 150.03 .056
ZIM 1.15 6 57.17 .120
UPS 1.15 7 208.47 .035
NTRB 1.15 2 6.3303 .362
JD 1.15 6 91.55 .072
BZ 1.15 2 35.46 .064
HCWB 1.14 2 2.94 .774
BBLG 1.14 1 3.7 .308
AVIR 1.14 3 8.11 .420
VNET 1.13 3 12.97 .261
STG 1.13 1 4.48 .252
SCHW 1.13 4 80.17 .056
PEP 1.13 5 163.81 .030
NVDA 1.13 156 329.85 .468
NUAN 1.13 1 55.25 .020
HAS 1.13 5 100.48 .055
BTX 1.13 2 6.82 .330
AMD 1.13 16 155.41 .112
MNOV 1.12 2 3.21 .696
BZUN 1.12 1 16.84 .066
SHEN 1.11 3 26.93 .123
SEMR 1.11 3 20.72 .159
PMCB 1.11 3 2.61 1.275
GIII 1.11 4 31.96 .136
DXC 1.11 2 31.37 .070
CNET 1.11 1 1.25 .888
ALLO 1.11 2 18.81 .118
RUN 1.10 5 54.86 .100
OPTT 1.10 1 1.86 .591
MRUS 1.10 3 28.56 .114
XTLB 1.09 2 3.31 .658
TJX 1.09 5 71.02 .075
SKX 1.09 4 47.79 .088
LIFE 1.09 3 8.2 .396
FOSL 1.09 2 14.36 .150
ALDX 1.09 2 7.93 .274
MTSL 1.08 3 3.37 .960
LCID 1.08 8 55.21 .152
FCBP 1.08 1 29.1 .037
B 1.08 1 45.42 .023
AZYO 1.08 1 5.8 .186
ALF 1.08 2 4.21 .512
SMLP 1.07 2 30.1 .070
VYGR 1.06 2 3.29 .644
TGT 1.06 12 250.7 .048
CRM 1.06 11 301.17 .033
BAC 1.06 4 45.4 .092
SCR 1.05 5 35.58 .145
PTGX 1.05 3 35.03 .087
PLD 1.05 4 150.22 .024
MNST 1.05 4 89.3 .044
CELC 1.05 3 16.07 .195
OCUP 1.04 1 3.64 .285
OCGN 1.04 12 7.72 1.608
NETE 1.04 2 13.09 .158
LEGN 1.04 6 55.26 .108
IPA 1.04 2 5.54 .374
FSTX 1.04 1 5.55 .187
CANF 1.04 1 1.21 .859
MARA 1.03 20 54.68 .360
KMPH 1.03 3 8.4 .366
BLDR 1.03 2 70.24 .028
RIOT 1.02 5 36.18 .140
MFNC 1.02 2 21.5 .094
DAL 1.02 5 39.69 .125
AXP 1.02 5 173.54 .025
ZCMD 1.01 1 1.89 .534
LL 1.01 1 17.23 .058
KZR 1.01 1 13.97 .072
FUBO 1.01 3 21.42 .141
EGRX 1.01 2 49.47 .040
CGC 1.01 2 12.18 .164
PINS 1.00 4 44.76 .088
MO 1.00 3 43.4 .069
IMAB 1.00 5 68.57 .070
LUV .99 6 46.83 .126
LOGI .99 6 81.56 .072
DKNG .99 6 36.14 .162
ACY .99 19 34.5 .532
TRCH .98 2 4.95 .394
MYGN .98 2 28.06 .068
MCD .98 8 251.95 .024
IMTX .98 4 11.89 .328
HOFV .98 2 2.29 .854
BBBY .98 15 23.25 .630
BGFV .97 10 25.82 .370
RRGB .96 2 18.13 .104
HRI .96 4 187.27 .020
FA .96 1 18.51 .051
CYTK .96 5 40.86 .115
AZPN .96 4 154.46 .024
QDEL .95 4 152.5 .024
PG .95 8 146.82 .048
NEE .95 2 88.31 .020
BTWN .95 1 9.97 .095
BPTH .95 2 4.35 .436
AGRI .95 5 2.1 2.260
PAYX .94 2 124.99 .014
TGTX .93 3 24.41 .114
INCY .93 4 64.51 .056
HCM .93 4 30.72 .120
PLUG .92 9 44.55 .180
OKE .92 3 61.38 .042
LBPH .92 1 6.1 .150
KNL .92 1 25.04 .036
FL .92 4 50.68 .072
YEXT .91 1 10.84 .083
WFC .91 4 48.82 .072
SSY .91 3 2.11 1.293
LI .91 5 30.6 .145
AIT .91 2 106.05 .016
HOG .90 4 37.39 .096
GEG .90 1 1.97 .456
CRTO .90 1 40.85 .022
ATNF .90 3 4.05 .666
SPI .89 4 6 .592
NKE .89 8 174.88 .040
ERYP .89 3 2.4 1.110
ARCE .89 2 18.76 .094
ACHL .89 1 4.96 .179
OTIS .88 4 86.26 .040
GMBL .88 2 5.53 .318
CROX .88 6 175.5 .030
GM .87 3 61.8 .042
GDEV .87 3 8.2 .318
DTSS .87 1 1.74 .500
UTHR .86 4 201.13 .016
TTCF .86 2 17.5 .098
RF .86 1 23.69 .036
KODK .86 2 6.61 .260
GE .86 6 99.96 .048
VMEO .85 2 20.49 .082
TTD .85 11 107.79 .077
SRNE .85 1 6.06 .140
SAFM .85 1 187.1 .004
GTEC .85 3 9.89 .255
ABBV .85 5 116.24 .035
PTIX .84 2 1.86 .902
NLS .84 2 7.42 .226
LEXX .84 3 5.57 .450
HOL .84 3 12.35 .204
HHR .84 5 61.99 .065
DTST .84 3 4.13 .609
CLII .84 3 14.36 .174
BB .84 11 10.44 .880
APOP .84 5 13.17 .315
TNA .83 5 98.5 .040
MAXR .83 4 29.93 .108
IRBO .83 1 45.95 .018
CNA .83 1 43.68 .019
BLUW .83 2 9.63 .172
SANA .82 1 21.31 .038
MS .82 9 96.91 .072
MNSO .82 1 14.08 .058
FITB .82 3 43.55 .054
SPRT .81 20 11.8 1.360
ON .81 7 63.34 .084
MBRX .81 2 2.2 .736
ATVI .81 5 62.38 .060
SYPR .80 4 3.04 1.052
DD .80 4 80.02 .036
SWI .79 1 15.41 .051
SLV .79 2 22.75 .068
PNRG .79 1 67.75 .011
GLD .79 10 172.61 .040
BJ .79 7 69.61 .077
ZY .78 3 8.57 .273
UAA .78 3 26.96 .084
SJM .78 12 124.31 .072
IPHA .78 4 5.01 .620
GNOG .78 1 13.06 .059
CRDF .78 2 5.68 .274
COP .78 6 69.61 .066
CAI .78 1 55.99 .013
AA .78 10 47.6 .160
QFIN .77 9 26.01 .261
PRFX .77 3 2.29 1.008
PLTR .77 2 21.41 .070
OLB .77 3 4.5 .513
LESL .77 1 20.67 .037
FUV .77 2 10.55 .144
ENTX .77 2 3.52 .436
BABA .77 99 140.34 .495
ALYA .77 4 2.65 1.160
VLDR .76 2 6.28 .242
STX .76 9 100.78 .063
NFLX .76 105 678.8 .105
NBRV .76 1 0.91 .835
MOS .76 5 36.25 .100
IS .76 1 9.59 .079
GROM .76 2 3.3 .460
GPS .75 6 24.07 .186
FLWS .75 4 33.94 .088
SPTN .74 3 24.13 .090
SCKT .74 4 5.55 .532
PTON .74 5 47.14 .075
PSTG .74 2 27.69 .052
LOOP .74 4 14.23 .208
GTIM .74 1 4.84 .152
GRVI .74 3 5.01 .441
EVOL .74 2 2.44 .606
ATXI .74 1 1.22 .606
VZ .73 2 50.86 .028
VOOV .73 1 146.59 .004
UPC .73 3 2.33 .939
SQBG .73 2 6.24 .232
SOFI .73 7 20.37 .245
OPNT .73 4 24.66 .116
NVFY .73 3 2.1 1.041
RMED .72 6 2.55 1.692
RETO .72 2 1.77 .812
PFE .72 8 50.8 .112
ENSC .72 1 1.585 .454
DEN .72 4 79.38 .036
CRMT .72 9 111.38 .054
BTCM .72 4 6.98 .412
BFLY .72 1 8 .090
ARPO .72 1 2.2 .327
ZKIN .71 2 2.42 .586
UBER .71 6 44.23 .096
RFL .71 5 6.07 .580
PALI .71 3 2.46 .864
TBLA .70 1 9.85 .071
SONO .70 6 31.73 .132
ORGS .70 1 3.55 .197
OCX .70 1 2.76 .253
INTC .70 6 49.52 .084
IGIC .70 3 8.05 .258
DDD .70 12 24.3 .336
CRCT .70 4 24.68 .112
AMKR .70 2 25.26 .054
VRNT .69 5 48.52 .070
SLS .69 4 7.01 .392
FTEK .69 3 1.95 1.059
AUPH .69 6 28.47 .144
ASM .69 1 1.02 .676
APRE .69 3 4.38 .471
WMT .68 17 142.39 .068
STEM .68 6 22.27 .180
RIDE .68 7 5.06 .938
PRPL .68 5 12.2 .275
ONCS .68 1 1.6 .425
IYC .68 3 86.35 .021
FB .68 107 345.3 .107
BWAY .68 2 7.94 .170
BCRX .68 9 11.89 .513
XONE .67 2 26.7 .050
XLK .67 5 171.31 .015
SKLZ .67 4 10.4 .256
QCOM .67 10 185 .030
NPTN .67 1 15.35 .043
JRJC .67 3 6.52 .306
FTCH .67 6 39.26 .102
FOE .67 1 21.38 .031
CLNE .67 1 7.64 .087
ANF .67 2 45.19 .028
ACH .67 1 13.21 .050
XLNX .66 11 220.87 .022
VIPS .66 1 10.04 .065
CTKB .66 1 19.48 .033
AMOM .66 1 37.5689 .017
TATT .65 3 6.57 .294
STRO .65 2 17.56 .074
PCVX .65 1 22.71 .028
MESO .65 2 6.24 .208
LMNL .65 3 1.38 1.413
IONQ .65 7 28.01 .161
SLGG .64 2 3.465 .368
SDC .64 2 3.63 .352
LZB .64 2 35.96 .034
KHC .63 3 35.34 .051
HPQ .63 4 31.45 .080
FLOW .63 4 81.75 .028
ULTA .62 1 407.71 .001
PDCO .62 3 33.19 .054
MPC .62 3 60.28 .030
LJPC .62 2 4.6 .268
ISEE .62 4 15.86 .156
CUE .62 1 14.83 .041
BON .62 3 5.75 .321
AREC .62 5 1.92 1.610
APG .62 2 24.89 .048
VGR .61 1 16.4 .037
SOS .61 2 1.3 .938
RY .61 7 104.34 .035
MVST .61 6 8.94 .408
CL .61 4 77.2 .028
BEKE .61 2 23.81 .050
AMBO .61 1 1.165 .523
SLB .60 4 30.05 .076
PSTV .60 1 1.53 .392
KIRK .60 2 25.01 .046
EVK .60 6 3.06 1.176
CEMI .60 8 2 2.400
AYRO .60 2 2.38 .504
AVCT .60 1 1.68 .357
AMRS .60 1 7.26 .082
LEN .59 5 111.43 .025
BIG .59 2 46.28 .024
YMM .58 2 14.02 .082
WPRT .58 2 2.55 .454
WISH .58 3 4.25 .408
STAF .58 2 1.61 .720
SPG .58 6 166.74 .018
IFRX .58 3 4.76 .363
EQT .58 2 20.82 .054
CSIQ .58 4 40.88 .056
WEI .57 1 0.8397 .678
SNAP .57 113 51.32 1.243
SBTX .57 1 8.22 .069
ORPH .57 4 3.69 .616
LAC .57 6 37.49 .090
HD .57 15 408.69 .015
GGAL .57 1 9.58 .059
EZFL .57 1 2.68 .212
EVGO .57 7 14.72 .266
DUK .57 5 98.42 .025
CLPS .57 1 2.85 .200
CLPS .57 1 2.85 .200
CLF .57 11 21.95 .275
VTSI .56 4 7.4 .300
TQQQ .56 137 177.14 .411
T .56 3 24.13 .069
OBLN .56 3 3.05 .549
MTP .56 1 1.66 .337
MRK .56 8 80.7 .048
LODE .56 3 1.83 .918
VNE .55 6 35.41 .090
RSI .55 2 21.07 .052
MU .55 6 83.03 .036
MOSY .55 2 5.33 .206
GIS .55 6 62.04 .048
FLXN .55 1 9.12 .060
EOLS .55 1 6.38 .086
WHLR .54 2 2.43 .444
TSM .54 3 124.26 .012
NIO .54 76 38.66 .988
ENZ .54 2 3.38 .318
CHPT .54 3 26.9 .060
ADMA .54 1 1.53 .352
TBIO .53 3 37.36 .042
MTTR .53 10 27.86 .190
MEDS .53 5 3.68 .720
HUYA .53 3 8.58 .183
EQ .53 1 5.25 .100
CCJ .53 8 25.29 .160
BBWI .53 6 76.41 .036
ASTR .53 4 9.53 .220
SILK .52 7 46.27 .077
RCON .51 2 1.86 .548
MRVL .51 6 74.58 .036
KO .51 6 55.13 .054
GFAI .51 2 1.65 .618
DYAI .51 3 3.86 .396
CSCO .51 9 53.25 .081
CPSH .51 1 4.37 .116
TIGR .50 8 6.52 .608
PATI .50 2 10.37 .096
MDIA .50 3 5.54 .270
GRTX .50 3 1.55 .966
CBAT .50 3 2.13 .702
RKDA .49 1 1.64 .298
NRBO .49 2 1.59 .616
IGC .49 3 1.43 1.026
GP .49 3 13.86 .105
GEVO .49 4 6.31 .308
ENLV .49 2 7.97 .122
ECHO .49 1 48.22 .010
ATHM .49 3 35.78 .039
ARMP .49 1 3.92 .125
STN .48 1 57.1 .008
NNDM .48 3 4.85 .294
HRL .48 5 42.63 .055
EPU .48 3 29.4175 .048
DRN .48 4 26.37 .072
XPEV .47 83 46.89 .830
XLE .47 6 54.67 .048
TRIL .47 1 18.44 .025
TLRY .47 4 10.93 .172
SOHU .47 6 17.86 .156
EXPR .47 5 4.27 .550
DARE .47 1 1.67 .281
BODY .47 2 2.76 .340
VXX .46 3 20.96 .063
UFAB .46 2 2.5 .368
NTEC .46 4 9.63 .188
MARK .46 4 1.37 1.340
M .46 12 34.71 .156
KBSF .46 2 3.05 .300
GURE .46 1 5.9866 .076
EQOS .46 1 4.69 .098
CVV .46 2 4.98 .184
CONE .46 1 89.37 .005
BCLI .46 1 2.91 .158
VERU .45 4 7.83 .228
TYME .45 4 0.836 2.152
TME .45 1 7.62 .059
ONCT .45 2 3.13 .286
FLO .45 5 26.8 .080
CCL .45 5 20.49 .105
ADIL .45 2 3.02 .298
XLV .44 6 132.97 .018
WORX .44 4 1.4 1.256
NNVC .44 3 4.59 .285
K .44 9 61.93 .063
GALT .44 3 2.69 .489
FFHL .44 2 8.905 .098
DWSN .44 2 2.32 .378
CIEN .44 19 60.77 .133
ACI .44 10 33.77 .130
WOOF .43 3 20.9 .060
HOLI .43 1 15.89 .027
EVGN .43 1 2.13 .201
CAN .43 4 9.73 .176
ATIF .43 1 3.77 .114
AFMD .43 2 6.73 .126
HRC .42 6 155.54 .012
DNUT .42 7 13.82 .210
DBGI .42 5 3.32 .630
CTSO .42 4 5.24 .320
ARMK .42 4 36.49 .044
SRNG .41 1 11.42 .035
SCYX .41 2 7.13 .114
RKT .41 2 15.42 .052
KZIA .41 2 11.37 .072
HNST .41 3 8.45 .144
GTT .41 1 2.36 .173
FCX .41 24 38.28 .240
ERJ .41 8 14.77 .216
BLIN .41 8 2.89 1.128
AUUD .41 7 2.13 1.344
ACOR .41 4 3.47 .472
YJ .40 2 0.7999 1.000
PHUN .40 12 3.7 1.296
LIZI .40 4 2.63 .608
FBRX .40 1 2.88 .138
DUOT .40 1 6.01 .066
CTIB .40 5 1.88 1.060
CHRA .40 1 4.57 .087
MSFT .39 113 343.11 .113
LC .39 10 38.94 .100
FAST .39 4 61.03 .024
CSCW .39 2 0.5154 1.512
CRTD .39 7 2.56 1.064
AQMS .39 3 1.8 .648
SBH .38 3 20.48 .054
OVID .38 2 3.44 .220
OTLK .38 2 1.54 .492
MRTN .38 3 17 .066
GPK .38 2 20.59 .036
ANY .38 19 5.13 1.406
ANIX .38 1 4.13 .092
VTNR .37 9 4.58 .720
UONE .37 7 5.75 .448
HUGE .37 1 1.48 .250
CHMA .37 2 3.76 .196
UAVS .36 3 2.4 .450
ORCL .36 35 93.97 .105
MRKR .36 1 1.3 .276
MITQ .36 1 2.44 .147
JFIN .36 2 3.63 .198
IDEX .36 4 1.81 .792
GOVX .36 7 4.03 .623
GNLN .36 2 1.43 .502
BNGO .36 12 4.41 .972
AKTX .36 1 1.52 .236
ADMP .36 1 0.898 .400
ACB .36 3 7.04 .153
ORGO .35 2 9.92 .070
LMFA .35 5 6.275 .275
CLSD .35 3 4.37 .240
CIFR .35 3 8.23 .126
BSQR .35 13 2.06 2.197
AESE .35 1 2.04 .171
XELB .34 2 1.4 .484
TRIT .34 5 5.47 .310
TESS .34 2 5.71 .118
SSNT .34 2 5.82 .116
ME .34 6 9.97 .204
HWCC .34 1 5.3 .064
CYTH .34 1 5.27 .064
XOM .33 9 60.67 .045
IMMR .33 6 6.16 .318
HNP .33 2 16.89 .038
GTS .33 1 35.6 .009
BHTG .33 1 1.03 .320
WATT .32 2 1.7 .376
TAL .32 2 5.16 .124
SPCB .32 2 0.7874 .812
SGBX .32 3 2.42 .396
ORMP .32 14 26.5 .168
MINM .32 2 1.42 .450
CDEV .32 2 6.64 .096
AAPL .32 108 160.55 .108
AAL .32 9 19.28 .144
WINT .31 3 1.56 .594
ULBI .31 2 5.8 .106
PBR .31 8 9.74 .248
NKLA .31 15 11.86 .390
HMHC .31 2 16.26 .038
FENC .31 1 9.825 .031
DMAC .31 2 3.82 .162
D .31 8 74.19 .032
AEY .31 1 1.95 .158
OXBR .30 5 4.23 .350
LGHL .30 4 2.32 .516
KR .30 17 40.89 .119
HAPP .30 1 0.7725 .388
ENG .30 3 2.08 .432
BBIG .30 20 3.86 1.540
AUTL .30 3 6.22 .144
XLP .29 6 72.05 .024
UWMC .29 3 6.44 .135
NEXT .29 4 3.73 .308
HUSN .29 4 2.2409 .516
ALTO .29 5 5.11 .280
MITO .28 1 0.9401 .297
CLOV .28 2 5.75 .096
BP .28 4 26.23 .040
APTO .28 4 2.51 .444
WIMI .27 4 4.55 .236
RSLS .27 4 2.01 .536
NAOV .27 11 1.25 2.376
MGTX .27 1 18.65 .014
GSM .27 7 6.01 .308
ENVB .27 3 1.62 .498
VIVE .26 2 1.7 .304
PPBT .26 1 4.06 .064
PME .26 1 0.66 .393
AXLA .26 2 2.93 .176
AGNC .26 3 15.98 .048
PBLA .25 1 1.95 .128
LTHM .25 13 30.17 .104
HIPO .25 2 3.88 .128
RVI .24 2 6.03 .078
RAIL .24 4 3.79 .252
PLG .24 3 2.62 .273
MOGO .24 4 5.39 .176
IKT .24 1 1.9 .126
GBR .24 1 3.08 .077
PIRS .23 7 3.69 .434
OCG .23 4 4.77 .192
THTX .22 1 3.44 .063
SSKN .22 1 1.63 .134
SPWH .22 3 17.44 .036
JFU .22 3 1.29 .510
INOV .22 2 40.99 .010
FFIE .22 2 7.88 .054
DYNT .22 5 1.3 .845
VIEW .21 1 4.02 .052
VBLT .21 3 2.15 .291
TENX .21 1 1.33 .157
ATOS .21 5 2.35 .445
ALAC .21 2 11.6255 .036
SALM .20 4 3.05 .260
KULR .20 4 3.07 .260
ENSV .20 1 1.12 .178
NBEV .19 1 1.18 .161
MOMO .19 3 13.1 .042
FLGC .19 6 2.17 .522
COTY .19 8 10.35 .144
BKYI .19 2 2.73 .138
BGI .19 3 3.8 .150
VSH .18 3 21.6 .024
OBSV .18 5 2.32 .385
IRIX .18 4 7.64 .092
FCEL .18 130 9.81 2.340
BLNK .18 14 43.08 .056
AZN .18 15 56.66 .045
AEHR .18 28 19.56 .252
YPF .17 2 3.87 .086
TISI .17 1 1.61 .105
PPC .17 2 28.61 .010
PETZ .17 4 5.39 .124
LIVX .17 2 3.07 .110
KXIN .17 6 1.94 .522
GMTX .17 1 3.23 .052
SWN .16 2 4.81 .066
SNES .16 2 1.38 .230
RRD .16 5 9.25 .085
INFI .16 4 2.28 .280
IMMP .16 7 3.81 .287
HFBL .16 1 19.89 .008
ZNGA .15 4 6.58 .088
TTM .15 9 33.45 .036
SSL .15 15 15.69 .135
IMV .15 2 1.78 .168
GSKY .15 2 11.44 .026
GRUB .15 3 14.25 .030
CREX .15 1 2.02 .074
CHNG .15 2 20.56 .014
SYKE .14 3 54 .006
OEG .14 1 2.58 .054
NXTP .14 1 1.26 .111
MRO .14 16 15.31 .144
INM .14 1 1.82 .076
IEC .14 1 15.34 .009
EDU .14 1 2.19 .063
ABUS .14 2 3.3 .084
SVBI .13 1 13.63 .009
OSMT .13 4 1.49 .348
LMRK .13 1 16.28 .007
GENE .13 3 2.48 .156
ESXB .13 1 11.97 .010
VERB .12 8 1.56 .608
TELL .12 8 3.46 .272
SBBP .12 2 2 .120
PSTX .12 1 7.6 .015
GSAT .12 2 1.55 .154
CRON .12 5 4.93 .120
CHNR .12 4 1.1 .436
XPDI .11 11 14.32 .077
UNIT .11 3 13.96 .021
SNMP .11 2 1.03 .212
MOHO .11 3 0.569 .579
GBS .11 1 1.75 .062
FENG .11 2 1.2 .182
EKSO .11 2 3.41 .064
CSPR .11 1 6.55 .016
CALA .11 1 0.9244 .118
ACHV .11 2 7.64 .028
SLHG .10 1 1.66 .060
RCAT .10 2 2.38 .084
RAVN .10 3 57.82 .003
MTL .10 11 3.16 .341
KDMN .10 4 9.5 .040
EDTK .10 2 1.23 .162
CNFR .10 2 2.37 .084
AGEN .10 12 3.49 .336
XELA .09 7 1.37 .455
WTER .09 2 1.3 .138
TEDU .09 2 0.727 .246
TAAG .09 1 20.9494 .004
SELF .09 1 5.35 .016
SBS .09 8 6.24 .112
RIG .09 6 2.98 .180
PRPO .09 3 1.96 .135
CPG .09 6 4.39 .120
BIOC .09 2 3.56 .050
AEMD .09 3 2.64 .102
AEI .09 2 1.56 .114
TEO .08 2 5.07 .030
MBII .08 1 0.7896 .101
ET .08 5 8.7 .045
CLDR .08 1 15.99 .005
BQ .08 2 1.67 .094
OCG .07 13 4.77 .182
NEPT .07 2 0.54 .258
ITRO .07 1 1.27 .055
ITRN .07 3 26.6 .006
DBVT .07 11 3.059 .242
CPLG .07 1 15.51 .004
ALZN .07 1 2.17 .032
XBIO .06 8 1.48 .320
WYNN .06 3 90.71 0
VSTM .06 2 2.96 .040
ADMS .06 2 8.16 .014
ULTA .05 12 407.71 0
OXY .05 30 29.12 .030
MDNA .05 8 2.17 .184
FRBK .05 1 3.52 .014
WYNN .04 4 90.71 0
PSP .04 3 16.43 .006
PBT .04 2 8.85 .008
NOK .04 6 5.81 .036
IRCP .04 4 2.39 .064
FRO .04 12 7.25 .060
CXP .04 1 19.16 .002
AVGR .04 7 0.734 .378
VTGN .03 5 2.19 .065
VCAR .03 1 17.388 .001
VALN .03 1 48.91 0
SNDL .03 1 0.7313 .041
SIC .03 1 14.49 .002
MFGP .03 4 5.33 .020
SLVO .02 3 5.41 .009
NWHM .02 1 8.99 .002
KIN .02 2 9.25 .004
EIC .02 2 17.79 .002
DSE .02 1 9.49 .002
RTLR .01 8 10.69 0
PMD .01 1 8.72 .001
INFL .01 2 31.1 0
IACB .01 3 9.98 .003
HDGE .01 1 24.8 0
DFP .01 2 28.55 0
BEST .01 3 1.11 .027
WMPN 0 4 12.09 0
QQC 0 1 34.3904 0
QADB 0 4 87.54 0
PAE 0 1 9.93 0
ONON 0 1 51.42 0
NLSP 0 1 1.96 0
LHAA 0 1 9.8 0
HWBK 0 1 24.61 0
EPAY 0 1 46.27 0
DVD 0 1 3.59 0
APWC 0 1 2.99 0
NSYS -.12 1 10.47 -.011
