GOVX 56.89 2 4.71
GOVX 56.89 2 4.71
BKNG 17.05 4 2303.82
ACRS 16.90 1 17.57
MSTR 15.90 5 615.83
VRPX 15.31 2 15.59
NVAX 14.88 8 258.77
AZO 12.83 6 1551.89
REGN 12.57 6 646.11
SAM 11.59 5 542.92
DPZ 10.53 7 516.12
AUVI 10.36 2 6.65
NTLA 10.00 7 160.81
UPST 9.72 6 289.6
KOSS 9.72 4 19.02
SE 9.40 7 322.6
W 9.22 6 265.89
IAC 8.96 2 131.36
INTU 8.87 1 567.75
LWAC 8.69 1 16.98
AMGN 8.68 1 228.8
WAVE 8.60 1
TDG 8.49 2 624.0
DE 8.42 5 362.97
CARV 8.41 3 16.57
BNTX 8.38 6 351.05
COIN 8.34 2 256.35
NVOS 8.25 1 1.83
NRXP 8.25 3 12.58
ROST 8.24 1 114.27
ROLL 8.24 1 220.57
AMZN 8.07 92 3484.16
TSCO 7.96 1 180.9
JAN 7.94 2 6.98
ROKU 7.93 2 334.55
BURL 7.92 1 318.09
UHAL 7.91 4 657.95
TWST 7.90 2 117.91
NVCR 7.78 4 138.67
EBET 7.76 3 32.87
MRNA 7.68 19 455.92
GLSI 7.65 2 45.8
COHN 7.64 2 21.05
BLK 7.59 1 880.67
MDB 7.58 2 474.93
CRMT 7.58 2 132.01
SNOW 7.57 4 319.97
ASML 7.56 5 858.5
ZS 7.55 1 280.22
SIVB 7.54 1 570.17
DASH 7.45 2 187.61
EEIQ 7.39 3 5.22
LII 7.33 2 328.67
FLGT 7.33 3 90.88
LAD 7.20 2 332.37
GH 7.05 1 130.85
CPOP 7.05 2 4.07
ZLAB 7.04 2 150.99
ADSK 6.99 2 287.63
MA 6.96 3 351.41
LAIX 6.87 1 1.02
IRNT 6.87 1 17.31
GPN 6.86 4 172.08
LHDX 6.82 1 8.54
TERN 6.81 1 11.16
AAP 6.68 1 207.57
VERV 6.63 3 73.26
TPST 6.58 2 14.33
RLMD 6.56 1 25.8
SEDG 6.52 2 275.82
KEYS 6.46 1 168.72
KALV 6.45 2 21.11
SNPS 6.39 2 332.36
EJH 6.39 5 3.82
RAPT 6.35 2 36.08
KMB 6.35 1 135.82
PKI 6.30 1 172.11
VIR 6.18 1 49.51
ANVS 6.15 4 35.18
ACMR 6.15 1 106.18
SCPS 6.13 4 5.77
SCR 5.96 1 35.64
UTHR 5.88 1 205.43
LANC 5.87 1 179.98
ENPH 5.87 2 161.36
CELH 5.86 1 73.31
WDAY 5.85 2 267.37
SITM 5.79 3 203.99
DQ 5.79 4 63.13
LOW 5.78 3 203.01
LH 5.76 2 73.31
VERY 5.74 1 9.12
SI 5.73 1 24.35
ANTM 5.66 3 371.52
HRI 5.63 1 128.21
COST 5.45 3 465.94
LLY 5.39 3 240
GWRE 5.32 1 122.07
V 5.11 1 227.49
SPLK 5.11 4 156.16
APPN 5.04 2 105.25
RGEN 5.01 2 294.84
SJ 4.97 1 4.26
AAME 4.94 2 4.06
LIN 4.89 3 312.7
AXP 4.88 1 173.12
HON 4.87 2 229.27
FULC 4.87 3 27.81
YETI 4.85 1 99.54
IMPL 4.85 2 21.13
ZM 4.83 12 295.86
ZG 4.83 3 92.88
GRTS 4.83 3 11.71
PLCE 4.81 1 100.58
HAS 4.75 1 103.98
ABNB 4.71 3 166
HCA 4.67 1 249.32
GRVY 4.67 2 102.37
EDIT 4.67 1 56.48
LAZR 4.65 1 16.87
ADI 4.60 1 165.78
TSLA 4.57 141 754.86
STZ 4.57 1 234.27
RACE 4.57 1 212.51
GOOG 4.55 25 2898.27
WSM 4.52 3 180.95
NNOX 4.52 2 23.62
TTWO 4.51 1 159.92
PRTA 4.43 2 72.15
OCG 4.42 3 4.67
CI 4.39 2 217.12
CAT 4.36 2 205.42
DOCN 4.31 1 69.08
DDS 4.31 5 196.49
IMAB 4.28 1 77.27
NEWR 4.27 1 82.6
RL 4.24 2 113.76
COF 4.22 1 159.96
CLDX 4.17 1 53.76
ALEC 4.17 3 22.42
IMNM 4.16 1 18.13
APPS 4.16 1 60.05
AN 4.16 2 6.76
SNA 4.15 1 221.53
VMW 4.12 3 145.55
DOCS 3.99 4 101.29
STE 3.98 1 213.12
SPT 3.95 1 105.63
EAT 3.93 1 50.92
SAVA 3.92 20 49.72
SIEB 3.89 2 3.73
FANG 3.89 1 80.54
BNTC 3.84 1 3.75
VRNT 3.78 1 44.1
SHEN 3.71 1 61.1
OCGN 3.71 2 7.36
BHVN 3.71 2 117.28
KZIA 3.69 1 10.4
PKG 3.68 2 139.12
CTRN 3.67 2 88.64
AMEH 3.61 2 111.1
LAW 3.60 1 64.35
PDD 3.58 4 104.28
QDEL 3.57 1 136.97
DLPN 3.56 3 13.14
AACG 3.56 3 2.78
ADBE 3.54 5 661.68
UHS 3.49 2 157.9
SKT 3.49 1 16.95
GME 3.48 75 199.18
TVTX 3.46 1 23.6
TDC 3.44 1 56.38
OTIS 3.43 1 89.2
SFIX 3.41 1 38.9
RBLX 3.40 4 86.35
FIGS 3.34 2 42.36
EA 3.34 1 142.31
NMRD 3.33 2 6.3
ISCG 3.33 1 51.21
MCD 3.30 2 238.61
BIIB 3.26 3 300.15
UNH 3.25 9 414.55
KURA 3.24 1 20.32
OPNT 3.16 1 17.75
BYND 3.16 2 130.32
BKE 3.14 1 41.56
NURO 3.12 6 11.35
MSGE 3.10 3 78.23
VSCO 3.09 2 63.69
PTON 3.08 1 104.35
OLLI 3.08 1 72.58
XLNX 3.06 4 154.17
KMPH 3.04 1 9.23
CLX 3.04 2 165.71
CREE 3.02 3 85.43
NEGG 3.00 20 16.89
DOMO 3.00 2 79.66
DKS 2.98 5 132.15
J 2.97 1 55.27
ESTC 2.97 3 163.29
UBER 2.96 1 43.03
SEMR 2.96 1 27.93
ARVN 2.96 3 95.07
JRVR 2.95 1 34.93
TSM 2.93 1 117.82
FATE 2.92 1
AFRM 2.89 4 92.06
LOOP 2.88 1 10.82
JCS 2.88 1 6.69
WGO 2.86 1 69.98
DLO 2.85 3 64.8
LITE 2.84 1 80.24
HTBX 2.80 1 6.33
WAFU 2.79 2 6.87
MOXC 2.78 2 8.11
STX 2.76 3 87.34
IRDM 2.75 2 46.91
ABT 2.75 2 127.98
SLS 2.74 1 9.37
PFGC 2.74 1 42.96
MNST 2.74 1 96.35
TNA 2.70 2 88.77
NXPI 2.70 3 210.46
MVIS 2.70 2 13.56
AKAM 2.70 1 112.41
KNBE 2.69 4 25.28
EL 2.69 5 335.44
XBI 2.65 4 132.82
PEP 2.63 1 153.0
NCTY 2.63 5 14.32
APP 2.62 2 71.09
DTST 2.61 1 6.61
DPW 2.61 3 2.83
GS 2.60 6 404.58
RMBL 2.58 1 35.25
TTD 2.55 5 72.82
IWM 2.55 3 226.16
DEN 2.54 1 71.84
LPX 2.53 1 55.27
FL 2.53 1 58.17
DDL 2.53 1 26.14
CLII 2.53 1 14.36
NTAP 2.52 2 86.98
JBL 2.52 1 62
HOL 2.52 1 12.35
LEXX 2.49 1 6.34
ALXN 2.49 2 182.5
LOGI 2.48 2 107.98
BBY 2.48 4 112.39
CRNC 2.46 2 116.64
TGT 2.44 7 245.44
TASK 2.41 3 65.81
AVXL 2.41 5 18.91
LYEL 2.40 1 16.86
CM 2.39 2 39.74
PLD 2.38 2 128.07
PATI 2.38 1 12.17
PATI 2.38 1 12.17
GIII 2.35 2 30.07
UPS 2.33 5 189.01
SKX 2.32 1 54.16
CYTK 2.32 2 30.05
AGRI 2.32 1 5.53
CHCI 2.31 2 5.4
PRFX 2.29 1 2.75
ATKR 2.27 1 83.82
SQ 2.23 21 251.54
RTX 2.23 1 88.2
DLTR 2.23 2 91.2
TSP 2.22 4 41.85
TJX 2.22 3 69.45
STT 2.22 2 79.72
LMT 2.22 8 348.93
CHGG 2.22 1 85.0
FGEN 2.21 2 11.79
AMD 2.21 7 106.15
OSTK 2.20 6 69.92
DXC 2.19 1 38.72
XTLB 2.18 1 4.63
TSN 2.17 2 75.58
MDT 2.17 4 133.43
SPG 2.16 2 134.71
SMLP 2.15 1 31.29
STMP 2.14 3 328.6
EXPI 2.14 3 46.89
INCY 2.13 1 77.95
IGIC 2.12 1 9.09
BBWI 2.11 2 64.53
WM 2.10 2 226.16
CERE 2.10 5 35.77
DELL 2.08 5 96.38
ROST 2.06 4 114.27
BON 2.06 1 11.9
ALDX 2.06 1 8.92
MFNC 2.04 1 21.5
BTX 2.04 1 12.05
VLO 2.03 2 66.35
JD 2.03 3 76.25
FLWS 2.02 2 30.4
APRE 2.02 1 4.64
TMUS 2.01 3 131.44
MRIN 2.01 5 6.08
IBM 2.00 4 137.74
DD 1.98 1 97.71
VTSI 1.97 1 8.48
KSS 1.96 6 53.98
JG 1.96 2 2.09
BNR 1.96 2 20.06
NGM 1.94 1 21.25
LI 1.94 2 30.62
RRGB 1.93 1 20.52
LEGN 1.93 3 49.0
BTBT 1.92 7 11.2
BIDU 1.92 115 163.65
NEE 1.91 1 77.22
ZIM 1.89 1 45.51
DG 1.89 3 220.14
FTCH 1.88 1 38.67
LEDS 1.87 2 9.52
MS 1.86 4 103.59
HOOD 1.85 12 41.28
ON 1.84 1 104.35
DUK 1.84 1 107.72
DKNG 1.84 2 63.67
AIT 1.83 1 89.31
OSAT 1.82 2 6.27
OKE 1.82 1 51.72
DIS 1.79 6 185.91
ANF 1.79 1 35.78
ARCE 1.78 1 24.04
BLDR 1.77 1 47.31
TTC 1.75 3 106.96
VOXX 1.74 2 10.43
AMAT 1.73 5 135
PG 1.72 4 143.99
KODK 1.72 1 7.24
HD 1.71 9 331.77
CHKP 1.71 4 122.34
VMEO 1.70 1 35.94
SILK 1.70 3 62.04
LYFT 1.70 3 50.51
ENOB 1.70 3 7.82
MYGN 1.67 1 34.8
TWTR 1.66 2 68.65
MPC 1.66 1 54.55
SYPR 1.65 2 3.79
FLOW 1.65 3 77.4
KMX 1.64 1 133.23
CRM 1.64 9 260.74
CAH 1.64 3 50.63
LODE 1.63 1 3.24
KYMR 1.63 1
JZXN 1.63 4 2.915
MOS 1.62 1 31.27
IYC 1.62 1 79.8
ISEE 1.61 1 8.69
CRCT 1.61 1 40.58
USB 1.60 3 57.13
SPI 1.60 2 5.72
RMED 1.60 3 3.11
MBRX 1.60 1 3.06
WHLM 1.59 3 5.73
CSIQ 1.59 2 36.9
BZ 1.59 1 34.13
A 1.59 5 177.23
FISV 1.58 5 115.01
CELC 1.58 2 21.77
RIOT 1.57 2 32.89
GTEC 1.57 2 6.89
CNC 1.57 1 70.47
CARA 1.57 2 15.56
SPTN 1.56 1 21.52
PAYX 1.56 1 111.32
BLFS 1.55 1 52.87
SSY 1.54 2 2.62
MTTR 1.54 1 17.66
FUV 1.54 1 11.04
GIS 1.53 1 60.91
UAL 1.50 1 46.58
SUPN 1.50 1 27.36
ENLV 1.50 1 11.2
BILI 1.50 20 83.83
ZEV 1.49 3 9.39
SGOC 1.48 8 7.11
JNJ 1.48 2 168.07
VCVC 1.46 1 9.85
LGHL 1.46 1 1.3
PINS 1.45 3 55.12
MMM 1.45 5 185.75
EYEG 1.45 1 1.61
EVOL 1.45 1 2.23
BPTH 1.44 1 5.56
SNOA 1.43 3 5.57
SCKT 1.43 3 6.83
GM 1.42 1 52.85
ATVI 1.42 3 78.05
SCHW 1.41 2 72.33
AVIR 1.41 1 25.0
CVS 1.40 3 85.41
CRDF 1.40 1 6.99
NVDA 1.39 139 221.77
ERYP 1.39 2 6.25
EOSE 1.39 2 13.2
COUR 1.39 1 40.91
TNET 1.38 1 79.86
LIVE 1.37 3 38.77
ECOM 1.37 1 25.63
ATNF 1.36 2 5.98
TAOP 1.35 3 3
RUN 1.35 4 44.61
BWAY 1.35 1 8.02
WNW 1.34 1 5.07
NLS 1.33 1 13.62
AMC 1.33 52 48.52
SLV 1.32 1 22.27
HOG 1.32 2 40.12
AEO 1.32 2 26.9
VIH 1.31 1 10.6
SPY 1.31 1 448.98
SJM 1.30 6 120.78
AA 1.30 2 23.83
SPCE 1.29 22 25.68
MAT 1.28 2 20.35
LEN 1.28 3 100.22
FRD 1.28 1 12.16
XLV 1.27 1 134.42
RHE 1.27 2 9.11
HJLI 1.27 1 9.1
APXT 1.27 1 12.11
SLGG 1.26 1 4.03
MESO 1.26 1 6.1
JKS 1.26 2 51.62
HHR 1.26 1 42.84
THCB 1.25 1 10
NNVC 1.25 1 4.1
BYSI 1.25 3 24.32
PBTS 1.24 1 1.37
EDSA 1.24 1 5.79
CMMB 1.24 2 14.72
ANPC 1.24 2 3.76
TAP 1.23 2 86.98
C 1.23 4 162.24
RCUS 1.22 1 34.43
NKE 1.22 6 163.34
EYES 1.22 6 3.61
BBBY 1.22 12 25.33
KIRK 1.21 1 21.38
HGEN 1.21 3 7.97
ARAV 1.21 1 3.97
STEM 1.20 4 23.23
MAXR 1.20 3 31.07
JPM 1.20 12 159.19
CRIS 1.20 2 8.31
CETX 1.20 1 1.19
AMTX 1.20 3 12.65
PALI 1.19 2 2.9
JWN 1.19 3 27.14
QCOM 1.18 7 141.58
PFE 1.18 3 46.03
GRU 1.18 1 4.16
GRU 1.18 0 4.16
GRTX 1.18 1 7.7
DFH 1.18 1 20.98
AYRO 1.18 1 3.89
NIU 1.17 3 24.33
CLSK 1.17 1 11.69
SIF 1.16 1 8.05
HGSH 1.16 2 1.74
IMTX 1.15 3 15.46
MARA 1.14 7 38.89
DAL 1.14 4 38.52
VNET 1.13 3 21.52
STG 1.13 1 5.72
NUAN 1.13 1 55.22
ABSI 1.13 1 22.26
RY 1.12 2 105.72
QFIN 1.12 6 25.25
MNOV 1.12 2 4.08
BZUN 1.12 1 19.14
TGTX 1.11 1 30.47
PMCB 1.11 3 3.95
CNET 1.11 1 1.43
BCRX 1.11 5 15.25
OPTT 1.10 1 1.97
GT 1.09 1 15.72
DDD 1.09 8 32.04
ATAI 1.09 1 16.97
SLB 1.08 1 28.43
RSLS 1.08 1 3.05
MTSL 1.08 3 3.37
FCBP 1.08 1 29.1
BAC 1.08 3 37.85
B 1.08 1 45.33
AZYO 1.08 1 9.175
ALF 1.08 2 8.35
XLE 1.07 3 47.81
TTCF 1.07 1 17.03
NETE 1.05 1 9.85
OCUP 1.04 1 5.28
IPA 1.04 2 6.92
FSTX 1.04 1 7.89
CANF 1.04 1 1.78
ALLO 1.04 1 25.25
FTEK 1.03 2 1.87
COP 1.03 5 55.58
BJ 1.03 5 57.98
AMKR 1.03 1 23.53
ALYA 1.03 3 2.72
QADB 1.02 3 86.93
FAST 1.02 1 53.15
ZCMD 1.01 1 1.63
RCON 1.01 1 3.26
MVST 1.01 4 11.76
LL 1.01 1 97.33
EGRX 1.01 2 47.73
BGFV .99 5 28.99
TRCH .98 2 9.88
NFLX .98 101 597.54
HOFV .98 2 2.95
UAA .97 2 23.83
SKLZ .97 3 11.54
FA .96 1 23.5
DWSN .96 1 1.96
BTWN .95 1 9.87
CGC .94 1 19.19
MO .93 2 12.92
HCM .93 4 39.49
CHPT .93 1 21.87
ABBV .93 4 107.27
LBPH .92 1 11.36
KNL .92 1 25.04
YEXT .91 1 12.84
WFC .91 4 43.13
GEG .90 1 2.25
CRTO .90 1 35.97
YMM .89 1 17.92
PLUG .89 8 25.26
CEMI .89 6 2.71
ACHL .89 1 6.17
HPQ .88 3 28.21
BABA .88 96 167.32
GLD .87 5 168.03
DTSS .87 1 2.03
AFMD .87 1 6.7
VLDR .86 1 6.55
RF .86 1 19.1
LC .86 5 30.5
ATHM .86 2 40.22
SRNE .85 1
SAFM .85 1 193.28
RIDE .85 5 6.32
HNP .85 1 22.06
RKT .84 1 19.21
PTIX .84 2 1.97
HRC .84 3 151.54
BB .84 11 10.73
UAVS .83 1 3.36
LUV .83 3 49.23
IRBO .83 1 44.98
CSCO .83 5 58.6
CNA .83 1 43.9
BLUW .83 2 9.63
SANA .82 1 23.14
MNSO .82 1 16.96
FITB .82 3 38.8
SPRT .81 20 26.02
CLF .81 5 23.34
GMBL .80 1 8.38
SWI .79 1 10.88
SCYX .79 1 6.81
PNRG .79 1 59.44
MU .79 4 72.87
MTL .79 1 4.33
BP .79 1 25.64
ZY .78 3 10.33
VVOS .78 4 5.56
OTLK .78 1 2.52
HX .78 1 1.78
GNOG .78 1 22.86
CAI .78 1 55.84
WATT .77 1 2.4
PLTR .77 2 26.13
EXPR .77 3 5.37
ENTX .77 2 4.69
NBRV .76 1 1.12
APG .76 1 22.92
GP .75 2 15.19
SHOP .74 5 1504.08
PSTG .74 2 26.31
MQ .74 1 27
GTIM .74 1 5.14
GRVI .74 3 5.82
FUBO .74 2 29.1
ATXI .74 1 1.7
VZ .73 2 55.96
VOOV .73 1 144.8
UPC .73 3 2.29
SQBG .73 2 6.24
RNXT .73 2 9.74
ORPH .73 3 4.96
ORMP .73 9 19.83
NVFY .73 3 2.26
MRK .72 2 16.16
ENSC .72 1 3.55
BTCM .72 4 11.42
ARPO .72 1 2.2
AREC .72 4 2.31
ZKIN .71 2 3.5
TBLA .70 1 9.85
SONO .70 4 37.7
PRPL .70 3 27.32
ORGS .70 1 5.18
OCX .70 1 4.03
JRJC .70 1 4.84
CBAT .70 2 2.89
WIMI .69 1 4.51
BEKE .69 1 20.32
ASM .69 1 0.981
APOP .69 4 6.35
ONCS .68 1 2.15
INTC .68 5 53.4
BBIG .68 11 10.82
XONE .67 2 24.31
WMT .67 14 146.42
PDCO .67 2 32.16
FOE .67 1 21
CLNE .67 1 7.95
BODY .67 1 6.92
ACH .67 1 22.41
VIPS .66 1 14.26
TIGR .66 5 13.38
SSNT .66 1 6.6
RETO .66 1 0.8731
ERJ .66 1 15.28
DRN .66 1 25.3
CTKB .66 1 26.35
CRTD .66 3 3.33
AMOM .66 1 36.9299
TATT .65 3 5.8
STRO .65 2 20.31
PCVX .65 1 25.99
OLB .65 1 5.09
LMNL .65 3 2.55
K .65 6 63
TESS .64 1 5.61
M .64 5 21.64
LZB .64 2 34.29
GPS .64 5 24.6
FLGC .64 2 7.39
CTIB .64 3 2.13
ANY .64 6 7.19
ACY .64 16 29.81
XLP .63 1 72.19
DNUT .63 3 16.07
CCL .63 4 23.28
ULTA .62 1 388.74
LJPC .62 2 4.23
SPWH .61 1 17.69
SOS .61 2 2.58
SNAP .61 110 74.62
QADB .61 0 86.93
PYPL .61 5 286.88
PLG .61 1 2.52
MRVL .61 5 61.25
IPHA .61 2 6.25
CL .61 3 77.3
BIOC .61 1 3.69
AMBO .61 1 1.42
PSTV .60 1 1.89
EVK .60 6 2.98
AVCT .60 1 3.65
AMRS .60 1 13.68
VERU .59 3 9.5
UONE .59 3 7.97
BIG .59 2 46.71
ACI .59 4 32.17
WPRT .58 2 3.64
WISH .58 3 6.99
TRIT .58 3 5.14
STAF .58 2 2.13
EPU .58 2 27.01
AEHR .58 11 10.7
WEI .57 1 0.863
TQQQ .57 129 148.9
T .56 3 27.42
SBH .56 2 16.85
OBLN .56 3 3.05
MTP .56 1 1.84
KO .56 5 56.47
CLPS .56 1 3.33
CLPS .56 1 3.33
CLOV .56 1 9.31
ARMK .56 3 35.02
VNE .55 6 34.87
UWMC .55 1 7.46
LTHM .55 5 25.53
EVGO .55 1 12.44
EOLS .55 1 8.75
APTO .55 2 2.94
WHLR .54 2 3.15
GSM .54 3 8.86
ENZ .54 2 3.56
AUUD .54 5 2.96
ADMA .54 1 1.19
TBIO .53 3 37.48
MEDS .53 5 5.14
HUYA .53 3 9.93
EQ .53 1 5.81
ENG .53 2 2.04
VIVE .52 1 2.52
TLRY .52 3 12.86
KULR .52 1 2.32
HRL .52 3 42.2
FLO .52 2 24.65
XBIO .51 7 2.63
WOOF .51 2 21.52
VTNR .51 6 6.83
DYAI .51 3 5.76
CPSH .51 1 6.08
AUTL .51 1 7.06
RKDA .49 1 2.26
NRBO .49 2 4.07
MSFT .49 107 297.25
IGC .49 3 1.58
GEVO .49 4 7.94
ECHO .49 1 31.32
ARMP .49 1 3.85
XPEV .48 79 39.37
PBR .48 3 9.97
NNDM .48 3 6.31
NIO .48 75 38.45
NEXT .48 2 3.41
DBGI .48 3 2.81
TRIL .47 1 17.33
SOHU .47 6 23.31
KR .47 13 46.13
DARE .47 1 1.71
D .47 6 78.46
BGI .47 1 2.48
VXX .46 3 26.05
UFAB .46 2 2.4399
NTEC .46 4 9.63
KBSF .46 2 3.86
INOV .46 1 36.87
GURE .46 1 4.06
CVV .46 2 5.24
CIEN .46 16 55.49
BCLI .46 1 3.33
TYME .45 4 1.09
TME .45 1 8.92
ONCT .45 2 4.29
ME .45 1 8.56
BLIN .45 7 4.73
ADIL .45 2 4.15
WORX .44 4 2.69
GALT .44 3 3.85
FFHL .44 2 10.18
FCX .43 16 34.81
EVGN .43 1 3.12
COTY .43 4 8.46
CAN .43 4 8.83
ATIF .43 1 4.62
AQMS .43 2 2.2
OBSV .42 2 3.14
VSH .41 2 22.71
GTT .41 1 2.36
CTSO .41 3 8.91
ASTR .41 3 11.66
ACOR .41 4 4.46
YJ .40 2 0.7898
XOM .40 6 54.09
RRD .40 2 4.83
LIZI .40 4 4.04
GE .40 4 103.29
FBRX .40 1 4.04
DUOT .40 1 6.6
CHRA .40 1 4.94
AAPL .40 107 154.07
OXBR .39 4 3.39
MOMO .39 1 12.92
MDIA .39 2 7.9
CSCW .39 2 1.14
OVID .38 2 3.51
MRTN .38 3 15.37
ANIX .38 1 5.04
AAL .38 8 20.2
HUGE .37 1 1.7
HNST .37 1 13.83
GPK .37 1 18.91
CHMA .37 2 3.76
MRKR .36 1 1.89
JFIN .36 2 3.9
IDEX .36 4 2.24
GNLN .36 2 2.55
BNGO .36 11 5.79
AKTX .36 1 1.76
AGNC .36 2 16.18
ADMP .36 1 1.09
ACB .36 3 6.91
MFGP .35 1 5.46
IRIX .35 3 7.24
CLSD .35 3 6.73
BSQR .35 13 2.82
AESE .35 1 1.87
XELB .34 2 1.65
HWCC .34 1 5.24
ENVB .34 2 3.5
LMFA .33 4 4.69
GTS .33 1 35.38
BHTG .33 1 1.47
AZN .33 7 56.29
VBLT .32 2 2.47
TAL .32 2 5.4
SPCB .32 2 1.12
MINM .32 2 2.11
IMMP .32 3 4.16
BKYI .32 1 3.19
WINT .31 3 1.85
ULBI .31 2 8.18
PIRS .31 5 5.7
FENC .31 1 7.93
DMAC .31 2 4.23
AEY .31 1 2.5
HAPP .30 1 1.14
HUSN .29 4 2.5823
AXLA .29 1 3.3
NKLA .28 14 9.84
MITO .28 1 1.32
IMMR .28 2 7.27
ALTO .28 3 4.71
NAOV .27 11 2.37
PPBT .26 1 4.96
PME .26 1 0.7112
ATOS .26 4 3.66
PBLA .25 1 2.42
RAIL .24 4 5.05
IKT .24 1 2.43
GBR .24 1 4.01
PYPL .23 13 286.88
MOGO .23 3 4.76
ACHV .23 1 7.95
THTX .22 1 3.65
SSKN .22 1 1.55
OXY .22 22 25.07
JFU .22 3 1.9
GENE .22 2 3.36
DYNT .22 5 1.25
XELA .21 6 2.3
VIEW .21 1 5.12
TENX .21 1 1.435
KXIN .21 5 3.31
ALAC .21 2 11.38
ZNGA .20 2 8.11
PHUN .20 5 1.08
ENSV .20 1 1.22
EKSO .20 1 4.53
SBS .19 3 6.5
NBEV .19 1 2.27
AGEN .19 4 6.54
TELL .18 5 3.07
OSMT .18 3 3.19
ET .18 2 32.79
DBVT .18 3 5.35
PPC .17 2 28.05
ORGO .17 1 16.43
MRO .17 6 11.35
LIVX .17 2 2.94
IRCP .17 1 2.99
GSAT .17 1 2.58
GMTX .17 1 5.07
FCEL .17 126 5.82
SSL .16 5 15.26
SNES .16 2 1.72
RAVN .16 2 58.1
INFI .16 4 3.68
HFBL .16 1 18.5
IMV .15 2 1.73
GRUB .15 3 18.25
CHNG .15 2 21.8
SYKE .14 3 54
OEG .14 1 3.04
INM .14 1 2.05
IEC .14 1 15.31
EDU .14 1 2.25
SVBI .13 1 12.3
LMRK .13 1 16.48
ESXB .13 1 10.72
CRON .13 4 6.92
SBBP .12 2 2.16
RIG .12 2 3.5
PSTX .12 1 8.37
CHNR .12 4 1.2298
VERB .11 6 2.03
SNMP .11 2 0.9711
MOHO .11 3 0.6489
GBS .11 1 3.42
FENG .11 2 1.3
CALA .11 1 2.29
XLK .10 3 158.19
SLHG .10 1 2.8
EDTK .10 2 1.53
CNFR .10 2 3.12
AEMD .10 2 3.62
WTER .09 2 1.79
TEDU .09 2 1.5
SELF .09 1 5.31
PRPO .09 3 3.22
NOK .09 2 6.12
AEI .09 2 2.56
MDNA .08 7 2.59
MBII .08 1 1.2
MARK .08 2 1.16
CLDR .08 1 15.93
BQ .08 2 2.76
NEPT .07 2 0.6202
KDMN .07 1 9.09
ITRO .07 1 1.27
ITRN .07 3 26.1
WYNN .06 3 96.15
PSP .06 2 16.22
FRO .06 5 8.04
ULTA .05 12 388.74
FRBK .05 1 3.18
WYNN .04 4 96.15
VTGN .04 3 3.05
SHOP .04 88 1504.08
PBT .04 2 5.28
CXP .04 1 19.01
AVGR .04 7 0.8602
VCAR .03 1 12.1306
SNDL .03 1 0.76
SIC .03 1 14.38
FB .03 93 378
DFP .03 1 29.1
NWHM .02 1 8.99
KIN .02 2 9.25
IACB .02 2 9.855
FB .02 100 378
DSE .02 1 9.49
BLNK .02 11 31.9
BEST .02 2 1.06
SLVO .01 2 5.5
PMD .01 1 7.67
INFL .01 2 30.06
WMPN 0 4 12.46
202PENN %:
RTLR -.01 7 11.37
EIC -.08 1 16.24
NSYS -.12 1 12.72
