EJH 5.21 6 2.64 11.838
LAIX 1.72 4 0.9 7.644
SCPS 3.34 7 4.15 5.628
EEIQ 4.33 5 4.11 5.265
AACG 2.67 4 2.34 4.564
NVOS 1.65 5 1.84 4.480
NEGG 3.07 20 14.27 4.300
CPOP 2.34 5 3.03 3.860
VRPX 1.77 9 4.8 3.312
FCEL .17 129 6.69 3.225
DPW 1.56 5 2.43 3.205
AUVI 2.56 8 7.1 2.880
JZXN 1.63 4 2.39 2.728
NRXP 3.86 6 9.27 2.496
AAME 2.47 4 4.15 2.380
JAN 3.24 5 6.84 2.365
JG 1.96 2 1.67 2.346
EYES 1.22 6 3.19 2.292
KOSS 5.35 7 16.35 2.289
SIEB 1.53 5 3.35 2.280
CEMI .75 7 2.5 2.100
SGOC 1.48 8 5.65 2.088
BSQR .35 13 2.41 1.885
AMC 1.23 55 38.06 1.760
TYME .45 4 1.03 1.744
NURO 1.69 10 10.14 1.660
INDP 2.52 5 7.83 1.605
BTBT 1.39 8 7.23 1.536
HGSH 1.16 2 1.51 1.536
RMED 1.60 3 3.14 1.527
TAOP 1.35 3 2.66 1.521
AREC .72 4 1.9 1.512
GRTS 3.14 5 10.8 1.450
NAOV .27 11 2.06 1.441
CSCW .39 2 0.548 1.422
GME 2.99 82 175.47 1.394
SPRT .81 20 11.8 1.360
CARV 3.92 6 17.8 1.320
EVK .60 6 2.79 1.290
BIDU 1.78 117 153.75 1.287
NCTY 2.63 5 10.31 1.275
WAVE 2.15 4 6.81 1.260
SAVA 3.02 26 62.08 1.248
BBIG .49 16 6.41 1.216
ALYA 1.03 3 2.6 1.188
FTEK 1.03 2 1.74 1.182
LGHL 1.46 1 1.27 1.149
SJ 1.24 4 4.32 1.148
YJ .40 2 0.7149 1.118
AUUD .54 5 2.42 1.115
PBTS 1.24 1 1.12 1.107
NMRD 1.66 4 6.01 1.104
MRIN 2.01 5 9.12 1.100
PHUN .20 5 0.9288 1.075
PMCB 1.11 3 3.17 1.050
SSY .91 3 2.6 1.050
BNTC 1.24 3 3.57 1.041
SPCE 1.14 23 25.3 1.035
CETX 1.20 1 1.16 1.034
IRNT 3.52 5 17.05 1.030
AGRI .76 3 2.23 1.020
OCGN 1.45 5 7.18 1.005
IGC .49 3 1.48 .993
CTIB .64 3 1.94 .987
NIO .48 75 35.63 .975
CHCI 1.54 3 4.77 .966
NVFY .73 3 2.27 .963
MTSL 1.08 3 3.37 .960
XPEV .46 80 35.54 .960
BB .84 11 9.73 .946
WAFU 1.94 3 6.29 .924
SYPR 1.65 2 3.57 .924
PTIX .84 2 1.87 .898
WHLM 1.59 3 5.38 .885
UPC .73 3 2.47 .885
DLPN 2.68 4 12.16 .880
CNET 1.11 1 1.26 .880
LMNL .65 3 2.31 .843
RETO .66 1 0.785 .840
ASM .69 1 0.825 .836
PRFX .77 3 2.77 .831
LHDX 1.58 4 7.6 .828
ACRS 2.12 7 18 .819
WORX .44 4 2.15 .816
PALI .71 3 2.65 .801
BBBY 1.07 13 17.275 .793
BLIN .41 8 4.11 .792
SNAP .58 112 73.87 .784
VVOS .78 4 4.04 .772
SNOA 1.43 3 5.58 .768
ANPC 1.24 2 3.24 .764
ENOB 1.70 3 6.73 .756
TPST 2.19 5 14.47 .755
DYNT .22 5 1.46 .750
WEI .57 1 0.769699 .740
HOFV .98 2 2.65 .738
CRTD .66 3 2.71 .729
IDEX .36 4 1.97 .728
KALV 2.12 6 17.45 .726
TSLA 4.22 145 775.48 .725
BNGO .36 11 5.5 .715
OSAT 1.82 2 5.1 .712
NVDA 1.23 141 207.16 .705
ANVS 3.73 6 31.75 .702
ANY .38 11 5.94 .693
SCKT 1.43 3 6.3 .678
EVOL 1.45 1 2.15 .674
IMPL 2.05 4 12.18 .672
AVXL 2.41 5 17.95 .670
MOXC 1.77 3 7.91 .669
XELA .21 6 1.94 .648
EYEG 1.45 1 2.25 .644
SPCB .32 2 0.995 .642
NBRV .76 1 1.19 .638
SPI 1.60 2 5.02 .636
CANF 1.04 1 1.66 .626
ZCMD 1.01 1 1.64 .615
EBET 3.45 6 33.57 .612
HGEN 1.21 3 5.93 .612
LODE 1.63 1 2.67 .610
CBAT .70 2 2.33 .600
NVAX 13.77 9 207.31 .594
STAF .58 2 1.95 .594
MNOV 1.12 2 3.79 .590
TERN 1.53 4 10.42 .584
VERY 1.85 3 9.5196 .582
VTNR .51 6 5.24 .582
AEHR .47 17 13.65 .578
OPAD 1.25 4 8.72 .572
SOS .61 2 2.13 .572
DTST .84 3 4.44 .567
ADGI 3.35 7 42.24 .553
COHN 2.68 4 19.32 .552
OBLN .56 3 3.05 .549
ALEC 2.50 5 22.82 .545
MVIS 1.51 4 11.05 .544
MOHO .11 3 0.605 .543
MEDS .53 5 4.9236 .535
MBRX 1.60 1 3 .533
ORPH .73 3 4.11 .531
RIDE .85 5 7.98 .530
TQQQ .54 132 124.57 .528
ZEV 1.49 3 8.55 .522
HOOD 1.85 12 42.08 .516
LWAC 2.17 4 16.98 .508
ZKIN .71 2 2.79 .508
FULC 2.86 5 28.21 .505
OXBR .30 5 2.95 .505
IPHA .78 4 6.17 .504
APTO .55 2 2.18 .504
LIZI .40 4 3.17 .504
GTEC 1.57 2 6.28 .500
ATNF .90 3 5.41 .498
XTLB 1.09 2 4.38 .496
ATXI .74 1 1.49 .496
HTBX 1.46 2 5.95 .490
KNBE 2.69 4 21.96 .488
MVST 1.01 4 8.22 .488
GOVX .35 6 4.32 .486
JCS 1.40 3 8.65 .483
LEDS 1.87 2 7.79 .480
ERYP 1.39 2 5.77 .480
BABA .88 96 148.05 .480
ADMA .54 1 1.13 .477
OPTT 1.10 1 2.32 .474
DBGI .48 3 3.04 .471
RAPT 2.43 6 31.05 .468
HUSN .29 4 2.46 .468
XELB .34 2 1.49 .456
WINT .31 3 2.06 .450
GRVI .74 3 5.08 .435
FGEN 1.47 3 10.22 .429
CERE 2.11 6 29.5 .426
BILI 1.28 22 66.17 .418
GLSI 3.27 5 39.07 .415
AMBO .61 1 1.47 .414
AQMS .43 2 2.07 .414
DTSS .87 1 2.11 .412
DQ 3.36 7 57 .406
SLGG 1.26 1 3.11 .405
LEXX .84 3 6.26 .402
GEG .90 1 2.24 .401
NEXT .37 3 2.78 .399
ENG .53 2 2.67 .396
APRE 2.02 1 5.11 .395
TRCH .98 2 4.95 .394
GDEV .87 3 6.64 .393
NNOX 2.21 4 22.5 .392
ENVB .27 3 2.07 .390
JFU .22 3 1.7 .387
DWSN .96 1 2.49 .385
CHNR .12 4 1.24 .384
BCRX .78 7 14.37 .378
RSLS 1.08 1 2.88 .375
KXIN .21 5 2.8 .375
LIFE 1.69 2 9.08 .372
ADMP .36 1 0.97 .371
AVGR .04 7 0.744 .371
WATT .77 1 2.08 .370
WHLR .54 2 2.94 .366
KMPH 1.70 2 9.33 .364
NKLA .28 14 10.67 .364
OTLK .78 1 2.17 .359
RCON 1.01 1 2.83 .356
ACOR .41 4 4.6 .356
BTCM .72 4 8.17 .352
WPRT .58 2 3.29 .352
AFRM 4.66 9 119.13 .351
PME .26 1 0.7449 .349
HX .78 1 2.24 .348
AYRO 1.18 1 3.41 .346
MINM .32 2 1.86 .344
VERB .11 6 1.92 .342
GALT .44 3 3.88 .339
IPA 1.04 2 6.22 .334
TATT .65 3 5.83 .333
ALF 1.08 2 6.56 .328
ARPO .72 1 2.2 .327
ENTX .77 2 4.71 .326
WNW 1.34 1 4.12 .325
ARAV 1.21 1 3.72 .325
PIRS .28 6 5.17 .324
NNVC .75 2 4.64 .322
MTP .56 1 1.74 .321
RHE 1.27 2 7.9 .320
LMFA .33 4 4.09 .320
ONCS .68 1 2.13 .319
WISH .58 3 5.46 .318
ATOS .26 4 3.26 .316
PSTV .60 1 1.91 .314
DDD 1.09 8 27.57 .312
VBLT .32 2 2.05 .312
TIGR .66 5 10.59 .310
LJPC .62 2 3.99 .310
KBSF .46 2 2.95 .310
HAPP .30 1 0.97 .309
MRNA 4.37 28 384.86 .308
CRIS 1.20 2 7.83 .306
ENZ .54 2 3.54 .304
PLG .61 1 2.01 .303
VOXX 1.74 2 11.45 .302
GNLN .36 2 2.37 .302
SLS .91 3 9.16 .297
TRIT .58 3 5.85 .297
QFIN .76 8 20.32 .296
SKLZ .97 3 9.82 .294
GEVO .49 4 6.64 .292
DARE .47 1 1.67 .281
BPTH 1.44 1 5.13 .280
CAN .43 4 6.11 .280
UFAB .46 2 3.3 .278
UAVS .83 1 3.01 .275
LOOP 1.57 2 11.43 .274
DYAI .51 3 5.56 .273
PLUG .89 8 25.54 .272
ACY .92 18 59.98 .270
OBSV .28 3 3.11 .270
GRU 1.18 1 4.38 .269
LAZR 1.40 3 15.6 .267
BNTX 6.26 12 272.99 .264
DDS 5.75 8 172.52 .264
IMTX 1.15 3 13 .264
NRBO .49 2 3.72 .262
EXPR .31 4 4.72 .260
NNDM .48 3 5.64 .255
KODK 1.72 1 6.81 .252
KULR .52 1 2.08 .250
IGIC .70 3 8.37 .249
ALDX 1.09 2 8.78 .248
FCX .45 19 32.53 .247
IMMP .32 3 3.87 .246
BON 2.06 1 8.47 .243
BTX 1.13 2 9.3 .242
ORMP .50 11 21.98 .242
RNXT .73 2 6.04 .240
SDC .64 2 5.32 .240
BHTG .33 1 1.38 .239
KSS 1.63 7 47.09 .238
BYSI 1.25 3 15.76 .237
ENSC .72 1 3.03 .237
RLMD 1.57 4 26.21 .236
RKDA .49 1 2.07 .236
TSP 1.75 5 37.13 .235
HUGE .37 1 1.58 .234
IMNM 1.42 4 24.35 .232
SQBG .73 2 6.24 .232
XBIO .06 8 2.05 .232
FLGT 4.22 5 89.95 .230
EXPI 1.84 5 39.77 .230
TELL .18 5 3.91 .230
NEPT .07 2 0.6046 .230
LYEL 1.69 2 14.8 .228
VIVE .52 1 2.28 .228
FLGC .64 2 5.65 .226
OVID .38 2 3.36 .226
APOP .84 5 18.46 .225
ZM 4.40 14 261.5 .224
DOCS 3.04 6 80.7 .222
CMMB 1.24 2 11.08 .222
AKTX .36 1 1.63 .220
BNR 1.96 2 17.88 .218
UONE .59 3 8.12 .216
MARA .59 12 31.58 .216
COTY .43 4 7.86 .216
AVCT .60 1 2.79 .215
SKT 1.76 2 16.3 .214
ONCT .45 2 4.17 .214
AAPL .40 107 141.5 .214
MRKR .36 1 1.69 .213
OCG .21 4 3.96 .212
STG 1.13 1 5.34 .211
CRDF 1.40 1 6.66 .210
SNES .16 2 1.51 .210
MESO 1.26 1 6.01 .209
GPN 4.22 8 157.58 .208
ADIL .45 2 4.29 .208
RAIL .24 4 4.53 .208
VERU .59 3 8.53 .207
SNMP .11 2 1.06 .206
MITO .28 1 1.36 .205
SE 5.62 12 318.73 .204
FB .87 102 339.39 .204
HOL .84 3 12.35 .204
CARA 1.57 2 15.45 .202
OCUP 1.04 1 5.15 .201
NVCR 2.99 8 116.17 .200
CVV .46 2 4.58 .200
ZLAB 3.51 6 105.39 .198
EOSE 1.39 2 14.03 .198
GPS .75 6 22.7 .198
AGEN .12 9 5.25 .198
AESE .35 1 1.77 .197
W 7.31 7 255.51 .196
OCX .70 1 3.56 .196
CHMA .37 2 3.76 .196
AMTX 1.20 3 18.28 .195
VNET 1.13 3 17.31 .195
OCG .06 13 3.96 .195
VTSI 1.97 1 10.14 .194
CLPS .56 1 2.88 .194
CLPS .56 1 2.88 .194
JFIN .36 2 3.73 .192
HUYA .53 3 8.34 .189
NTEC .46 4 9.63 .188
AMZN 8.18 93 3285.04 .186
INFI .16 4 3.42 .184
MTL .25 3 4.06 .183
OSMT .18 3 2.95 .183
UPST 4.49 13 316.44 .182
ISEE 1.48 2 16.24 .182
RBLX 2.77 5 75.55 .180
PRTA 2.60 5 71.23 .180
TTD 2.55 5 70.3 .180
SCR 2.08 3 34.23 .180
BGFV .70 6 23.04 .180
IMV .15 2 1.66 .180
ZY .78 3 13.17 .177
SQ 1.96 22 239.84 .176
KURA 1.66 2 18.73 .176
ZG 3.17 5 88.58 .175
CELC 1.58 2 18 .174
CLII .84 3 14.36 .174
CLSD .35 3 6 .174
GSM .26 6 8.7 .174
GTT .41 1 2.36 .173
BLUW .83 2 9.63 .172
FENG .11 2 1.28 .170
ARVN 2.31 6 82.18 .168
OSTK 2.20 6 77.92 .168
EDSA 1.24 1 7.38 .168
M .64 6 22.6 .168
CLF .48 7 19.81 .168
BODY .47 2 5.54 .168
ALTO .28 3 4.94 .168
BWAY 1.35 1 8.06 .167
WIMI .69 1 4.12 .167
BGI .47 1 2.81 .167
TASK 1.85 6 66.37 .162
OPNT 1.39 3 25.74 .162
OLB .65 1 4 .162
EVGN .43 1 2.64 .162
EDTK .10 2 1.23 .162
MOGO .23 3 4.32 .159
GIII 1.11 4 28.3 .156
ACB .36 3 6.92 .156
AZYO 1.08 1 6.955 .155
RRD .40 2 5.14 .154
DMAC .31 2 4.01 .154
AMD 1.77 9 102.9 .153
IRDM 1.55 4 39.85 .152
MOSY .76 1 4.97 .152
MARK .08 2 1.05 .152
CELH 2.77 5 90.09 .150
NIU 1.17 3 23.17 .150
FIGS 1.12 5 37.14 .150
CTSO .41 3 8.12 .150
SCYX .79 1 5.3 .149
VCVC 1.46 1 9.85 .148
LI 1.94 2 26.29 .146
TVTX 1.79 2 24.25 .146
IAC 3.78 5 130.29 .145
GRTX 1.18 1 8.1 .145
VLDR .86 1 5.92 .145
DPZ 7.66 9 476.96 .144
GTIM .74 1 5.12 .144
AAL .38 8 20.52 .144
MDNA .05 8 2.77 .144
NLS 1.33 1 9.31 .142
FSTX 1.04 1 7.32 .142
GENE .22 2 3.09 .142
GSAT .12 2 1.67 .142
ORGS .70 1 4.95 .141
ASTR .41 3 8.69 .141
SPLK 4.15 5 144.71 .140
DLO 1.91 4 54.56 .140
AFMD .87 1 6.18 .140
KR .42 14 40.43 .140
BCLI .46 1 3.3 .139
ENSV .20 1 1.43 .139
TLRY .52 3 11.29 .138
MAT 1.28 2 18.56 .136
ORCL .37 34 87.13 .136
NBEV .19 1 1.39 .136
JRJC .70 1 5.18 .135
DNUT .63 3 14 .135
ARMP .49 1 3.62 .135
FBRX .40 1 2.96 .135
IRIX .35 3 7.66 .135
FUV 1.54 1 11.43 .134
SIF 1.16 1 8.6 .134
JWN 1.19 3 26.45 .132
SOHU .47 6 20.84 .132
TAL .32 2 4.84 .132
AEY .31 1 2.36 .131
TEDU .09 2 1.38 .130
FLWS 1.34 3 30.51 .129
VIH 1.31 1 10.11 .129
SEMR 1.48 2 23.06 .128
LTHM .39 8 23.11 .128
NETE 1.05 1 8.24 .127
SAM 9.40 7 509.75 .126
VIR 1.85 3 43.52 .126
MAXR 1.20 3 28.32 .126
CIEN .40 18 51.35 .126
IKT .24 1 1.9 .126
ENPH 3.89 5 149.97 .125
THCB 1.25 1 10 .125
OXY .15 25 29.58 .125
RIOT 1.57 2 25.7 .122
HJLI 1.27 1 10.38 .122
DLTR 2.91 4 95.72 .120
STX 2.52 4 82.52 .120
RUN 1.35 4 44 .120
GMBL .80 1 6.71 .119
SSKN .22 1 1.84 .119
NGM 1.25 2 21 .118
TENX .21 1 1.77 .118
REGN 7.90 9 605.18 .117
CYTK 1.42 3 35.74 .117
SBBP .12 2 2.04 .116
PDD 2.15 5 90.67 .115
PBLA .25 1 2.17 .115
LEGN 1.93 3 50.56 .114
ACHL .89 1 7.79 .114
CCJ .84 3 21.73 .114
TESS .64 1 5.58 .114
DE 4.88 8 335.07 .112
CREE 2.28 4 80.73 .112
GH 2.07 7 125.01 .112
DKS 1.77 8 119.77 .112
LIVX .17 2 2.99 .112
WTER .09 2 1.59 .112
LIVE 1.37 3 37 .111
SRNE .85 1 7.63 .111
TWST 2.44 5 106.97 .110
MTTR 1.03 2 18.91 .108
SSNT .66 1 6.07 .108
MSFT .47 108 281.92 .108
FRD 1.28 1 11.91 .107
SHEN 1.68 2 31.58 .106
VSCO 1.95 3 55.26 .105
EDIT 1.47 3 41.08 .105
RMBL 2.04 2 38.98 .104
APXT 1.27 1 12.11 .104
DAL 1.14 4 42.61 .104
LBPH .92 1 8.85 .103
NFLX .70 103 610.34 .103
AEO 1.32 2 25.8 .102
DDL 1.22 2 23.67 .102
CPSH .51 1 4.97 .102
GURE .46 1 4.48 .102
LAD 6.41 5 317.04 .100
MSGE 1.88 4 72.67 .100
GRVY 1.86 5 90.46 .100
CLSK 1.17 1 11.59 .100
HCM .93 4 36.61 .100
CCL .63 4 25.01 .100
DBVT .10 5 4.9 .100
CAH 1.64 3 49.46 .099
PRPL .70 3 21.02 .099
ENLV .49 2 9.88 .098
ABSI 1.13 1 11.63 .097
AXLA .29 1 2.98 .097
MDB 5.88 8 471.51 .096
APPS 2.24 3 68.75 .096
UAA .97 2 20.18 .096
BTWN .95 1 9.81 .096
HPQ .88 3 27.36 .096
VNE .55 6 34.06 .096
GP .49 3 14.88 .096
DELL 2.08 5 104.04 .095
STEM .47 5 23.89 .095
ATIF .43 1 4.5 .095
MFNC 2.04 1 21.5 .094
LYFT 1.70 3 53.59 .093
PRPO .09 3 2.82 .093
BBY 2.48 4 105.71 .092
BKE 1.86 2 39.59 .092
FFHL .44 2 9.5006 .092
DASH 2.82 7 205.98 .091
RGEN 5.32 5 288.99 .090
XLNX 2.75 5 150.99 .090
CSIQ 1.59 2 34.59 .090
ACI .57 5 31.13 .090
BKYI .32 1 3.52 .090
CRON .13 4 5.66 .088
MRO .11 11 13.67 .088
MBII .08 1 0.901 .088
VRNT 1.94 2 44.79 .086
PATI .50 2 11.4 .086
CHRA .40 1 4.6 .086
ULBI .31 2 7.12 .086
XBI 2.65 4 125.71 .084
AN 2.58 4 121.76 .084
RL 2.38 4 111.04 .084
DIS 2.12 7 169.17 .084
JD 2.03 3 72.24 .084
PINS 1.45 3 50.95 .084
JPM 1.20 12 163.69 .084
MS 1.19 7 97.31 .084
RRGB 1.93 1 23.06 .083
ARCE 1.78 1 21.7 .082
CLNE .67 1 8.15 .082
AA 1.37 3 48.94 .081
SITM 3.41 5 204.17 .080
LOW 3.28 5 202.86 .080
CAT 3.14 5 191.97 .080
ABNB 2.80 5 167.75 .080
ZIM 2.07 2 50.7 .080
AMEH 1.50 5 91.05 .080
TJX 1.32 4 65.98 .080
IMMR .28 2 6.84 .080
INM .14 1 1.75 .080
UWMC .55 1 6.95 .079
ANIX .38 1 4.77 .079
PFGC 1.82 2 46.46 .078
UBER 1.78 2 44.8 .078
USB 1.60 3 59.44 .078
JRVR 1.48 2 37.73 .078
SBS .19 3 7.08 .078
ROLL 2.37 7 212.2 .077
CRMT 1.35 7 116.78 .077
EQ .53 1 6.82 .077
AUTL .51 1 6.55 .077
SPT 2.41 4 121.95 .076
DKNG 1.84 2 48.16 .076
WFC .91 4 46.41 .076
AEI .09 2 2.35 .076
LLY 3.67 5 231.05 .075
TSN 1.98 3 78.94 .075
LAW 1.23 3 47.94 .075
BAC 1.08 3 42.45 .075
COP 1.03 5 67.77 .075
YEXT .91 1 12.03 .075
CLOV .56 1 7.39 .075
SONO .50 5 32.36 .075
ATAI 1.09 1 14.79 .073
UNH 3.25 9 390.74 .072
SNOW 2.91 8 302.43 .072
VMW 2.68 4 148.7 .072
EAT 1.81 2 49.05 .072
CTRN 1.79 3 72.96 .072
SFIX 1.46 2 39.95 .072
HOG 1.32 2 36.61 .072
EOLS .55 1 7.62 .072
KZIA .41 2 11.32 .072
MRTN .38 3 15.69 .072
TBLA .70 1 9.85 .071
BIIB 4.00 5 282.99 .070
SEDG 3.89 5 265.22 .070
ZS 3.84 5 262.22 .070
WSM 2.54 5 177.33 .070
FISV 1.58 5 108.5 .070
APP 1.06 5 72.37 .070
CSCO .56 7 54.43 .070
SSL .14 10 18.84 .070
NEWR 1.67 3 71.77 .069
MDT 2.17 4 125.35 .068
TDC 1.99 2 57.35 .068
FL 1.59 2 45.66 .068
C 1.23 4 70.18 .068
DFH 1.18 1 17.33 .068
STRO .65 2 18.89 .068
EDU .14 1 2.05 .068
CNFR .10 2 2.88 .068
BQ .08 2 2.31 .068
CGC .94 1 13.86 .067
EVGO .55 1 8.15 .067
FANG 2.09 3 94.67 .066
FLOW 1.65 3 73.1 .066
DXC 1.11 2 33.61 .066
SBH .56 2 16.85 .066
MDIA .39 2 11.66 .066
YPF .31 1 4.66 .066
AMAT 1.73 5 128.73 .065
CHKP 1.48 5 113.04 .065
ABCL 1.31 1 20.04 .065
IMAB 1.00 5 72.49 .065
CRNC 1.55 4 96.11 .064
SLV 1.32 1 20.52 .064
PLTR .77 2 24.04 .064
DUOT .40 1 6.1902 .064
HWCC .34 1 5.3 .064
ASML 5.22 9 745.11 .063
QCOM 1.18 7 128.98 .063
BZUN 1.12 1 17.53 .063
KIRK 1.21 1 19.21 .062
TME .45 1 7.25 .062
RIG .12 2 3.79 .062
GT 1.09 1 17.7 .061
SIVB 7.78 5 646.88 .060
SNPS 3.67 5 299.41 .060
UPS 2.33 5 182.1 .060
PKG 2.16 4 137.44 .060
NTAP 1.88 3 89.76 .060
LPX 1.87 2 61.37 .060
YETI 1.72 3 85.69 .060
SMLP 1.07 2 35.55 .060
FUBO .74 2 23.96 .060
INTC .68 5 53.28 .060
T .56 3 27.01 .060
LC .30 6 28.24 .060
VIPS .66 1 11.14 .059
FATE 1.76 2 59.27 .058
CRCT 1.61 1 27.58 .058
CLDX 1.59 2 53.99 .058
TTCF 1.07 1 18.43 .058
YMM .89 1 15.33 .058
PSTG .74 2 25.16 .058
THTX .22 1 3.75 .058
ASAN 2.05 3 103.84 .057
LOGI 1.76 3 88.15 .057
HAS 1.73 3 89.22 .057
VMEO 1.70 1 29.37 .057
TNA 1.63 3 82.9 .057
FITB .82 3 42.44 .057
SBTX .57 1 9.98 .057
IRCP .17 1 2.95 .057
GS 2.81 8 378.03 .056
VLO 2.03 2 70.57 .056
IBM 2.00 4 138.93 .056
KMB 1.88 4 132.44 .056
SUPN 1.50 1 26.67 .056
DOMO 1.26 4 84.44 .056
XONE .67 2 23.38 .056
WMT .67 14 139.38 .056
GGAL .57 1 10.07 .056
K .51 8 63.92 .056
PPBT .26 1 4.58 .056
GBR .24 1 4.26 .056
LIN 3.50 5 293.38 .055
ADSK 3.38 5 285.17 .055
SILK .63 5 55.03 .055
ITRO .07 1 1.27 .055
CM 2.09 3 111.3 .054
TSCO 2.01 6 202.61 .054
TWTR 1.66 2 60.39 .054
ATVI 1.42 3 77.39 .054
DOCN 1.41 3 77.63 .054
ECOM 1.37 1 25.23 .054
JKS 1.26 2 45.81 .054
LL 1.01 1 18.68 .054
SPTN .60 2 21.9 .054
AZN .38 9 60.06 .054
FRO .06 9 9.37 .054
MNSO .82 1 15.24 .053
BYND 1.46 4 105.26 .052
APPN 1.29 4 92.51 .052
TAP 1.23 2 46.38 .052
RSI 1.01 1 19.21 .052
RKT .84 1 16.04 .052
KDMN .23 2 8.71 .052
ZNGA .20 2 7.53 .052
TTC 1.75 3 97.41 .051
MYGN 1.67 1 32.29 .051
MNST 1.59 3 88.83 .051
STT 1.48 3 84.72 .051
ARMK .56 3 32.86 .051
WDAY 2.61 5 249.89 .050
AMGN 2.27 5 212.65 .050
FTCH 1.88 1 37.48 .050
A 1.59 5 157.53 .050
FA .96 1 19.05 .050
MRVL .61 5 60.31 .050
KO .56 5 52.47 .050
CALA .11 1 2.18 .050
AEMD .10 2 3.86 .050
NKE 1.02 7 145.23 .049
IWM 2.66 4 218.75 .048
GWRE 1.92 3 118.87 .048
SI 1.88 3 115.5 .048
BHVN 1.74 4 138.91 .048
CVS 1.40 3 84.86 .048
ACMR 1.37 4 110 .048
SKX 1.05 2 42.12 .048
LUV .83 3 51.43 .048
SJM .81 8 120.03 .048
BBWI .53 6 63.03 .048
WOOF .51 2 21.1 .048
VXX .46 3 27.83 .048
ORGO .35 2 14.24 .048
ANF 1.79 1 37.63 .047
SWI .79 1 16.73 .047
PTON 2.02 2 87.05 .046
JBL 1.39 2 58.37 .046
CHPT .93 1 19.99 .046
CPG .11 2 4.61 .046
AZO 9.02 9 1697.99 .045
ROKU 3.09 5 313.35 .045
TMUS 2.01 3 127.76 .045
LMT 1.95 9 345.1 .045
CI 1.83 5 200.16 .045
HD 1.71 9 328.26 .045
ROST 1.70 3 108.85 .045
MOS 1.62 1 35.72 .045
PG 1.37 5 139.8 .045
QADB 1.34 3 87.11 .045
XLE .48 5 52.09 .045
OEG .14 1 3.08 .045
PBR .10 5 10.34 .045
HON 2.39 4 212.28 .044
NXPI 2.35 4 195.87 .044
ESTC 1.65 4 148.99 .044
BZ 1.59 1 35.99 .044
ABT 1.40 4 118.13 .044
MU .79 4 70.98 .044
GNOG .78 1 17.37 .044
PDCO .67 2 30.14 .044
FLO .52 2 23.63 .044
AGNC .36 2 15.77 .044
BIOC .09 2 4.01 .044
SNDL .03 1 0.6781 .044
COUR 1.39 1 31.65 .043
AMRS .60 1 13.73 .043
EKSO .20 1 4.62 .043
GBS .11 1 2.52 .043
ADBE 4.10 6 575.72 .042
BURL 2.25 6 283.57 .042
LH 2.18 6 281.44 .042
OTIS 1.81 2 82.28 .042
MMM 1.40 6 175.42 .042
OLLI 1.29 2 60.28 .042
EPU .58 2 26.3645 .042
TBIO .53 3 37.36 .042
GMTX .17 1 4.04 .042
VTGN .04 3 2.74 .042
AMKR 1.03 1 24.95 .041
SLHG .10 1 2.41 .041
MA 2.96 5 347.68 .040
EL 2.69 5 299.93 .040
ON 1.84 1 45.77 .040
ADI 1.48 5 167.48 .040
AVIR 1.41 1 35.06 .040
INCY 1.38 2 68.78 .040
ALLO 1.04 1 25.7 .040
MO .93 2 45.52 .040
RF .86 1 21.31 .040
MFGP .11 2 5.44 .040
QDEL 1.84 3 141.15 .039
PLD 1.66 3 125.43 .039
SCHW 1.41 2 72.84 .038
WGO 1.39 2 72.45 .038
ERJ .66 1 17 .038
LZB .64 2 32.23 .038
VIEW .21 1 5.42 .038
FCBP 1.08 1 29.1 .037
APG .76 1 20.35 .037
BEKE .69 1 18.26 .037
MCD 2.26 4 241.11 .036
V 2.19 4 222.75 .036
BLFS 1.55 1 42.32 .036
TTWO 1.42 4 154.07 .036
UHS 1.30 4 138.37 .036
TGT 1.11 9 228.77 .036
SLB 1.08 1 29.64 .036
EGRX 1.01 2 55.78 .036
PLCE .92 3 75.26 .036
KNL .92 1 25.04 .036
ATHM .86 2 46.93 .036
SANA .82 1 22.52 .036
XOM .40 6 58.82 .036
HRL .39 4 41 .036
ALAC .21 2 11.33 .036
TEO .18 1 4.95 .036
ET .18 2 9.58 .036
BLK 6.24 5 838.66 .035
COST 3.33 5 449.35 .035
ACH .67 1 18.69 .035
SRNG .41 1 11.42 .035
HNST .37 1 10.38 .035
BLDR 1.77 1 51.74 .034
LITE 1.46 2 83.54 .034
RCUS 1.22 1 34.87 .034
SPWH .61 1 17.6 .034
ME .16 2 9.06 .034
AXP 2.00 3 167.53 .033
COF 1.82 3 161.97 .033
TGTX 1.11 1 33.28 .033
MQ .74 1 22.12 .033
BKNG 10.17 8 2373.87 .032
LII 2.41 4 294.17 .032
COIN 2.04 4 227.48 .032
ATKR 1.43 2 86.92 .032
ABBV .93 4 107.87 .032
FOE .67 1 20.34 .032
FENC .31 1 9.42 .032
D .31 8 73.02 .032
NOK .09 2 5.45 .032
OKE 1.82 1 57.99 .031
UAL 1.50 1 47.57 .031
HRI 1.71 3 163.46 .030
AKAM 1.62 2 104.59 .030
KHC 1.11 1 36.82 .030
CRM 1.02 10 271.22 .030
CTKB .66 1 21.41 .030
HNP .33 2 21.03 .030
MOMO .16 2 10.58 .030
GRUB .15 3 14.53 .030
DD 1.98 1 67.99 .029
RTX 1.21 2 85.96 .028
CHGG .96 2 68.02 .028
GLD .80 7 164.22 .028
BP .79 1 27.33 .028
LEN .73 4 93.68 .028
DRN .32 2 21.45 .028
GOOG 4.33 27 2665.31 .027
UHAL 1.98 9 646.03 .027
STZ 1.94 3 210.69 .027
AAP 1.93 3 208.89 .027
UTHR 1.84 3 184.58 .027
ALXN 1.66 3 182.5 .027
KYMR 1.63 1 58.74 .027
CROX 1.41 3 143.48 .027
J 1.23 3 132.53 .027
ACHV .23 1 8.5 .027
MPC 1.66 1 61.81 .026
GM 1.42 1 52.71 .026
VZ .73 2 54.01 .026
BIG .59 2 43.36 .026
TRIL .47 1 17.56 .026
CNC 1.57 1 62.31 .025
GIS 1.53 1 59.82 .025
HHR 1.26 1 48.8 .025
B 1.08 1 41.73 .025
PCVX .65 1 25.41 .025
NEE 1.91 1 78.52 .024
DG 1.89 3 212.14 .024
PEP 1.88 2 150.41 .024
STE 1.42 4 204.28 .024
SNA 1.40 4 208.95 .024
TSM 1.36 2 111.65 .024
WM 1.31 3 149.36 .024
SPG 1.12 3 129.97 .024
CRTO .90 1 36.65 .024
CL .61 3 75.58 .024
PFE .21 6 43.01 .024
VSH .18 3 20.09 .024
EA 1.67 2 142.25 .022
RY 1.12 2 99.48 .022
BEST .02 2 1.67 .022
PKI 1.33 3 173.29 .021
CLX 1.16 3 165.61 .021
ANTM 2.14 4 372.8 .020
AIT 1.83 1 90.13 .020
IYC 1.62 1 77.31 .020
NUAN 1.13 1 55.04 .020
FAST 1.02 1 51.61 .019
IRBO .83 1 42.35 .019
CNA .83 1 41.96 .019
GPK .37 1 19.04 .019
DUK 1.84 1 97.59 .018
JNJ 1.48 2 161.5 .018
MRK .72 2 75.11 .018
AMOM .66 1 34.9253 .018
SELF .09 1 5.15 .017
INTU 2.18 4 539.51 .016
STMP 1.59 4 329.79 .016
LANC 1.43 2 168.81 .016
PSTX .12 1 7.29 .016
FRBK .05 1 3.08 .016
HCA 1.27 3 242.72 .015
HRC .84 3 150 .015
PYPL .80 5 260.21 .015
DEN .42 3 70.25 .015
TNET 1.38 1 94.58 .014
CHNG .15 2 20.94 .014
PAYX 1.56 1 112.45 .013
PNRG .79 1 58.4278 .013
CAI .78 1 55.91 .013
PYPL .31 13 260.21 .013
KMX 1.64 1 127.96 .012
KEYS 1.04 2 164.29 .012
RACE .92 3 209.12 .012
GE .40 4 103.03 .012
PBT .04 2 5.73 .012
INOV .46 1 40.29 .011
ESXB .13 1 11.37 .011
XLV .71 2 127.3 .010
ECHO .49 1 47.71 .010
PPC .17 2 29.08 .010
SVBI .13 1 12.52 .010
XLP .63 1 68.84 .009
GTS .33 1 35.37 .009
IEC .14 1 15.33 .009
TDG 1.87 4 624.57 .008
MSTR .94 8 578.4 .008
HFBL .16 1 18.75 .008
PSP .06 2 14.98 .008
LMRK .13 1 16.35 .007
SYKE .14 3 54 .006
ITRN .07 3 25.39 .006
VOOV .73 1 140.64 .005
CLDR .08 1 15.97 .005
SAFM .85 1 188.2 .004
RAVN .16 2 57.61 .004
KIN .02 2 9.25 .004
IACB .02 2 9.91 .004
SPY 1.31 1 429.14 .003
CXP .04 1 19.02 .002
VCAR .03 1 11.5878 .002
SIC .03 1 14.42 .002
NWHM .02 1 8.99 .002
DSE .02 1 9.49 .002
SLVO .01 2 5.06 .002
ULTA .62 1 360.92 .001
DFP .03 1 28.8 .001
PMD .01 1 8.4 .001
SHOP .67 5 1355.78 0
XLK .10 3 149.32 0
WYNN .06 3 84.75 0
MSTR .06 118 578.4 0
ULTA .05 12 360.92 0
WYNN .04 4 84.75 0
SHOP .03 88 1355.78 0
BLNK .02 11 28.61 0
XPDI .01 3 10.11 0
INFL .01 2 29.2 0
WMPN 0 4 12.21 0
GSKY 0 1 11.18 0
RTLR -.01 7 11.74 0
EIC -.08 1 17.6 -.004
NSYS -.12 1 11.5 -.010
