NVAX 10.00 18 8.89 20.232
FNGD 8.79 18 16.25 9.720
SAVA 8.64 18 27.88 5.562
FIGS 3.37 12 8.03 5.028
LYFT 2.86 13 8.41 4.420
APP 7.51 12 22 4.092
AMEH 12.49 10 32.91 3.790
ANVS 7.35 7 14.84 3.465
PENN 5.86 13 25.06 3.029
TQQQ 4.89 18 29.03 3.024
GME 3.23 18 20.88 2.772
EVGO .91 18 5.95 2.736
DDD 1.77 13 8.42 2.730
ACMR 3.60 6 9.73 2.214
ASAN 2.04 18 17.53 2.088
SOFI .56 18 5.14 1.944
SQ 6.14 18 57.31 1.926
CLF 1.57 18 14.61 1.926
VTNR .68 18 6.41 1.908
XPEV 1.13 18 10.75 1.890
SIVB 16.03 12 106.04 1.812
BILI 1.88 18 19.1 1.764
NRGU 74.87 7 317.37 1.645
TNA 4.30 11 28.71 1.639
ZS 10.59 18 115.42 1.638
MARA .76 18 8.73 1.566
DNUT 1.81 13 15.14 1.547
LAZR .68 13 5.69 1.547
AUPH 1.05 16 10.98 1.520
TAL .52 17 6.05 1.445
FUTU 4.44 14 42.95 1.442
KSS 1.57 18 20.18 1.386
AMC .40 18 5.34 1.332
BYND 1.03 13 10.2 1.300
AA 2.55 18 35.33 1.296
M 1.09 18 14.99 1.296
CHPT .93 12 8.58 1.296
AMZN 7.79 18 112.18 1.242
TSLA 11.68 18 172.08 1.206
GOOG 7.84 18 116.9 1.206
DKNG 2.62 11 24 1.199
FITB 1.89 15 23.66 1.185
GPN 7.87 15 103.53 1.140
APA 2.38 16 33.08 1.136
BABA 5.47 18 87.89 1.116
ZG 6.92 7 45.02 1.071
RBLX 2.36 18 39.88 1.062
KMX 8.32 9 72.27 1.035
SRTY 4.11 13 52.69 1.014
BIDU 6.98 18 124.17 1.008
IMMR .52 13 6.71 1.001
SOXL 2.79 5 14.07 .990
ANF 3.79 6 23.34 .972
ZIM .93 18 17.22 .972
FANG 6.83 18 127.66 .954
WOOF 1.23 8 10.57 .928
MOS 1.86 18 35.95 .918
EQT 1.62 18 31.9 .900
BCRX .41 18 8.36 .882
CCL .57 16 10.24 .880
RIOT 1.15 8 10.71 .856
USB 1.38 18 28.92 .846
FAZ 1.03 18 22.28 .828
ACI .95 18 20.36 .828
EQNR 1.25 18 27.75 .810
CRK .42 18 9.33 .810
TVTX 1.87 7 16.16 .805
SPWR 1.47 6 10.93 .804
EXPI 1.79 6 13.42 .798
NEWR 7.28 8 73.78 .784
MDB 12.23 17 264.09 .782
COP 4.35 18 99.89 .774
MRO .96 18 22.47 .756
HL .40 10 5.38 .740
AMD 4.07 18 97.1 .738
UBER 1.59 18 38.42 .738
LTHM 1.07 18 25.62 .738
OSTK 2.12 7 20.2 .728
PSTG 1.31 12 22.94 .684
VXX 4.26 6 37.47 .678
BROS 2.91 6 26.22 .660
URTY 2.68 8 33.77 .632
SSL .42 18 11.88 .630
TZA 1.36 16 34.09 .624
MRVL 3.96 6 39.73 .594
PDD 2.21 18 65.17 .594
TTD 2.13 18 64.53 .594
OXY 1.96 18 57.93 .594
F .40 18 11.87 .594
TSN 1.86 16 49.34 .592
RL 6.63 10 110.97 .590
PYPL 2.56 15 64.18 .585
CSIQ 1.44 15 36.8 .585
COIN 2.06 17 60.35 .578
ABNB 3.64 18 111.2 .576
NEE 2.48 18 76.1 .576
MU 2.00 18 61.61 .576
RKT .58 8 8.18 .560
ADBE 10.80 18 341.58 .558
NVDA 8.98 18 285.78 .558
KR 1.53 18 49.16 .558
RUN .53 18 16.74 .558
RF .62 13 15.52 .507
DELL 1.39 16 44.7 .496
MRNA 3.53 18 128.41 .486
STX 1.55 18 56.8 .486
PINS .60 18 21.48 .486
MSTR 8.70 16 287.37 .480
STLD 3.19 15 96.99 .480
NFLX 9.29 18 344.76 .468
CAT 5.47 18 210.03 .468
XLK 3.98 18 151.15 .468
PFE .98 18 37.58 .468
YINN 1.93 10 41.45 .460
LIN 9.28 18 367.04 .450
LVS 1.53 18 61.15 .450
BEKE .43 18 16.66 .450
UAA .35 10 7.65 .450
FL 2.17 8 38.63 .448
LITE 3.12 6 43.3 .432
TOST 1.12 8 20.8 .424
GLW 2.17 6 30.98 .420
SQM 1.64 18 71.3 .414
SU .69 18 28.83 .414
FISV 2.92 17 119.35 .408
TECL 2.50 6 36.46 .408
UPRO 2.26 7 38.63 .406
SBLK .50 15 18.65 .390
ACRS .34 9 8.02 .378
SBS .21 18 9.8 .378
SKX 2.81 7 52.5 .371
AAL .37 14 14.07 .364
BA 4.13 18 201.84 .360
WMT 3.12 18 153.12 .360
JD .76 18 37.63 .360
SSRM .81 7 16.2 .350
SLB .87 18 44.14 .342
INTC .55 18 28.86 .342
JKS .98 15 43.54 .330
SOHU .66 7 13.81 .329
CRM 3.69 18 203.47 .324
FRO .28 18 15.08 .324
MLCO .21 18 11.57 .324
INMD 1.21 9 34.27 .315
VIPS .34 15 16.06 .315
HES 5.90 7 132.53 .308
IMVT .81 7 18.28 .308
WYNN 1.85 18 106.9 .306
XLE 1.37 18 78.4 .306
CVS 1.22 18 68.97 .306
UBS .33 18 19.19 .306
CTRN .81 6 16.04 .300
FAS 4.07 4 55.75 .292
BJ 2.14 10 72.11 .290
LOW 3.49 17 203.3 .289
XOM 1.71 18 105.79 .288
GE 1.67 18 99.51 .288
RY 1.61 18 96.22 .288
BLU 1.05 4 14.49 .288
MO .77 18 45.67 .288
HPQ .48 18 29.39 .288
MT .42 18 26.11 .288
GPS .20 12 8.23 .288
CTIC .15 18 8.94 .288
MNSO .38 13 17.15 .286
ALDX .49 6 10.35 .282
BAC .87 9 27.39 .279
LULU 8.16 13 377.32 .273
SJM 2.42 18 157.39 .270
AXP 2.35 18 147.99 .270
FTI .32 12 14.08 .264
VTRS .23 11 9.36 .264
LPX 2.32 7 62.65 .259
NEM 1.51 8 45.88 .256
UPS 2.48 18 170.23 .252
CPG .10 18 6.79 .252
FLO .57 13 28.78 .247
META 4.21 14 235.79 .238
AR 1.25 4 20.92 .236
TSM 1.11 18 83.43 .234
K .95 18 70.7 .234
FAST .74 18 54.87 .234
CAH 1.32 15 84.84 .225
SAM 11.47 6 306.68 .222
GM .74 10 33.12 .220
QQQ 3.93 18 326.2 .216
MSFT 3.83 18 310.11 .216
LEGN 1.72 9 70.55 .216
ABT 1.35 18 110.05 .216
GIS 1.09 18 90.26 .216
AU .33 18 26.64 .216
DG 3.65 13 217.29 .208
UNH 5.85 18 488.76 .198
SNAP .10 18 8.75 .198
STZ 5.44 8 224.87 .192
GOGL .11 16 8.56 .192
KEYS 3.89 7 144.51 .182
ESLT 2.02 18 193.52 .180
DLTR 1.58 18 155.21 .180
TMUS 1.43 18 142.7 .180
EA 1.36 18 125.32 .180
TAP 1.30 9 64 .180
TJX .96 15 78.06 .180
MNST .63 18 59.28 .180
UAL .56 15 45.08 .180
VZ .38 18 37.6 .180
BP .36 18 35.97 .180
AEHR .30 18 28.17 .180
RIG .06 18 5.67 .180
BLDR 2.06 10 117.27 .170
PWR 3.62 8 171.59 .168
RWM .30 14 24.87 .168
TRI 1.36 15 122.92 .165
ASML 6.06 18 650.19 .162
SNOW 1.67 18 170.07 .162
DKS 1.37 18 139.33 .162
JPM 1.30 18 136.05 .162
DD 1.19 9 64.27 .162
CROX 1.16 18 116.8 .162
SPG 1.01 18 106.25 .162
OHI .40 12 29.39 .156
AKAM 1.92 7 85.92 .154
PFGC 2.30 4 60.08 .152
MAXR 2.04 4 52.99 .152
TTC 1.65 10 105.02 .150
WEN .35 10 23.22 .150
TCOM .29 18 33.42 .144
AEO .21 9 13.06 .144
SLV .18 18 22.2 .144
GFI .13 18 15.71 .144
ET .10 18 12.34 .144
PSO .09 18 10.12 .144
VMW 1.01 17 123.06 .136
INCY .72 12 64.17 .132
RTX .83 16 95.54 .128
YETI .71 8 43.18 .128
RAPT .32 8 18.95 .128
VLO .82 18 110.66 .126
DUK .69 18 97.33 .126
ATVI .59 18 77.04 .126
CRH .36 18 49.72 .126
DAL .25 18 33.22 .126
LAC .16 18 21.36 .126
SJR .48 8 30.18 .120
LUV .21 17 28.97 .119
SPY 2.77 18 412.13 .108
TGT 1.10 18 158.87 .108
ORCL .66 18 97.44 .108
LOGI .43 18 64.15 .108
HRB .39 9 31.65 .108
WFC .26 18 38.33 .108
FCX .22 18 34.54 .108
EL 1.61 15 201.79 .105
SUPN .90 4 35.9 .100
EVO .10 11 10.26 .099
SPT .61 7 42.015 .098
BKE .47 7 33.01 .098
RMD 4.48 5 236.12 .090
LLY 2.60 18 435.55 .090
MCD 1.66 18 294.79 .090
AAP 1.16 10 124.17 .090
SHOP .35 18 62.9 .090
CSCO .26 18 46.37 .090
KHC .23 18 40.65 .090
CIEN .22 18 43.34 .090
BTU .12 18 22.37 .090
YPF .06 18 11.75 .090
PAAS .19 8 16.87 .088
VIR .18 12 24.25 .084
CELH .83 13 130.21 .078
RACE 1.45 18 293.61 .072
JNJ .65 18 160.99 .072
ABBV .61 18 146.59 .072
ON .35 18 80.32 .072
AZN .35 18 74.73 .072
ALC .34 18 74.31 .072
HRL .18 18 40.29 .072
MDT .39 17 89.02 .068
IWM .80 15 173.07 .060
IMTX .10 6 9.47 .060
A .52 14 127.66 .056
INFL .43 4 30.3 .056
COST 1.88 18 501.89 .054
LMT 1.63 18 450.69 .054
DIA 1.32 18 333.33 .054
HD 1.00 18 287.69 .054
AMGN .71 18 232.29 .054
GLD .70 18 187.13 .054
AAPL .53 18 173.75 .054
PG .50 18 154.39 .054
ANET .47 18 139.01 .054
NUE .46 18 137.51 .054
MMM .40 18 100.78 .054
AMAT .36 18 115.46 .054
MS .30 18 82.63 .054
XLP .29 18 76.82 .054
SCHW .17 18 47.73 .054
EURN .06 18 16.51 .054
CHKP .46 17 120.89 .051
UHS .95 8 140.03 .048
NXPI .66 11 163.35 .044
PPC .16 6 22.6 .042
SPWH .04 7 6.33 .042
JBL .36 10 79.1 .040
CERE .18 8 31.53 .040
PLD .48 12 125.74 .036
MRK .35 18 117.55 .036
KMB .35 18 143.68 .036
CL .20 18 81.63 .036
T .04 18 16.96 .036
UTHR 1.17 7 213.48 .035
HON .55 17 193.98 .034
ISEE .08 16 37.36 .032
PBF .08 13 35.29 .026
BBWI .07 10 32.23 .020
TDC .28 3 44.17 .018
CLX .27 18 169.25 .018
MPC .22 18 110.1 .018
EDU .04 18 39.79 .018
AN .25 14 132.61 .014
VIGI .15 10 76.04 .010
CI .31 7 260 .007
SEDG .15 16 296.06 0
AZPN .13 7 166.47 0
PRTA .02 9 73.48 0
VYGR 0 9 9.88 0
COTY 0 18 11.25 0
CALT 0 12 24.77 0
BTWN 0 18 10.1193 0
BCH -.01 13 22.48 0
IBM -.02 18 120.9 0
LEN -.07 15 114 0
WM -.09 18 170.19 0
PEP -.19 18 195.34 0
ADSK -.34 8 193.1 -.008
KALV -.02 7 9.73 -.014
ARGX -.41 18 406.85 -.018
DB -.03 18 10.51 -.036
GS -1.90 14 320.72 -.070
NNOX -.17 10 19.89 -.080
