SNAP 1.26 133 8.55 19.551
NIO 1.55 101 9.8 15.958
SHOP 11.22 42 32.64 14.406
NVAX 5.92 21 9.06 13.713
SHOP 17.08 20 32.64 10.460
SHOP 14.84 20 32.64 9.080
SHOP 13.98 20 32.64 8.560
BLNK 4.60 14 10.01 6.426
AVXL 4.99 10 8.19 6.090
TQQQ .52 176 16.16 5.632
NIO .52 105 9.8 5.565
BLNK 3.17 17 10.01 5.372
SOXS 5.88 37 43.6 4.958
ASAN 2.95 21 12.6 4.914
TSLA 2.66 211 112.71 4.853
GME .69 107 17.92 4.066
SOXS 4.72 36 43.6 3.888
NVDA 2.51 204 140.36 3.468
PLUG 3.33 12 11.71 3.408
ONON 18.32 3 16.37 3.357
DWAC 4.31 12 15.52 3.324
SOXS 4.65 31 43.6 3.286
NTLA 8.38 13 33.46 3.250
ALDX 3.40 6 6.62 3.078
SOXS 4.45 30 43.6 3.060
MRNA 12.02 43 176.5 2.924
FIGS 1.73 11 6.73 2.827
ANVS 4.22 8 12.39 2.720
TOST 6.00 7 16.75 2.506
LYFT 2.65 9 10.12 2.349
PTON 1.95 9 7.88 2.223
RBLX 2.74 19 26.16 1.976
AA 2.33 37 43.8 1.961
RUN 3.01 15 23.43 1.920
AMD 2.13 54 62.57 1.836
STEM 1.15 13 8.34 1.781
UAA 2.40 7 9.6 1.750
VERV 3.80 8 18.01 1.680
CHPT 1.40 10 8.31 1.680
VTNR .98 10 6.01 1.630
TECS 7.77 9 43.77 1.593
BILI 1.29 28 22.76 1.568
M .97 31 20.05 1.488
DPST 2.92 11 21.58 1.485
RLAY 5.23 4 14.16 1.476
BILI 1.20 27 22.76 1.404
CFLT 9.43 3 20.93 1.350
BGFV .97 11 8.48 1.254
GIII 1.76 9 12.97 1.215
ENVX 3.33 4 10.96 1.212
UAA 1.94 6 9.6 1.212
PYPL 7.44 11 67.55 1.210
FSTX 4.14 2 6.86 1.206
NOV 2.43 10 20.13 1.200
SQ 2.05 34 59.08 1.156
BLUE 1.91 4 6.59 1.156
FSR 2.58 3 6.72 1.149
TME .76 12 7.95 1.140
CLF .74 25 16.25 1.125
CCL .61 14 7.67 1.106
GPS 1.04 12 11.29 1.104
STRO 2.59 3 7.13 1.089
SQQQ 2.05 31 58.07 1.085
PLRX 5.01 4 18.5 1.080
YANG .94 14 12.09 1.078
FNGD 9.04 8 67.06 1.072
SPWR 3.82 5 17.79 1.070
SIG 17.54 4 66.11 1.060
HOOD .41 20 7.7 1.060
CTRN 3.96 7 26.14 1.057
SPLK 11.03 8 83 1.056
NVDA .84 209 140.36 1.045
SBSW .74 15 10.67 1.035
GT .90 11 9.67 1.023
DOMO 3.24 4 12.75 1.016
ISEE 3.57 6 21.03 1.014
TZA 2.98 13 37.73 1.014
LTHM .72 28 19.52 1.008
F .65 17 10.95 1.003
TME 1.13 7 7.95 .994
BNTX 3.95 38 151.7 .988
TAL 1.05 7 7.51 .973
SSL .28 54 15.63 .918
BLU 1.52 5 8.35 .910
FNGD 4.35 14 67.06 .896
PYPL 4.03 15 67.55 .885
XMTR 8.64 3 29.53 .876
ENVX 1.89 5 10.96 .860
VXX 1.74 7 14.31 .847
PVH 19.26 3 69.07 .834
SPLK 8.70 8 83 .832
AEHR .46 36 19.9 .828
SBLK 1.08 15 19.48 .825
EQT 1.33 21 33.5 .819
SDS 3.24 12 47.33 .816
NVDA .57 204 140.36 .816
DKNG .90 10 11.05 .810
JWN 1.15 11 15.71 .803
TMX 6.06 5 37.87 .800
BABA .56 133 87.2 .798
LI .36 42 18.43 .798
DAL 1.49 17 31.99 .782
STX 2.11 19 51.05 .779
AAPL .70 154 126.04 .770
VNET .54 8 5.58 .768
ZS 4.93 17 107.86 .765
KR .82 42 44.58 .756
MRNA 2.83 47 176.5 .752
AXON 62.01 2 165.1 .750
LESL 1.49 6 12 .744
BROS 2.97 7 27.79 .742
DQ 1.82 16 39.13 .736
SPXS 2.84 6 23.3 .726
ARVN 2.20 11 32.92 .726
LXU 2.45 4 13.61 .720
YMM .61 9 7.82 .702
XBI 2.83 20 78.83 .700
MAT .60 20 16.94 .700
GOGL .44 14 8.78 .700
PSTX .71 5 5.085 .695
FAZ 1.72 8 19.95 .688
IMTX .80 7 8.11 .686
SJR 3.00 6 26.16 .684
VIPS .79 12 13.69 .684
URTY 3.02 8 35.19 .680
FITB 2.79 8 32.72 .680
PAAS 2.26 5 16.72 .675
QFIN 1.10 12 19.55 .672
TECS 4.16 7 43.77 .665
PDSB 1.90 4 11.4 .664
VLO 2.62 33 125.35 .660
ACI .65 22 21.03 .660
NEM 6.19 5 47.37 .650
SBS .15 50 10.88 .650
ICPT 2.48 3 11.73 .633
SE 3.12 10 48.92 .630
MRNA 2.82 42 176.5 .630
TRQ 2.01 10 31.41 .630
TNA 1.86 10 29.76 .620
AEO .88 10 13.98 .620
BHVN .81 10 13.07 .610
CRM 2.80 29 128.47 .609
SQQQ 1.55 23 58.07 .598
SU .83 23 31.27 .598
BCRX .29 23 10.82 .598
ARQT 2.10 4 14.06 .596
TECS 3.24 8 43.77 .592
VET .24 45 17.26 .585
CCJ .47 29 22.47 .580
SNOW 3.25 25 138.42 .575
TTD 1.03 25 43.32 .575
CVS 2.06 26 92.76 .572
TECL 1.63 7 20.63 .553
RY 2.13 25 93.74 .550
RF 1.30 9 21.25 .549
APA 1.58 16 45.18 .544
OVV 2.24 12 49.56 .540
LTHM .37 30 19.52 .540
EURN .30 30 16.59 .540
FOLD 3.18 2 11.79 .538
HOLI 2.10 4 15.66 .536
BLDR 3.40 10 63.52 .530
CD .80 5 7.51 .530
GE 3.36 13 81.97 .520
YINN 3.38 7 45.76 .511
ZM 3.38 10 65.36 .510
CSIQ 1.51 10 29.4 .510
APA 1.36 17 45.18 .510
SPXS 1.21 10 23.3 .510
AG 1.09 4 8.52 .508
VLO 1.84 36 125.35 .504
LAC .31 31 18.69 .496
GFI .20 26 10.49 .494
TH 1.04 7 14.75 .490
ZIM .23 37 16.96 .481
BZ .81 12 19.8 .480
HL .43 6 5.41 .474
VTRS 1.02 5 10.92 .465
MT .57 22 26.06 .462
KSS .55 21 24.16 .462
ABCL .89 5 9.57 .460
SHLS 3.59 3 23.36 .459
CAT 4.60 24 239.38 .456
SBSW .38 13 10.67 .455
FLO 1.32 10 29 .450
IMVT 1.55 5 17.3 .445
XOM 1.04 49 108.38 .441
SHLS 5.14 2 23.36 .440
GE 2.59 14 81.97 .434
SQ .85 31 59.08 .434
YANG .30 18 12.09 .432
PRTA 2.54 10 57.93 .430
PSTG .89 13 26.28 .429
PFE .70 33 50.8 .429
VIPS .58 10 13.69 .420
XBI 1.80 19 78.83 .418
CENX 1.06 3 7.6 .417
SPXU .92 8 17.64 .416
EURN .54 13 16.59 .416
RKT .31 9 6.64 .414
FCX .39 41 37.88 .410
EDIT .85 4 8.32 .408
PBR .12 37 10.85 .407
KR .42 45 44.58 .405
NTNX 2.59 4 25.6 .404
FNGD 2.13 13 67.06 .403
OLN 2.68 8 53.2 .400
FLO 1.07 11 29 .396
FB .77 130 196.64 .390
BBY 3.51 9 80.17 .387
GM 1.59 8 32.53 .384
ABNB 1.34 24 82.49 .384
PINS .56 16 22.86 .384
TVTX 1.57 5 20.45 .380
BTU .27 38 26.59 .380
LABU .33 7 6.1 .378
NEE 1.46 22 83.16 .374
ISIG .47 6 7.55 .372
KZR .49 5 6.6 .370
NIO .41 9 9.8 .369
NTNX 4.66 2 25.6 .364
PINS .60 14 22.86 .364
FISV 3.37 11 99.91 .363
CCL .26 11 7.67 .363
USB 1.34 12 43.35 .360
PATI 1.33 2 7.35 .360
DXC 1.33 7 25.98 .357
UBER .55 16 24.59 .352
SIVB 6.05 13 216.45 .351
ECOM 2.71 3 23.09 .351
XOM .83 50 108.38 .350
MMM 2.05 20 118.29 .340
PINS .47 17 22.86 .340
ARRY 3.14 2 18.51 .338
PPC 1.15 7 23.64 .336
WOOF .51 6 9.01 .336
KNBE .94 9 24.77 .333
IMVT 1.45 4 17.3 .332
ISEE .64 11 21.03 .330
SILK 2.53 7 52.84 .329
ROIV .83 3 7.63 .324
EL 5.76 14 246.19 .322
SKX 1.95 7 41.62 .322
PTEN 1.75 3 16.22 .321
DOCS .98 11 32.76 .319
OKTA 10.37 2 65.38 .316
DRN .30 10 9.48 .310
LUV .55 18 32.19 .306
BP .32 34 34.58 .306
SSRM .60 8 15.7 .304
SWN .05 38 5.77 .304
LMT 5.87 25 483.22 .300
DLTR 2.19 20 141.54 .300
TECL 1.25 5 20.63 .300
HRL .57 25 45.37 .300
CLX 3.37 13 142.36 .299
RTX 2.35 13 99.14 .299
WM 2.08 23 157.37 .299
ICPT 1.75 2 11.73 .298
HAS 1.95 9 58.22 .297
BTU .23 37 26.59 .296
DOG 2.00 5 33.57 .295
XOM .55 59 108.38 .295
WM 2.30 21 157.37 .294
FTI .50 7 11.88 .294
AXSM 5.48 4 75 .292
ON .49 36 60.28 .288
BEKE .26 16 14.27 .288
YPF .38 7 9.09 .287
CRH .82 14 39.38 .280
CIVI 5.29 3 56.43 .279
FL 1.14 9 36.35 .279
FA 1.68 2 12.47 .268
ADBE 4.47 20 328.33 .260
GKOS 5.32 2 41.28 .256
AMGN 4.05 17 261.42 .255
ATVI 1.82 11 76.05 .253
MDB 3.51 14 188.81 .252
EVO .33 6 7.8 .252
IMMR .29 6 6.9 .252
SPWH .29 8 9.09 .248
AZN .35 49 67.56 .245
TJX 1.31 15 78.69 .240
CFVI .73 4 12.04 .240
CRGY .72 4 11.96 .240
SOXL .36 6 8.86 .240
FCX .23 40 37.88 .240
YPF .19 12 9.09 .240
TME .12 16 7.95 .240
SQM 1.09 17 76.66 .238
LVS .68 17 46.18 .238
CELH 2.72 9 103.51 .234
SRTY 1.09 13 58.12 .234
ALB 10.02 5 214.04 .230
JPM 1.42 23 132.46 .230
LMT 4.08 28 483.22 .224
DD 1.91 8 67.8 .224
AAL .20 14 12.32 .224
VRTX 7.05 9 285.76 .216
DIA 4.24 18 328.57 .216
XLY .88 36 126.26 .216
EDU .47 18 36.37 .216
MOS .26 43 43.44 .215
UPS 1.82 21 173.61 .210
BLFS 1.19 3 16.95 .210
ASPN 1.14 2 10.79 .210
HX .88 6 24.58 .210
XLE .49 42 86.02 .210
CLNE .18 6 5.1 .210
SMH 2.21 19 197.3 .209
KO .51 26 63.57 .208
STE 4.26 9 182.35 .207
K .39 41 71.72 .205
BIIB 3.53 17 274.04 .204
SPY 2.32 34 376.66 .204
QCOM .69 34 106.97 .204
FAST .48 20 46.84 .200
UNIT .14 8 5.46 .200
SNPS 5.88 11 315.31 .198
WYNN .92 18 80.09 .198
ABT .86 28 107.83 .196
BERZ .62 13 40.42 .195
UAL .59 13 37.29 .195
OVV .61 16 49.56 .192
BIG .47 6 14.29 .192
AU .16 24 19.36 .192
INCY 1.57 10 79.44 .190
BBWI .78 10 40.75 .190
M .39 10 20.05 .190
BTWN .10 19 9.905 .190
CM .38 21 39.5 .189
WFC .31 27 41.12 .189
ERF .13 27 16.93 .189
DE 4.96 17 430.18 .187
FUTU 3.65 3 58.14 .186
XLK .72 37 121.43 .185
PCVX 2.16 4 46.2 .184
T .16 23 18.22 .184
AMGN 2.79 18 261.42 .180
FGEN .69 4 15.3 .180
MRO .10 59 26.58 .177
GS 3.81 16 340.87 .176
TSN .72 16 61.19 .176
LLY 2.53 29 365.22 .174
FNGD 2.30 5 67.06 .170
FANG .80 33 134.47 .165
PRTA 1.05 9 57.93 .162
KMB .83 27 136.52 .162
LPX 1.39 7 58.85 .161
SNOW 1.01 23 138.42 .161
TZA 1.22 5 37.73 .160
JD .30 32 56.15 .160
GIII .26 8 12.97 .160
BP .20 32 34.58 .160
CPG .03 40 6.86 .160
MSFT .25 157 234.53 .157
EURN .19 14 16.59 .154
YETI .70 9 39.81 .153
COTY .08 17 8.42 .153
XBI .69 19 78.83 .152
ATNM .39 4 10.03 .152
SEDG 2.84 15 275.84 .150
YINN 1.39 5 45.76 .150
AR .95 5 30.78 .150
SQM .53 25 76.66 .150
BULZ .50 6 19.25 .150
UBER .25 15 24.59 .150
IBM .75 29 140.02 .145
AYX 1.76 4 48.18 .144
TMUS .85 24 138.98 .144
HRB .59 9 36.68 .144
RMD 5.92 5 205.77 .140
AZPN 4.16 7 200.47 .140
LITE 1.43 5 49.41 .140
SDOW .78 5 27.58 .140
SDOW .39 10 27.58 .140
MO .34 20 45.85 .140
HPK 1.56 2 22.55 .138
SBS .04 46 10.88 .138
MDRX .61 4 17.68 .136
MAXR 1.40 5 51.47 .135
EA 1.13 15 119.54 .135
ARMK 1.13 5 41 .135
ABT .58 27 107.83 .135
DD 1.33 7 67.8 .133
XLE .30 44 86.02 .132
TRQ .42 10 31.41 .130
PBF .42 13 39.65 .130
RACE .84 43 210.25 .129
CTLT 2.75 2 42.94 .128
EOLS .22 4 6.86 .128
ADSK 2.68 9 181.9 .126
FUTU 1.23 6 58.14 .126
SQM 1.10 9 76.66 .126
AXP .94 21 144.01 .126
LIN 1.16 41 325.91 .123
AEHR .07 41 19.9 .123
DG 2.52 12 245.01 .120
GLW .77 5 31.42 .120
KMX .72 10 59.24 .120
ABT .50 30 107.83 .120
NAPA .49 4 16.16 .120
UPS 2.33 9 173.61 .117
CAT 1.61 19 239.38 .114
TSM .51 19 73.06 .114
WOLF 1.94 4 67.37 .112
COP .34 56 115.31 .112
ALC .22 37 67.4 .111
RWM .30 10 25.14 .110
ORMP .12 10 10.85 .110
UBS .10 22 18.54 .110
SBH .33 4 12.14 .108
XOM .30 54 108.38 .108
RTX .74 15 99.14 .105
ANF .47 5 22.36 .105
STT 2.04 4 76.84 .104
PWR 1.84 8 141.32 .104
TAP .69 8 51.38 .104
RAPT .25 8 17.92 .104
ENPH 1.84 17 267.38 .102
COST 4.71 10 452.99 .100
WSM 1.22 10 114.93 .100
TAP 1.03 5 51.38 .100
NUE .80 20 134.19 .100
INFL .64 5 31.22 .100
LZB .58 4 22.71 .100
FDX 5.82 3 173.05 .099
CYTK .53 9 45.6 .099
ADI 1.13 14 160.28 .098
RL 1.33 8 102.4 .096
TTWO .82 12 99.69 .096
NKE 2.28 5 114.98 .095
ATHM .57 5 29.82 .095
UNH 2.32 23 528.45 .092
SPB 1.43 4 60.21 .092
XOM .31 46 108.38 .092
NEX .21 4 8.99 .092
VZ .17 23 38.81 .092
STZ 3.04 7 231.88 .091
FUTU .80 7 58.14 .091
TTWO .79 13 99.69 .091
JAZZ 4.82 3 156.94 .090
BURL 2.08 9 203.13 .090
UHS 1.42 9 139.37 .090
AAP 1.33 10 145.3 .090
CAT 1.29 18 239.38 .090
ROST 1.14 10 114.29 .090
TRI .72 15 112.37 .090
TMUS .53 30 138.98 .090
MDT .41 18 76.3 .090
LULU 3.51 8 308.96 .088
MCD 1.08 22 265.11 .088
UPRO .35 8 31.39 .088
TWTR .25 22 53.7 .088
HOLI .46 3 15.66 .087
DB .06 17 11.24 .085
MNST .78 12 101.32 .084
WSM .77 14 114.93 .084
FISV .72 12 99.91 .084
TTWO .61 14 99.69 .084
GLD .51 28 167.91 .084
PDCO .40 6 27.62 .084
TRQ .22 12 31.41 .084
MNST .97 9 101.32 .081
AMGN 1.27 20 261.42 .080
WPP 1.00 4 48.64 .080
OKE .58 10 64.51 .080
FHN .50 4 24.47 .080
WYNN .46 16 80.09 .080
CAH .44 16 78.6 .080
D .13 40 61.46 .080
STLD 1.33 6 99.89 .078
EPM .19 3 7.23 .078
GGAL .13 6 9.63 .078
ANET .94 11 119.17 .077
AXP .59 19 144.01 .076
CROX .62 15 105.17 .075
UNH 1.73 24 528.45 .072
TSCO 1.39 12 219.9 .072
UPS .68 24 173.61 .072
MMM .36 24 118.29 .072
OPNT .26 6 20.23 .072
KHC .14 24 40.44 .072
CSCO .13 36 47.07 .072
VTRS .09 9 10.92 .072
LSI .73 10 98.42 .070
SUPN .52 5 35.75 .070
MNSO .20 4 11.41 .068
NKE .39 22 114.98 .066
PDD .32 22 81.42 .066
IYC .75 5 55.69 .065
SHW 3.86 4 237.48 .064
AMOM .86 2 26.0743 .064
NTAP .49 8 58.18 .064
YPF .08 8 9.09 .064
HP 1.01 3 47.47 .063
AKAM .79 7 83.5 .063
IBM .29 31 140.02 .062
PANW .61 15 137.33 .060
SQM .53 10 76.66 .060
MCW .27 2 8.89 .060
DIS .33 19 84.17 .057
FDX 4.86 2 173.05 .056
COF .78 7 89.7 .056
COF .78 7 89.7 .056
A .67 14 148.09 .056
CHKP .56 14 124.91 .056
VIGI .53 8 69.23 .056
AN .43 14 105.75 .056
WEN .33 4 22.68 .056
CVS .19 28 92.76 .056
PAYX .72 9 114.43 .054
TMUS .36 27 138.98 .054
OHI .17 9 27.67 .054
HCM .09 9 14.67 .054
DD .38 10 67.8 .050
BCH .15 7 20.35 .049
XLE .11 49 86.02 .049
HES 2.15 3 138.64 .045
META .47 11 115.62 .044
MCD .69 21 265.11 .042
HON .64 14 212.19 .042
TGT .35 21 145.8 .042
NFE .27 7 40.36 .042
MRK .24 21 111.08 .042
INTU 1.98 8 376.5 .040
J 1.06 5 119.2 .040
HTHT .46 4 42.07 .040
STN .40 5 46.96 .040
LBRT .13 5 15.08 .040
IWM .54 13 170.53 .039
DUK .14 39 102.9 .039
DIA .97 19 328.57 .038
MCD .72 19 265.11 .038
MCD .65 19 265.11 .038
XLV .20 37 134.87 .037
BA .69 12 188.38 .036
PG .23 35 151.96 .035
KMB .24 34 136.52 .034
GIS .14 34 84.76 .034
EL .77 11 246.19 .033
KRYS 1.22 2 76 .032
HDGE .14 8 29.8 .032
COST .60 30 452.99 .030
OTIS .40 6 77.4 .030
SPG .28 15 115.06 .030
ASC .15 3 13.77 .030
UAL .09 15 37.29 .030
XLV .26 29 134.87 .029
PEP .35 28 181.75 .028
SJM .27 25 158.39 .025
SAIL .53 3 65.24 .024
KBH .28 3 31.33 .024
BOX .14 6 30.39 .024
APG .11 4 18.25 .024
V .22 22 204.99 .022
ICL .02 11 7.14 .022
BLK 2.70 7 700.33 .021
EQNR .06 21 36.28 .021
LOW .36 20 200.06 .020
TSEM .22 4 43.14 .020
VRDN .16 4 28.4 .020
WF .29 2 29.41 .018
RFP .14 3 21.9 .018
IRBO .08 6 24.7 .018
TDG 1.96 5 621.7 .015
GBT .37 3 68.49 .015
ANET .16 15 119.17 .015
AMKR .09 5 23.58 .015
BRG .04 11 26.6 .011
NRGU .61 8 467.5 .008
SJIV .17 4 68.85 .008
CHNG .04 8 27.49 .008
WF .05 5 29.41 .005
DPW 1.28 5
NETE 1.11 2
SQBG .87 2
ALXN .82 4
BKNG .79 15 1958.84 0
NTEC .77 4
XONE .76 2
HGSH .61 4
JRJC .59 3
KBSF .44 2
TRIT .36 6
HUSN .26 4
LLY .22 28 365.22 0
LIN .21 42 325.91 0
CNFR .13 2
MPC .10 25 114.52 0
DKS .09 26 114.98 0
ALAC .08 5
UPS .03 19 173.61 0
BIDU .03 157 111.6 0
SWCH .02 2 34.25 0
SH .01 14 16.25 0
PSO .01 15 11.18 0
PBT .01 6 23.7 0
MN .01 4 12.85 0
SLVO 0 21 87.58 0
ROKU 0 15 38.8 0
QQC 0 4 19.76 0
NINE 0 11 12.33 0
LHAA 0 5 10.08 0
GRU 0 4 5.45 0
GCP 0 3 32.01 0
GBNY 0 3 10.65 0
ESLT 0 29 167 0
D 0 38 61.46 0
ASAX 0 9 9.9901 0
ABNB 0 26 82.49 0
SLV -.01 26 21.6 0
ET -.01 30 11.67 0
SLB -.02 37 52.6 0
WMT -.05 44 141.29 0
ASML -.06 41 531.64 0
NFLX -.11 134 276.88 0
PEP -.14 31 181.75 0
ABBV -.14 39 162.23 0
ULTA -.55 4 463.52 -.004
BAK -.04 3 9.15 -.012
ASC -.03 9 13.77 -.018
SCHW -.15 18 82.35 -.018
GLPG -.27 3 43.6 -.018
KO -.11 27 63.57 -.027
JNJ -.34 27 176.66 -.027
CTIC -.01 34 5.54 -.034
HCA -1.37 7 236.4 -.035
AMAT -.19 21 94.225 -.042
XLP -.10 47 74.6 -.047
ORCL -.10 47 80.33 -.047
HES -1.21 6 138.64 -.048
HD -.92 29 315.73 -.058
GDXD -.09 6 8.48 -.060
ARGX -1.94 14 369.42 -.070
CIEN -.12 36 49.12 -.072
CL -.30 25 78.82 -.075
CALT -.12 11 16.9402 -.077
YANG -.11 13 12.09 -.117
PKG -2.04 8 127.01 -.128
LOGI -.34 26 60.9 -.130
GDYN -.55 3 10.89 -.150
WDAY -2.30 13 162.99 -.182
OLLI -1.44 6 46.12 -.186
PSQ -.20 17 15.08 -.221
CNC -1.95 11 81.58 -.253
DOCN -.48 16 23.71 -.320
ROG -7.63 5 114.23 -.330
MNSO -.41 10 11.41 -.350
INTC -.55 17 25.54 -.357
GOOG -1.17 29 86.46 -.377
TCOM -.60 23 34.55 -.391
FRO -.10 53 11.92 -.424
XPEV -.04 116 9.39 -.464
DKNG -.44 12 11.05 -.468
OXY -.41 80 62.08 -.480
AAPL -.48 160 126.04 -.480
SMCI -9.28 5 80.6 -.575
AGNC -.19 36 10.41 -.648
EDU -2.26 11 36.37 -.682
ENPH -8.41 23 267.38 -.713
JKS -2.09 16 39.66 -.832
MLCO -.63 15 11.22 -.840
CRK -.67 25 13.43 -1.225
TWST -3.85 9 21.92 -1.575
GOOG -7.29 36 86.46 -3.024
AMZN -15.65 129 81.82 -24.639
