EDTK .01 2 1.69
INFL .01 2 30.3
BLNK .02 11 34.09
IACB .04 1 9.84
IMMP .04 3 3.66
IMNM .04 0 14.23
AEI .05 2 1.93
CNFR .05 2 3.14
ACY .06 15 30.62
AEMD .09 2 3.82
CRON .09 4 6.92
ATHE .11 3
IMNM .12 1 14.23
JFU .13 3 1.68
IEC .14 1 15.27
CHNR .15 3 1.35
MDNA .16 3 2.18
ET .17 2 9.11
INFI .17 4 3.13
IRCP .17 1 2.37
AGEN .18 1 5.95
EVGO .18 1 12.44
FRO .19 3 7.49
HUSN .22 4 3.2
IKT .22 1 2.02
CTIB .23 4 1.89
KBSF .23 2 3.77
ATOS .24 5 3.31
AAPL .26 105 148.89
AGNC .26 2 16.18
GEVO .26 2 5.71
ASTR .27 3 11.66
INOV .27 1 36.87
BBIG .28 6 3.19
EPU .28 2 26.55
ACY .31 3 30.62
FCX .31 12 38.39
LIVX .31 1 3.16
IGC .32 3 1.69
LIZI .33 4 4.46
CHMA .34 2 3.76
ACI .35 2 29.62
ARPO .35 2 2.08
CLSD .35 2 5.57
M .35 3 19.3
HNST .37 1 13.83
HOFV .37 3 2.86
ME .38 1 1.4
MDIA .39 2 8.9
AAL .41 6 20.43
BGI .42 1 2.84
AUTL .43 1 6.11
CAN .45 4 9.22
LJPC .45 2 4.11
MEDS .46 5 4.9
ACOR .47 2 3.58
D .47 6 77.36
KR .47 9 42.64
ABBV .48 3 115.64
DBGI .48 3 3.76
ALYA .50 3 2.6
LMNL .50 3 2.67
BLIN .52 6 5.06
ENZ .52 2 3.16
FITB .52 2 38.88
GALT .52 3 3.55
IRIX .53 2 6.6
CHKP .55 4 122.46
CLOV .56 1 9.01
AMRS .57 1 14.79
GRVI .57 3 5.73
CCL .59 3 23.36
ANY .60 3 3.92
CVV .61 1 5.21
GLD .62 5 164.04
HCM .63 2 41.55
CLF .64 3 25.72
AVIR .65 1 25.0
GTIM .65 1 4.47
ERJ .66 1 15.28
AUUD .67 3 2.79
BP .67 1 25.64
EVK .67 5 4.09
DYAI .68 2 4.87
COP .69 4 57.04
APG .74 1 22.92
BTCM .74 1 7.72
CHKP .74 3 122.46
FUBO .74 2 31.56
GP .75 2 15.19
LL .78 1 2.88
BABA .79 91 191.66
LEN .79 2 107.4
ARMK .80 2 35.02
BBBY .83 12 28.98
CNA .83 1 43.9
AEHR .86 7 5.77
MARA .86 5 33.84
IPA .87 2 7.29
FB .90 100 362.65
AEO .93 2 33.81
CTSO .94 1 8
CTSO .94 1 8
EYES .95 6 3.83
ABT .98 2 122.81
AMKR .99 1 23.53
ENSC .99 1 3.47
FLO .99 1 24.34
EGRX 1.01 2 47.73
EIC 1.01 0 16.24
GT 1.01 1 16.87
FAST 1.02 1 53.15
HOG 1.02 2 40.12
CGC 1.04 1 19.19
GPS 1.04 2 30
MINM 1.07 3 2.2
ATAI 1.09 1 18.65
DDD 1.10 7 33.27
ALXN 1.12 2 182.5
MAT 1.12 2 22.04
HGSH 1.13 2 2.03
ERYP 1.14 2 5.62
K 1.16 3 64.41
LYFT 1.25 3 53.82
HHR 1.26 1 42.84
KHC 1.27 1 37.01
BCRX 1.30 4 16.64
GTEC 1.35 2 6.94
JZXN 1.36 4 3.78
GM 1.37 1 52.85
COUR 1.39 1 40.91
EOSE 1.39 2 14.42
CVS 1.40 3 85.14
HJLI 1.40 1 6.78
LUV 1.41 2 50.99
CRM 1.42 8 248.39
CNC 1.44 1 70.47
EYEG 1.45 1 1.73
AMC 1.48 44 33.07
AA 1.52 2 23.83
BJ 1.57 2 51.59
CSIQ 1.57 1 41.6
ARVN 1.58 3 90.04
INCY 1.59 1 77.95
CRTD 1.60 3 3.18
BNR 1.61 2 21.93
BZ 1.61 1 34.13
LI 1.65 2 30.11
FLOW 1.66 3 79.09
IMTX 1.67 2 12.08
BLDR 1.69 1 47.31
CAH 1.74 3 50.63
BILI 1.76 18 79.94
ATVI 1.77 2 85.17
JNJ 1.77 2 175.2
A 1.79 4 158.15
BIDU 1.80 114 159.63
AMD 1.82 7 106.5
LEGN 1.82 3 49.0
JBL 1.87 2 60.29
BTBT 1.97 6 14.79
EIC 2.02 1 16.24
IBM 2.03 4 143.07
CYTK 2.06 2 32.43
AGRI 2.11 1 5.53
EXPI 2.13 3 53.66
FGEN 2.15 2 12.59
CHGG 2.22 1 85.0
KNBE 2.31 4 26.48
MCD 2.33 2 236.67
AVXL 2.35 4 19.27
CERE 2.43 3 25.43
ATKR 2.48 1 83.82
LOGI 2.48 2 107.98
LEXX 2.52 1 5.59
LPX 2.53 1 55.27
BYSI 2.56 1 23.18
LMT 2.58 7 359.75
J 2.68 1 15.28
AKAM 2.70 1 112.41
BIIB 2.70 3 340.68
LC 2.76 3 28.91
LC 2.76 3 28.91
CLX 2.92 2 165.71
CRNC 2.97 2 116.64
HOOD 3.01 6 48.1
FANG 3.02 1 80.54
BYND 3.16 2 130.32
ALEC 3.17 3 27.91
AACG 3.20 3 2.8
KXIN 3.27 3 3.1
CARV 3.28 3 17.99
GME 3.44 74 162.35
EDIT 3.56 1 56.48
GS 3.61 5 415
BHVN 3.71 2 117.28
ENPH 3.73 2 181.29
LIN 3.83 3 306.66
HCA 3.89 1 249.32
AN 4.07 2 9.96
APPS 4.16 1 60.05
CLDX 4.17 1 45.16
COF 4.22 1 159.96
LLY 4.23 3 263.47
DDS 4.31 5 191.48
HON 4.47 1 229.27
LH 4.80 2 73.31
COST 4.87 2 445.36
AXP 4.88 1 173.12
MA 4.97 3 361.98
APPN 5.04 2 102
AMEH 5.29 1 111.1
CPOP 5.30 1 59.65
ANVS 5.36 3 41.82
KMB 5.57 1 135.82
CELH 5.86 1 73.31
FULC 6.92 2 22.45
FLGT 7.33 3 99.1
BLK 7.59 1 880.67
CI 7.65 1 206.05
GPN 7.75 3 167.84
AMZN 7.93 90 3303.5
LAD 8.29 1 371.73
AMGN 8.30 1 228.8
COIN 8.34 2 256.35
ANTM 10.86 1 383.57
BAC 13.77 3 37.85
ASML 18.43 1 719.77
JPM 19.88 8 161.79
BNTX 20.64 2 446.24
BODY 20.64 0 8.69
KO 28.11 2 56.47
BKNG 34.22 1 2209.57
C 35.26 2 27.33
BODY 41.28 1 8.69
