DWAC 30.01 3 64.89 1.386
SHOP 27.73 7 1361.12 .140
MSTR 14.75 8 715.02 .160
NVAX 13.77 9 141.55 .873
BKNG 10.17 8 2428.09 .032
SAM 9.40 7 485.1 .133
WBX 8.99 1 14.56 .617
AMZN 8.18 93 3392.49 .186
REGN 7.44 9 589.6 .108
W 7.31 7 230.13 .217
DUOL 7.27 3 175.29 .123
SIVB 7.01 8 708.15 .072
AZO 6.70 11 1825.86 .033
LAD 6.41 5 317.19 .100
BLK 6.24 5 917.27 .030
DDS 6.22 9 221.73 .252
MDB 5.88 8 497.96 .088
DPZ 5.62 11 480.27 .121
UPST 5.44 16 314.5 .272
KOSS 5.35 7 16.01 2.338
BNTX 5.27 15 278.77 .270
EJH 5.21 6 2.76 11.322
SE 5.17 14 340.17 .210
SI 5.04 5 147.18 .170
THC 4.91 1 70.16 .069
DE 4.88 8 338.23 .112
TSLA 4.60 148 1037.86 .592
BKKT 4.57 1 23.78 .192
RGEN 4.41 7 271.04 .112
ZM 4.40 14 272.81 .224
EEIQ 4.33 5 4.12 5.250
FLGT 4.22 5 82.81 .250
SPLK 4.15 5 163.25 .125
ASML 4.13 11 801 .055
ADBE 4.10 6 640.08 .036
ROKU 4.06 6 316.57 .072
AFRM 4.06 10 151.14 .260
BIIB 4.00 5 259.95 .075
MRNA 3.93 31 340.88 .341
CARV 3.92 6 14.57 1.614
SEDG 3.89 5 342.54 .055
NRXP 3.86 6 10.31 2.244
GOOG 3.73 28 2928.55 .028
ANVS 3.73 6 26.88 .828
SNPS 3.69 6 319.13 .066
CCXI 3.66 3 32.63 .336
EVA 3.59 1 66.48 .054
IRNT 3.52 5 16.34 1.075
MA 3.51 6 335.72 .060
EBET 3.45 6 27.96 .738
GPN 3.44 10 144.13 .230
ZLAB 3.42 6 104.95 .192
SITM 3.41 5 240.5 .070
DQ 3.36 7 76.22 .308
SCPS 3.34 7 3.51 6.657
GLSI 3.27 5 34.76 .470
JAN 3.24 5 6.02 2.690
ADGI 3.21 7 31.79 .700
IAC 3.19 7 151.89 .147
CAT 3.19 6 196.13 .096
ZG 3.17 5 94.4 .165
COST 3.15 6 489.11 .036
GRTS 3.14 5 10.76 1.455
ENPH 3.10 6 216.22 .084
UNH 3.07 11 453.48 .066
NEGG 3.07 20 11.9 5.140
DOCS 3.04 6 67.1 .270
SAVA 3.02 26 44.61 1.742
GME 2.99 82 173.51 1.394
ANTM 2.99 6 433.68 .036
LII 2.97 6 296.99 .060
ADSK 2.96 6 308.51 .054
IWM 2.93 6 223.65 .078
SNOW 2.91 8 347.1 .064
DLTR 2.90 5 104.49 .135
ZS 2.89 6 310.1 .054
GS 2.81 8 410.99 .048
CELH 2.77 5 95.51 .145
LLY 2.73 6 250.17 .060
LMT 2.70 10 330.94 .080
NVCR 2.63 10 110.78 .230
NCTY 2.63 5 11 1.195
WDAY 2.61 5 283.13 .045
INTU 2.61 5 613.13 .020
AUVI 2.56 8 5.32 3.848
WSM 2.54 5 181.92 .065
PYPL 2.54 8 234.94 .080
FULC 2.54 6 23.23 .654
KEYS 2.52 4 176.94 .056
INDP 2.52 5 7.43 1.695
AVXL 2.41 5 17.38 .690
DASH 2.38 8 198.95 .088
RBLX 2.36 7 80.68 .203
CPOP 2.34 5 3.28 3.565
LIN 2.33 6 318.97 .042
VMW 2.32 5 153.79 .075
NXPI 2.32 5 192.41 .060
XBI 2.27 5 122.22 .090
AMGN 2.27 5 206.58 .050
OSTK 2.20 6 77.16 .168
HCA 2.20 4 245.37 .032
EA 2.20 3 140.37 .045
TPST 2.19 5 11.49 .950
PKG 2.17 5 135.4 .080
ASAN 2.17 8 124.9 .136
PDD 2.15 5 92.29 .115
DLPN 2.14 5 10.66 1.000
AACG 2.14 5 2.28 4.690
DIS 2.12 7 169.55 .084
ACRS 2.12 7 16 .924
EL 2.10 6 325.37 .036
ALEC 2.10 6 21.61 .582
XLNX 2.08 7 180.85 .077
V 2.08 7 215.78 .063
ROST 2.08 4 110.66 .072
KNBE 2.06 5 22.87 .450
COIN 2.06 6 311.67 .036
BBY 2.06 5 118.75 .085
HCWB 2.04 1 2.92 .698
DG 2.03 4 220.37 .036
DKS 2.02 11 122.19 .176
MRIN 2.01 5 6.26 1.605
UHAL 1.98 9 713.87 .018
AAME 1.97 5 3.98 2.470
SPT 1.96 5 119.58 .080
KMB 1.96 6 129.26 .090
RL 1.95 5 121.82 .080
MDT 1.95 5 122.5 .075
HON 1.95 6 215.72 .054
COHN 1.95 5 21.2 .455
ARVN 1.91 7 83.07 .154
MSGE 1.88 4 69.54 .108
TDG 1.87 4 629.22 .008
COF 1.87 4 152.5 .048
VLO 1.86 4 78.67 .092
LOW 1.83 7 231.77 .049
CI 1.83 5 213.4 .040
ACMR 1.83 5 100.34 .090
AAP 1.82 4 230.35 .028
LEGN 1.79 4 51.73 .136
TMUS 1.78 5 116.62 .075
ROLL 1.78 7 221.965 .056
CERE 1.78 7 39.97 .308
BIDU 1.78 117 167.75 1.170
VRPX 1.77 9 4.19 3.798
TSCO 1.77 8 206.91 .064
RAPT 1.77 7 32.5 .378
DAVA 1.77 4 154.84 .044
CTRN 1.77 4 72.38 .096
JKS 1.76 3 57.19 .090
TSP 1.75 5 35.66 .245
TASK 1.74 7 57.05 .210
DELL 1.74 6 108.39 .096
BHVN 1.74 4 137.1 .048
SQ 1.73 23 253.02 .138
RACE 1.73 5 231.44 .035
LWAC 1.73 5 16.98 .505
WAVE 1.72 5 6.3 1.365
LAIX 1.72 4 0.9701 7.092
IMPL 1.70 5 10.07 .840
CM 1.70 4 121.38 .056
TWTR 1.69 5 54.81 .150
NNOX 1.69 5 22.07 .380
KYMR 1.69 2 56.61 .058
BURL 1.68 8 271.51 .048
AN 1.67 8 120.39 .104
NMRD 1.66 4 5.84 1.136
NVOS 1.65 5 1.76 4.685
ESTC 1.65 4 168.63 .036
HX 1.64 5 4.64 1.765
FISV 1.64 6 98.83 .096
CREE 1.64 5 79.12 .100
A 1.64 7 155.26 .070
KSS 1.63 7 47.76 .238
JZXN 1.63 4 2.1 3.104
TTD 1.62 7 73.05 .154
CLDX 1.61 3 44.55 .108
TTC 1.60 4 94.18 .064
STMP 1.59 4 329.61 .016
LH 1.59 7 280.49 .035
HOOD 1.59 13 35.44 .572
LHDX 1.58 4 5.61 1.124
ABNB 1.58 6 169.1 .054
RLMD 1.57 4 23 .272
LYFT 1.57 4 46.72 .132
GTEC 1.57 2 5.86 .534
GH 1.57 8 112.28 .104
CNC 1.57 1 70.55 .022
CARA 1.57 2 16.42 .190
PAYX 1.56 1 122.48 .012
DPW 1.56 5 2.29 3.405
TSC 1.55 1 30.24 .051
IRDM 1.55 4 39.95 .152
CRNC 1.55 4 98.16 .060
BLFS 1.55 1 48.5 .031
FUV 1.54 1 10.2 .150
CHCI 1.54 3 4.605 1.002
XM 1.53 1 45.23 .033
TERN 1.53 4 9 .680
SIEB 1.53 5 3.08 2.480
FANG 1.53 5 107.58 .070
DLO 1.53 5 49.95 .150
OVV 1.51 2 37.82 .078
MVIS 1.51 4 8.27 .728
GRU 1.51 1 4.43 .340
WAFU 1.50 4 6.21 .964
UAL 1.50 1 45.82 .032
SUPN 1.50 1 29.36 .051
AMD 1.50 11 122.28 .132
BCYC 1.49 3 53.58 .081
STT 1.48 3 96.24 .045
SEMR 1.48 2 23.14 .126
JRVR 1.48 2 32.26 .090
JNJ 1.48 2 163.74 .018
CPE 1.48 4 52.13 .112
ADI 1.48 5 170.46 .040
NURO 1.47 11 7.54 2.134
FGEN 1.47 3 10.69 .411
EDIT 1.47 3 36.8 .117
VCVC 1.46 1 9.85 .148
SFIX 1.46 2 32.52 .088
LITE 1.46 2 80.7 .036
HTBX 1.46 2 5.33 .546
BYND 1.46 5 95.59 .075
EYEG 1.45 1 1.93 .751
MRUS 1.44 2 26.85 .106
KALV 1.44 8 16.44 .696
JD 1.44 5 80.86 .085
SNOA 1.43 3 6.05 .708
LANC 1.43 2 173.17 .016
ATKR 1.43 2 90.39 .030
TTWO 1.42 4 180.91 .028
TSN 1.42 4 80.63 .068
STE 1.42 4 232.11 .024
IMNM 1.42 4 22.6 .248
AUPH 1.42 3 29.92 .141
ATVI 1.42 3 78.65 .054
APPS 1.42 5 83.7 .080
RMBL 1.41 3 38.49 .108
SNA 1.40 4 202.03 .024
LAZR 1.40 3 15.82 .264
JCS 1.40 3 3.66 1.146
CVS 1.40 3 88.09 .045
CRDF 1.40 1 5.83 .240
WGO 1.39 2 65.35 .042
VERY 1.39 4 8.138 .680
OPNT 1.39 3 22.99 .180
KURA 1.39 3 16.68 .249
JBL 1.39 2 60.5 .044
EOSE 1.39 2 10.46 .264
COUR 1.39 1 33.9 .041
TNET 1.38 1 98 .014
INCY 1.38 2 64.97 .042
EXPI 1.38 6 50.16 .162
TWST 1.37 7 114.25 .077
LIVE 1.37 3 31.6329 .129
ECOM 1.37 1 25.45 .053
TSM 1.36 2 113.75 .022
FATE 1.36 3 54.84 .072
TAOP 1.35 3 3.03 1.335
IBM 1.35 6 125.17 .060
BWAY 1.35 1 7.83 .172
WNW 1.34 1 3.48 .385
OLN 1.34 1 55.14 .024
CAH 1.34 4 47.44 .112
UBER 1.33 4 44.73 .116
PKI 1.33 3 173.79 .021
NLS 1.33 1 10.14 .131
MOXC 1.33 4 5.59 .948
GRVY 1.33 7 101.96 .091
VRNT 1.32 3 46 .084
TJX 1.32 4 64.56 .080
TDC 1.32 3 55.39 .069
AEO 1.32 2 24.05 .108
VIH 1.31 1 9.36 .139
SPY 1.31 1 453.94 .002
OCGN 1.31 8 9.61 1.088
ABCL 1.31 1 15.37 .085
UHS 1.30 4 124.92 .040
NEWR 1.30 4 76.85 .064
JG 1.30 3 1.54 2.532
GWRE 1.30 5 123.47 .050
BTBT 1.30 9 9.66 1.206
BNR 1.30 3 14.28 .273
BKE 1.30 3 40.81 .093
WM 1.29 6 155.15 .048
OLLI 1.29 2 66.57 .038
LI 1.29 3 32.67 .117
HOG 1.29 3 36.73 .105
DOCN 1.29 4 95.61 .052
APPN 1.29 4 94 .052
VSCO 1.28 4 51 .100
FRD 1.28 1 13.52 .094
BILI 1.28 22 76.65 .352
ABT 1.28 5 127.71 .050
YETI 1.27 4 92.72 .052
RHE 1.27 2 6.71 .378
NFE 1.27 1 29.45 .043
HJLI 1.27 1 10.38 .122
APXT 1.27 1 12.11 .104
SPCE 1.26 24 18.24 1.656
OKE 1.26 2 65.21 .038
MQ 1.26 4 32.36 .152
MESO 1.26 1 6.06 .207
DOMO 1.26 4 87.68 .056
USB 1.25 4 60.28 .080
THCB 1.25 1 10 .125
RIOT 1.25 3 26.59 .141
OPAD 1.25 4 8.1 .616
NGM 1.25 2 18.64 .134
CHKP 1.25 6 118.12 .060
BYSI 1.25 3 13.87 .270
SJ 1.24 4 5.07 .976
PBTS 1.24 1 1.19 1.042
LPX 1.24 3 60.45 .060
LEDS 1.24 3 7.57 .489
KMX 1.24 2 137.15 .018
EDSA 1.24 1 7.85 .157
CMMB 1.24 2 9.59 .258
BNTC 1.24 3 3.69 1.008
ANPC 1.24 2 2.73 .908
ALXN 1.24 4 182.5 .024
TAP 1.23 2 43.62 .056
LAW 1.23 3 50.52 .072
J 1.23 3 136 .027
C 1.23 4 70.31 .068
RCUS 1.22 1 33.09 .036
EYES 1.22 6 2.68 2.730
DDL 1.22 2 28.07 .086
RTX 1.21 2 89.16 .026
PFGC 1.21 3 45.72 .078
OSAT 1.21 3 5.27 .687
LYEL 1.21 3 14.37 .252
HGEN 1.21 3 6.71 .540
HD 1.21 12 372.32 .036
EAT 1.21 3 42.81 .084
ARAV 1.21 1 3.63 .333
AMC 1.21 57 34.76 1.938
WHLM 1.20 4 5.46 .876
MMM 1.20 7 178.24 .042
MAXR 1.20 3 28.27 .126
JPM 1.20 12 167.83 .084
CRIS 1.20 2 6.66 .360
CETX 1.20 1 1.32 .909
AMTX 1.20 3 17.9 .201
AKAM 1.20 3 104.3 .033
TVTX 1.19 3 26.2 .135
SGOC 1.19 9 6.21 1.719
JWN 1.19 3 28.5 .123
PRTA 1.18 8 54.68 .168
ENOB 1.18 4 8.6 .548
DFH 1.18 1 16.03 .073
ZEV 1.17 4 7.64 .612
STZ 1.17 4 214.95 .020
SKT 1.17 3 16.99 .204
NIU 1.17 3 24.79 .141
CYTK 1.17 4 34.95 .132
CLSK 1.17 1 17.43 .067
VOXX 1.16 3 10.97 .315
SIF 1.16 1 8 .145
NTAP 1.16 4 88.38 .052
MAT 1.16 3 20.63 .168
LOGI 1.16 5 83.22 .065
HGSH 1.16 2 1.9 1.220
CLX 1.16 3 159.57 .021
AMEH 1.16 8 69.07 .128
AMAT 1.16 8 132.16 .064
ZIM 1.15 6 47.25 .144
UPS 1.15 7 212.21 .035
NTRB 1.15 2 5.79 .396
IMTX 1.15 3 13.45 .255
BZ 1.15 2 36.07 .062
AGRI 1.15 4 3.17 1.448
DAL 1.14 4 39.07 .116
AVIR 1.14 3 12.17 .279
VNET 1.13 3 16.39 .204
STG 1.13 1 4.93 .229
SCHW 1.13 4 81.15 .052
PEP 1.13 5 160.61 .035
NUAN 1.13 1 55.05 .020
HAS 1.13 5 94.6 .055
BTX 1.13 2 8.5 .264
ABSI 1.13 1 13.83 .081
MNOV 1.12 2 3.47 .644
FIGS 1.12 5 32.75 .170
BZUN 1.12 1 17.6 .063
TGTX 1.11 1 31.06 .035
TGT 1.11 9 256.54 .036
SHEN 1.11 3 28.04 .117
PMCB 1.11 3 2.86 1.164
PG 1.11 6 141.83 .042
NVDA 1.11 146 244.51 .584
GIII 1.11 4 27.9 .156
DXC 1.11 2 32.3 .068
CNET 1.11 1 1.41 .787
ALLO 1.11 2 15.94 .138
RUN 1.10 5 54.2 .100
OPTT 1.10 1 2.02 .544
XTLB 1.09 2 3.8 .572
LIFE 1.09 3 8.64 .378
GT 1.09 1 18.95 .057
ATAI 1.09 1 14.32 .076
ALDX 1.09 2 8.24 .264
MTSL 1.08 3 3.37 .960
IFRX 1.08 1 2.86 .377
FCBP 1.08 1 29.1 .037
B 1.08 1 40.74 .026
AZYO 1.08 1 5.62 .192
ALF 1.08 2 5.34 .404
TTCF 1.07 1 17.69 .060
SMLP 1.07 2 32.62 .064
BBBY 1.07 13 13.67 1.014
VYGR 1.06 2 3.74 .566
SPI 1.06 3 4.84 .657
CRM 1.06 11 295.15 .033
BAC 1.06 4 47.04 .088
SCR 1.05 5 35.58 .145
PTGX 1.05 3 31.86 .096
PLD 1.05 4 143.86 .028
NETE 1.05 1 8.02 .130
MNST 1.05 4 84.88 .048
CELC 1.05 3 17.19 .183
OCUP 1.04 1 3.99 .260
IPA 1.04 2 6.32 .328
FSTX 1.04 1 6.63 .156
CANF 1.04 1 1.5495 .671
LUV 1.03 4 46.57 .088
KMPH 1.03 3 10.1 .303
BLDR 1.03 2 57.04 .036
ALYA 1.03 3 2.7 1.143
MFNC 1.02 2 21.5 .094
AXP 1.02 5 178.03 .025
ZCMD 1.01 1 1.78 .567
MVST 1.01 4 7.84 .512
LL 1.01 1 17.91 .056
EGRX 1.01 2 50.64 .038
PINS 1.00 4 45.36 .088
IMAB 1.00 5 61.95 .080
GLD 1.00 9 168.12 .045
DKNG 1.00 5 47.83 .100
FL .99 3 46.9 .063
DD .99 2 69.15 .028
ACY .99 19 43.77 .418
VTSI .98 2 7.68 .254
TRCH .98 2 4.95 .394
MYGN .98 2 30.64 .062
HOFV .98 2 2.17 .902
UAA .97 2 21.72 .088
SKLZ .97 3 11.09 .261
MS .97 8 101.87 .072
MCD .97 7 242.73 .021
RRGB .96 2 20.18 .094
HRI .96 4 170.58 .020
FA .96 1 20.81 .046
CRCT .96 2 27.32 .070
CHGG .96 2 58.28 .032
AZPN .96 4 150.15 .024
QDEL .95 4 132.29 .028
NEE .95 2 85.01 .022
BTWN .95 1 10.13 .093
BPTH .95 2 4.91 .386
FTCH .94 2 38.52 .048
CGC .94 1 12.78 .073
MO .93 2 47.5 .038
HCM .93 4 30.81 .120
CHPT .93 1 22.72 .040
ABBV .93 4 108.4 .032
PLCE .92 3 83.11 .033
ON .92 2 44.55 .040
LBPH .92 1 7.5 .122
KNL .92 1 25.04 .036
DUK .92 2 102.76 .016
YEXT .91 1 12.5 .072
WFC .91 4 50.05 .072
SSY .91 3 2.38 1.146
SLS .91 3 8.55 .318
AIT .91 2 96.52 .018
GEG .90 1 1.91 .471
CRTO .90 1 32.44 .027
ATNF .90 3 5.18 .519
YMM .89 1 15.01 .059
PLUG .89 8 34.41 .200
NKE .89 8 162.35 .040
LOOP .89 3 13.75 .192
ERYP .89 3 2.93 .909
ARCE .89 2 17.55 .100
ACHL .89 1 6.1 .145
OTIS .88 4 79.72 .044
KHC .88 2 36.4 .048
GM .87 3 54.26 .048
GDEV .87 3 9.06 .288
DTSS .87 1 2.13 .408
AFMD .87 1 6.58 .132
VLDR .86 1 5.705 .150
UTHR .86 4 186.14 .016
RF .86 1 23.37 .036
KODK .86 2 6.5 .264
VMEO .85 2 32.94 .050
SRNE .85 1 6.69 .127
SAFM .85 1 188.07 .004
RIDE .85 5 4.8 .885
RKT .84 1 16.04 .052
PTIX .84 2 1.81 .928
LEXX .84 3 6.3 .399
IYC .84 2 82.85 .020
HOL .84 3 12.35 .204
DTST .84 3 4.36 .576
CLII .84 3 14.36 .174
BB .84 11 10.57 .869
APOP .84 5 13.12 .320
UAVS .83 1 2.56 .324
TNA .83 5 87.92 .045
IRBO .83 1 44.47 .018
CNA .83 1 45.04 .018
BLUW .83 2 9.63 .172
SANA .82 1 20.5 .040
MNSO .82 1 15.49 .052
FITB .82 3 43.24 .054
SPRT .81 20 11.8 1.360
MBRX .81 2 2.66 .608
CRTD .81 6 4.22 1.146
APP .81 8 94.92 .064
SYPR .80 4 3.75 .852
MU .80 5 68.24 .055
GMBL .80 1 5.39 .148
SWI .79 1 18.36 .043
SLV .79 2 22.29 .070
SCYX .79 1 5.08 .155
PNRG .79 1 68 .011
ZY .78 3 10.28 .225
VVOS .78 4 3.53 .880
MPC .78 3 66.15 .033
IPHA .78 4 5.72 .544
GNOG .78 1 17.24 .045
COP .78 6 74.43 .060
CAI .78 1 55.95 .013
BABA .78 98 169.23 .392
WMT .77 15 147.53 .075
PRFX .77 3 2.48 .930
PLTR .77 2 25.06 .060
FB .77 105 312.22 .210
ENTX .77 2 4.04 .380
STX .76 9 88.03 .072
QFIN .76 8 22.1 .272
NFLX .76 105 662.92 .105
NBRV .76 1 1.11 .684
GROM .76 2 3.66 .414
SJM .75 11 123 .066
GPS .75 6 21.76 .204
FLWS .75 4 28.52 .104
CEMI .75 7 2.26 2.317
BJ .75 7 59.12 .084
SCKT .74 4 6.3 .468
PSTG .74 2 26.45 .054
GTIM .74 1 4.82 .153
GRVI .74 3 5.75 .384
FUBO .74 2 28.13 .052
EVOL .74 2 2.67 .554
ATXI .74 1 1.58 .468
VZ .73 2 52.63 .026
VOOV .73 1 146.25 .004
UPC .73 3 2.29 .954
SQBG .73 2 6.24 .232
RNXT .73 2 5.26 .276
NVFY .73 3 2.17 1.008
EQT .73 1 22.09 .033
RMED .72 6 3.01 1.434
ENSC .72 1 2.19 .328
DEN .72 4 79.61 .036
CRMT .72 9 115.95 .054
BTCM .72 4 8.38 .340
ARPO .72 1 2.2 .327
ZKIN .71 2 2.61 .544
PALI .71 3 2.7 .786
CCJ .71 5 25.45 .135
TBLA .70 1 9.85 .071
PRPL .70 3 19.61 .105
ORGS .70 1 4.76 .147
OCX .70 1 3.23 .216
MTTR .70 4 18.36 .152
INTC .70 6 47.89 .084
IGIC .70 3 8.38 .249
CBAT .70 2 2.07 .676
BGFV .70 6 24.05 .174
AMKR .70 2 21.92 .062
FTEK .69 3 1.93 1.071
BEKE .69 1 20.35 .033
ASM .69 1 0.9125 .756
APRE .69 3 4.88 .423
TRI .68 2 118.2 .010
ONCS .68 1 1.63 .417
DDD .68 9 27.05 .225
XONE .67 2 21.96 .060
PDCO .67 2 30.42 .044
JRJC .67 3 6.61 .303
FOE .67 1 20.98 .031
CROX .67 5 151.88 .020
CLNE .67 1 8.44 .079
ANF .67 2 38.22 .034
ACH .67 1 15.78 .042
VIPS .66 1 11.68 .056
SSNT .66 1 5.19 .127
SKX .66 3 44.81 .042
RETO .66 1 0.95 .694
LGHL .66 2 2.15 .612
CTKB .66 1 23.3 .028
BCRX .66 8 14.93 .352
AMOM .66 1 36.81 .017
XLK .65 4 159.24 .016
TATT .65 3 6.18 .315
STRO .65 2 19.5 .066
RFL .65 4 30.17 .084
PCVX .65 1 22.02 .029
OLB .65 1 4.15 .156
MOS .65 3 41.16 .045
LMNL .65 3 1.79 1.089
AA .65 8 45.89 .112
TESS .64 1 5.54 .115
SOFI .64 2 19.25 .066
SLGG .64 2 2.98 .428
SDC .64 2 5.14 .248
LZB .64 2 33 .038
XLV .63 5 131.43 .020
MRK .63 4 81.54 .028
HPQ .63 4 29.7 .084
FLOW .63 4 75.05 .032
DNUT .63 3 12.77 .147
CLF .63 10 24.8 .250
CCL .63 4 21.64 .116
ULTA .62 1 369.79 .001
LJPC .62 2 3.85 .322
ISEE .62 4 16.89 .144
BON .62 3 6.18 .300
AREC .62 5 2.27 1.365
APG .62 2 21.4 .056
SOS .61 2 2.22 .548
PLG .61 1 2.34 .260
CL .61 4 75.9 .032
AMBO .61 1 1.3912 .438
SPTN .60 2 22.8 .052
SLB .60 4 32.54 .072
PSTV .60 1 1.71 .350
KIRK .60 2 21.78 .054
EVK .60 6 2.77 1.296
AYRO .60 2 2.85 .420
AVCT .60 1 2.31 .259
AMRS .60 1 13.96 .042
VERU .59 3 8.09 .216
LEN .59 5 99.72 .025
BIG .59 2 43.67 .026
WPRT .58 2 3.12 .370
WISH .58 3 4.96 .348
TRIT .58 3 6.03 .288
STAF .58 2 1.94 .596
CSIQ .58 4 38.79 .056
WEI .57 1 1.02 .558
SNAP .57 113 52.02 1.130
SBTX .57 1 8.65 .065
PHUN .57 8 4.78 .952
ORPH .57 4 3.86 .588
GGAL .57 1 11.01 .051
EZFL .57 1 2.88 .197
T .56 3 25.06 .066
SBH .56 2 15.36 .072
OBLN .56 3 3.05 .549
MTP .56 1 1.67 .335
LODE .56 3 2.25 .744
CLPS .56 1 3.11 .180
CLPS .56 1 3.11 .180
CLOV .56 1 7.27 .077
VNE .55 6 35.05 .090
UWMC .55 1 6.91 .079
RSI .55 2 20.04 .054
FLXN .55 1 9.27 .059
FLGC .55 4 4.1 .536
EVGO .55 1 8.34 .065
EOLS .55 1 7.56 .072
WHLR .54 2 2.55 .422
M .54 7 25.57 .147
ENZ .54 2 3.29 .328
ADMA .54 1 1.35 .400
TBIO .53 3 37.36 .042
MEDS .53 5 4.14 .640
HUYA .53 3 8.79 .180
EQ .53 1 5.79 .091
BBWI .53 6 68.52 .042
ASTR .53 4 9.24 .228
XOM .52 8 64.13 .064
UONE .52 5 11.43 .225
TLRY .52 3 10.3 .150
SILK .52 7 59.76 .056
MARA .52 14 50.04 .140
CSCO .52 8 56.18 .072
WOOF .51 2 24.31 .040
RY .51 6 105.95 .024
RCON .51 2 2.41 .422
MRVL .51 6 67.7 .042
KO .51 6 55.52 .054
K .51 8 61.3 .064
DYAI .51 3 4.22 .360
CPSH .51 1 4.73 .107
TIGR .50 8 8.85 .448
SONO .50 5 31.3 .075
PATI .50 2 14.2 .070
MDIA .50 3 8.25 .180
GRTX .50 3 2.41 .621
ERJ .50 5 16.21 .150
RKDA .49 1 2.01 .243
NRBO .49 2 1.8 .544
MOSY .49 2 6.33 .154
IGC .49 3 1.42 1.035
GP .49 3 13.01 .111
GEVO .49 4 6.34 .308
ENLV .49 2 8.21 .118
ECHO .49 1 48.12 .010
ATHM .49 3 39.64 .036
ARMP .49 1 2.96 .165
NNDM .48 3 5.7 .252
NIO .48 75 39.31 .900
HRL .48 5 42.26 .055
HRC .48 5 154.47 .015
EPU .48 3 30.02 .045
DRN .48 4 26 .072
CIFR .48 1 7.9 .060
XLE .47 6 57.44 .048
TRIL .47 1 17.94 .026
STEM .47 5 26.65 .085
SOHU .47 6 21.05 .132
QCOM .47 8 131.2 .024
EXPR .47 5 3.79 .620
DARE .47 1 1.49 .315
BODY .47 2 5.12 .182
AUUD .47 6 2.55 1.104
XPEV .46 80 45.9 .800
WIMI .46 2 3.91 .234
VXX .46 3 21.95 .060
UFAB .46 2 2.77 .332
NTEC .46 4 9.63 .188
MARK .46 4 2.09 .880
KBSF .46 2 3.05 .300
GURE .46 1 5.25 .087
EQOS .46 1 4.95 .092
CVV .46 2 4.9 .186
BCLI .46 1 2.93 .156
TYME .45 4 0.96 1.872
TME .45 1 8.09 .055
ONCT .45 2 3.59 .250
ME .45 4 12.4 .144
HHR .45 3 56.14 .024
ADIL .45 2 3.24 .276
WORX .44 4 1.77 .992
SGBX .44 2 3.19 .274
NNVC .44 3 4.89 .267
GALT .44 3 3.19 .411
FFHL .44 2 9.775 .090
DWSN .44 2 2.34 .376
XLP .43 3 71.07 .018
EVGN .43 1 2.55 .168
CAN .43 4 8.43 .204
ATIF .43 1 4 .107
ACI .43 8 30.21 .112
TQQQ .42 136 148.04 .272
FCX .42 23 37 .253
DBGI .42 5 3.03 .690
CTSO .42 4 5.84 .284
ARMK .42 4 36.2 .044
SRNG .41 1 11.42 .035
MSFT .41 112 323.17 .112
KZIA .41 2 10.52 .076
GTT .41 1 2.36 .173
FLO .41 3 24.65 .048
BLIN .41 8 3.5 .936
ACOR .41 4 4.14 .396
YJ .40 2 0.9599 .832
ORMP .40 13 22.97 .221
LIZI .40 4 3.1 .516
KR .40 15 39.48 .150
GE .40 4 103.85 .012
FBRX .40 1 2.65 .150
DUOT .40 1 6.035 .066
CTIB .40 5 1.94 1.030
CIEN .40 18 53.66 .126
CHRA .40 1 4.62 .086
AAPL .40 107 148.85 .214
VTNR .39 8 4.66 .664
VIR .39 4 39.15 .036
FAST .39 4 55.57 .028
CSCW .39 2 0.6064 1.286
AQMS .39 3 1.82 .642
APTO .39 3 2.04 .573
UNIT .38 1 14.12 .026
OVID .38 2 3.45 .220
OTLK .38 2 2.04 .372
MRTN .38 3 16.57 .066
GIS .38 5 61.3 .030
ANIX .38 1 4.93 .077
AAL .38 8 19.03 .152
PTON .37 4 88.45 .016
ORCL .37 34 96.03 .102
HUGE .37 1 1.38 .268
HNST .37 1 8.99 .041
GPK .37 1 19.85 .018
CHMA .37 2 3.76 .196
CDEV .37 1 7.33 .050
MRKR .36 1 1.49 .241
JFIN .36 2 3.9 .184
IDEX .36 4 1.83 .784
GNLN .36 2 1.74 .412
BNGO .36 12 5.05 .852
AKTX .36 1 1.66 .216
ADMP .36 1 1.04 .346
ACB .36 3 6.84 .156
ORGO .35 2 10.66 .064
LTHM .35 10 24.92 .140
LMFA .35 5 5.95 .290
IRIX .35 3 7.5 .138
GOVX .35 6 3.77 .552
CLSD .35 3 5.26 .198
BSQR .35 13 2.19 2.067
AESE .35 1 1.71 .204
AEHR .35 21 19.39 .378
XELB .34 2 1.36 .500
PBR .34 7 10.49 .224
HWCC .34 1 5.3 .064
KULR .33 2 3.06 .214
HNP .33 2 20.65 .030
GTS .33 1 35.16 .009
BP .33 3 29.25 .033
BHTG .33 1 1.23 .268
AZN .33 11 61.77 .055
WATT .32 2 1.82 .350
VBLT .32 2 2.33 .274
TAL .32 2 4.29 .148
SPCB .32 2 0.948 .674
MINM .32 2 1.72 .372
IMMP .32 3 4.4 .216
BKYI .32 1 3.07 .104
WINT .31 3 1.79 .519
ULBI .31 2 6.9 .088
FENC .31 1 9.05 .034
DMAC .31 2 3.96 .156
D .31 8 75.99 .032
AUTL .31 2 5.6 .110
AEY .31 1 2.18 .142
OXBR .30 5 3.26 .460
HAPP .30 1 0.977 .307
ENG .30 3 2.17 .414
BBIG .30 20 4.69 1.260
NEXT .29 4 3.65 .316
IMMR .29 3 7.15 .120
HUSN .29 4 2.28 .508
NKLA .28 14 10.59 .364
MITO .28 1 1.12 .250
ALTO .28 3 5.12 .162
RSLS .27 4 2.65 .404
NAOV .27 11 1.43 2.068
GSM .27 7 6.87 .273
ENVB .27 3 1.65 .489
VIVE .26 2 2.12 .244
RRD .26 3 6.55 .117
PPBT .26 1 4.36 .059
PME .26 1 0.7 .371
AXLA .26 2 3.17 .164
AGNC .26 3 16.37 .045
PBLA .25 1 2 .125
HIPO .25 2 4.2 .118
RAIL .24 4 4.21 .228
MOGO .24 4 5.13 .184
IKT .24 1 1.99 .120
GBR .24 1 3.82 .062
PIRS .23 7 4.57 .350
OCG .23 4 3.97 .228
LC .23 9 31.62 .063
BGI .23 2 6.01 .076
ANY .23 16 6.45 .560
ACHV .23 1 8.1 .028
THTX .22 1 3.49 .063
SSKN .22 1 1.8 .122
SPWH .22 3 17.2 .036
JFU .22 3 1.48 .444
INOV .22 2 40.75 .010
DYNT .22 5 1.45 .755
VIEW .21 1 4.65 .045
TENX .21 1 1.54 .136
SALM .21 3 3.9 .159
PFE .21 6 42.97 .024
ATOS .21 5 2.63 .395
ALAC .21 2 11.5787 .036
ZNGA .20 2 7.22 .054
TTM .20 6 32.36 .036
ENSV .20 1 1.21 .165
EKSO .20 1 3.96 .050
NBEV .19 1 1.48 .128
MOMO .19 3 13.03 .042
VSH .18 3 19.01 .027
TEO .18 1 5.2 .034
OBSV .18 5 2.58 .345
ADMS .18 1 8.1 .022
YPF .17 2 4.49 .074
PPC .17 2 28.84 .010
LIVX .17 2 3.07 .110
KXIN .17 6 2.13 .474
GMTX .17 1 3.61 .047
FCEL .17 129 7 3.096
SPG .16 4 143.93 .004
SNES .16 2 1.53 .208
INFI .16 4 2.46 .260
HFBL .16 1 18.95 .008
SWN .15 1 5.1 .029
SBS .15 5 6.53 .110
IMV .15 2 1.56 .192
GRUB .15 3 15.14 .027
CHNG .15 2 21.18 .014
AGEN .15 10 3.81 .390
SYKE .14 3 54 .006
OEG .14 1 2.58 .054
NXTP .14 1 1.98 .070
INM .14 1 1.5 .093
IEC .14 1 15.34 .009
EDU .14 1 2.14 .065
TELL .13 7 3.7 .245
SVBI .13 1 12.72 .010
OSMT .13 4 1.82 .284
MTL .13 7 4.11 .217
LMRK .13 1 16.44 .007
GENE .13 3 2.9 .132
ESXB .13 1 11.1 .011
CRON .13 4 5.29 .096
VERB .12 8 2.09 .456
SBBP .12 2 2 .120
PSTX .12 1 6.4 .018
GSAT .12 2 1.5 .160
CHNR .12 4 1.27 .376
SNMP .11 2 1.06 .206
RIG .11 5 3.68 .145
MOHO .11 3 0.6801 .483
GBS .11 1 2.07 .053
FENG .11 2 1.47 .148
CALA .11 1 1.92 .057
SSL .10 13 17.08 .065
SLHG .10 1 2.93 .034
RCAT .10 2 2.84 .070
RAVN .10 3 57.73 .003
MRO .10 14 16.2 .084
KDMN .10 4 9.42 .040
EDTK .10 2 1.26 .158
CNFR .10 2 2.76 .072
XELA .09 7 1.7 .364
WTER .09 2 1.63 .110
TEDU .09 2 1.05 .170
TAAG .09 1 20.9494 .004
SELF .09 1 5.15 .017
PRPO .09 3 2.33 .114
CPG .09 6 4.91 .108
BIOC .09 2 3.78 .046
AEMD .09 3 3.37 .078
AEI .09 2 1.94 .092
MBII .08 1 0.8837 .090
DBVT .08 9 3.6 .198
COTY .08 5 8.24 .045
CLDR .08 1 15.99 .005
BQ .08 2 2.04 .078
OCG .07 13 3.97 .221
NEPT .07 2 0.5206 .268
MFGP .07 3 4.97 .042
ITRO .07 1 1.27 .055
ITRN .07 3 25.6 .006
FRO .07 11 9 .077
ALZN .07 1 2.04 .034
XBIO .06 8 1.68 .280
WYNN .06 3 91.79 0
VSTM .06 2 2.59 .046
PSP .06 2 16.23 .006
ET .06 4 9.73 .024
ABUS .06 1 4.07 .014
ULTA .05 12 369.79 0
OXY .05 29 33.3 .029
MDNA .05 8 2.23 .176
FRBK .05 1 3.1 .016
XPDI .04 8 11.66 .024
WYNN .04 4 91.79 0
PBT .04 2 7.76 .010
NOK .04 5 5.76 .030
IRCP .04 4 2.85 .056
CXP .04 1 19.14 .002
AVGR .04 7 0.6834 .406
VTGN .03 5 2.2 .065
VCAR .03 1 14.2618 .002
SNDL .03 1 0.6525 .045
SIC .03 1 14.49 .002
SLVO .02 3 5.38 .009
NWHM .02 1 8.99 .002
KIN .02 2 9.25 .004
DSE .02 1 9.49 .002
BLNK .02 11 28.32 0
RTLR .01 8 12.22 0
PMD .01 1 8.27 .001
INFL .01 2 31.32 0
IACB .01 3 9.96 .003
DFP .01 2 28.39 0
BEST .01 3 2.28 .012
WMPN 0 4 12.22 0
QADB 0 4 87.5 0
PAE 0 1 9.9 0
GSKY 0 1 12.11 0
EIC -.08 1 19.19 -.004
NSYS -.12 1 10.5077 -.011
