EJH 5.21 6 1.84 16.986
SCPS 3.34 7 2.09 11.186
LAIX 1.72 4 0.7161 9.604
AACG 2.14 5 1.32 8.105
CPOP 2.34 5 1.67 7.005
EEIQ 4.33 5 3.13 6.915
NVOS 1.65 5 1.4 5.890
DPW 1.56 5 1.5 5.200
NEGG 3.07 20 13.96 4.380
AUVI 2.32 9 4.79 4.356
VVOS 1.65 6 2.29 4.320
JZXN 1.63 4 1.53 4.260
VRPX 1.77 9 3.76 4.230
NRXP 2.89 8 5.5 4.200
EYES 1.22 6 1.8 4.062
JG 1.30 3 1.05 3.714
HX 1.40 6 2.28 3.684
JAN 3.24 5 4.63 3.495
FCEL .18 130 7.29 3.120
SIEB 1.53 5 2.49 3.070
KOSS 5.35 7 12.38 3.024
NAOV .27 11 1.04 2.849
CEMI .60 8 1.76 2.720
AAME 1.97 5 3.76 2.615
BSQR .35 13 1.77 2.561
TYME .45 4 0.72 2.500
NURO 1.47 11 6.46 2.497
RMED .72 6 1.735 2.484
IRNT 3.02 6 7.43 2.436
INDP 2.52 5 5.21 2.415
AGRI .95 5 1.9642 2.415
BBIG .30 21 2.63 2.394
AMC 1.21 57 29.01 2.337
CARV 3.92 6 10.52 2.232
OCGN 1.04 12 5.76 2.160
MRIN 2.01 5 4.68 2.145
SPCE 1.26 24 14.37 2.088
RETO .72 2 0.7099 2.028
DWAC 22.11 4 44.97 1.964
PBTS 1.24 1 0.6541 1.895
LMNL .65 3 1.03 1.893
AREC .62 5 1.68 1.845
ANPC 1.24 2 1.38 1.796
BTBT 1.45 10 8.24 1.750
SGOC 1.19 9 6.2 1.719
MARK .46 4 1.07 1.716
PHUN .37 14 3.03 1.708
SAVA 2.72 28 45.85 1.652
AUUD .41 7 1.79 1.603
CSCW .39 2 0.4874 1.600
NCTY 2.63 5 8.32 1.580
WAVE 1.72 5 5.45 1.575
BYSI 1.25 5 4.02 1.550
NMRD 1.66 4 4.32 1.536
BIDU 1.87 118 137.39 1.534
SSY .91 3 1.7786 1.533
TAOP 1.35 3 2.69 1.503
CTIB .40 5 1.33 1.500
JCS 1.40 3 2.87 1.461
EVK .60 6 2.54 1.416
FTEK .69 3 1.47 1.407
SNOA 1.51 4 4.32 1.396
GME 2.99 82 172.39 1.394
DLPN 2.14 5 7.68 1.390
PMCB 1.11 3 2.42 1.374
PRFX .57 4 1.66 1.372
CETX 1.20 1 0.8803 1.363
WAFU 1.50 4 4.4 1.360
SPRT .81 20 11.8 1.360
GRTS 2.25 7 11.58 1.358
SNAP .57 113 46.79 1.356
MOXC 1.33 4 3.96 1.340
TPST 2.19 5 8.195 1.335
UPC .73 3 1.65 1.326
BLIN .41 8 2.49 1.312
SYPR .80 4 2.48 1.288
IGC .49 3 1.14 1.287
WORX .44 4 1.37 1.284
ERYP .79 4 2.49 1.268
ALYA .77 4 2.43 1.264
BNTC 1.24 3 2.95 1.260
BNGO .36 12 3.4 1.260
NIO .53 77 32.15 1.232
CRTD .39 7 2.21 1.232
RNXT 1.96 4 6.45 1.212
RIDE .68 7 4 1.190
ACRS 2.12 7 12.5 1.183
GRTX .50 3 1.27 1.179
HGSH 1.16 2 1.975 1.174
NVFY .73 3 1.88 1.164
STAF .58 2 0.9956 1.164
PALI .71 3 1.85 1.149
YJ .40 2 0.71 1.126
LODE .56 3 1.5 1.119
SOS .61 2 1.1 1.108
FULC 2.54 6 14.03 1.086
NBRV .76 1 0.7075 1.074
ANY .21 20 3.91 1.060
CNET 1.11 1 1.05 1.057
IDEX .36 4 1.36 1.056
SPCB .32 2 0.61 1.048
DYNT .22 5 1.05 1.045
SJ 1.24 4 4.76 1.040
WHLM 1.20 4 4.6 1.040
ANVS 3.73 6 21.62 1.032
PTIX .84 2 1.63 1.030
OSAT 1.21 3 3.52 1.029
BB .84 11 8.94 1.023
HOFV .98 2 1.94 1.010
CHCI 1.54 3 4.58 1.008
MEDS .53 5 2.66 .995
CANF 1.04 1 1.05 .990
LIZI .40 4 1.65 .968
IMPL 1.70 5 8.82 .960
MTSL 1.08 3 3.37 .960
LHDX 1.58 4 6.81 .928
KALV 1.44 8 12.36 .928
DBGI .42 5 2.26 .925
HOOD 1.41 14 21.55 .910
MVIS 1.17 5 6.4 .910
EBET 3.45 6 22.82 .906
SPI .89 4 4.07 .872
HCWB 1.14 2 2.63 .866
CBAT .50 3 1.74 .861
ORPH .57 4 2.66 .856
AQMS .39 3 1.38 .846
DTST .84 3 2.98 .843
XPEV .46 84 43.8 .840
TERN 1.53 4 7.31 .836
ZKIN .71 2 1.71 .830
ASM .69 1 0.8353 .826
MBRX .81 2 1.97 .822
VTNR .37 10 4.46 .820
MOHO .11 3 0.4061 .810
ATNF .66 4 3.27 .804
VYGR 1.06 2 2.65 .800
BBBY .90 16 17.86 .800
PPSI .67 9 7.61 .792
ACIU 1.91 2 4.85 .786
OPAD 1.25 4 6.43 .776
GROM .76 2 1.96 .774
VERY 1.39 4 7.2 .772
ZEV 1.17 4 6.19 .756
EYEG 1.45 1 1.95 .743
HTBX 1.46 2 3.93 .742
WBX 8.99 1 12.13 .741
IPHA .78 4 4.34 .716
NVAX 8.92 13 160.48 .715
XTLB 1.09 2 3.05 .714
TIGR .50 8 5.57 .712
ALF 1.08 2 3.04 .710
NRBO .49 2 1.38 .710
MNOV .74 3 3.13 .708
AVXL 2.41 5 17.03 .705
LGHL .30 4 1.7 .704
ENVB .27 3 1.15 .702
LEDS 1.24 3 5.32 .699
KXIN .17 6 1.46 .696
OPTT 1.10 1 1.6 .687
WEI .57 1 0.83 .686
EXPR .47 5 3.43 .685
GOVX .36 7 3.69 .679
DTSS .87 1 1.29 .674
VERB .12 8 1.42 .672
GNLN .36 2 1.08 .666
ACOR .41 4 2.46 .664
HGEN 1.21 3 5.47 .663
RFL .71 5 5.35 .660
EVOL .74 2 2.26 .654
ADGI 2.98 10 45.83 .650
ALEC 2.10 6 19.45 .642
RSLS .27 4 1.69 .636
NVDA 1.25 158 306.93 .632
AVCT .60 1 0.95 .631
COHN 1.95 5 15.38 .630
WINT .31 3 1.49 .624
RCON .51 2 1.64 .620
AYRO .60 2 1.98 .606
SCKT .74 4 4.88 .604
CHNR .12 4 0.7905 .604
GFAI .51 2 1.7 .600
ZCMD 1.01 1 1.7 .594
BABA .77 99 111.96 .594
AUPH 1.40 8 18.67 .592
ACY .99 19 31.64 .589
JFU .22 3 1.13 .582
FLGC .19 6 1.94 .582
ENSC .72 1 1.25 .576
GALT .44 3 2.28 .576
KNBE 1.80 7 21.89 .574
UONE .37 7 4.47 .574
XELA .09 7 1.09 .574
OTLK .38 2 1.33 .570
AMBO .61 1 1.0724 .568
OLB .77 3 4.06 .567
ATXI .74 1 1.31 .564
UAVS .36 3 1.91 .564
XELB .34 2 1.21 .560
APTO .28 4 2 .560
APRE .69 3 3.69 .558
ONCS .68 1 1.22 .557
TQQQ .64 139 150.08 .556
ENG .30 3 1.63 .552
PENN 2.65 10 47.98 .550
OBLN .56 3 3.05 .549
AVGR .04 7 0.51 .546
ISPC 1.43 5 13.24 .540
BCRX .62 10 11.44 .540
WHLR .54 2 2 .540
ATOS .21 5 1.93 .540
DQ 3.36 7 43.32 .539
HUSN .29 4 2.15 .536
CRIS 1.20 2 4.49 .534
KTTA 1.49 1 2.8 .532
NNOX 1.69 5 15.94 .530
BILI 1.28 23 54.94 .529
WISH .58 3 3.28 .528
ADMP .36 1 0.6818 .528
LEXX .84 3 4.81 .522
GRVI .74 3 4.25 .522
WPRT .58 2 2.22 .522
GEG .90 1 1.77 .508
LWAC 1.73 5 16.98 .505
PIRS .23 7 3.18 .504
MINM .32 2 1.27 .502
WNW 1.34 1 2.67 .501
ENOB .94 5 9.34 .500
PSTV .60 1 1.22 .491
RHE 1.27 2 5.2 .488
ENTX .77 2 3.15 .488
MVST .61 6 7.47 .486
GLSI 3.27 5 33.86 .480
MARA 1.03 20 41.64 .480
NKLA .31 15 9.45 .480
OSMT .13 4 1.08 .480
ARAV 1.21 1 2.53 .478
GTEC .80 4 6.7 .476
HAPP .30 1 0.6301 .476
ABUS .33 6 4.15 .474
SDC .64 2 2.71 .472
BPTH .95 2 4.05 .468
MTP .56 1 1.21 .462
SLGG .64 2 2.8 .456
SGBX .32 3 2.1 .456
MQ 1.18 7 17.89 .455
BKKT 2.95 2 13.03 .452
BTCM .72 4 6.37 .452
WATT .32 2 1.41 .452
BGFV .97 10 21.1 .450
DYAI .51 3 3.39 .450
SLS .69 4 6.14 .448
RKDA .49 1 1.1 .445
OBSV .18 5 2.02 .445
UFAB .46 2 2.08 .442
BTX 1.13 2 5.17 .436
TRIT .34 5 3.96 .425
AVIR 1.14 3 8.06 .423
VNET 1.13 3 8 .423
IFRX .58 3 4.11 .423
ADMA .54 1 1.29 .418
LIFE 1.09 3 7.8 .417
GMBL .88 2 4.25 .414
NTRB 1.15 2 5.58 .412
MRAM 2.30 2 11.27 .408
LYEL 1.21 3 8.89 .408
GEVO .49 4 4.79 .408
AGEN .10 12 2.92 .408
BFRI 1.74 1 4.27 .407
BHTG .33 1 0.8102 .407
CERE 1.78 7 30.52 .406
RAPT 1.77 7 30.06 .406
EYPT 5.86 1 14.53 .403
MTTR .80 13 25.51 .403
KMPH 1.03 3 7.72 .399
BODY .47 2 2.37 .396
LAZR 1.16 5 14.52 .395
TRCH .98 2 4.95 .394
MRNA 3.13 39 306.72 .390
APPS 3.13 6 48.85 .384
AFRM 2.60 16 107.24 .384
IPA 1.04 2 5.41 .384
DDD .70 12 21.23 .384
NEXT .29 4 3 .384
LCID 1.81 10 47.27 .380
DWSN .44 2 2.32 .378
PLG .24 3 1.92 .375
ORMP .35 17 15.43 .374
VIVE .26 2 1.39 .374
BON .62 3 4.985 .372
ZG 3.19 7 59.43 .371
RLMD 1.57 4 16.93 .368
MITO .28 1 0.7601 .368
XBIO .06 8 1.3 .368
IMTX .98 4 10.87 .360
VTSI .56 4 6.16 .360
CTSO .42 4 4.62 .360
IMMP .16 7 3.09 .357
MRKR .36 1 1.01 .356
STG 1.13 1 3.2 .353
PRPL .68 5 9.69 .350
EVGO .57 7 11.18 .350
VOXX 1.16 3 10 .348
GDEV .87 3 7.5 .348
CLSD .35 3 3.005 .348
AEHR .19 29 15.42 .348
M .62 15 26.8 .345
LMFA .35 5 5.05 .345
DOCS 2.62 8 59.86 .344
INFI .16 4 1.86 .344
QFIN .77 9 20.06 .342
MDIA .50 3 4.38 .342
IMMR .33 6 5.71 .342
IMNM 1.42 4 16.62 .340
LGVN 1.37 5 20.12 .340
NEPT .07 2 0.41 .340
NNDM .48 3 4.24 .339
MTL .08 13 2.97 .338
SOFI .73 7 15.19 .336
ADIL .45 2 2.67 .336
WIMI .27 4 3.21 .336
ASTR .62 5 9.16 .335
EOSE 1.39 2 8.31 .334
KURA 1.04 4 12.39 .332
SKLZ .67 4 8.06 .332
SNMP .11 2 0.66 .332
ONCT .45 2 2.715 .330
LJPC .62 2 3.76 .328
HUYA .53 4 6.43 .328
ARPO .72 1 2.2 .327
GRU 1.51 1 4.625 .326
SPLK 6.20 6 114.21 .324
FGEN 1.47 3 13.51 .324
CMMB 1.24 2 7.64 .324
UPST 2.99 19 171.59 .323
TASK 1.74 7 37.81 .322
ENZ .54 2 3.34 .322
HUGE .37 1 1.15 .321
NVCR 2.63 10 82.06 .320
AMD 2.36 20 144.01 .320
GPN 3.54 11 120.27 .319
BNR 1.30 3 12.26 .318
PME .26 1 0.8199 .317
ALDX 1.09 2 6.89 .316
KODK .86 2 5.41 .316
OCX .70 1 2.21 .316
ZM 3.91 15 183.92 .315
CCXI 3.66 3 34.66 .315
APOP .84 5 13.17 .315
JRJC .67 3 6.34 .315
OXBR .30 5 4.725 .315
GSM .27 7 5.92 .315
TELL .11 9 3.11 .315
TSLA 2.96 157 1014.97 .314
BBLG 1.14 1 3.62 .314
ZLAB 3.42 6 65.37 .312
TATT .65 3 6.24 .312
CLF .57 11 20.12 .308
ZY .78 3 7.62 .306
ALTO .29 5 4.68 .305
VLDR .76 2 5 .304
SNES .16 2 1.05 .304
KBSF .46 2 3.05 .300
MOSY .55 2 3.67 .298
CRDF .78 2 5.24 .296
VERU .45 4 6.06 .296
NNVC .44 3 4.46 .294
VBLT .21 3 2.14 .294
RSKD 1.24 2 8.48 .292
KSS 1.41 10 48.45 .290
SE 4.40 17 253.44 .289
RBLX 2.51 13 113.79 .286
SBEA 1.45 2 10.1 .286
OCUP .51 2 3.57 .284
RAIL .24 4 3.36 .284
CAN .43 4 6.06 .280
SALM .20 4 2.82 .280
PBR .34 9 10.63 .279
DBVT .07 11 2.72 .275
JFIN .36 2 2.68 .268
BRLT 2.17 2 16.23 .266
ASAN 1.33 14 66.98 .266
FIGS 1.33 6 30.02 .264
DARE .47 1 1.78 .264
FCX .41 24 36.56 .264
ME .34 6 7.65 .264
EZFL .57 1 2.17 .262
DDS 6.58 10 250.78 .260
IGIC .70 3 8.06 .258
TEDU .09 2 0.6966 .258
CLPS .57 1 2.22 .256
CLPS .57 1 2.22 .256
CARA 1.57 2 12.31 .254
AZYO 1.08 1 4.24 .254
ABSI 1.25 2 9.86 .252
MESO .65 2 5.21 .248
MDNA .05 8 1.59 .248
AMEH 2.05 9 75.53 .243
PLUG .92 9 33.46 .243
ATAI 1.29 2 10.58 .242
ORGS .70 1 2.89 .242
EXPI 1.38 6 34.14 .240
CELC 1.05 3 13.01 .240
NLS .84 2 7.02 .238
IONQ .65 7 18.78 .238
AMTX 1.20 3 15.02 .237
EVGN .43 1 1.82 .236
OVID .38 2 3.21 .236
DLO 1.53 5 32.31 .235
FENG .11 2 0.9399 .234
W 6.80 8 234.41 .232
SQBG .73 2 6.24 .232
OCG .23 4 3.94 .232
BIOC .22 4 3.77 .232
ENSV .20 1 0.861 .232
EDSA 1.24 1 5.35 .231
CCJ .47 11 21.95 .231
AKTX .36 1 1.555 .231
TSP 1.75 5 37.99 .230
STEM .68 6 17.77 .228
CHGG 2.17 3 28.56 .225
ERJ .35 9 13.54 .225
OSTK 2.60 7 80.7 .224
CPE 1.54 7 47.19 .224
GPS .54 7 16.72 .224
OCG .07 13 3.94 .221
LOOP .55 5 12.48 .220
AAPL .33 110 161.84 .220
MOGO .24 4 4.35 .220
CVV .46 2 4.22 .218
IMV .15 2 1.37 .218
CELH 1.96 7 63.05 .217
BNTX 2.94 27 344.06 .216
FB .72 108 306.84 .216
FSTX 1.04 1 4.95 .210
TLRY .47 4 8.95 .208
SQ 1.73 23 181.31 .207
CPIX .32 3 4.59 .207
FOSL 1.09 2 10.54 .206
DKNG .99 6 28.37 .204
HOL .84 3 12.35 .204
DELL 1.75 7 58.48 .203
CGC 1.01 2 9.99 .202
AXLA .26 2 2.57 .202
SHOP 28.66 10 1410 .200
DUOL 7.27 3 109.06 .198
TWTR 1.40 6 42.07 .198
PRTA 1.04 9 46.59 .198
NIU .93 4 18.85 .196
CHMA .37 2 3.76 .196
PDD 2.15 5 54.44 .195
TOST 3.31 2 34.44 .192
JWN .98 4 20.19 .192
ACHL .89 1 4.63 .192
SCYX .31 4 6.38 .192
BWAY .68 2 7.09 .190
EDTK .10 2 1.05 .190
GENE .13 3 2.06 .189
AMZN 8.00 94 3389.79 .188
NTEC .46 4 9.63 .188
DKS 1.27 17 110.87 .187
RIG .09 6 2.84 .186
MSTR 14.75 8 630.99 .184
PUBM 6.66 1 36.03 .184
ACB .36 3 5.82 .183
AESE .35 1 1.91 .183
DNA 1.58 1 8.65 .182
DNUT .42 7 15.7 .182
BYND 2.00 6 64.61 .180
NVTS 1.62 2 17.88 .180
LYFT 1.43 5 39.47 .180
HHR 1.07 9 52.96 .180
GIII 1.02 5 27.8 .180
SOHU .47 6 15.3 .180
DMAC .31 2 3.43 .180
GSAT .12 2 1.32 .180
TENX .21 1 1.17 .179
FBRX .40 1 2.24 .178
TGTX .93 3 15.64 .177
MITQ .36 1 2.03 .177
AEY .31 1 1.75 .177
IAC 3.19 7 127.06 .175
ARVN 1.91 7 74.44 .175
SKT 1.17 3 19.84 .174
SEMR 1.11 3 18.92 .174
CLII .84 3 14.36 .174
GTT .41 1 2.36 .173
BLUW .83 2 9.63 .172
ISEE .62 4 14.1 .172
FUBO 1.01 3 17.59 .171
SRNE .85 1 4.945 .171
AAL .32 9 16.62 .171
NBEV .19 1 1.11 .171
AA .78 10 44.07 .170
FUV .77 2 8.98 .170
GTIM .74 1 4.33 .170
NEWR 2.93 6 103.26 .168
DRN .60 7 24.93 .168
AEI .09 2 1.08 .166
BKYI .19 2 2.31 .164
FLGT 2.27 6 81.8 .162
ZIM 1.29 7 54.35 .161
JD 1.56 8 77.95 .160
HIPO .25 2 3.1 .160
COTY .19 8 9.4 .160
EDIT 1.47 3 27.72 .159
CPSH .51 1 3.19 .159
NETE 1.04 2 13.09 .158
LBPH .92 1 5.79 .158
SSKN .22 1 1.4 .157
NXTP .14 1 0.89 .157
IRDM 1.55 4 38.92 .156
LI .76 6 28.5 .156
HNST .41 3 7.8 .156
SSNT .34 2 4.35 .156
AUTL .30 3 5.76 .156
CALA .11 1 0.7162 .153
PRPO .09 3 1.76 .153
LAC .61 8 31.39 .152
PETZ .17 4 4.41 .152
WTER .09 2 1.18 .152
DPST 2.33 3 46.39 .150
RIOT .73 6 28.64 .150
MAT .63 5 21 .150
ENLV .49 2 6.5 .150
VCVC 1.46 1 9.85 .148
SI 3.54 7 164.21 .147
DDL 1.22 2 16.61 .146
XAIR 1.97 1 13.52 .145
SCR 1.05 5 35.58 .145
OMER 1.00 1 6.87 .145
IKT .24 1 1.65 .145
CIFR .35 3 7.24 .144
DE 4.88 11 349.24 .143
EQOS .46 1 3.22 .142
PBLA .25 1 1.76 .142
SAM 9.40 7 460.4 .140
RL 2.39 7 116.17 .140
APP 1.38 10 93.53 .140
JKS 1.23 5 43.58 .140
TDC 1.17 5 41.42 .140
DAL 1.02 5 35.98 .140
AFMD .43 2 6.07 .140
ORCL .36 35 88.24 .140
TAL .32 2 4.57 .140
CRON .12 5 4.16 .140
VIH 1.31 1 9.36 .139
NGM 1.25 2 18.11 .138
LEGN 1.04 6 44.39 .138
SONO .70 6 30.4 .138
BCLI .46 1 3.33 .138
TISI .17 1 1.24 .137
GH 1.57 8 90.7 .136
ATIF .43 1 3.15 .136
CLDX 1.61 3 35.68 .135
DOCN 1.31 9 84.04 .135
RUN 1.10 5 39.95 .135
CYTK .96 5 35.5 .135
SIF 1.16 1 8.6 .134
U 4.94 4 146.88 .132
MRUS 1.10 3 24.67 .132
JRVR 1.10 3 24.8 .132
LUV .99 6 44.28 .132
DASH 2.11 10 157.71 .130
CCL .45 5 17.2 .130
LC .39 10 29.24 .130
CLOV .28 2 4.3 .130
TVTX 1.19 3 27.61 .129
SHEN 1.11 3 25.24 .129
SFIX 1.46 2 23.17 .126
FRD 1.28 1 10.08 .126
TESS .34 2 5.33 .126
BGI .19 3 4.51 .126
MRO .12 18 15.29 .126
AEMD .09 3 2.12 .126
THCB 1.25 1 10 .125
ALLO 1.11 2 17.62 .124
MAXR .83 4 26.76 .124
BZUN .80 2 12.88 .124
LIVE 1.37 3 33.2 .123
UWMC .29 3 7.01 .123
CMTL 3.13 1 25.52 .122
HJLI 1.27 1 10.38 .122
ANIX .38 1 3.09 .122
VSCO 1.29 5 53.06 .120
BZ 1.22 3 30.35 .120
CRCT .70 4 22.85 .120
GAME .43 1 3.56 .120
CIEN .38 20 61.09 .120
ULBI .31 2 5.11 .120
FENC .27 2 4.43 .120
IRIX .18 4 5.95 .120
SBBP .12 2 2 .120
GRVY 1.33 7 77.01 .119
CYAD .56 1 4.7 .119
KULR .06 7 3.34 .119
KZR .82 2 13.73 .118
BQ .08 2 1.34 .118
DLTR 1.90 9 137.04 .117
TTD .85 13 89.51 .117
GP .49 3 12.48 .117
SBS .09 9 6.63 .117
RRGB .96 2 16.3 .116
HCM .93 4 31.51 .116
ACMR 1.83 5 78.69 .115
MBII .08 1 0.6926 .115
UBER .71 6 35.85 .114
FTCH .67 6 33.85 .114
MSFT .47 114 323.01 .114
RGEN 4.41 7 262.88 .112
CAT 2.86 8 197.8 .112
MSGE 1.88 4 66.21 .112
TWST 1.37 7 81.14 .112
CAH 1.34 4 47.02 .112
JPM 1.29 14 158.29 .112
TTCF .86 2 15.16 .112
FLWS .75 4 26.58 .112
BFLY .72 1 6.4 .112
RMBL 1.41 3 37.26 .111
LAD 6.41 5 290.79 .110
DPZ 5.62 11 521.77 .110
BIGC 4.50 1 40.7 .110
GKOS 4.45 1 40.27 .110
MOS .76 5 34.41 .110
PFE .57 11 54.27 .110
LIVX .17 2 3.07 .110
DIS 1.86 9 146.22 .108
PINS 1.00 4 35.84 .108
BKE .89 6 46.88 .108
EQ .53 1 4.88 .108
PATI .50 2 9.19 .108
ARMP .49 1 4.5 .108
SSL .12 18 17.53 .108
YMM .58 2 10.83 .106
FFHL .44 2 8.29 .106
NFLX .76 105 602.13 .105
CLNE .67 1 6.35 .105
AMRS .60 1 5.7 .105
LTHM .21 15 27.85 .105
CPG .07 7 4.42 .105
MDB 5.88 8 450.16 .104
VLO 1.86 4 69.71 .104
AN 1.67 8 124.04 .104
APXT 1.27 1 12.11 .104
DOMO 1.26 4 48.26 .104
CNC 2.42 3 71.05 .102
LAW 1.23 3 35.62 .102
EAT 1.21 3 35.2 .102
VIR .79 6 44.31 .102
PTON .78 6 43.55 .102
EOLS .55 1 5.37 .102
KR .30 17 43.43 .102
CREX .15 1 1.46 .102
XBI 2.27 5 109.53 .100
BHVN 2.12 5 103.56 .100
XM 1.66 2 32.71 .100
CREE 1.64 5 79.12 .100
COUR 1.32 2 26.36 .100
AEO 1.32 2 26.32 .100
REGN 7.44 9 635.16 .099
SNOW 3.82 9 345.11 .099
PYPL 2.14 9 183.93 .099
KIRK .48 3 14.17 .099
ROKU 2.89 7 205.55 .098
KMB 1.99 7 135.39 .098
FANG 1.55 7 106 .098
CHRA .40 1 4.07 .098
BIIB 3.69 6 223.92 .096
FISV 1.64 6 100.5 .096
SKX 1.09 4 43.85 .096
PTGX 1.05 3 32.27 .096
BTWN .95 1 9.84 .096
HOG .90 4 36.51 .096
ZNGA .15 4 6.11 .096
RCAT .10 2 2.07 .096
USB 1.06 5 55.59 .095
IS .76 1 7.97 .095
INM .14 1 1.47 .095
MFNC 1.02 2 21.5 .094
DUOT .40 1 4.24 .094
ABCL 1.31 1 14.02 .093
GBR .24 1 2.56 .093
KRYS 6.33 1 68.11 .092
VMEO .85 2 18.47 .092
ROIV .83 1 8.98 .092
UAA .56 4 23.47 .092
XPDI .09 13 11.93 .091
FRO .05 13 6.61 .091
TMUS 1.73 6 112.77 .090
BBY 1.65 6 105.87 .090
OVV 1.01 3 32.68 .090
IMAB 1.00 5 52.75 .090
SPTN .74 3 24.07 .090
COP .72 9 71.11 .090
VNE .55 6 35.36 .090
CSCO .53 10 56.23 .090
CNFR .10 2 2.2 .090
LOW 2.16 11 248.69 .088
VMW 1.34 8 118.86 .088
YEXT .91 1 10.24 .088
ARCE .89 2 20.16 .088
OPNT .73 4 32.77 .088
KZIA .41 2 9.15 .088
ACI .29 11 35.7 .088
YPF .17 2 3.82 .088
PFGC 1.21 3 40.59 .087
GURE .46 1 5.2284 .087
VTGN .03 5 1.67 .085
ENPH 3.10 6 217.1 .084
CRNC 1.55 4 72.52 .084
MDT 1.53 6 106.87 .084
BCYC 1.49 3 52.71 .084
FATE 1.36 3 48 .084
TJX 1.03 6 70.69 .084
BJ .79 7 65.03 .084
INTC .70 6 49.25 .084
SBTX .57 1 6.78 .084
SILK .52 7 41 .084
SLB .41 6 29.24 .084
STRO .65 2 15.56 .082
XLE .53 9 55.14 .081
APT .45 1 5.49 .081
SIVB 7.01 8 674.57 .080
GDYN 3.03 1 37.67 .080
PKG 2.17 5 133.21 .080
V 2.00 8 196.32 .080
ESTC 1.89 5 112.67 .080
ABNB 1.72 8 166.75 .080
WYNN 1.62 4 80.1 .080
A 1.31 10 149.33 .080
C 1.06 5 62.76 .080
MYGN .98 2 24.38 .080
FL .92 4 43.96 .080
PLTR .77 2 18.98 .080
RVI .24 2 6 .080
XMTR 3.46 1 43.38 .079
IWM 2.93 6 214.71 .078
CM 1.42 6 109.17 .078
WFC .66 6 47.75 .078
SLV .56 3 20.85 .078
ET .11 6 8.23 .078
EL 3.86 7 335.3 .077
MA 3.58 7 322.11 .077
LMT 2.51 11 333.81 .077
SPG 1.69 7 149.19 .077
MNSO .82 1 10.61 .077
KO .64 7 53.54 .077
GNOG .78 1 10.24 .076
FFIE .22 2 5.71 .076
CTRN 1.11 5 73.87 .075
CHPT .54 3 21.57 .075
TME .45 1 6.05 .074
EDU .14 1 1.87 .074
ROST 2.08 4 110.19 .072
PLCE 1.60 4 87.46 .072
APPN 1.29 4 69.35 .072
SPT 1.25 6 97.18 .072
DXC 1.11 2 30.19 .072
SMLP 1.07 2 29.27 .072
IBM 1.03 9 118.84 .072
LOGI .99 6 77.56 .072
SJM .78 12 128.76 .072
SM .68 3 28.08 .072
VIPS .66 1 9.16 .072
ORGO .35 2 9.54 .072
THTX .22 1 3.05 .072
IRCP .04 4 2.12 .072
TBLA .70 1 9.85 .071
CYTH .34 1 4.77 .071
GMTX .17 1 2.39 .071
SLHG .10 1 1.4 .071
SITM 2.97 7 279.03 .070
WSM 2.54 5 181 .070
TTC 1.42 5 100.33 .070
STX .84 10 105.41 .070
ATVI .81 5 57.36 .070
MS .74 10 98.21 .070
VRNT .69 5 47.96 .070
HPQ .55 5 37.55 .070
K .49 10 63 .070
GT .30 5 20.96 .070
BLNK .18 14 32.91 .070
EKSO .11 2 3.13 .070
THC 4.91 1 71.05 .069
DFH 1.18 1 17.06 .069
T .56 3 23.46 .069
WOOF .43 3 18.43 .069
PPBT .26 1 3.75 .069
TSN 1.42 4 82.6 .068
WMT .68 17 137.51 .068
CSIQ .58 4 32.52 .068
RSI .55 2 15.99 .068
GGAL .16 4 9.17 .068
SEDG 3.56 6 307 .066
CHKP 1.25 6 109.26 .066
MO 1.00 3 43.92 .066
BEKE .61 2 17.96 .066
MRTN .38 3 16.77 .066
UNH 2.55 13 449.32 .065
SCHW 1.08 5 78.47 .065
HWCC .34 1 5.3 .064
GS 2.93 9 382.73 .063
LLY 2.28 7 245.58 .063
SWN .10 3 4.57 .063
RRD .10 7 10.73 .063
KYMR 1.69 2 53.15 .062
LL 1.01 1 16.08 .062
SUPN .95 2 30.39 .062
OEG .14 1 2.23 .062
OXY .06 31 29.16 .062
RNG 11.84 1 193.65 .061
GBS .11 1 1.8 .061
SNPS 3.69 6 344.56 .060
ASML 3.50 15 771.52 .060
NXPI 2.38 6 227.12 .060
COIN 1.63 10 265.65 .060
CRM 1.37 12 258.32 .060
UAL 1.24 2 40.61 .060
JBL 1.23 3 58.99 .060
AMKR .70 2 22.79 .060
FLXN .55 1 9.12 .060
BAC .47 6 43.87 .060
KHC .42 5 33.64 .060
XOM .38 10 60.89 .060
FLO .28 6 25.74 .060
MOMO .19 3 9.13 .060
KMX 2.82 3 142.68 .057
ECOM 1.37 1 23.86 .057
FITB .82 3 43.05 .057
EQT .39 3 19.57 .057
SBH .38 3 19.48 .057
INTU 4.61 8 647.96 .056
ADBE 4.59 8 616.53 .056
CFLT 4.09 1 72.68 .056
ROLL 1.78 7 201.66 .056
HON 1.76 7 203.5 .056
YETI 1.27 4 85.59 .056
WM 1.17 8 163.22 .056
AMAT 1.16 8 145.83 .056
ABT 1.14 7 130.27 .056
FA .96 1 16.97 .056
INCY .93 4 65.78 .056
ACH .67 1 11.81 .056
PDCO .41 4 29.21 .056
AMGN 2.27 5 202.44 .055
GWRE 1.30 5 111.25 .055
SWI .79 1 14.32 .055
ITRO .07 1 1.27 .055
LII 2.97 6 316.04 .054
ZS 2.89 6 313.35 .054
WDAY 2.46 6 266.99 .054
DG 2.15 6 222 .054
TSCO 1.52 9 227.96 .054
HAS .94 6 98.37 .054
GE .86 6 92.77 .054
CRMT .72 9 104.78 .054
CUE .62 1 11.37 .054
APG .62 2 22.83 .054
MRK .50 9 73.34 .054
VIEW .21 1 3.88 .054
TSC 1.55 1 29.14 .053
SNDL .03 1 0.564 .053
COF 1.87 4 141.9 .052
TRI 1.63 4 118.97 .052
TAP 1.23 2 45.75 .052
RKT .41 2 15.7 .052
EVA 3.59 1 69.38 .051
NFE 1.27 1 24.66 .051
LPX 1.24 3 70.62 .051
EPU .48 3 27.88 .051
STE 2.26 5 219.57 .050
EA 1.35 5 125.27 .050
OLLI 1.29 2 49.99 .050
OTIS .91 5 82.8 .050
TNA .83 5 76.37 .050
XONE .67 2 26.7 .050
MFGP .05 5 4.56 .050
ADSK 2.04 7 259.02 .049
SANA .82 1 16.67 .049
HRL .31 7 42.73 .049
KEYS 2.52 4 199.23 .048
DAVA 1.77 4 140.02 .048
STT 1.48 3 90.01 .048
NTAP 1.16 4 90.05 .048
TGT 1.06 12 247.57 .048
MNST 1.05 4 83.7 .048
XLNX .90 12 217.06 .048
ATHM .49 3 29.59 .048
ARMK .42 4 33.96 .048
VXX .35 4 27.96 .048
AGNC .26 3 15.33 .048
SPWH .22 3 13.61 .048
AZN .21 16 54.23 .048
VSTM .06 2 2.42 .048
LSI 3.13 2 135.75 .046
RF .52 2 21.9 .046
ERF .44 1 9.55 .046
CI 1.83 5 199.86 .045
CVS 1.40 3 90.87 .045
LITE 1.30 3 85.9 .045
OKE .92 3 60.01 .045
NKE .92 9 170.24 .045
PG .85 9 149.88 .045
PSTG .49 3 31.6 .045
PANW 23.18 1 520.86 .044
CAR 6.00 2 261.22 .044
PKI 2.16 4 183.17 .044
BLFS 1.55 1 35.09 .044
GLD .70 11 166.63 .044
TTM .13 11 31.45 .044
NPTN .67 1 15.39 .043
ANTM 2.99 6 395 .042
LIN 1.99 7 320.7 .042
MMM 1.20 7 172.59 .042
ALC 1.12 3 79.24 .042
EGRX 1.01 2 47.42 .042
GM .87 3 59.71 .042
RY .61 7 100.21 .042
MRVL .57 7 83.59 .042
TBIO .53 3 37.36 .042
BBWI .53 6 72.96 .042
ANF .52 3 34.93 .042
NOK .04 6 5.66 .042
BURL 1.68 8 288.56 .040
ADI 1.48 5 180.79 .040
UHS 1.30 4 121.64 .040
DD .80 4 75.48 .040
MU .42 8 81.62 .040
GIS .36 8 64.23 .040
HMHC .31 2 15.3 .040
KDMN .10 4 9.5 .040
WGO 1.39 2 72.98 .038
VGR .61 1 15.7 .038
IRTC 3.69 1 98.06 .037
FCBP 1.08 1 29.1 .037
LESL .77 1 20.31 .037
PCTY 8.94 1 243.84 .036
COST 2.55 9 528.93 .036
HCA 2.20 4 230.03 .036
CLX 1.52 4 168.16 .036
J 1.33 4 141.89 .036
AXP 1.07 6 155.94 .036
KNL .92 1 25.04 .036
ABBV .83 6 118.85 .036
DEN .72 4 76.89 .036
LEN .70 6 112.32 .036
LZB .64 2 33.86 .036
GPK .38 2 20.17 .036
ALAC .21 2 11.62 .036
GRUB .15 3 11.61 .036
BEST .01 3 0.8223 .036
AAP 1.79 5 226.86 .035
LH 1.59 7 290.32 .035
TTWO 1.26 5 165.78 .035
UPS 1.15 7 200.73 .035
SRNG .41 1 11.42 .035
BP .21 5 26.91 .035
ALZN .07 1 1.98 .035
INMD 1.16 2 68.06 .034
CTKB .66 1 18.99 .034
HNP .33 2 18.8 .034
AZO 6.70 11 1863 .033
PCVX .65 1 19.32 .033
LPTX .08 1 2.39 .033
BKNG 10.17 8 2114.44 .032
MPC .54 4 61.67 .032
TEO .08 2 4.95 .032
RMD 8.09 1 254.78 .031
FOE .67 1 21.57 .031
BLK 6.24 5 899.57 .030
PWR 3.42 1 112.61 .030
AKAM 1.20 3 111.14 .030
PEP 1.13 5 164.71 .030
NEE .59 5 88.03 .030
XLF .58 2 38.03 .030
AHPI .17 1 5.52 .030
ACHV .11 2 6.97 .030
GOOG 3.73 28 2850.41 .028
RTX 1.21 2 81.11 .028
BLDR 1.03 2 71.11 .028
VZ .73 2 51.42 .028
FLOW .63 4 84.05 .028
CL .61 4 76.77 .028
HOLI .43 1 14.83 .028
ENIC .06 1 2.09 .028
CDEV .04 4 5.68 .028
RCUS 1.22 1 44.2 .027
VALN .52 3 54.05 .027
VRTX 5.31 1 203.81 .026
ATKR 1.43 2 108.86 .026
QCOM .43 13 176.51 .026
GSKY .15 2 11.4 .026
OLN 1.34 1 52.08 .025
DUK .57 5 99.88 .025
TRIL .47 1 18.44 .025
SNA 1.40 4 211.12 .024
ALXN 1.24 4 182.5 .024
PLD 1.05 4 154.66 .024
MCD .98 8 249.33 .024
AZPN .96 4 151.59 .024
QDEL .95 4 147.95 .024
BIG .59 2 45.95 .024
STN .44 3 54.24 .024
VSH .18 3 20.6 .024
UNIT .11 3 13.3 .024
SLVO .03 4 4.99 .024
B 1.08 1 45.81 .023
CRTO .90 1 38.67 .023
SPB 2.21 1 99 .022
RACE .58 11 258.81 .022
ON .16 11 64.05 .022
JNJ 1.21 3 159.38 .021
CLSK .30 1 13.65 .021
STZ 1.17 4 226.19 .020
NUAN 1.13 1 55.07 .020
HRI .96 4 163.24 .020
XLK .67 5 165.13 .020
IRBO .83 1 41.93 .019
CNA .83 1 43.05 .019
UHAL 1.98 9 700.91 .018
LANC 1.43 2 149.8 .018
AIT .91 2 98.02 .018
AMOM .66 1 34.936 .018
CROX .46 9 162.38 .018
D .17 9 73.04 .018
HD .68 17 407.81 .017
STMP 1.59 4 329.61 .016
UTHR .86 4 185.99 .016
IYC .39 4 81.29 .016
PSTX .12 1 7.07 .016
CSPR .11 1 6.53 .016
SELF .09 1 5.36 .016
MGTX .27 1 17.54 .015
VCLO .25 1 16.5654 .015
AXON 2.25 1 151.41 .014
TNET 1.38 1 96.18 .014
PAYX .94 2 119.8 .014
XLV .31 7 130.37 .014
CHNG .15 2 20.33 .014
ADMS .06 2 8.22 .014
FRBK .05 1 3.4 .014
PNRG .79 1 60.7 .013
CAI .78 1 56 .013
TDG 1.87 4 583.9 .012
XLY 1.39 2 199.65 .012
TSM .54 3 119.33 .012
HRC .42 6 155.68 .012
PPC .17 2 27.96 .012
HDGE .12 3 25.79 .012
ECHO .49 1 48.24 .010
INOV .22 2 41.06 .010
ESXB .06 2 11.3 .010
GTS .33 1 35.58 .009
IEC .14 1 15.34 .009
SVBI .13 1 13.63 .009
RTLR .02 9 10.84 .009
HFBL .16 1 19.9225 .008
XLP .13 8 71.57 .008
PBT .04 2 8.95 .008
LMRK .13 1 16.29 .007
ROG 1.67 1 272.56 .006
JQUA .26 1 43.27 .006
SYKE .14 3 54 .006
FAST .11 6 60.13 .006
ITRN .07 3 25.31 .006
PSP .04 3 15.46 .006
VOOV .73 1 143.89 .005
CONE .46 1 89.07 .005
CLDR .08 1 15.99 .005
SAFM .85 1 188.68 .004
TAAG .09 1 20.9494 .004
CPLG .07 1 15.31 .004
KIN .02 2 9.25 .004
RAVN .10 3 58.08 .003
IACB .01 3 7.95 .003
SPY 1.31 1 453.42 .002
CXP .04 1 19.23 .002
SIC .03 1 14.49 .002
NWHM .02 1 8.99 .002
EIC .02 2 17.7 .002
DSE .02 1 9.49 .002
ULTA .62 1 378.81 .001
VCAR .03 1 15.36 .001
PMD .01 1 7.05 .001
ULTA .05 12 378.81 0
INFL .01 2 29.55 0
DFP .01 3 27.58 0
WMPN 0 4 11.99 0
QQC 0 2 32.4119 0
QADB 0 4 87.54 0
PAE 0 1 9.89 0
ONON 0 1 51.42 0
NLSP 0 1 1.34 0
LHAA 0 1 9.79 0
HWBK 0 1 24.18 0
EPAY 0 1 43.72 0
DVD 0 1 3.6 0
APWC 0 1 2.99 0
NSYS -.12 1 10.48 -.011
