SHOP 25.67 12 1054.66 .288
PANW 23.18 1 502.37 .046
DWAC 22.11 4 86.31 1.024
LULU 16.03 1 332.53 .048
MSTR 14.75 8 468.28 .248
CCMP 11.86 1 183.97 .064
RNG 11.84 1 167.34 .070
BKNG 10.17 8 2384.21 .032
ULTA 10.08 2 372.97 .054
SAM 9.40 7 444.73 .147
PCTY 8.94 1 192.7 .046
RMD 8.09 1 240.69 .033
SMH 7.72 3 293.18 .078
REGN 7.44 9 611.22 .108
NVAX 7.31 16 98.44 1.184
SIVB 7.01 8 668.36 .080
AMZN 6.99 94 3178.35 .188
PUBM 6.66 1 25.07 .265
ASML 6.64 24 715.23 .216
LAD 6.41 5 310.25 .100
KRYS 6.33 1 59.4 .106
DPZ 6.30 12 466.46 .156
BLK 6.24 5 832 .035
SPLK 6.20 6 118.05 .312
W 6.04 9 162.33 .333
CAR 6.00 2 192.89 .062
ADBE 5.88 13 513.34 .143
EYPT 5.86 1 9.53 .614
MDB 5.57 9 387.27 .126
DUOL 5.53 4 86.3 .256
DDS 5.48 11 239.05 .242
KOSS 5.35 7 9.38 3.990
EJH 5.21 6 1.02 30.642
AZO 5.11 12 1967.56 .024
DE 4.88 11 383.91 .132
QQQ 4.69 3 370.55 .036
INTU 4.61 8 537.82 .064
WBX 4.49 2 13.02 .688
GKOS 4.45 1 51.85 .085
RGEN 4.41 7 186.61 .161
EEIQ 4.33 5 2.75 7.870
SE 3.92 20 170.48 .440
CARV 3.92 6 7.9 2.976
ZM 3.91 15 157.7 .360
WOLF 3.86 1 102.3 .037
GOOG 3.73 28 2725.81 .028
ANVS 3.73 6 14.4 1.554
EL 3.72 9 310.95 .099
SI 3.69 9 103.34 .315
IRTC 3.69 1 132.98 .027
GME 3.68 83 108.91 2.739
CCXI 3.66 3 30.7 .357
SNPS 3.62 7 313.48 .077
ABNB 3.59 10 154.69 .230
MA 3.58 7 366.3 .063
GPN 3.54 11 147.1 .264
XMTR 3.46 1 49.88 .069
EBET 3.45 6 12.87 1.608
UNH 3.38 13 460.99 .091
U 3.37 7 112.64 .203
DQ 3.36 7 41.13 .567
SCPS 3.34 7 1.31 17.843
TOST 3.31 2 24.27 .272
GLSI 3.27 5 18.87 .865
ZG 3.19 7 53.09 .420
IAC 3.19 7 132.16 .168
ROKU 3.14 8 166.83 .144
CMTL 3.13 1 21.62 .144
NEGG 3.07 20 7.93 7.740
GS 3.07 10 354.4 .080
MRNA 3.05 41 186.61 .656
THC 3.03 2 77.9 .076
IRNT 3.02 6 3.37 5.376
UPST 2.99 19 109.91 .513
ANTM 2.99 6 448.09 .036
SITM 2.97 7 225.36 .091
LII 2.97 6 292.84 .060
BKKT 2.95 2 5.24 1.124
ZLAB 2.93 7 52.54 .385
NEWR 2.93 6 105.99 .162
IWM 2.93 6 207.83 .084
DG 2.91 8 213.11 .104
NRXP 2.89 8 4 5.776
LLY 2.85 12 247.07 .132
TSLA 2.82 161 1030.51 .322
ZS 2.76 10 259.2 .100
SAVA 2.73 29 41.48 1.885
JAN 2.73 6 3.31 4.944
PENN 2.65 10 42.55 .620
NVCR 2.63 10 64.41 .400
NCTY 2.63 5 5.3 2.480
DOCS 2.62 8 42.83 .488
QDEL 2.61 7 110.06 .161
OSTK 2.60 7 47.04 .385
BIGC 2.58 2 28.96 .178
WDAY 2.57 7 245.86 .070
ADGI 2.56 12 5.5 5.580
FULC 2.54 6 12.64 1.200
LSI 2.53 3 135.92 .054
INDP 2.52 5 5.1 2.470
LMT 2.51 11 376.54 .066
COST 2.46 16 488.07 .080
PWR 2.42 3 105.6 .066
AVXL 2.41 5 13.22 .910
DASH 2.39 11 128.58 .198
PEAR 2.37 1 4.75 .498
ENPH 2.35 9 135.92 .153
CPOP 2.34 5 1.61 7.265
ISIG 2.30 3 22.79 .300
CFLT 2.29 2 61.75 .074
SPY 2.27 4 456.49 .016
FLGT 2.27 6 73.06 .186
STE 2.26 5 230.38 .045
GRTS 2.25 7 5.72 2.751
BHVN 2.25 6 118 .114
AXON 2.25 1 132.2 .017
KMX 2.23 4 110.4 .080
SPB 2.21 1 97.21 .022
NUE 2.21 2 106.7 .040
ITCI 2.20 1 40.34 .054
HCA 2.20 4 248.73 .032
TPST 2.19 5 3.57 3.065
AMGN 2.19 6 233.83 .054
PKG 2.17 5 134.35 .080
CHGG 2.17 3 27.51 .234
PKI 2.16 4 173.78 .048
PDD 2.15 5 61.53 .170
LGVN 2.15 6 8.39 1.536
KEYS 2.15 5 181.42 .055
SEDG 2.14 9 238.8 .072
PYPL 2.14 9 174.46 .108
DLPN 2.14 5 6.47 1.650
CI 2.12 6 239.98 .048
ACRS 2.12 7 10.14 1.463
SNOW 2.11 12 287.68 .084
APPS 2.11 7 46.53 .315
HRI 2.10 5 159.7 .065
AUVI 2.10 10 2.03 10.340
ALEC 2.10 6 16.03 .786
BURL 2.07 9 219.08 .081
TSP 2.05 7 22.19 .644
AMEH 2.05 9 55.27 .333
ADSK 2.04 7 252.03 .056
BYND 2.00 6 63.76 .186
UHAL 1.98 9 649.21 .027
XAIR 1.97 1 7.33 .268
WSM 1.97 6 146.92 .078
AAME 1.97 5 2.51 3.920
RNXT 1.96 4 4.1 1.912
CELH 1.96 7 47.52 .287
COHN 1.95 5 14.75 .660
BNTX 1.93 32 169.23 .352
DIS 1.92 10 152.27 .120
ACIU 1.91 2 4.6 .830
LCID 1.90 13 39.21 .624
SNA 1.89 5 214.55 .040
RL 1.89 8 112.31 .128
MSGE 1.88 4 73.91 .100
CAT 1.88 10 229.87 .080
BIDU 1.88 118 152.94 1.416
AFRM 1.88 18 64.18 .522
TDG 1.87 4 630.74 .008
COF 1.87 4 157.08 .044
VLO 1.86 4 85.64 .084
TSRI 1.84 1 11.95 .153
ACMR 1.83 5 81.49 .110
MRIN 1.81 6 3.43 3.162
KNBE 1.80 7 20.9 .602
ROLL 1.78 7 200.77 .056
MYNZ 1.78 1 26.69 .066
CERE 1.78 7 25.78 .483
VRPX 1.77 9 2.97 5.355
RAPT 1.77 7 24.75 .497
DAVA 1.77 4 122.69 .056
XBI 1.75 6 94.52 .108
EA 1.75 6 133.91 .078
TASK 1.74 7 36.78 .329
LWAC 1.73 5 16.98 .505
WAVE 1.72 5 4.59 1.870
LAIX 1.72 4 0.51 13.488
DLTR 1.72 11 129.04 .143
TSCO 1.70 10 221.43 .070
IMPL 1.70 5 8.13 1.045
DOCN 1.70 12 57.38 .348
NNOX 1.69 5 10.82 .780
KYMR 1.69 2 39.61 .084
SQ 1.68 24 130 .288
PAYX 1.68 4 123.03 .052
ROG 1.67 1 273 .006
AN 1.67 8 109.52 .120
NMRD 1.66 4 4.42 1.500
VVOS 1.65 6 1.63 6.072
TMUS 1.65 10 106.91 .150
NVOS 1.65 5 1.37 6.020
CREE 1.64 5 79.12 .100
AMAT 1.64 9 152.36 .090
TRI 1.63 4 107.55 .060
LVS 1.63 1 43.1 .037
JZXN 1.63 4 1.41 4.624
NVTS 1.62 2 11.07 .292
GRU 1.62 1 4.9535 .327
EVA 1.62 2 73.99 .042
CLDX 1.61 3 31.06 .153
PLCE 1.60 4 69.37 .092
STMP 1.59 4 329.61 .016
LIN 1.59 10 321.16 .040
LH 1.59 9 271.78 .045
TMX 1.58 3 42.06 .111
LHDX 1.58 4 5.98 1.056
XLNX 1.57 16 187.8 .128
RLMD 1.57 4 18.88 .332
GH 1.57 8 72.55 .168
CARA 1.57 2 11.54 .272
DPW 1.56 5 1.6 4.875
AMD 1.56 31 131.93 .341
UTHR 1.55 5 212.03 .035
TSC 1.55 1 31.42 .049
IRDM 1.55 4 35.79 .172
CRNC 1.55 4 70.43 .088
BLFS 1.55 1 29.39 .052
CPE 1.54 7 53.86 .196
CHCI 1.54 3 5.12 .900
TERN 1.53 4 5.71 1.068
SIEB 1.53 5 2.18 3.505
DLO 1.53 5 26.22 .290
MRAM 1.52 3 9.26 .492
FISV 1.52 7 106.4 .098
TTWO 1.51 8 154.04 .072
SNOA 1.51 4 4.48 1.348
WAFU 1.50 4 3.48 1.724
BTCS 1.50 1 5.83 .257
RBLX 1.49 16 77.21 .304
KTTA 1.49 1 1.32 1.128
CNC 1.49 5 78.69 .090
BCYC 1.49 3 46.65 .093
AACG 1.49 7 1.76 5.922
ZIM 1.48 11 63.34 .253
STT 1.48 3 101.01 .042
ADI 1.48 5 166.5 .040
VRTX 1.47 2 231.07 .012
NURO 1.47 11 6.37 2.530
FGEN 1.47 3 13.44 .327
EDIT 1.47 3 19.96 .219
VCVC 1.46 1 9.85 .148
JKS 1.46 6 45.43 .192
HTBX 1.46 2 2.97 .982
DPST 1.46 4 63.35 .092
AAP 1.46 6 237.91 .036
SBEA 1.45 2 9.95 .290
KMB 1.45 10 140.88 .100
EYEG 1.45 1 1.95 .743
COIN 1.45 11 222 .066
BTBT 1.45 10 5.5 2.630
BBY 1.45 7 98.64 .098
KALV 1.44 8 11.8 .976
FATE 1.44 4 40.62 .140
LANC 1.43 2 163.6 .016
CRM 1.43 15 226.06 .090
TTC 1.42 5 99.17 .070
IMNM 1.42 4 9.56 .592
RMBL 1.41 3 36.25 .114
HOOD 1.41 14 14.4 1.358
TWTR 1.40 6 37.3 .222
JCS 1.40 3 2.26 1.857
HX 1.40 6 2.24 3.750
HON 1.40 8 213.59 .048
ESTC 1.40 9 90.13 .135
VERY 1.39 4 6.7501 .820
FANG 1.39 8 125.94 .088
EOSE 1.39 2 5.25 .528
APP 1.39 11 72.44 .209
TNET 1.38 1 83.41 .016
EXPI 1.38 6 27.08 .300
BLDR 1.38 7 75.95 .126
TWST 1.37 7 57.11 .161
LIVE 1.37 3 27.2799 .150
ECOM 1.37 1 21.51 .063
V 1.35 12 215.71 .072
TAOP 1.35 3 1.63 2.484
NXPI 1.35 8 217.42 .048
WNW 1.34 1 2.07 .647
J 1.33 4 129.61 .040
GRVY 1.33 7 65.36 .140
FIGS 1.33 6 21.91 .360
CVS 1.33 5 104.51 .060
COUR 1.32 2 20.71 .126
VIH 1.31 1 9.36 .139
TJX 1.31 6 68.91 .114
ROST 1.31 6 99.21 .078
KSS 1.31 11 49.75 .286
BFRI 1.31 6 4.62 1.698
ABCL 1.31 1 9.71 .134
A 1.31 10 140.47 .090
UHS 1.30 4 129.97 .040
LITE 1.30 3 104.02 .036
JG 1.30 3 0.9294 4.194
GWRE 1.30 5 101.66 .060
BNR 1.30 3 9.34 .417
OLLI 1.29 2 44.02 .058
ATAI 1.29 2 5.39 .478
APPN 1.29 4 51.89 .096
FRD 1.28 1 10.91 .117
BILI 1.28 23 37.99 .759
RHE 1.27 2 3.67 .692
NFE 1.27 1 22.85 .055
HJLI 1.27 1 10.38 .122
ATVI 1.27 6 82.31 .090
APXT 1.27 1 12.11 .104
DOMO 1.26 4 42.12 .116
DELL 1.26 9 59.48 .189
THCB 1.25 1 10 .125
SPT 1.25 6 66.25 .108
OPAD 1.25 4 4.14 1.204
NGM 1.25 2 15.28 .162
MOLN 1.25 3 26.5 .141
BYSI 1.25 5 3.7 1.685
SJ 1.24 4 6.01 .824
RSKD 1.24 2 6.39 .388
PBTS 1.24 1 0.3748 3.308
LPX 1.24 3 70.08 .051
LEDS 1.24 3 3.83 .969
EDSA 1.24 1 4.87 .254
CMMB 1.24 2 6.34 .390
BNTC 1.24 3 2.39 1.554
ANPC 1.24 2 1.12 2.214
ALXN 1.24 4 182.5 .024
YETI 1.23 5 68.57 .085
TAP 1.23 2 51.65 .046
NVDA 1.23 167 259.03 .668
LAW 1.23 3 29.32 .123
HOG 1.23 5 35.87 .170
ANET 1.23 1 127.09 .009
RCUS 1.22 1 34.36 .035
LYFT 1.22 6 38.43 .186
EYES 1.22 6 1.46 5.010
DDL 1.22 2 8 .304
BZ 1.22 3 26 .138
BRLT 1.22 5 11.41 .530
PFGC 1.21 3 46.84 .075
OSAT 1.21 3 3.79 .957
LYEL 1.21 3 5.75 .630
HGEN 1.21 3 2.69 1.347
EAT 1.21 3 34.2 .105
ARAV 1.21 1 2.25 .537
AKAM 1.21 5 112.08 .050
WHLM 1.20 4 4.6699 1.024
MMM 1.20 7 178.28 .042
MARA 1.20 21 26.07 .966
CRIS 1.20 2 3.21 .746
CLX 1.20 5 181.01 .030
CETX 1.20 1 0.806 1.488
AMTX 1.20 3 9.58 .375
TVTX 1.19 3 26.06 .135
SGOC 1.19 9 6.2 1.719
DKS 1.19 20 113.35 .200
MQ 1.18 7 12.68 .651
DFH 1.18 1 18.75 .062
BIIB 1.18 9 233.81 .045
AMC 1.18 61 18.84 3.782
ZEV 1.17 4 5.55 .840
WYNN 1.17 6 91.09 .072
VMW 1.17 9 124.71 .081
TSM 1.17 6 133.83 .048
TDC 1.17 5 42.76 .135
STZ 1.17 4 243.44 .016
SKT 1.17 3 18.82 .186
MVIS 1.17 5 3.48 1.680
VOXX 1.16 3 10.34 .336
SIF 1.16 1 6.5599 .176
NTAP 1.16 4 93.32 .048
LAZR 1.16 5 14.41 .400
WGO 1.15 3 71.08 .048
RACE 1.15 15 236.65 .060
QCOM 1.14 16 178.86 .096
HCWB 1.14 2 2.15 1.060
AVIR 1.14 3 6.9 .495
VNET 1.13 3 9.19 .366
VIR 1.13 8 35.74 .248
STG 1.13 1 6.25 .180
CAH 1.13 6 52.59 .126
BTX 1.13 2 3.08 .732
TGT 1.12 16 220.01 .080
HD 1.12 23 366.72 .069
ARDS 1.12 1 1.45 .772
SHEN 1.11 3 23.69 .138
SEMR 1.11 3 17.22 .192
PMCB 1.11 3 2.3 1.446
CTRN 1.11 5 59 .090
CNET 1.11 1 0.8483 1.308
ALLO 1.11 2 11.775 .188
XM 1.10 3 26.38 .123
OPTT 1.10 1 1.26 .873
MRUS 1.10 3 26.79 .123
JRVR 1.10 3 29.05 .111
IMMX 1.10 2 5.81 .378
XTLB 1.09 2 2.7899 .780
SKX 1.09 4 43.71 .096
HHR 1.09 12 40.55 .312
FOSL 1.09 2 10.6 .204
ALDX 1.09 2 3.49 .624
SPCE 1.08 25 9.37 2.875
SFIX 1.08 3 16.12 .198
MTSL 1.08 3 3.37 .960
FCBP 1.08 1 29.1 .037
B 1.08 1 47.29 .022
AZYO 1.08 1 6.375 .169
ALF 1.08 2 1.92 1.124
ABSI 1.08 3 6.61 .489
SMLP 1.07 2 24.83 .086
HALO 1.07 2 34.13 .062
AXP 1.07 6 166.17 .036
ATKR 1.07 4 100.74 .040
VYGR 1.06 2 2.9 .730
JPM 1.06 15 151.27 .105
IBM 1.06 11 132.94 .077
C 1.06 5 65.3 .080
XLY 1.05 7 192.8 .035
SCR 1.05 5 35.58 .145
PTGX 1.05 3 34.59 .090
CELC 1.05 3 11.54 .270
RUN 1.04 6 29.04 .210
PRTA 1.04 9 37.01 .252
OCGN 1.04 12 4 3.120
NETE 1.04 2 13.09 .158
KURA 1.04 4 13.14 .316
IPA 1.04 2 6.2 .334
FSTX 1.04 1 4.15 .250
AUPH 1.04 10 18.57 .560
TSN 1.03 5 93.72 .050
KMPH 1.03 3 8 .384
MFNC 1.02 2 21.5 .094
INMD 1.02 6 47.26 .126
GIII 1.02 5 27.16 .185
ZCMD 1.01 1 1.8 .561
SCHW 1.01 6 92.16 .060
MOXC 1.01 6 2.54 2.382
LL 1.01 1 15.77 .064
FUBO 1.01 3 12.33 .243
EGRX 1.01 2 46.11 .042
PINS 1.00 4 31.69 .124
OMER 1.00 1 5.18 .193
HGSH 1.00 3 1.84 1.629
UAL .99 3 45.61 .063
DNA .99 2 5.3 .372
DKNG .99 6 22.18 .264
CM .99 9 131.97 .063
ARVN .99 9 64.61 .135
ACY .99 19 10.28 1.824
TRCH .98 2 4.95 .394
NFLX .98 104 510.8 .104
MYGN .98 2 26.38 .074
MCD .98 8 256.48 .024
MBOT .98 2 6.12 .320
JWN .98 4 22.03 .176
IMTX .98 4 11.53 .336
HOFV .98 2 1.34 1.462
SAFM .97 2 189.02 .010
RRGB .96 2 15.62 .122
JNJ .96 7 167.1 .035
IMAB .96 6 34.21 .168
FA .96 1 17.05 .056
AZPN .96 4 151.4 .024
SUPN .95 2 29.25 .064
SPG .95 9 153.89 .054
BTWN .95 1 9.81 .096
BPTH .95 2 3.84 .494
AGRI .95 5 1.64 2.895
HAS .94 6 100.13 .054
ENOB .94 5 5.53 .845
UPS .93 9 205.59 .036
TGTX .93 3 14.18 .195
NIU .93 4 14.91 .248
LIFE .93 4 6.52 .568
PLUG .92 9 22.83 .360
OKE .92 3 61.42 .042
MNST .92 5 86.7 .050
LBPH .92 1 4.315 .213
KNL .92 1 25.04 .036
YEXT .91 1 8.5 .107
SSY .91 3 1.4464 1.887
OTIS .91 5 83.89 .050
BIG .91 3 42.36 .063
AIT .91 2 97.77 .018
VSCO .90 7 54.41 .112
OVV .90 5 39.31 .110
GEG .90 1 2.11 .426
DXC .90 3 32.57 .081
CRTO .90 1 34.3 .026
SPI .89 4 3.29 1.080
BKE .89 6 36.37 .144
ACHL .89 1 4.09 .217
TTD .88 18 71 .216
RTX .88 3 90.75 .027
GMBL .88 2 3.17 .554
USB .87 6 62.19 .078
GDEV .87 3 7.9 .330
DTSS .87 1 1.2 .725
TTCF .86 2 14.29 .120
MDT .86 10 107.49 .080
KODK .86 2 4.32 .398
GE .86 6 102.89 .048
APT .86 2 5.15 .332
WMT .85 20 142.52 .100
VMEO .85 2 13.99 .120
SRNE .85 1 4.23 .200
STX .84 10 105.46 .070
PTIX .84 2 1.27 1.322
NLS .84 2 5.61 .298
MO .84 4 50.46 .064
ISPC .84 8 5.67 1.184
HOL .84 3 12.35 .204
FL .84 5 43.21 .095
CLII .84 3 14.36 .174
APOP .84 5 13.17 .315
TNA .83 5 68.33 .060
ROIV .83 1 6.94 .119
MAXR .83 4 27.9 .116
LEGN .83 7 41.1 .140
IRBO .83 1 37.86 .021
CNA .83 1 46.28 .017
BLUW .83 2 9.63 .172
AEO .83 4 23.17 .140
SONO .82 6 26.86 .180
SANA .82 1 9.85 .083
MNSO .82 1 9.72 .084
FITB .82 3 49.62 .048
BGFV .82 11 19 .473
XLK .81 13 161.78 .065
SPRT .81 20 11.8 1.360
MBRX .81 2 1.73 .936
GDYN .81 2 29.64 .054
BABA .81 100 128.6 .600
SYPR .80 4 2.32 1.376
NKE .80 11 146.95 .055
GTEC .80 4 5.57 .572
DD .80 4 83.77 .036
CYTK .80 6 32.38 .144
BZUN .80 2 13.26 .120
ASAN .80 16 53.21 .240
SWI .79 1 13.42 .058
PNRG .79 1 75.8291 .010
LUV .79 8 45.43 .136
ERYP .79 4 2.23 1.416
BBBY .79 17 14.06 .952
ZY .78 3 5.05 .462
PTON .78 6 30.23 .150
IPHA .78 4 4.48 .696
GNOG .78 1 8.05 .096
CAI .78 1 56 .013
QFIN .77 9 20.11 .342
PLTR .77 2 14.97 .102
OLB .77 3 2 1.155
FUV .77 2 6.95 .220
ENTX .77 2 2.84 .542
BJ .77 9 59.99 .108
ALYA .77 4 2.62 1.172
VLDR .76 2 3.88 .390
NBRV .76 1 0.5095 1.491
MOS .76 5 43.61 .085
GROM .76 2 2.13 .712
ABT .76 12 126.57 .072
JBL .75 6 68.99 .060
FLWS .75 4 23.28 .128
SCKT .74 4 3.88 .760
MS .74 10 94.01 .070
MNOV .74 3 2.43 .912
LOGI .74 8 80.59 .072
JD .74 13 73.4 .130
GTIM .74 1 4.5 .164
GRVI .74 3 4.36 .507
EVOL .74 2 2.09 .708
BB .74 12 9.09 .972
ATXI .74 1 0.81 .913
ABBV .74 8 136.78 .040
UPC .73 3 1.65 1.326
SQBG .73 2 6.24 .232
RIOT .73 6 18.7 .234
OPNT .73 4 28.8 .100
NVFY .73 3 1.72 1.272
LI .73 7 30.47 .161
GM .73 5 58.79 .060
COP .73 10 87.51 .080
RMED .72 6 1.24 3.480
RETO .72 2 1.77 .812
DEN .72 4 73.31 .036
CRMT .72 9 98.08 .063
BTCM .72 4 3.32 .864
BBLG .72 3 3.16 .681
ARPO .72 1 2.2 .327
ZKIN .71 2 1.5 .946
UBER .71 6 38.41 .108
RFL .71 5 4.57 .775
PALI .71 3 1.21 1.758
DAL .71 7 39.54 .119
TBLA .70 1 9.85 .071
ORGS .70 1 2.46 .284
OCX .70 1 2.19 .319
IGIC .70 3 7.85 .267
DDD .70 12 18.92 .432
CRCT .70 4 20.25 .136
VRNT .69 5 53.58 .060
SLS .69 4 5.44 .504
FTEK .69 3 1.26 1.641
ASM .69 1 0.8111 .850
APRE .69 3 2.5 .828
STEM .68 6 14.1 .288
SOFI .68 8 12.06 .448
RIDE .68 7 2.94 1.617
ONCS .68 1 0.9399 .723
CGC .68 3 7.78 .261
XONE .67 2 26.7 .050
SKLZ .67 4 5.63 .476
PPSI .67 9 7.26 .828
PLD .67 5 153.43 .020
NPTN .67 1 15.05 .044
JRJC .67 3 6.52 .306
FTCH .67 6 25.43 .156
CLNE .67 1 5.77 .116
ACH .67 1 14.23 .047
VIPS .66 1 9.22 .071
GLD .66 13 169.39 .039
CTKB .66 1 13.21 .049
ATNF .66 4 2.76 .956
AMOM .66 1 31.0147 .021
TATT .65 3 6.5 .300
STRO .65 2 10.39 .124
NEE .65 6 81.25 .048
MESO .65 2 4.54 .286
LMNL .65 3 1.12 1.740
IONQ .65 7 12.2 .371
FB .65 108 318.15 .216
SLGG .64 2 2.18 .586
SDC .64 2 2.02 .632
LZB .64 2 34.81 .036
LOW .64 14 238.41 .028
DVAX .64 2 12.73 .100
LEXX .63 4 4.61 .544
FLOW .63 4 85.44 .028
CHKP .63 8 125.41 .040
CANF .63 2 1.23 1.024
ARCE .63 3 18.94 .099
TQQQ .62 145 66.69 1.305
LJPC .62 2 4.57 .270
ISEE .62 4 13.15 .188
HCM .62 6 30.54 .120
CUE .62 1 9.11 .068
BON .62 3 3.19 .582
BLPH .62 1 2.79 .222
ASTR .62 5 5.25 .590
AREC .62 5 2.07 1.495
APG .62 2 23.64 .052
WM .61 11 155.35 .033
VGR .61 1 11.62 .052
VALN .61 7 32.77 .126
SOS .61 2 0.8115 1.502
PG .61 12 156.73 .036
MVST .61 6 5.26 .690
ENSC .61 4 3.46 .704
AMBO .61 1 0.8301 .734
PSTV .60 1 0.9919 .604
KZR .60 3 13.18 .135
EVK .60 6 2.34 1.536
CEMI .60 8 1.03 4.656
AYRO .60 2 1.36 .882
AMRS .60 1 4.59 .130
AA .60 14 60.05 .126
SPTN .59 4 25.37 .092
IS .59 2 6.49 .180
YMM .58 2 8.37 .138
WPRT .58 2 2.01 .576
WISH .58 3 2.47 .702
STAF .58 2 0.885 1.310
M .58 17 25.22 .374
IFRX .58 3 4.33 .399
ICCM .58 1 2.49 .232
CSIQ .58 4 27.29 .084
BRTX .58 1 3.95 .146
ALC .58 12 77.91 .084
WEI .57 1 0.58 .982
SNAP .57 113 35.7 1.695
SBTX .57 1 4.49 .126
PRFX .57 4 1.35 1.688
ORPH .57 4 2.22 1.024
LAC .57 15 29.33 .285
EZFL .57 1 1.21 .471
CLPS .57 1 2.05 .278
CLPS .57 1 2.05 .278
VTSI .56 4 6.56 .340
UAA .56 4 18.81 .116
SJM .56 15 145.35 .045
RY .56 8 118.79 .032
OLN .56 3 52.86 .030
OBLN .56 3 3.05 .549
MTP .56 1 1.13 .495
LODE .56 3 1.48 1.134
EAR .56 1 5.21 .107
CYAD .56 1 3.84 .145
BFLY .56 2 6.39 .174
VNE .55 6 35.42 .090
RSI .55 2 10.74 .102
MOSY .55 2 4.5 .244
MAT .55 7 22.33 .168
LOOP .55 5 9.29 .295
FLXN .55 1 9.12 .060
EOLS .55 1 5.22 .105
WHLR .54 2 1.71 .630
VOOV .54 2 151.39 .006
MPC .54 4 74.55 .028
INTC .54 7 54.76 .063
GPS .54 7 17.04 .217
ENZ .54 2 3.32 .324
CALT .54 4 22.16 .096
BCRX .54 13 14.57 .481
ADMA .54 1 1.37 .394
TBIO .53 3 37.36 .042
PCVX .53 3 18.14 .087
NIO .53 77 29.61 1.309
MEDS .53 5 2.25 1.175
HUYA .53 4 7.11 .296
HPQ .53 6 37.63 .084
EQ .53 1 3.7 .143
CHPT .53 4 14.3 .148
BBWI .53 6 55.53 .054
SILK .52 7 34.48 .105
ANF .52 3 34.17 .045
RCON .51 2 1.18 .864
OCUP .51 2 3.52 .288
MU .51 12 92.87 .060
MSFT .51 119 302.65 .119
LEN .51 9 101.3 .045
GFAI .51 2 1.15 .886
DYAI .51 3 3.91 .390
CPSH .51 1 3.39 .150
CCJ .51 16 21.58 .368
BLU .51 3 6.05 .252
WFC .50 8 56.69 .064
TIGR .50 8 4.51 .880
PSTG .50 5 26.51 .090
PATI .50 2 8.16 .122
MDIA .50 3 6.08 .246
CROX .50 13 118.06 .052
CBAT .50 3 1.21 1.239
RKDA .49 1 0.9532 .514
RELI .49 8 7.63 .512
NTRB .49 4 6.65 .292
NRBO .49 2 1.24 .790
IGC .49 3 0.9843 1.491
GP .49 3 6.87 .213
GEVO .49 4 3.85 .508
ENLV .49 2 5.62 .174
ECHO .49 1 48.24 .010
ATHM .49 3 35.72 .039
ARMP .49 1 5.665 .086
NNDM .48 3 3.46 .414
KIRK .48 3 16.97 .084
EPU .48 3 33.54 .042
TRIL .47 1 18.44 .025
TLRY .47 4 6.29 .296
SPRB .47 3 3.07 .459
SOHU .47 6 17.12 .162
PEP .47 8 173.96 .016
EXPR .47 5 3.15 .745
DARE .47 1 1.62 .290
BODY .47 2 1.86 .504
BAC .47 6 46.26 .060
AMKR .47 3 23.25 .060
XPEV .46 84 47.32 .756
UFAB .46 2 1.91 .480
SYTA .46 5 1.45 1.585
SM .46 5 34.76 .065
NTEC .46 4 9.63 .188
MARK .46 4 0.8926 2.060
KO .46 9 60.9 .063
KBSF .46 2 3.05 .300
GURE .46 1 4.19 .109
EQOS .46 1 2.16 .212
DUK .46 11 101.87 .044
CVV .46 2 4.83 .190
VERU .45 4 5.52 .324
TYME .45 4 0.58 3.100
TME .45 1 6.89 .065
ONCT .45 2 2 .450
NXGL .45 1 2.8 .160
EVGO .45 8 8.24 .432
CRDF .45 3 6.14 .219
CCL .45 5 21.98 .100
ADIL .45 2 2.49 .360
WORX .44 4 1.29 1.364
STN .44 3 53.4 .024
NNVC .44 3 2.62 .501
MTTR .44 15 12.89 .510
MRVL .44 10 77.67 .050
LESL .44 2 21.6 .040
GALT .44 3 1.93 .681
FFHL .44 2 7.81 .112
DWSN .44 2 2.33 .376
DNUT .44 10 15.64 .280
WOOF .43 3 17.82 .072
PFE .43 19 54.11 .133
HOLI .43 1 14.06 .030
GAME .43 1 2.78 .154
EVGN .43 1 1.49 .288
CAN .43 4 5.21 .328
ATIF .43 1 4.38 .098
HRC .42 6 155.96 .012
HMHC .42 4 17.73 .092
DTST .42 6 3.07 .816
CTSO .42 4 3.39 .492
BWAY .42 3 7.42 .168
ARMK .42 4 35.32 .044
SRNG .41 1 11.42 .035
SLB .41 6 37.54 .060
RKT .41 2 12.98 .062
PDCO .41 4 28.23 .056
KZIA .41 2 7.92 .102
HNST .41 3 6.46 .189
GTT .41 1 2.36 .173
BLIN .41 8 1.94 1.688
BEKE .41 3 22.03 .054
AUUD .41 7 1.74 1.645
ACOR .41 4 1.88 .872
YJ .40 2 0.5783 1.382
XLF .40 3 39.92 .030
LIZI .40 4 1.57 1.016
GRTX .40 4 2.85 .560
FCX .40 26 44.29 .234
FBRX .40 1 1.54 .259
DUOT .40 1 5.6004 .071
CTIB .40 5 1.2 1.665
CHRA .40 1 5.64 .070
MT .39 5 35.27 .055
IYC .39 4 78.5 .016
EQT .39 3 22.67 .051
CSCW .39 2 0.4716 1.652
CRTD .39 7 2.01 1.358
BDTX .39 1 4.09 .095
AQMS .39 3 1.01 1.158
XOM .38 10 73.08 .050
SBH .38 3 17.9 .063
RDUS .38 1 6.11 .062
OVID .38 2 3.05 .248
OTLK .38 2 1.3 .584
MRTN .38 3 16.68 .066
K .38 14 66.99 .070
GPK .38 2 18.9 .040
CSCO .38 13 59.73 .078
ANIX .38 1 3.35 .113
VTNR .37 10 5.08 .720
UONE .37 7 4.84 .532
MRK .37 12 81.54 .048
HUGE .37 1 1.04 .355
GT .37 6 23.1 .096
DRN .37 13 24.71 .182
CHMA .37 2 3.76 .196
UAVS .36 3 1.4 .771
MRKR .36 1 0.8628 .417
MITQ .36 1 1.6462 .218
JFIN .36 2 2.0878 .344
IDEX .36 4 1.11 1.296
GOVX .36 7 2.66 .945
GNLN .36 2 0.84 .856
CLF .36 14 20.59 .238
BNGO .36 12 2.35 1.836
AKTX .36 1 1.42 .253
ADMP .36 1 0.6042 .595
ACB .36 3 5.11 .210
VXX .35 4 19.89 .068
ORMP .35 19 10.35 .627
ORGO .35 2 7.67 .090
ON .35 12 63.03 .060
LMFA .35 5 4.08 .425
KHC .35 6 37.43 .054
CLSD .35 3 2.19 .477
CIFR .35 3 3.34 .312
BSQR .35 13 1.63 2.782
AESE .35 1 1.78 .196
XELB .34 2 1.15 .590
TRIT .34 5 2.01 .845
SSNT .34 2 4.11 .164
NKLA .34 18 9.23 .648
HWCC .34 1 5.3 .064
CYTH .34 1 4.14 .082
NUAN .33 3 55.33 .015
ME .33 7 4.84 .476
LICY .33 2 8.53 .076
IMMR .33 6 5.19 .378
HNP .33 2 22.64 .028
GTS .33 1 35.57 .009
EPAY .33 4 56.36 .020
CIEN .33 21 70 .084
BHTG .33 1 0.837 .394
WATT .32 2 1.16 .550
TAL .32 2 3.37 .188
SPCB .32 2 0.519 1.232
SGBX .32 3 2.17 .441
PRPL .32 6 9.54 .198
PHUN .32 17 3.25 1.666
MINM .32 2 1.32 .484
FOE .32 2 21.58 .028
CORT .32 2 17.61 .036
CL .32 9 83.12 .027
AAPL .32 112 169.8 .112
AAL .32 9 17.9 .153
WINT .31 3 1.43 .648
VZ .31 4 53.43 .020
ULBI .31 2 5.64 .108
SCYX .31 4 5.63 .220
DMAC .31 2 2.97 .208
DBGI .31 6 1.47 1.260
AEY .31 1 1.31 .236
TESS .30 3 6.54 .135
OXBR .30 5 5.4 .275
LGHL .30 4 1.15 1.040
LC .30 13 22.52 .169
HAPP .30 1 0.521 .575
ENG .30 3 1.08 .831
CLSK .30 1 7.43 .040
BRG .30 3 26.52 .033
AUTL .30 3 4.22 .213
ACI .30 14 30.47 .126
NEXT .29 4 2.63 .440
HUSN .29 4 2.48 .464
EFOI .29 4 2.27 .508
ALTO .29 5 5.22 .275
AFMD .29 3 4.22 .204
RF .28 3 24.81 .033
ORCL .28 37 85.55 .111
MLCO .28 1 10.88 .025
MITO .28 1 0.85 .329
KR .28 20 48.59 .100
FLO .28 6 28.99 .054
CLOV .28 2 2.88 .194
APTO .28 4 1.28 .872
XLV .27 9 132.19 .018
WIMI .27 4 2.57 .420
RSLS .27 4 1.55 .696
NAOV .27 11 0.9201 3.223
INCY .27 5 75.01 .015
GSM .27 7 5.37 .350
FENC .27 2 4.6 .116
ENVB .27 3 0.6921 1.170
VIVE .26 2 1.11 .468
PPBT .26 1 3.86 .067
PME .26 1 0.72 .361
JQUA .26 1 43.03 .006
GIS .26 14 69.26 .042
BBIG .26 22 5.19 1.100
AXLA .26 2 1.89 .274
VCLO .25 1 12.4141 .020
PBLA .25 1 1.71 .146
HITI .25 1 4.53 .055
AVCT .25 6 1.63 .918
RAIL .24 4 3.86 .248
PLG .24 3 1.64 .438
MOGO .24 4 2.45 .388
IKT .24 1 1.51 .158
GBR .24 1 2.69 .089
CPIX .24 4 3.74 .256
CONE .24 3 89.26 .006
UWMC .23 4 5.57 .164
PIRS .23 7 3.48 .462
NXE .23 2 4.31 .106
IMRN .23 1 4.23 .054
ERJ .23 16 15.19 .240
BCLI .23 2 3.39 .134
AZN .23 17 59.84 .051
XLE .22 11 64.77 .033
THTX .22 1 2.8 .078
SSKN .22 1 1.5 .146
SLV .22 7 21.69 .070
PBR .22 12 12.46 .204
JFU .22 3 1.1 .600
INOV .22 2 41.06 .010
FFIE .22 2 5.15 .084
DYNT .22 5 0.94 1.170
BIOC .22 4 3.17 .276
ABUS .22 8 3.07 .568
VBLT .21 3 1.58 .396
TENX .21 1 0.7102 .295
SPWH .21 5 9.98 .105
ATOS .21 5 1.39 .755
ALZN .21 3 1.62 .387
ALAC .21 2 11.75 .034
ERF .20 5 11.71 .085
ENSV .20 1 0.7781 .257
ANY .20 21 2.41 1.722
AEHR .20 34 12.67 .510
NBEV .19 1 0.8121 .233
MOMO .19 3 9.25 .060
FLGC .19 6 1.58 .720
COTY .19 8 8.64 .168
BKYI .19 2 2.18 .174
BGI .19 3 4.75 .120
VSH .18 3 21.64 .024
IRIX .18 4 5.47 .128
GNFT .18 7 4.81 .259
FCEL .18 131 4.58 5.109
CSPR .18 2 5.2 .068
BLNK .18 14 24.85 .098
TISI .17 1 0.7755 .219
PPC .17 2 27.93 .012
PETZ .17 4 0.4906 1.384
LIVX .17 2 3.07 .110
KXIN .17 6 1.02 .996
HRL .17 10 49.23 .030
GMTX .17 2 1.98 .170
AGNC .17 5 15.17 .055
SNES .16 2 0.957 .334
OCG .16 4 5.18 .120
INFI .16 4 1.29 .496
IMMP .16 7 3.14 .350
HFBL .16 1 20.4 .007
GGAL .16 4 8.91 .068
ZNGA .15 4 8.99 .064
XLP .15 14 75.92 .014
VRS .15 2 26.71 .010
PBT .15 3 13.38 .033
IMV .15 2 1.28 .234
HIPO .15 3 2.26 .198
GSKY .15 2 10.52 .028
GRUB .15 3 10.69 .042
CREX .15 1 1.38 .108
CHNG .15 2 20.28 .014
XERS .14 1 2.25 .062
SYKE .14 3 54 .006
OEG .14 1 1.86 .075
NXTP .14 1 0.72 .194
INM .14 1 1.21 .115
IEC .14 1 15.34 .009
EDU .14 1 1.69 .082
VIEW .13 2 2.89 .088
SVBI .13 1 13.63 .009
SALM .13 5 3.28 .195
OSMT .13 4 1.11 .468
GENE .13 3 1.95 .198
VERB .12 8 1.28 .744
SBBP .12 2 2 .120
PSTX .12 1 5.04 .023
MGTX .12 2 16.97 .014
LTHM .12 19 23.72 .095
HDGE .12 3 25.14 .012
GSAT .12 2 0.9855 .242
CRON .12 5 3.68 .160
CHNR .12 4 0.9302 .516
BP .12 8 32.38 .024
AHPI .12 3 4.19 .084
UNIT .11 3 12.7 .024
TELL .11 9 2.98 .324
T .11 7 27.31 .028
SNMP .11 2 0.4182 .526
MRO .11 19 19.43 .095
MOHO .11 3 0.3537 .930
GBS .11 1 1.53 .071
FENG .11 2 0.7876 .278
ET .11 6 9.7 .066
EKSO .11 2 2.51 .086
CALA .11 1 0.5036 .218
ACHV .11 2 8.17 .026
TTM .10 15 33.78 .030
SLHG .10 1 1 .100
RAVN .10 3 58.08 .003
OBSV .10 6 1.76 .336
KDMN .10 4 9.5 .040
EDTK .10 2 1.17 .170
D .10 12 78.46 .012
CNFR .10 2 2.4 .082
CDEV .10 6 7.25 .078
AGEN .10 12 2.84 .420
YPF .09 3 4.17 .063
XELA .09 7 0.5018 1.253
WTER .09 2 1.14 .156
TEDU .09 2 1.91 .094
TAAG .09 1 20.9494 .004
SELF .09 1 5.94 .015
PRPO .09 3 1.49 .180
CXM .09 1 12.69 .007
AEMD .09 3 1.73 .156
AEI .09 2 0.4316 .416
XPDI .08 14 9.74 .112
TEO .08 2 5.09 .030
RIG .08 7 3.49 .154
MBII .08 1 0.7334 .109
CLDR .08 1 15.99 .005
BQ .08 2 0.7 .228
VSTM .07 3 1.65 .126
SWN .07 4 4.65 .060
SSL .07 25 19.69 .075
SBS .07 11 6.27 .121
NEPT .07 2 0.4455 .314
LMRK .07 2 16.49 .008
ITRO .07 1 1.27 .055
ITRN .07 3 26.42 .006
CPLG .07 1 15.67 .004
CPG .07 10 6.52 .100
BVXV .07 4 1.57 .176
XBIO .06 8 1.17 .408
VG .06 1 20.81 .002
RVI .06 3 6.37 .027
RRD .06 12 10.45 .060
KULR .06 8 2.69 .176
ESXB .06 2 11.3 .010
ENIC .06 1 1.94 .030
DBVT .06 12 1.65 .432
ADMS .06 2 8.22 .014
OXY .05 32 36.03 .032
OCG .05 13 5.18 .117
MTL .05 21 2.83 .357
MFGP .05 9 5.94 .072
MDNA .05 8 1.4 .280
FRBK .05 1 3.9 .012
FAST .05 8 58.39 0
PSP .04 3 14.47 .006
NOK .04 6 5.75 .036
CXP .04 1 19.28 .002
AVGR .04 7 0.3207 .868
VTGN .03 5 1.6 .090
VCAR .03 1 14.31 .002
SNDL .03 1 0.5465 .054
SIC .03 1 14.49 .002
IRCP .03 5 2.2 .065
FRO .03 21 7.24 .084
RTLR .02 9 12.5 .009
RCAT .02 3 1.88 .030
NWHM .02 1 8.99 .002
KIN .02 2 9.25 .004
EIC .02 2 17.23 .002
DSE .02 1 9.49 .002
PMD .01 1 7.12 .001
LPTX .01 7 2.72 .021
INFL .01 2 30.72 0
IACB .01 3 7.95 .003
DFP .01 3 27.17 0
BEST .01 3 0.8823 .033
WMPN 0 4 12.73 0
SLVO 0 6 5.16 0
QQC 0 2 30.9489 0
QADB 0 4 87.54 0
PAE 0 1 9.99 0
ONON 0 1 51.42 0
NLSP 0 1 1.03 0
LHAA 0 1 9.72 0
HWBK 0 1 25.9199 0
ESLT 0 1 180.25 0
DVD 0 1 3.61 0
APWC 0 1 2.99 0
NSYS -.12 1 10.21 -.011
