EJH 5.21 6 1.48 21.120
SCPS 3.34 7 1.67 14.000
LAIX 1.72 4 0.5706 12.056
AACG 2.14 5 1.06 10.090
AUVI 2.10 10 2.65 7.920
EEIQ 4.33 5 3.21 6.740
NEGG 3.07 20 10.06 6.100
NVOS 1.65 5 1.42 5.805
CPOP 2.34 5 2.31 5.060
VRPX 1.77 9 3.19 4.986
DPW 1.56 5 1.6 4.875
NRXP 2.89 8 4.97 4.648
IRNT 3.02 6 4.08 4.440
EYES 1.22 6 1.69 4.326
JZXN 1.63 4 1.52 4.288
VVOS 1.65 6 2.38 4.158
JAN 2.73 6 4.03 4.062
ADGI 2.56 12 7.57 4.056
JG 1.30 3 0.9897 3.939
FCEL .18 130 5.87 3.900
HX 1.40 6 2.24 3.750
SIEB 1.53 5 2.06 3.710
AAME 1.97 5 2.88 3.420
KOSS 5.35 7 11.08 3.374
NURO 1.47 11 5.03 3.212
CEMI .60 8 1.56 3.072
NAOV .27 11 1.01 2.937
OCGN 1.04 12 4.38 2.844
BSQR .35 13 1.64 2.769
RMED .72 6 1.62 2.664
TYME .45 4 0.6799 2.644
MRIN 2.01 5 3.84 2.615
CARV 3.92 6 9.16 2.562
BBIG .30 21 2.47 2.541
AMC 1.19 60 27.95 2.520
AGRI .95 5 1.96 2.420
ANPC 1.24 2 1.05 2.360
INDP 2.52 5 5.4 2.330
SPCE 1.26 24 13.04 2.304
BTBT 1.45 10 6.56 2.210
TAOP 1.35 3 1.93 2.097
LMNL .65 3 0.930899 2.094
PHUN .35 16 2.68 2.080
TPST 2.19 5 5.28 2.070
MARK .46 4 0.9496 1.936
NCTY 2.63 5 6.99 1.880
WAVE 1.72 5 4.79 1.795
PBTS 1.24 1 0.6933 1.788
SSY .91 3 1.53 1.782
SAVA 2.73 29 44.5 1.769
JCS 1.40 3 2.38 1.764
PRFX .57 4 1.3 1.752
SGOC 1.19 9 6.2 1.719
MOXC 1.01 6 3.52 1.716
DWAC 22.11 4 52.45 1.684
AREC .62 5 1.86 1.665
RNXT 1.96 4 4.72 1.660
CTIB .40 5 1.28 1.560
GME 2.99 82 153.93 1.558
CSCW .39 2 0.503 1.550
AUUD .41 7 1.85 1.547
PALI .71 3 1.38 1.542
BIDU 1.88 118 136.3 1.534
WAFU 1.50 4 4 1.500
EVK .60 6 2.42 1.482
NMRD 1.66 4 4.5 1.472
BLIN .41 8 2.22 1.472
SPCB .32 2 0.4362 1.466
WORX .44 4 1.2 1.464
IGC .49 3 1.01 1.455
CETX 1.20 1 0.8299 1.445
BNGO .36 12 3 1.440
FTEK .69 3 1.44 1.437
BYSI 1.25 5 4.37 1.430
SYPR .80 4 2.26 1.412
NBRV .76 1 0.5384 1.411
BNTC 1.24 3 2.66 1.398
NIO .53 77 28.25 1.386
ANY .20 21 3.01 1.386
UPC .73 3 1.6 1.368
SOS .61 2 0.8925 1.366
SPRT .81 20 11.8 1.360
ERYP .79 4 2.3239 1.356
SNAP .57 113 47.06 1.356
RIDE .68 7 3.55 1.337
SNOA 1.51 4 4.56 1.324
PMCB 1.11 3 2.53 1.314
HOFV .98 2 1.52 1.288
ALYA .77 4 2.45 1.256
STAF .58 2 0.9263 1.252
GRTS 2.25 7 12.63 1.246
PTIX .84 2 1.35 1.244
IDEX .36 4 1.16 1.240
CRTD .39 7 2.2 1.239
LODE .56 3 1.36 1.233
YJ .40 2 0.652 1.226
EBET 3.45 6 17 1.212
ANVS 3.73 6 18.89 1.182
NVFY .73 3 1.865 1.173
DLPN 2.14 5 9.23 1.155
MVIS 1.17 5 5.1 1.145
CNET 1.11 1 0.98 1.132
HOOD 1.41 14 17.45 1.120
DYNT .22 5 0.9891 1.110
MEDS .53 5 2.41 1.095
LGVN 2.15 6 11.92 1.080
HGSH 1.16 2 2.15 1.078
RETO .72 2 1.34 1.074
ZKIN .71 2 1.32 1.074
SYTA 1.13 3 3.22 1.050
CHCI 1.54 3 4.48 1.029
CBAT .50 3 1.46 1.026
ACRS 2.12 7 14.51 1.022
TERN 1.53 4 5.98 1.020
CANF .63 2 1.26 1.000
OSAT 1.21 3 3.64 .996
IMPL 1.70 5 8.53 .995
HGEN 1.21 3 3.66 .990
ALF 1.08 2 2.2 .980
MTSL 1.08 3 3.37 .960
BBBY .90 16 14.92 .960
HCWB 1.14 2 2.4 .950
WHLM 1.20 4 5.07 .944
BB .74 12 9.44 .936
DBGI .42 5 2.25 .930
LGHL .30 4 1.3 .920
LIZI .40 4 1.74 .916
MBRX .81 2 1.77 .914
FULC 2.54 6 16.67 .912
AQMS .39 3 1.29 .906
KXIN .17 6 1.12 .906
BFRI 1.31 6 8.76 .894
SPI .89 4 3.98 .892
HTBX 1.46 2 3.3 .884
KALV 1.44 8 13.24 .864
SJ 1.24 4 5.72 .864
ASM .69 1 0.8053 .856
ORPH .57 4 2.66 .856
MNOV .74 3 2.61 .849
GFAI .51 2 1.21 .842
XPEV .46 84 44.47 .840
ATXI .74 1 0.887401 .833
TIGR .50 8 4.79 .832
VTNR .37 10 4.44 .830
APTO .28 4 1.35 .828
OLB .77 3 2.8 .825
MOHO .11 3 0.4012 .822
LEDS 1.24 3 4.56 .813
CHNR .12 4 0.5951 .804
PPSI .67 9 7.51 .801
ENVB .27 3 1.01 .801
GROM .76 2 1.91 .794
GNLN .36 2 0.9073 .792
VERY 1.39 4 7.05 .788
LHDX 1.58 4 8.05 .784
VYGR 1.06 2 2.7 .784
AYRO .60 2 1.53 .784
DTST .84 3 3.22 .780
XTLB 1.09 2 2.81 .774
KTTA 1.49 1 1.93 .772
ONCS .68 1 0.88 .772
VERB .12 8 1.25 .768
ISPC 1.00 7 9.15 .763
ACIU 1.91 2 5.02 .760
OPAD 1.25 4 6.56 .760
NVAX 7.31 16 153.25 .752
ZEV 1.17 4 6.21 .752
NRBO .49 2 1.3 .752
GLSI 3.27 5 21.76 .750
WEI .57 1 0.7616 .748
EXPR .47 5 3.14 .745
RCON .51 2 1.37 .744
EYEG 1.45 1 1.95 .743
MARA 1.20 21 33.91 .735
RFL .71 5 4.91 .720
APRE .69 3 2.88 .717
SCKT .74 4 4.14 .712
ACOR .41 4 2.3 .712
ATNF .66 4 3.72 .708
XELA .09 7 0.8875 .707
OPTT 1.10 1 1.56 .705
UAVS .36 3 1.53 .705
TRIT .34 5 2.44 .695
BABA .82 99 112.09 .693
AMBO .61 1 0.88 .693
BKKT 2.95 2 8.54 .690
BILI 1.28 23 42.57 .690
AVXL 2.41 5 17.73 .675
ENG .30 3 1.34 .669
IPHA .78 4 4.65 .668
AVCT .30 5 2.25 .665
NVDA 1.24 166 300.01 .664
LCID 1.90 13 36.98 .663
WINT .31 3 1.4 .663
GOVX .36 7 3.81 .658
ATOS .21 5 1.6 .655
RSLS .27 4 1.65 .652
ENOB .94 5 7.2 .650
LEXX .63 4 3.87 .648
NTRB 1.15 2 3.56 .646
EVOL .74 2 2.29 .646
FLGC .19 6 1.76 .642
ADMP .36 1 0.5734 .627
XELB .34 2 1.09 .622
COHN 1.95 5 15.6515 .620
DQ 3.36 7 37.87 .616
MVST .61 6 6.07 .600
GALT .44 3 2.2 .600
JFU .22 3 1.1 .600
PSTV .60 1 1.03 .582
ALEC 2.10 6 21.84 .576
WISH .58 3 3.01 .576
PME .26 1 0.455 .571
OTLK .38 2 1.33 .570
RHE 1.27 2 4.47 .568
HAPP .30 1 0.5291 .567
AVGR .04 7 0.49 .567
ZCMD 1.01 1 1.8 .561
SLGG .64 2 2.28 .560
NNOX 1.69 5 15.22 .555
ARDS 1.12 1 2.02 .554
KNBE 1.80 7 22.58 .553
UONE .37 7 4.66 .553
ENSC .61 4 4.4 .552
WHLR .54 2 1.96 .550
OBLN .56 3 3.05 .549
WNW 1.34 1 2.45 .546
WBX 4.49 2 16.56 .542
ALDX 1.09 2 4.01 .542
PENN 2.65 10 49.07 .540
GRVI .74 3 4.11 .540
ARAV 1.21 1 2.28 .530
BTX 1.13 2 4.28 .528
DTSS .87 1 1.65 .527
ENTX .77 2 2.94 .522
WPRT .58 2 2.23 .520
WATT .32 2 1.23 .520
MINM .32 2 1.23 .520
MTP .56 1 1.08 .518
LYEL 1.21 3 7.13 .507
SDC .64 2 2.52 .506
LWAC 1.73 5 16.98 .505
SLS .69 4 5.46 .504
BGFV .97 10 19.3 .500
LIFE .93 4 7.4 .500
SGBX .32 3 1.92 .498
CRIS 1.20 2 4.82 .496
ORMP .35 19 13.1 .494
MRNA 3.05 41 247.88 .492
GTEC .80 4 6.49 .492
MQ 1.18 7 16.83 .490
GMBL .88 2 3.58 .490
OSMT .13 4 1.06 .488
TSLA 3.35 159 1088.47 .477
UFAB .46 2 1.93 .476
NKLA .28 17 9.88 .476
PIRS .23 7 3.36 .476
VIVE .26 2 1.11 .468
ASTR .62 5 6.61 .465
ABUS .22 8 3.76 .464
EYPT 5.86 1 12.69 .461
AUPH 1.04 10 22.49 .460
BTCM .72 4 6.23 .460
RKDA .49 1 1.08 .453
BPTH .95 2 4.21 .450
BCRX .62 10 13.7 .450
PEAR 2.37 1 5.27 .449
GEG .90 1 2.02 .445
DBVT .06 12 1.65 .432
TQQQ .64 143 171.08 .429
RELI .86 3 6.02 .426
PLG .24 3 1.69 .426
GEVO .49 4 4.61 .424
VNET 1.13 3 8.06 .420
HUSN .29 4 2.75 .420
BODY .47 2 2.25 .416
ADMA .54 1 1.3 .415
MRAM 1.52 3 10.98 .414
BNR 1.30 3 9.43 .411
DOCS 2.62 8 50.63 .408
BON .62 3 4.56 .405
CTSO .42 4 4.15 .404
TSP 2.05 7 35.35 .399
DDD .70 12 21.18 .396
TRCH .98 2 4.95 .394
BHTG .33 1 0.837 .394
IMNM 1.42 4 14.42 .392
SNMP .11 2 0.5598 .392
IFRX .58 3 4.45 .390
EZFL .57 1 1.46 .390
AVIR 1.14 3 8.82 .387
ONCT .45 2 2.34 .384
CLSD .35 3 2.72 .384
NEXT .29 4 3 .384
NEPT .07 2 0.3636 .384
DWSN .44 2 2.3 .382
NNDM .48 3 3.76 .381
UPST 2.99 19 148.97 .380
CERE 1.78 7 32.92 .378
MRKR .36 1 0.95 .378
HUGE .37 1 0.9823 .376
BNTX 3.02 31 240.61 .372
IPA 1.04 2 5.585 .372
KODK .86 2 4.6 .372
ZG 3.19 7 60 .371
EVGO .45 8 9.75 .368
DYAI .51 3 4.16 .366
NNVC .44 3 3.62 .363
EOSE 1.39 2 7.65 .362
SE 4.12 19 213.91 .361
SKLZ .67 4 7.43 .360
ADIL .45 2 2.49 .360
WIMI .27 4 2.99 .360
XBIO .06 8 1.33 .360
MITO .28 1 0.78 .358
ZY .78 3 6.53 .357
M .58 17 26.98 .357
GRTX .40 4 4.48 .356
CMMB 1.24 2 7.05 .350
LAZR 1.16 5 16.56 .350
SOFI .73 7 14.47 .350
LMFA .35 5 4.94 .350
CAN .43 4 4.92 .348
AGEN .10 12 3.37 .348
ATAI 1.29 2 7.49 .344
AFRM 1.88 18 98.28 .342
QFIN .77 9 20.12 .342
GRU 1.62 1 4.7601 .340
ENZ .54 2 3.17 .340
VOXX 1.16 3 10.26 .339
BBLG 1.14 1 3.36 .339
KMPH 1.03 3 9.08 .339
RAPT 1.77 7 36.2 .336
IMMR .33 6 5.8 .336
OCX .70 1 2.09 .334
JFIN .36 2 2.16 .332
VLDR .76 2 4.63 .328
ARPO .72 1 2.2 .327
SPRB .47 3 4.28 .327
RSKD 1.24 2 7.61 .324
AEI .09 2 0.5554 .324
IMMP .16 7 3.43 .322
NVCR 2.63 10 80.46 .320
HUYA .53 4 6.59 .320
SPLK 6.20 6 115.5 .318
MDIA .50 3 4.7 .318
VBLT .21 3 1.97 .318
ZM 3.91 15 181.81 .315
APOP .84 5 13.17 .315
TELL .11 9 3.11 .315
IMTX .98 4 12.49 .312
GDEV .87 3 8.35 .312
VTSI .56 4 7.09 .312
SNES .16 2 1.029 .310
ZLAB 2.93 7 65.44 .308
ABSI 1.25 2 8.1 .308
FGEN 1.47 3 14.32 .306
FIGS 1.33 6 25.71 .306
ME .34 6 6.55 .306
ACY .99 19 59.59 .304
VERU .45 4 5.91 .304
TATT .65 3 6.43 .303
OSTK 2.60 7 60.12 .301
CCXI 3.66 3 36.43 .300
KBSF .46 2 3.05 .300
ALTO .29 5 4.8 .300
OBSV .10 6 1.99 .300
JRJC .67 3 6.73 .297
AMTX 1.20 3 12.14 .294
GSM .27 7 6.36 .294
EFOI .29 4 3.94 .292
CLPS .57 1 1.96 .290
CLPS .57 1 1.96 .290
PLUG .92 9 27.96 .288
ALZN .21 3 2.18 .288
GPN 3.54 11 134.24 .286
AMD 1.65 26 148.26 .286
SBEA 1.45 2 10.09 .286
MTTR .44 15 22.28 .285
MTL .05 19 3.19 .285
INFI .16 4 2.25 .284
RLMD 1.57 4 22.36 .280
KSS 1.41 10 50.08 .280
KURA 1.04 4 14.66 .280
OCUP .51 2 3.64 .280
W 6.04 9 191.72 .279
NLS .84 2 6.08 .276
IGIC .70 3 7.55 .276
ZIM 1.48 11 57.06 .275
MESO .65 2 4.8 .270
PBR .30 10 10.9 .270
FENG .11 2 0.814 .270
APT .86 2 6.4 .268
LJPC .62 2 4.72 .262
LAC .62 13 29.55 .260
EVGN .43 1 1.65 .260
CARA 1.57 2 12.21 .256
TLRY .47 4 7.28 .256
MOGO .24 4 3.71 .256
DOCN 1.90 11 80.47 .253
ORGS .70 1 2.77 .252
IONQ .65 7 17.7 .252
RAIL .24 4 3.78 .252
FCX .45 25 41.98 .250
AXLA .26 2 2.09 .248
BIOC .22 4 3.52 .248
AEHR .20 31 23.43 .248
CELC 1.05 3 12.67 .246
GNFT .21 6 5.08 .246
MOSY .55 2 4.5 .244
AMEH 2.05 9 74.11 .243
AKTX .36 1 1.48 .243
SQ 1.68 24 161.85 .240
RBLX 1.49 16 97.34 .240
EXPI 1.38 6 34.34 .240
STG 1.13 1 4.7 .240
CCJ .46 12 22.03 .240
CLF .43 12 20.78 .240
IMV .15 2 1.24 .240
MDNA .05 8 1.65 .240
DARE .47 1 1.96 .239
MBOT .98 2 8.3 .236
NIU .93 4 15.57 .236
OXBR .30 5 6.36 .235
EQOS .46 1 1.96 .234
OVID .38 2 3.23 .234
CIFR .35 3 4.48 .234
SI 4.55 8 153.96 .232
BRLT .96 4 16.31 .232
SQBG .73 2 6.24 .232
DDS 5.48 11 254.38 .231
APPS 2.11 7 62.34 .231
ENSV .20 1 0.8671 .230
CGC .68 3 9.02 .225
LOOP .55 5 12.21 .225
CRDF .45 3 5.99 .225
VIR 1.13 8 39.38 .224
CHGG 2.17 3 29.28 .222
CVV .46 2 4.12 .222
SHOP 28.96 11 1392.08 .220
TASK 1.74 7 55.02 .217
JD 1.24 12 65.63 .216
DKNG .99 6 27.32 .216
STEM .68 6 18.72 .216
DLO 1.53 5 35.03 .215
SALM .13 5 2.98 .215
FOSL 1.09 2 10.19 .212
BLPH .62 1 2.93 .211
ABNB 3.59 10 167.44 .210
CPE 1.54 7 50.61 .210
EDSA 1.24 1 5.88 .210
GPS .54 7 17.65 .210
EDTK .10 2 0.9512 .210
NVTS 1.62 2 15.51 .208
FSTX 1.04 1 5 .208
TENX .21 1 1.01 .207
AESE .35 1 1.7 .205
HOL .84 3 12.35 .204
BVXV .17 3 2.49 .204
GSAT .12 2 1.17 .204
DUOL 7.27 3 108.11 .201
PUBM 6.66 1 33.04 .201
MSTR 14.75 8 567.97 .200
XAIR 1.97 1 9.85 .200
CPIX .24 4 4.73 .200
PRTA 1.04 9 45.7 .198
HHR .98 11 51.85 .198
ACB .36 3 5.45 .198
GENE .13 3 1.96 .198
AZYO 1.08 1 5.47 .197
CHMA .37 2 3.76 .196
ERJ .24 14 17.11 .196
ICCM .58 1 2.98 .194
DELL 1.42 8 57.05 .192
TWTR 1.40 6 42.76 .192
SIF 1.16 1 6.015 .192
BLU .51 3 7.95 .192
FBRX .40 1 2.08 .192
SCYX .31 4 6.35 .192
PDD 2.15 5 56.04 .190
FUBO 1.01 3 15.87 .189
DNUT .39 9 17.85 .189
AMZN 6.99 94 3413.22 .188
NTEC .46 4 9.63 .188
RUN 1.04 6 32.76 .186
RIOT .73 6 23 .186
GP .49 3 7.88 .186
SOHU .47 6 15.13 .186
TAL .32 2 3.44 .186
RIG .09 6 2.86 .186
AEY .31 1 1.68 .184
CELH 1.96 7 73.55 .182
FUV .77 2 8.44 .182
BQ .08 2 0.87 .182
BYND 2.00 6 66.31 .180
GIII 1.02 5 27.63 .180
LBPH .92 1 5.11 .180
TOST 3.31 2 37.11 .178
DMAC .31 2 3.45 .178
DNA 1.58 1 8.88 .177
SKT 1.17 3 19.51 .177
NBEV .19 1 1.07 .177
ASAN .80 16 72.11 .176
CALA .11 1 0.6245 .176
ACHL .89 1 5.09 .174
SRNE .85 1 4.87 .174
CLII .84 3 14.36 .174
AUTL .30 3 5.1 .174
GTT .41 1 2.36 .173
MITQ .36 1 2.08 .173
IKT .24 1 1.38 .173
DDL 1.22 2 14.09 .172
JWN .98 4 22.59 .172
BLUW .83 2 9.63 .172
GTIM .74 1 4.33 .170
IAC 3.19 7 128.51 .168
ENLV .49 2 5.81 .168
BKYI .19 2 2.26 .168
LYFT 1.43 5 43.24 .165
SFIX 1.08 3 19.51 .165
NXTP .14 1 0.8441 .165
PRPO .09 3 1.62 .165
EDIT 1.47 3 27.08 .162
DKS 1.01 18 107.39 .162
HOG 1.23 5 37.38 .160
PETZ .17 4 4.24 .160
KULR .06 8 2.95 .160
SEMR 1.11 3 20.78 .159
BWAY .42 3 7.78 .159
HNST .41 3 7.73 .159
HIPO .15 3 2.82 .159
NETE 1.04 2 13.09 .158
SSKN .22 1 1.4 .157
NEWR 2.93 6 110.03 .156
MAT .55 6 20.97 .156
AFMD .29 3 5.51 .156
TISI .17 1 1.09 .155
CRON .12 5 3.85 .155
DE 4.88 11 345.71 .154
AAL .32 9 18.05 .153
ARVN 1.55 8 79.5 .152
ISEE .62 4 16 .152
UWMC .23 4 6.01 .152
LI .76 6 29.84 .150
VCVC 1.46 1 9.85 .148
OMER 1.00 1 6.75 .148
CLOV .28 2 3.74 .148
CYAD .56 1 3.82 .146
WTER .09 2 1.23 .146
SCR 1.05 5 35.58 .145
U 3.60 6 144.55 .144
IRDM 1.55 4 42.42 .144
ALLO 1.11 2 15.41 .144
TGTX .93 3 19.24 .144
LUV .79 8 42.16 .144
BRTX .58 1 4.02 .144
SSNT .34 2 4.66 .144
LC .31 12 24.78 .144
COTY .19 8 10.43 .144
BIGC 2.58 2 36.32 .142
YMM .58 2 8.15 .142
PBLA .25 1 1.75 .142
TESS .30 3 6.33 .141
DASH 2.11 10 150.11 .140
APP 1.38 10 93.19 .140
JKS 1.23 5 43.3 .140
VIH 1.31 1 9.36 .139
DPST 2.33 3 50.33 .138
FLGT 2.27 6 98.11 .138
NGM 1.25 2 18 .138
SONO .70 6 29.57 .138
PRPL .32 6 13.44 .138
FRD 1.28 1 9.32 .137
GAME .43 1 3.13 .137
CPG .09 8 5.2 .136
AEMD .09 3 1.97 .135
PFE .43 19 57.58 .133
CMTL 3.13 1 23.66 .132
PTON .78 6 34.56 .132
ATIF .43 1 3.25 .132
OCG .16 4 4.77 .132
TDC 1.17 5 44.05 .130
CPSH .51 1 3.92 .130
OCG .05 13 4.77 .130
RL 1.89 8 116.75 .128
GH 1.57 8 96.26 .128
BZUN .80 2 12.45 .128
FLWS .75 4 23.24 .128
CRCT .70 4 21.55 .128
EQ .53 1 4.11 .128
ANIX .38 1 2.97 .127
SAM 9.40 7 501.97 .126
ASML 5.32 21 801.98 .126
CRM 2.49 14 255.45 .126
TWST 1.37 7 75.47 .126
LIVE 1.37 3 32.105 .126
GRVY 1.33 7 70.65 .126
SHEN 1.11 3 25.9 .126
LEGN 1.04 6 47.28 .126
IMAB .96 6 45.65 .126
DAL .85 6 39.63 .126
FENC .27 2 4.22 .126
MRO .12 18 16.48 .126
THCB 1.25 1 10 .125
CLDX 1.61 3 39.09 .123
MBII .08 1 0.6471 .123
HJLI 1.27 1 10.38 .122
PATI .50 2 8.1 .122
BKE .89 6 42.56 .120
FTCH .67 6 33.32 .120
AA .65 12 59.63 .120
BGI .19 3 4.71 .120
SBBP .12 2 2 .120
RGEN 4.41 7 257.9 .119
GMTX .17 2 2.88 .118
DLTR 1.90 9 140.3 .117
JRVR 1.10 3 28.15 .117
MSFT .54 117 341.95 .117
IRIX .18 4 6.17 .116
TVTX 1.19 3 30.58 .114
WMT .87 19 142.78 .114
AMRS .60 1 5.22 .114
BCLI .23 2 4.01 .114
AN 1.67 8 112.74 .112
XLNX 1.57 16 217.62 .112
JPM 1.29 14 158.56 .112
RRGB .96 2 16.93 .112
TTCF .86 2 15.32 .112
MAXR .83 4 28.75 .112
BFLY .72 1 6.39 .112
CHPT .53 4 18.68 .112
FFHL .44 2 7.79 .112
AAPL .32 112 179.29 .112
ORCL .28 37 88.21 .111
ACMR 1.83 5 80.61 .110
LIVX .17 2 3.07 .110
TEDU .09 2 1.62 .110
SBS .08 10 7.06 .110
QDEL 2.32 6 126.97 .108
MSGE 1.88 4 67.28 .108
DIS 1.86 9 154.87 .108
COUR 1.32 2 24.17 .108
AEO 1.32 2 24.35 .108
PINS 1.00 4 36.52 .108
FB .65 108 342.94 .108
KZR .60 3 16.33 .108
ACI .27 12 29.83 .108
GURE .46 1 4.31 .106
INM .14 1 1.32 .106
LAD 6.41 5 291.75 .105
TMX 1.58 3 45.11 .105
NFLX .76 105 610.71 .105
CLNE .67 1 6.37 .105
CCL .45 5 20.9 .105
CREX .15 1 1.42 .105
ROKU 3.14 8 224.8 .104
APXT 1.27 1 12.11 .104
UAA .56 4 21.08 .104
RMBL 1.41 3 40.29 .102
TJX 1.31 6 74.77 .102
LAW 1.23 3 35.6 .102
BZ 1.22 3 35.14 .102
MRUS 1.10 3 32.12 .102
VSCO .97 6 54.5 .102
CYTK .80 6 46.38 .102
KZIA .41 2 8 .102
GT .37 6 21.32 .102
ULBI .31 2 6.04 .102
KR .30 17 44.71 .102
VSTM .07 3 2.05 .102
CREE 1.64 5 79.12 .100
CAH 1.34 4 51.72 .100
DOMO 1.26 4 48.78 .100
SKX 1.09 4 43.37 .100
REGN 7.44 9 647.28 .099
DPZ 5.62 11 562.4 .099
LLY 2.74 11 276.43 .099
PYPL 2.14 9 190.1 .099
KMB 1.62 9 139.79 .099
IS .76 1 7.65 .099
ESTC 1.83 7 122.34 .098
FANG 1.55 7 108.71 .098
BBY 1.45 7 100.86 .098
XPDI .08 14 10.53 .098
CYTH .34 1 3.47 .097
GKOS 4.45 1 45.94 .096
VLO 1.86 4 74.65 .096
FATE 1.44 4 59.22 .096
EAT 1.21 3 37.14 .096
SMLP 1.07 2 22.01 .096
BTWN .95 1 9.8 .096
CALT .80 3 25 .096
UBER .71 6 42.54 .096
TTD .56 16 92.57 .096
ABCL 1.31 1 13.71 .095
FL .84 5 43.61 .095
MOS .76 5 39.96 .095
HCM .66 5 34.61 .095
GBR .24 1 2.52 .095
MFNC 1.02 2 21.5 .094
VMEO .85 2 17.73 .094
XM 1.10 3 35.37 .093
KIRK .48 3 15.19 .093
SBTX .57 1 6.19 .092
ARMP .49 1 5.31 .092
ZNGA .15 4 6.4 .092
CNFR .10 2 2.17 .092
SSL .08 23 16.4 .092
BIIB 3.16 7 235.99 .091
KRYS 6.33 1 69.78 .090
MDB 5.57 9 538.01 .090
SNOW 3.29 10 344.21 .090
CAT 1.88 10 207.33 .090
XBI 1.75 6 112.74 .090
FISV 1.64 6 104.27 .090
WYNN 1.57 5 84.98 .090
INMD 1.31 5 70.77 .090
USB 1.06 5 56.75 .090
PTGX 1.05 3 34.38 .090
OVV 1.01 3 33.66 .090
VNE .55 6 35.67 .090
DRN .29 10 29.84 .090
FFIE .22 2 4.84 .090
YEXT .91 1 10.12 .089
VIPS .66 1 7.5 .088
SPTN .59 4 26.01 .088
K .55 11 63.89 .088
MNSO .82 1 9.32 .087
ARCE .63 3 21.38 .087
STRO .65 2 14.98 .086
EOLS .55 1 6.35 .086
CNC 1.49 5 84.22 .085
C 1.06 5 60.62 .085
CHRA .40 1 4.66 .085
PLTR .77 2 18.17 .084
OPNT .73 4 33.65 .084
CSCO .45 12 63.96 .084
CIEN .33 21 77.6 .084
BLNK .18 14 27.4 .084
GDYN 3.03 1 37.39 .081
VMW 1.17 9 117.88 .081
MDT .94 9 103.95 .081
DXC .90 3 32.43 .081
COP .72 9 72.92 .081
SIVB 7.01 8 683.19 .080
ZS 2.76 10 323.18 .080
PKG 2.17 5 133.48 .080
CRNC 1.55 4 76.59 .080
A 1.31 10 159.18 .080
GNOG .78 1 9.65 .080
BJ .71 8 67.27 .080
SLV .35 5 21.11 .080
EKSO .11 2 2.69 .080
IWM 2.93 6 222.75 .078
SPT 1.25 6 90.35 .078
PFGC 1.21 3 45.54 .078
WFC .66 6 48.45 .078
HPQ .53 6 37.98 .078
SLB .41 6 29.65 .078
ET .11 6 8.15 .078
LMT 2.51 11 354.27 .077
ROIV .83 1 10.67 .077
SILK .52 7 44.24 .077
PLCE 1.60 4 81.2 .076
APPN 1.29 4 66.78 .076
CSIQ .58 4 30.42 .076
ORGO .35 2 9.19 .076
LTHM .12 19 24.98 .076
FRO .03 19 7.18 .076
BHVN 2.12 5 139.08 .075
BCYC 1.49 3 59.5 .075
QCOM 1.05 15 186.2 .075
TME .45 1 5.97 .075
ERF .27 3 10.51 .075
THTX .22 1 2.915 .075
CDEV .10 5 6.26 .075
VTGN .03 5 1.9 .075
RVI .24 2 6.42 .074
EDU .14 1 1.9 .073
GBS .11 1 1.5 .073
SEDG 2.57 8 278.82 .072
ROST 2.08 4 112.16 .072
ENPH 1.82 8 185.47 .072
SPG 1.55 8 158.76 .072
CM .99 9 115.5 .072
VALN .71 6 57.19 .072
VXX .35 4 19.21 .072
TBLA .70 1 9.85 .071
SLHG .10 1 1.39 .071
EL 3.86 7 370.08 .070
SITM 2.97 7 288.68 .070
TTC 1.42 5 99.35 .070
MYGN .98 2 27.56 .070
STX .84 10 115 .070
MS .74 10 98.73 .070
INTC .54 7 51.83 .070
PSTG .50 5 33.5 .070
MOMO .19 3 8.2 .069
KMX 2.23 4 127.91 .068
BLDR 1.45 4 84.46 .068
MO .84 4 47.38 .068
T .42 4 24.64 .068
IRCP .04 4 2.23 .068
PPBT .26 1 3.8359 .067
XMTR 3.46 1 51.73 .066
WSM 1.97 6 169.67 .066
SCHW 1.01 6 84.96 .066
UAL .99 3 44.43 .066
LOGI .99 6 83.86 .066
ABT .93 11 141.19 .066
SM .68 3 30.43 .066
RSI .55 2 16.5 .066
WOOF .43 3 19.5 .066
MRTN .38 3 16.96 .066
YPF .09 3 3.99 .066
UNH 2.55 13 505.58 .065
RACE 1.48 13 257.8 .065
CTRN 1.11 5 81 .065
VRNT .69 5 52.77 .065
OEG .14 1 2.15 .065
DUOT .40 1 6.16 .064
HWCC .34 1 5.3 .064
GGAL .16 4 9.61 .064
SNPS 3.62 7 372.15 .063
MA 3.58 7 360.78 .063
GS 2.93 9 386.2 .063
WDAY 2.57 7 275.8 .063
CRMT .72 9 102.46 .063
KO .46 9 58.95 .063
SUPN .95 2 30.41 .062
OXY .06 31 29.48 .062
CCMP 11.86 1 192 .061
RNG 11.84 1 193.57 .061
THC 4.91 1 80.43 .061
ADBE 3.38 12 569.29 .060
CFLT 2.29 2 75.08 .060
HRI 2.10 5 162.29 .060
CVS 1.62 4 103.7 .060
LOW 1.46 12 257.57 .060
YETI 1.27 4 81.7 .060
CHKP 1.25 6 117.68 .060
DFH 1.18 1 19.54 .060
GM .91 4 57.23 .060
BIG .91 3 44.54 .060
IBM .88 10 133.35 .060
ATVI .81 5 66.67 .060
JBL .75 6 71.51 .060
CROX .67 12 129.95 .060
BEKE .61 2 19.77 .060
FLXN .55 1 9.12 .060
BAC .47 6 44.63 .060
XOM .38 10 61.15 .060
SBH .38 3 18.97 .060
ON .35 12 68.32 .060
FLO .28 6 27.44 .060
AHPI .12 3 5.95 .060
CAR 6.00 2 206.56 .058
HITI .25 1 4.35 .057
SPWH .22 3 11.38 .057
INTU 4.61 8 649.78 .056
COST 2.35 14 567.77 .056
ROLL 1.78 7 206.01 .056
HON 1.76 7 207.53 .056
AMAT 1.16 8 160.98 .056
TGT 1.08 14 227.92 .056
TMUS 1.01 7 117.64 .056
LL 1.01 1 17.84 .056
AMKR .70 2 24.81 .056
SJM .63 14 135.1 .056
RKT .41 2 14.29 .056
SWN .07 4 4.92 .056
COIN 1.45 11 261.33 .055
GWRE 1.30 5 113.42 .055
V 1.18 11 218.17 .055
TSN 1.03 5 86.42 .055
SWI .79 1 14.34 .055
RDUS .38 1 6.84 .055
XERS .14 1 2.51 .055
ITRO .07 1 1.27 .055
RRD .06 11 10.63 .055
LII 2.97 6 326.46 .054
AMGN 2.19 6 227.6 .054
DG 2.15 6 233.58 .054
CI 2.12 6 230.54 .054
KYMR 1.69 2 62.56 .054
TSCO 1.52 9 236.76 .054
ECOM 1.37 1 25.23 .054
HAS .94 6 99.51 .054
GE .86 6 95.3 .054
SANA .82 1 15.18 .054
FITB .82 3 43.9 .054
CUE .62 1 11.43 .054
MRVL .60 9 88.54 .054
ATHM .49 3 26.13 .054
KHC .35 6 35.81 .054
TRI 1.63 4 118.63 .052
TAP 1.23 2 45.77 .052
PDCO .41 4 29.92 .052
VIEW .13 2 4.86 .052
NFE 1.27 1 24.69 .051
EQT .39 3 22.8 .051
KEYS 2.15 5 207.29 .050
TSC 1.55 1 30.79 .050
EA 1.35 5 133.47 .050
OLLI 1.29 2 51.13 .050
FA .96 1 19.02 .050
OTIS .91 5 86.46 .050
XONE .67 2 26.7 .050
SNDL .03 1 0.5904 .050
ADSK 2.04 7 282.77 .049
MFGP .04 7 5.43 .049
COF 1.87 4 146.2 .048
PAYX 1.68 4 135.85 .048
JNJ 1.48 6 171.55 .048
NTAP 1.16 4 93.26 .048
GLD .72 12 168.59 .048
ACH .67 1 13.85 .048
APG .62 2 25.39 .048
EPU .48 3 29.35 .048
MRK .37 12 76.95 .048
AZN .21 16 58.32 .048
AGNC .19 4 15.39 .048
PWR 2.69 2 114.3 .046
RF .52 2 21.85 .046
STE 2.26 5 242.32 .045
LH 1.59 9 308.67 .045
STT 1.48 3 93.79 .045
LPX 1.24 3 78.09 .045
WGO 1.15 3 75 .045
OKE .92 3 58.77 .045
TNA .83 5 85.26 .045
ANF .52 3 34.33 .045
EVA 1.62 2 70.5 .044
MNST 1.05 4 94.7 .044
PG .66 11 164.19 .044
ARMK .42 4 36.55 .044
NPTN .67 1 15.34 .043
MMM 1.20 7 178.41 .042
NEE .65 6 91.99 .042
TBIO .53 3 37.36 .042
BBWI .53 6 68.66 .042
HRL .31 7 48.43 .042
GRUB .15 3 10.62 .042
TTM .11 14 31.72 .042
PANW 23.18 1 563.6 .041
LSI 3.13 2 150.7 .040
PKI 2.16 4 197.48 .040
SNA 1.89 5 216.9 .040
DAVA 1.77 4 168.05 .040
BURL 1.68 8 292.06 .040
ADI 1.48 5 175.52 .040
NXPI 1.35 8 230.52 .040
AKAM 1.27 4 118.45 .040
HD .95 20 406.22 .040
XLK .83 10 175.88 .040
LEN .65 8 116.1 .040
RY .56 8 105.73 .040
ALC .53 8 88.5 .040
XLE .28 10 56.06 .040
KDMN .10 4 9.5 .040
BLFS 1.55 1 39.59 .039
GIS .23 13 66.89 .039
EGRX 1.01 2 52.83 .038
CTKB .66 1 17.14 .038
GPK .38 2 19.43 .038
LICY .37 1 9.5 .038
HMHC .31 2 16.26 .038
PCTY 8.94 1 237.2 .037
FCBP 1.08 1 29.1 .037
ANTM 2.99 6 467.67 .036
LIN 1.72 9 345.4 .036
AAP 1.46 6 241.03 .036
J 1.33 4 138.25 .036
UHS 1.30 4 131 .036
LITE 1.30 3 106.89 .036
AXP 1.07 6 163.83 .036
UPS .93 9 214.6 .036
KNL .92 1 25.04 .036
ABBV .83 6 135.36 .036
DD .80 4 80.45 .036
DEN .72 4 76.06 .036
LESL .44 2 23.28 .036
NOK .04 6 6.29 .036
LPTX .03 4 3.02 .036
BEST .01 3 0.7974 .036
CLX 1.20 5 171.38 .035
VGR .61 1 17.06 .035
DVAX .53 1 15 .035
CL .46 7 84.46 .035
SRNG .41 1 11.42 .035
BP .16 7 26.99 .035
LZB .64 2 36.02 .034
ALAC .21 2 11.68 .034
WM .61 11 165.14 .033
BRG .30 3 26.73 .033
ENIC .06 1 1.81 .033
BKNG 10.17 8 2384.68 .032
HCA 2.20 4 258.49 .032
MPC .54 4 63.95 .032
CORT .32 2 19.26 .032
IRTC 3.69 1 116.02 .031
RMD 8.09 1 261.11 .030
BLK 6.24 5 921.82 .030
XLY 1.32 5 205.67 .030
TTWO 1.26 5 180.3 .030
RTX .88 3 85.89 .030
FOE .67 1 21.8 .030
NKE .63 10 166.42 .030
HOLI .43 1 14.02 .030
XLF .40 3 39.19 .030
D .31 10 78.42 .030
MU .30 10 96.17 .030
TEO .08 2 5.18 .030
SMH 4.39 2 313.39 .028
GOOG 3.73 28 2928.96 .028
RCUS 1.22 1 42.18 .028
FLOW .63 4 86.22 .028
MT .48 2 32.43 .028
ACHV .11 2 7.56 .028
PCVX .65 1 24.04 .027
OLN .56 3 58.27 .027
CLSK .30 1 11.01 .027
RCAT .02 3 2.11 .027
VZ .73 2 52.36 .026
GSKY .15 2 11.49 .026
TRIL .47 1 18.44 .025
AZO 5.11 12 2104.04 .024
ATKR 1.43 2 112.02 .024
ALXN 1.24 4 182.5 .024
MCD .98 8 268.49 .024
AZPN .96 4 152 .024
DUK .39 8 104.76 .024
HNP .33 2 26.27 .024
VRTX 5.31 1 223.32 .023
B 1.08 1 46.85 .023
CRTO .90 1 38.74 .023
SPB 2.21 1 101.6 .021
PEP .66 7 172.97 .021
STN .44 3 55.56 .021
VSH .18 3 22.55 .021
UNIT .11 3 13.77 .021
IRBO .83 1 41.61 .019
UHAL 1.98 9 721.2 .018
CNA .83 1 44.58 .018
AMOM .66 1 36.0259 .018
PSTX .12 1 6.91 .017
SPY 2.27 4 477.48 .016
STMP 1.59 4 329.61 .016
LANC 1.43 2 165.1 .016
STZ 1.17 4 249.78 .016
AIT .91 2 104.21 .016
IYC .39 4 84.08 .016
VCLO .25 1 15.34 .016
CSPR .11 1 6.68 .016
PLD .67 5 167.68 .015
NUAN .33 3 55.32 .015
INCY .27 5 73.79 .015
SELF .09 1 5.7 .015
AXON 2.25 1 153.81 .014
TNET 1.38 1 96.97 .014
XLP .15 14 76.48 .014
CHNG .15 2 21.26 .014
ADMS .06 2 8.22 .014
CAI .78 1 56 .013
FRBK .05 1 3.79 .013
UTHR .86 4 215.02 .012
TSM .54 3 121.41 .012
HRC .42 6 155.96 .012
EPAY .28 3 56.65 .012
PPC .17 2 27.99 .012
HDGE .12 3 24.84 .012
PNRG .79 1 67.9179 .011
MGTX .27 1 23.56 .011
SAFM .97 2 190.07 .010
ECHO .49 1 48.24 .010
INOV .22 2 41.06 .010
VRS .15 2 26.92 .010
ESXB .06 2 11.3 .010
HALO .39 1 39.97 .009
GTS .33 1 35.69 .009
XLV .27 9 141.2 .009
IEC .14 1 15.34 .009
SVBI .13 1 13.63 .009
RTLR .02 9 11.16 .009
TDG 1.87 4 630.51 .008
ANET 1.23 1 144.89 .008
LMRK .07 2 16.49 .008
PBT .04 2 8.97 .008
HFBL .16 1 20.382 .007
ROG 1.67 1 273.28 .006
VOOV .54 2 151.17 .006
CONE .24 3 90.19 .006
SYKE .14 3 54 .006
FAST .11 6 63.88 .006
ITRN .07 3 26.25 .006
PSP .04 3 15.33 .006
JQUA .26 1 45.6905 .005
CXM .09 1 15.9 .005
CLDR .08 1 15.99 .005
TAAG .09 1 20.9494 .004
CPLG .07 1 15.67 .004
KIN .02 2 9.25 .004
RAVN .10 3 58.08 .003
IACB .01 3 7.95 .003
VG .06 1 20.78 .002
CXP .04 1 19.28 .002
SIC .03 1 14.49 .002
NWHM .02 1 8.99 .002
EIC .02 2 17.15 .002
DSE .02 1 9.49 .002
ULTA .62 1 405.3 .001
VCAR .03 1 16.1 .001
PMD .01 1 6.96 .001
ULTA .05 12 405.3 0
INFL .01 2 31.05 0
DFP .01 3 27.48 0
WMPN 0 4 12.05 0
SLVO 0 5 5.01 0
QQC 0 2 34.0086 0
QADB 0 4 87.54 0
PAE 0 1 9.91 0
ONON 0 1 51.42 0
NLSP 0 1 1.13 0
LHAA 0 1 9.72 0
HWBK 0 1 25.29 0
DVD 0 1 3.61 0
APWC 0 1 2.99 0
NSYS -.12 1 10.06 -.011
