EJH 5.21 6 2.68 11.664
LAIX 1.72 4 0.886 7.764
SCPS 3.34 7 3.6 6.489
EEIQ 4.33 5 4.3 5.030
NVOS 1.65 5 1.7 4.850
AACG 2.14 5 2.3159 4.620
CPOP 2.34 5 2.915 4.010
VRPX 1.77 9 4.17 3.816
AUVI 2.56 8 5.49 3.728
DPW 1.56 5 2.17 3.590
NRXP 3.30 7 6.72 3.437
NEGG 3.07 20 18.82 3.260
JZXN 1.63 4 2.26 2.884
JG 1.30 3 1.5 2.598
EYES 1.22 6 2.85 2.568
JAN 3.24 5 6.42 2.520
SIEB 1.53 5 3.22 2.375
AAME 1.97 5 4.3 2.290
KOSS 5.35 7 16.36 2.289
CEMI .60 8 2.125 2.256
AGRI .95 5 2.28 2.080
FCEL .18 130 10.81 2.080
NAOV .27 11 1.47 2.013
NURO 1.47 11 8.12 1.991
BSQR .35 13 2.41 1.885
HX 1.40 6 4.59 1.830
TYME .45 4 1.01 1.780
INDP 2.52 5 7.39 1.705
SGOC 1.19 9 6.27 1.701
IRNT 3.02 6 11.23 1.608
MRIN 2.01 5 6.63 1.515
SPCE 1.26 24 19.89 1.512
DWAC 30.01 3 59.85 1.503
CARV 3.92 6 15.66 1.500
AMC 1.21 57 45.06 1.482
RMED .72 6 3 1.440
GRTS 2.64 6 11.15 1.416
CRTD .81 6 3.47 1.398
SPRT .81 20 11.8 1.360
BIDU 1.78 117 161.42 1.287
OCGN 1.04 12 9.63 1.284
BBIG .30 20 4.67 1.280
AREC .62 5 2.43 1.275
TAOP 1.35 3 3.23 1.251
BTBT 1.45 10 11.78 1.230
CSCW .39 2 0.6372 1.224
NCTY 2.63 5 10.88 1.205
ADGI 3.21 7 19.21 1.169
LMNL .65 3 1.69 1.152
PMCB 1.11 3 2.92 1.140
WAVE 1.72 5 7.61 1.130
SNAP .57 113 54.9 1.130
NMRD 1.66 4 5.93 1.116
MARK .46 4 1.66 1.108
JCS 1.40 3 3.82 1.098
ERYP .89 3 2.48 1.074
ALYA .77 4 2.87 1.072
GME 2.99 82 218.64 1.066
FTEK .69 3 1.94 1.065
HGSH 1.16 2 2.18 1.064
AUUD .41 7 2.68 1.064
PHUN .42 11 4.34 1.056
SSY .91 3 2.59 1.053
EVK .60 6 3.43 1.044
SNOA 1.51 4 5.8 1.040
LHDX 1.58 4 6.08 1.036
BNTC 1.24 3 3.59 1.035
CTIB .40 5 1.9285 1.035
ANY .45 17 7.38 1.020
IGC .49 3 1.45 1.011
ANPC 1.24 2 2.5 .992
DLPN 2.14 5 10.77 .990
WORX .44 4 1.78 .988
WAFU 1.50 4 6.21 .964
CHCI 1.54 3 4.79 .963
PBTS 1.24 1 1.29 .961
MTSL 1.08 3 3.37 .960
YJ .40 2 0.8451 .946
BLIN .41 8 3.46 .944
UPC .73 3 2.35 .930
NVFY .73 3 2.4 .912
NIO .54 76 43.2 .912
TPST 2.19 5 12.15 .900
ACRS 2.12 7 16.7 .882
MOXC 1.33 4 6.03 .880
PRFX .77 3 2.64 .873
CETX 1.20 1 1.41 .851
SJ 1.24 4 5.94 .832
BB .84 11 11.28 .814
SYPR .80 4 3.96 .808
HOFV .98 2 2.43 .806
WHLM 1.20 4 5.96 .804
GRTX .50 3 1.88 .795
VVOS .78 4 3.92 .792
BNGO .36 12 5.43 .792
SAVA 2.65 27 89.49 .783
FULC 2.54 6 20.29 .750
IMPL 1.70 5 11.29 .750
EYEG 1.45 1 1.95 .743
NVAX 10.57 12 173.02 .732
PALI .71 3 2.92 .729
XPEV .47 81 47.11 .729
PTIX .84 2 2.32 .724
RIDE .85 5 5.89 .720
LODE .56 3 2.35 .714
SPCB .32 2 0.895099 .714
CNET 1.11 1 1.56 .711
DYNT .22 5 1.54 .710
IDEX .36 4 2.03 .708
ASM .69 1 0.979 .704
HCWB 1.14 2 3.24 .702
VTNR .37 9 4.72 .702
CANF 1.04 1 1.49 .697
VERY 1.39 4 7.98 .696
OSAT 1.21 3 5.29 .684
EBET 3.45 6 30.64 .672
OPAD 1.25 4 7.56 .660
BBBY 1.02 14 21.67 .658
MEDS .53 5 4.04 .655
KALV 1.44 8 17.9 .640
MBRX .81 2 2.53 .640
STAF .58 2 1.85 .626
MNOV 1.12 2 3.58 .624
TERN 1.53 4 9.83 .620
MVIS 1.17 5 9.4 .620
LGHL .30 4 2 .600
ANVS 3.73 6 37.67 .594
WEI .57 1 0.97 .587
SPI 1.06 3 5.43 .585
DBGI .42 5 3.56 .585
NBRV .76 1 1.3 .584
RETO .66 1 1.13 .584
VYGR 1.06 2 3.65 .580
ZCMD 1.01 1 1.75 .577
TIGR .50 8 6.91 .576
IPHA .78 4 5.42 .572
AQMS .39 3 2.05 .570
ORPH .57 4 4.02 .564
XTLB 1.09 2 3.87 .562
DTST .84 3 4.49 .561
HGEN 1.21 3 6.59 .549
OBLN .56 3 3.05 .549
HTBX 1.46 2 5.33 .546
SOS .61 2 2.23 .546
EVOL .74 2 2.72 .544
ATNF .90 3 5 .540
LIZI .40 4 2.95 .540
WBX 8.99 1 16.75 .536
EXPR .47 5 4.38 .535
COHN 1.95 5 18.25 .530
GTEC 1.57 2 5.95 .526
GOVX .35 6 3.99 .522
HOOD 1.41 14 37.98 .518
MOHO .11 3 0.6379 .516
AVXL 2.41 5 23.31 .515
WINT .31 3 1.81 .513
NRBO .49 2 1.93 .506
LWAC 1.73 5 16.98 .505
ALEC 2.10 6 24.86 .504
VERB .12 8 1.9 .504
ENOB 1.18 4 9.43 .500
ZKIN .71 2 2.83 .500
HUSN .29 4 2.31 .500
ZEV 1.17 4 9.37 .496
BCRX .68 9 12.22 .495
XELB .34 2 1.39 .488
OPTT 1.10 1 2.3 .478
APTO .39 3 2.44 .477
RFL .71 5 7.42 .475
LEDS 1.24 3 7.8 .474
KXIN .17 6 2.13 .474
GEG .90 1 1.9 .473
AMBO .61 1 1.29 .472
CBAT .50 3 3.2 .468
SCKT .74 4 6.33 .464
GFAI .51 2 2.21 .460
TSLA 4.28 152 1162.94 .456
NVDA 1.16 150 308.04 .450
JFU .22 3 1.46 .450
FLGC .46 5 5.14 .445
PENN 2.65 10 58.99 .440
RCON .51 2 2.31 .440
ACOR .41 4 3.74 .436
ALF 1.08 2 5.02 .430
ATXI .74 1 1.72 .430
GLSI 3.27 5 38.09 .425
GRVI .74 3 5.26 .420
GALT .44 3 3.16 .417
OXBR .30 5 3.61 .415
KNBE 1.81 6 26 .414
TQQQ .56 137 169.86 .411
APRE .69 3 5.04 .408
WHLR .54 2 2.64 .408
ENVB .27 3 1.98 .408
GROM .76 2 3.76 .404
MINM .32 2 1.58 .404
WNW 1.34 1 3.35 .400
NTRB 1.15 2 5.75 .400
ACY .99 19 47.01 .399
CRIS 1.20 2 6.01 .398
GNLN .36 2 1.81 .396
TRCH .98 2 4.95 .394
LEXX .84 3 6.4 .393
BABA .78 98 162.16 .392
UONE .37 7 6.6 .392
RSLS .27 4 2.73 .392
DTSS .87 1 2.22 .391
ADMA .54 1 1.38 .391
BPTH .95 2 4.87 .390
PIRS .23 7 4.15 .385
LIFE 1.09 3 8.45 .384
CHNR .12 4 1.25 .384
AYRO .60 2 3.13 .382
ATOS .21 5 2.73 .380
ONCS .68 1 1.79 .379
ENTX .77 2 4.06 .378
DWSN .44 2 2.33 .376
MRNA 2.92 34 244.68 .374
UAVS .36 3 2.89 .372
DYAI .51 3 4.15 .366
OTLK .38 2 2.07 .366
OBSV .18 5 2.45 .365
XELA .09 7 1.7 .364
FGEN 1.47 3 12.12 .363
SLGG .64 2 3.53 .362
MVST .71 5 9.87 .355
BILI 1.28 22 77.33 .352
DQ 3.36 7 67.14 .350
AGEN .15 10 4.18 .350
ADMP .36 1 1.03 .349
ENG .30 3 2.57 .348
PME .26 1 0.75 .346
RHE 1.27 2 7.4 .342
GRU 1.51 1 4.45 .339
IPA 1.04 2 6.13 .338
OLB .77 3 6.84 .336
BTCM .72 4 8.54 .336
AVGR .04 7 0.822 .336
WISH .58 3 5.21 .333
ZG 3.78 6 68.23 .330
PSTV .60 1 1.82 .329
KMPH 1.03 3 9.4 .327
ARPO .72 1 2.2 .327
HAPP .30 1 0.92 .326
MTP .56 1 1.72 .325
ENSC .72 1 2.23 .322
AVCT .60 1 1.88 .319
AVIR 1.14 3 10.75 .318
GDEV .87 3 8.19 .318
ENZ .54 2 3.39 .318
RAPT 1.77 7 38.55 .315
NNOX 1.69 5 26.82 .315
APOP .84 5 13.17 .315
NKLA .31 15 14.52 .315
JRJC .67 3 6.41 .312
WATT .32 2 2.06 .310
LAZR 1.33 4 17.5 .304
BNTX 3.78 20 242.6 .300
TATT .65 3 6.5 .300
KBSF .46 2 3.05 .300
LJPC .62 2 4.16 .298
ARAV 1.21 1 4.07 .297
SGBX .32 3 3.21 .297
WPRT .58 2 3.94 .294
ADIL .45 2 3.09 .290
SLS .91 3 9.4 .288
NEXT .29 4 3.99 .288
OSMT .13 4 1.8 .288
GPN 3.54 11 134.59 .286
UFAB .46 2 3.2 .286
IMNM 1.42 4 19.93 .284
CERE 1.78 7 44.34 .280
QFIN .76 8 21.29 .280
LYEL 1.21 3 12.96 .279
BON .62 3 6.6 .279
DARE .47 1 1.68 .279
SBEA 1.45 2 10.36 .278
CCXI 3.66 3 39.37 .276
VOXX 1.16 3 12.5 .276
BBLG 1.14 1 4.14 .275
IMTX 1.15 3 12.57 .273
NNVC .44 3 4.82 .273
GMBL .88 2 6.44 .272
RNXT .73 2 5.34 .272
XBIO .06 8 1.75 .272
BNR 1.30 3 14.42 .270
IMMR .33 6 7.29 .270
IFRX .62 2 4.66 .266
BHTG .33 1 1.24 .266
TRIT .34 5 6.35 .265
CLF .57 11 23.59 .264
NEPT .07 2 0.5335 .262
FLGT 4.22 5 80.35 .260
LMFA .35 5 6.72 .260
GSM .27 7 7.19 .259
APPS 3.13 6 72.63 .258
CTSO .42 4 6.5 .256
VBLT .21 3 2.46 .255
DOCS 3.04 6 71.05 .252
BYSI 1.25 3 14.88 .252
GEVO .49 4 7.68 .252
CMMB 1.24 2 9.92 .250
RKDA .49 1 1.96 .250
IGIC .70 3 8.35 .249
VTSI .98 2 7.86 .248
PBR .31 8 9.84 .248
MITO .28 1 1.13 .247
BTX 1.13 2 9.16 .246
CRDF 1.40 1 5.7 .245
RLMD 1.57 4 25.4 .244
OCUP 1.04 1 4.28 .242
DDD .75 11 33.88 .242
SDC .64 2 5.25 .242
DBVT .07 11 3.13 .242
NVCR 2.63 10 107.42 .240
KODK .86 2 7.16 .240
MTTR .69 8 22.6 .240
HUGE .37 1 1.54 .240
INFI .16 4 2.64 .240
UPST 4.74 17 334.6 .238
ALDX 1.09 2 9.11 .238
MRKR .36 1 1.51 .238
VIVE .26 2 2.19 .236
ZLAB 3.42 6 87.18 .234
AFRM 3.10 13 163.37 .234
BGFV .92 9 35.01 .234
NNDM .48 3 6.13 .234
EOSE 1.39 2 11.89 .232
SQBG .73 2 6.24 .232
MTL .12 8 4.05 .232
FCX .42 23 39.43 .230
ZM 4.40 14 259.9 .224
STG 1.13 1 5.06 .223
TSP 1.75 5 39.58 .220
TEDU .09 2 0.8175 .220
DELL 1.75 7 55.53 .217
W 6.80 8 244.2 .216
RBLX 2.11 8 77 .216
SKLZ .67 4 12.34 .216
AKTX .36 1 1.66 .216
AAPL .32 108 150.44 .216
KURA 1.39 3 19.38 .213
FB .75 106 338.62 .212
ASTR .53 4 9.99 .212
PLG .61 1 2.88 .211
SE 5.17 14 344.09 .210
CHGG 2.17 3 30.78 .210
ZY .78 3 11.08 .210
OVID .38 2 3.62 .208
AEHR .19 26 23.66 .208
HOL .84 3 12.35 .204
VLDR .76 2 7.4 .204
VERU .59 3 8.67 .204
ONCT .45 2 4.39 .204
CLSD .35 3 5.12 .204
WIMI .27 4 5.2 .204
SALM .20 4 3.87 .204
VNET 1.13 3 16.86 .201
IMMP .32 3 4.75 .201
MESO 1.26 1 6.33 .199
PLUG .92 9 40.94 .198
OCX .70 1 3.55 .197
CHMA .37 2 3.76 .196
SNES .16 2 1.63 .196
TELL .13 7 4.58 .196
KULR .33 2 3.4 .194
TASK 1.74 7 62.94 .189
KSS 1.63 7 58.55 .189
M .67 9 31.22 .189
MDIA .50 3 7.87 .189
BODY .47 2 5 .188
NTEC .46 4 9.63 .188
RAIL .24 4 5.1 .188
OCG .23 4 4.81 .188
AMZN 8.18 93 3488.98 .186
HUYA .53 3 8.51 .186
CVV .46 2 4.9 .186
IMV .15 2 1.61 .186
VIR 1.21 5 32.54 .185
IONQ .80 5 21.35 .185
LCID 2.15 4 45.92 .184
TTD 2.12 8 88.75 .184
MDNA .05 8 2.15 .184
CARA 1.57 2 17.23 .182
JFIN .36 2 3.92 .182
OCG .07 13 4.81 .182
DDS 6.22 9 299 .180
EXPI 1.38 6 44.78 .180
GPS .75 6 24.48 .180
EZFL .57 1 3.18 .179
LOOP .74 4 16.79 .176
CLPS .56 1 3.17 .176
CLPS .56 1 3.17 .176
MOSY .55 2 6.23 .176
AESE .35 1 2 .175
NLS .84 2 9.65 .174
CLII .84 3 14.36 .174
GTT .41 1 2.36 .173
BLUW .83 2 9.63 .172
SKT 1.17 3 20.52 .171
AZYO 1.08 1 6.3 .171
DKS 1.82 13 130.34 .169
ORMP .40 13 29.75 .169
OSTK 2.60 7 105.36 .168
COTY .31 6 10.69 .168
LEGN 1.61 5 47.9 .165
CELC 1.05 3 18.85 .165
BWAY .68 2 8.25 .164
CAN .43 4 10.29 .164
SNMP .11 2 1.34 .164
EDSA 1.24 1 7.58 .163
SQ 1.73 23 236.77 .161
PRTA 1.18 8 58.52 .160
DNUT .55 4 13.55 .160
ERJ .53 5 16.56 .160
MOGO .24 4 5.94 .160
OPNT 1.39 3 26.05 .159
AMTX 1.20 3 22.44 .159
ORGS .70 1 4.38 .159
NETE 1.04 2 13.09 .158
EVGN .43 1 2.71 .158
AXLA .26 2 3.29 .158
TAL .32 2 4.09 .156
TWTR 1.69 5 54.08 .155
IAC 3.19 7 143.91 .154
ATAI 1.29 2 16.7 .154
MAT 1.16 3 22.47 .153
FSTX 1.04 1 6.86 .151
DLO 1.53 5 50.19 .150
MQ .86 5 28.1 .150
BCLI .46 1 3.05 .150
SIF 1.16 1 7.78 .149
VCVC 1.46 1 9.85 .148
SOFI .85 4 22.74 .148
EVGO .51 4 13.43 .148
SHOP 32.80 7 1533.77 .147
BKKT 4.57 1 31.07 .147
GTIM .74 1 5.02 .147
ACB .36 3 7.3 .147
SCR 1.05 5 35.58 .145
ENSV .20 1 1.37 .145
LBPH .92 1 6.37 .144
CCJ .53 8 28.09 .144
BGI .23 2 3.17 .144
ALTO .22 4 5.98 .144
GSAT .12 2 1.65 .144
RIG .09 6 3.72 .144
DE 5.37 10 360.86 .140
ARVN 1.91 7 92.83 .140
IRDM 1.55 4 43.18 .140
SCYX .79 1 5.64 .140
ME .45 4 12.67 .140
FENG .11 2 1.57 .140
VIH 1.31 1 9.36 .139
DUOL 7.27 3 155.35 .138
ZIM 1.15 6 49.56 .138
EDTK .10 2 1.44 .138
AFMD .87 1 6.34 .137
MSTR 14.75 8 860 .136
GIII 1.11 4 31.89 .136
TENX .21 1 1.54 .136
FIGS 1.12 5 40.13 .135
ARMP .49 1 3.61 .135
KR .40 15 41.7 .135
AEY .31 1 2.28 .135
GENE .13 3 2.85 .135
PETZ .41 2 6.09 .134
DMAC .31 2 4.6 .134
SAM 9.40 7 491.64 .133
CIEN .44 19 60.16 .133
DKNG .99 6 44.78 .132
AUPH .69 6 31.32 .132
ISEE .62 4 18.3 .132
SOHU .47 6 20.6 .132
DLTR 2.90 5 110.66 .130
CELH 2.77 5 103.95 .130
NIU 1.17 3 26.61 .129
ACHL .89 1 6.86 .129
SRNE .85 1 6.57 .129
AUTL .30 3 6.97 .129
MRO .14 16 17.22 .128
TLRY .52 3 12.37 .126
AAL .32 9 22.25 .126
PDD 2.15 5 83.24 .125
LYFT 1.43 5 55.24 .125
THCB 1.25 1 10 .125
CALA .11 1 0.8782 .125
LIVE 1.37 3 33.11 .123
LI 1.29 3 31.35 .123
HJLI 1.27 1 10.38 .122
DPZ 5.62 11 496.67 .121
SPLK 4.15 5 168.69 .120
NEWR 2.22 5 90.94 .120
NGM 1.25 2 20.75 .120
HCM .93 4 30.03 .120
SONO .70 6 34.79 .120
FBRX .40 1 3.31 .120
PBLA .25 1 2.08 .120
SBBP .12 2 2 .120
FUV 1.54 1 12.92 .119
SEMR 1.48 2 25.04 .118
HIPO .25 2 4.2 .118
SSKN .22 1 1.86 .118
TVTX 1.19 3 30 .117
SHEN 1.11 3 28.22 .117
MRUS 1.10 3 27.58 .117
PRPL .56 4 19.03 .116
SI 5.04 5 217.18 .115
CYTK .96 5 41 .115
SBS .15 5 6.47 .115
CMTL 3.13 1 27.44 .114
ENLV .49 2 8.59 .114
IRIX .35 3 9.03 .114
PRPO .09 3 2.33 .114
NBEV .19 1 1.67 .113
RGEN 4.41 7 273.31 .112
GH 1.57 8 110.43 .112
ALLO 1.11 2 19.65 .112
RIOT 1.05 4 36.69 .112
PFE .72 8 48.33 .112
MSFT .41 112 336.99 .112
CIFR .35 3 9.28 .111
DAL 1.02 5 44.65 .110
IKT .24 1 2.17 .110
LIVX .17 2 3.07 .110
EDIT 1.47 3 40.57 .108
AMD 1.41 12 150.16 .108
AA .62 9 48.86 .108
ATIF .43 1 3.95 .108
UWMC .39 2 7.15 .108
CPG .09 6 4.83 .108
TESS .34 2 6.3 .106
WTER .09 2 1.68 .106
CLDX 1.61 3 45.44 .105
JWN 1.19 3 33.31 .105
UBER .97 5 45.89 .105
NFLX .76 105 651.45 .105
SSNT .66 1 6.24 .105
CAT 2.86 8 214.25 .104
AN 1.67 8 122.36 .104
CAH 1.34 4 49.63 .104
APXT 1.27 1 12.11 .104
AMEH 1.16 8 88.21 .104
MAXR .83 4 31.01 .104
ULBI .31 2 5.88 .104
BKYI .32 1 3.08 .103
VMW 2.23 6 128.41 .102
ARCE .89 2 17.24 .102
PPSI .54 2 10.4 .102
MARA .49 17 75.3 .102
ORCL .37 34 95.14 .102
CREE 1.64 5 79.12 .100
AEO 1.32 2 26.27 .100
VSCO 1.28 4 50.23 .100
GT 1.16 2 23.08 .100
MOS .76 5 37.72 .100
NXTP .14 1 1.4 .100
REGN 7.44 9 622.78 .099
ASAN 1.50 9 135.44 .099
SSL .14 14 18.11 .098
TOST 5.65 1 58.34 .096
CNC 2.42 3 74.08 .096
DASH 2.38 8 193.15 .096
FISV 1.64 6 100.02 .096
JRVR 1.48 2 30.48 .096
RMBL 1.41 3 43.7 .096
LTHM .26 12 32.43 .096
LAD 6.41 5 329.35 .095
CPE 1.27 5 64.18 .095
BTWN .95 1 9.92 .095
CHRA .40 1 4.18 .095
MFNC 1.02 2 21.5 .094
JKS 1.76 3 56.71 .093
UAA .78 3 24.74 .093
VLO 1.86 4 77.78 .092
HOG .90 4 37.86 .092
INM .14 1 1.52 .092
FRD 1.28 1 14 .091
JD 1.44 5 77.47 .090
RUN 1.10 5 58.17 .090
PTGX 1.05 3 34.64 .090
ON .89 6 58.72 .090
SPTN .74 3 24.54 .090
VNE .55 6 35.4 .090
GP .49 3 16.05 .090
STEM .47 5 24.79 .090
CCL .45 5 24.59 .090
FFHL .44 2 9.6 .090
AEI .09 2 1.99 .090
MBII .08 1 0.8886 .090
CPSH .51 1 5.72 .089
MSGE 1.88 4 83.83 .088
SKX 1.09 4 47.41 .088
BAC 1.06 4 47.34 .088
RRGB .96 2 21.73 .088
XPDI .11 11 13.69 .088
FRO .07 11 8.49 .088
XBI 2.27 5 130.51 .085
ACMR 1.83 5 106.4 .085
ABCL 1.31 1 15.33 .085
RRD .16 5 9.15 .085
CRON .12 5 6.71 .085
KMB 1.96 6 132.54 .084
TMUS 1.73 6 120.86 .084
SFIX 1.46 2 34.5 .084
GRVY 1.33 7 103.71 .084
JPM 1.20 12 169.06 .084
PINS 1.00 4 46.56 .084
BJ .79 7 61.33 .084
FLWS .75 4 34.49 .084
ZNGA .15 4 6.99 .084
AEMD .09 3 3.12 .084
GDYN 3.03 1 36.1 .083
GKOS 4.45 1 53.75 .082
PYPL 2.14 9 229.42 .081
EAT 1.21 3 43.74 .081
EQ .53 1 6.52 .081
EQOS .46 1 5.65 .081
ACI .33 9 33.36 .081
MDB 5.88 8 571.3 .080
PKG 2.17 5 134.37 .080
DIS 1.80 8 176.87 .080
CTRN 1.77 4 84.99 .080
OVV 1.51 2 37.31 .080
USB 1.25 4 60.69 .080
IMAB 1.00 5 59.14 .080
LUV .85 5 51.37 .080
GURE .46 1 5.71 .080
LC .39 10 45.57 .080
RL 1.69 6 128.96 .078
XM 1.66 2 42.52 .078
TDC 1.32 3 50.38 .078
COUR 1.32 2 33.67 .078
BKE 1.30 3 48.62 .078
INTC .70 6 51.55 .078
YMM .58 2 14.67 .078
YPF .17 2 4.34 .078
BQ .08 2 2.05 .078
EL 3.86 7 349.39 .077
ABNB 2.23 7 200.32 .077
HPQ .63 4 31.6 .076
HNST .35 2 9.21 .076
RVI .24 2 6.23 .076
ABUS .14 2 3.6 .076
RCAT .10 2 2.61 .076
BIGC 4.50 1 59.69 .075
BBY 2.06 5 130.09 .075
MDT 1.95 5 123.02 .075
BCYC 1.49 3 58.65 .075
PFGC 1.21 3 47.15 .075
ANIX .38 1 5.04 .075
CNFR .10 2 2.7 .074
EOLS .55 1 7.48 .073
SIVB 7.01 8 742.05 .072
ENPH 3.10 6 241.62 .072
IWM 2.93 6 242.56 .072
TJX 1.32 4 69.89 .072
IBM 1.20 8 124.54 .072
CGC .94 1 12.98 .072
YEXT .91 1 12.52 .072
LAC .87 3 35.34 .072
MS .82 9 100.07 .072
SJM .78 12 125.08 .072
CSCO .52 8 57 .072
DFH 1.18 1 16.51 .071
TBLA .70 1 9.85 .071
CLNE .67 1 9.35 .071
BIIB 4.00 5 272.7 .070
ROKU 2.89 7 277.17 .070
LMT 2.70 10 341.78 .070
A 1.64 7 160.94 .070
BYND 1.46 5 98.28 .070
TWST 1.37 7 132.52 .070
DDL 1.22 2 34.46 .070
LOGI 1.16 5 79.43 .070
PTON .74 5 51.25 .070
VRNT .69 5 47.48 .070
CLOV .56 1 8.03 .069
ROST 2.08 4 118.62 .068
TSN 1.42 4 81.37 .068
C 1.23 4 68.45 .068
ATVI 1.15 4 66.82 .068
SMLP 1.07 2 31.29 .068
CRCT .96 2 27.53 .068
FL .92 4 53.18 .068
WFC .91 4 50.87 .068
VMEO .85 2 24.33 .068
SLV .79 2 22.65 .068
SLB .60 4 34.3 .068
DRN .48 4 26.76 .068
KZIA .41 2 11.99 .068
UNH 3.07 11 462.62 .066
FATE 1.36 3 60.79 .066
LAW 1.23 3 54.07 .066
BZ 1.15 2 34.22 .066
DXC 1.11 2 33.38 .066
MO 1.00 3 45.07 .066
T .56 3 24.88 .066
VXX .46 3 20.86 .066
MRTN .38 3 17.22 .066
EDU .14 1 2.11 .066
THC 4.91 1 75.2 .065
FANG 1.53 5 115.71 .065
BZUN 1.12 1 17.03 .065
APP .81 8 99.64 .064
WMT .70 16 149.27 .064
SBTX .57 1 8.8 .064
K .51 8 62.25 .064
PATI .50 2 15.34 .064
DUOT .40 1 6.1699 .064
HWCC .34 1 5.3 .064
V 2.08 7 220.49 .063
STX .76 9 97.72 .063
SILK .52 7 57.71 .063
GBR .24 1 3.78 .063
THTX .22 1 3.46 .063
ABSI 1.13 1 18.03 .062
SBH .56 2 17.89 .062
SWN .16 2 5.09 .062
SNPS 3.69 6 342.91 .060
SEDG 3.56 6 349.9 .060
MA 3.51 6 349.67 .060
WSM 2.54 5 203.37 .060
TTC 1.60 4 100.1 .060
ABT 1.33 6 126.8 .060
CHKP 1.25 6 118.13 .060
MYGN .98 2 31.81 .060
COP .78 6 75.93 .060
CSIQ .58 4 38.6 .060
AZN .32 12 62.99 .060
VTGN .03 5 2.34 .060
TTCF 1.07 1 17.84 .059
FLXN .55 1 9.26 .059
AMKR .70 2 23.79 .058
STRO .65 2 21.97 .058
ORGO .35 2 11.76 .058
PPBT .26 1 4.43 .058
LPX 1.24 3 64.64 .057
VIPS .66 1 11.38 .057
SNOW 2.91 8 370.73 .056
LLY 2.28 7 260.53 .056
TSCO 1.77 8 221.4 .056
CM 1.70 4 118.56 .056
XLNX 1.56 8 208.01 .056
CRNC 1.55 4 105.18 .056
DOMO 1.26 4 87.65 .056
AMAT 1.16 8 152.96 .056
LL 1.01 1 17.76 .056
CHPT .79 2 27.6 .056
PLTR .77 2 26.75 .056
TME .45 1 7.96 .056
SITM 3.41 5 291.34 .055
DPST 3.25 1 59.07 .055
HAS 1.13 5 97.2 .055
HRL .48 5 43.54 .055
ITRO .07 1 1.27 .055
LII 2.97 6 301.58 .054
SPT 1.25 6 131.96 .054
FITB .82 3 44.26 .054
PDCO .62 3 33.28 .054
APG .62 2 22.43 .054
RSI .55 2 19.79 .054
KO .51 6 56.33 .054
EVA 3.59 1 67.33 .053
KEYS 2.52 4 186.28 .052
APPN 1.29 4 98.11 .052
TAP 1.23 2 46.09 .052
CLSK 1.17 1 22.26 .052
SCHW 1.13 4 81.68 .052
INCY .93 4 66.49 .052
FLO .35 4 25.3 .052
EKSO .11 2 4.16 .052
IRCP .04 4 2.86 .052
TSC 1.55 1 30.35 .051
ECOM 1.37 1 26.57 .051
MNSO .82 1 16 .051
NXPI 2.32 5 223.08 .050
AMGN 2.27 5 211.37 .050
KYMR 1.69 2 65.22 .050
GWRE 1.30 5 126.31 .050
PSTG .74 2 28.57 .050
GBS .11 1 2.19 .050
LOW 1.83 7 234.79 .049
ROLL 1.78 7 241.35 .049
HON 1.76 7 225.73 .049
ADSK 2.96 6 329.07 .048
ZS 2.89 6 350.17 .048
GS 2.81 8 408.34 .048
PKI 2.16 4 173.19 .048
COF 1.87 4 155.52 .048
BHVN 1.74 4 139.77 .048
WM 1.29 6 160.05 .048
YETI 1.27 4 104.93 .048
NTAP 1.16 4 91.89 .048
PG .95 8 144.95 .048
FTCH .94 2 38.35 .048
GNOG .78 1 16.25 .048
MRK .56 8 82.68 .048
GIS .55 6 62.64 .048
EPU .48 3 29.78 .048
RKT .41 2 16.85 .048
FFIE .41 1 8.52 .048
AGNC .26 3 16.12 .048
ACH .67 1 14 .047
GGAL .57 1 11.89 .047
CDEV .37 1 7.85 .047
OEG .14 1 2.93 .047
CFLT 4.09 1 88 .046
UAL 1.24 2 53.11 .046
KHC .88 2 37.2 .046
SWI .79 1 16.89 .046
XONE .67 2 28.07 .046
KIRK .60 2 25.8 .046
AMRS .60 1 12.98 .046
GMTX .17 1 3.69 .046
BIOC .09 2 3.85 .046
STE 2.26 5 230.01 .045
STT 1.48 3 96.63 .045
RACE 1.31 9 260.73 .045
DOCN 1.08 5 112.54 .045
CRMT .72 9 125.52 .045
XOM .33 9 65.72 .045
ASML 4.13 11 849.93 .044
SUPN 1.50 1 33.56 .044
MNST 1.05 4 90.83 .044
ANTM 2.99 6 426.59 .042
CVS 1.40 3 93.76 .042
JBL 1.39 2 64.21 .042
MMM 1.20 7 181.54 .042
OKE .92 3 64.88 .042
GM .87 3 59.6 .042
FUBO .74 2 33.67 .042
NPTN .67 1 15.78 .042
MU .55 6 74.56 .042
TBIO .53 3 37.36 .042
BBWI .53 6 74.99 .042
XLE .47 6 58.79 .042
UNIT .29 2 13.64 .042
MOMO .19 3 12.78 .042
VSTM .06 2 2.78 .042
SNDL .03 1 0.7 .042
NFE 1.27 1 30.65 .041
FA .96 1 23 .041
CAR 12.01 1 293.1 .040
WDAY 2.61 5 292.73 .040
CI 1.83 5 218.16 .040
DAVA 1.77 4 166.05 .040
BURL 1.68 8 293.43 .040
EA 1.51 4 138.16 .040
ADI 1.48 5 184.46 .040
UHS 1.30 4 129.16 .040
TGT 1.14 10 253.33 .040
NKE .89 8 171.85 .040
OTIS .88 4 82.24 .040
DD .80 4 79.52 .040
GLD .79 10 170.45 .040
ARMK .42 4 38.9 .040
KDMN .10 4 9.5 .040
ET .08 5 9.35 .040
SLHG .10 1 2.55 .039
WGO 1.39 2 72.31 .038
EGRX 1.01 2 51.09 .038
BEKE .69 1 17.92 .038
WOOF .51 2 25.59 .038
FCBP 1.08 1 29.1 .037
SANA .82 1 21.82 .037
ADBE 4.10 6 666.02 .036
LIN 2.33 6 337.53 .036
DG 2.03 4 220.93 .036
ESTC 1.65 4 171.67 .036
CLX 1.52 4 164.27 .036
SM 1.36 1 37.66 .036
HD 1.21 12 368.59 .036
KNL .92 1 25.04 .036
QCOM .75 9 165.85 .036
MRVL .51 6 73 .036
ATHM .49 3 38.31 .036
HMHC .31 2 17.12 .036
BP .28 4 28.02 .036
SPWH .22 3 17.29 .036
ALAC .21 2 11.5601 .036
NOK .04 6 5.86 .036
LH 1.59 7 280.61 .035
RCUS 1.22 1 34.74 .035
UPS 1.15 7 209.3 .035
RF .86 1 24.5 .035
ABBV .85 5 116.06 .035
TNA .83 5 111.84 .035
GE .81 5 108.42 .035
EQT .73 1 20.7 .035
RY .61 7 106.05 .035
SRNG .41 1 11.42 .035
OLLI 1.29 2 72.21 .034
LZB .64 2 36.08 .034
HNP .33 2 19.06 .034
TEO .18 1 5.29 .034
AZO 6.70 11 1820.93 .033
AKAM 1.20 3 108.62 .033
CRM 1.06 11 309.96 .033
LESL .77 1 23.08 .033
FENC .31 1 9.31 .033
COST 2.40 8 503.81 .032
HCA 2.20 4 247.63 .032
LITE 1.46 2 91.16 .032
DEN .72 4 89.24 .032
D .31 8 74.58 .032
TGTX 1.11 1 34.8 .031
FOE .67 1 21.37 .031
VIEW .21 1 6.61 .031
BLK 6.24 5 965.87 .030
TTWO 1.26 5 185.14 .030
PEP 1.13 5 162.43 .030
BLDR 1.03 2 66.84 .030
GRUB .15 3 14.12 .030
OXY .05 30 34.29 .030
BLFS 1.55 1 53.23 .029
GOOG 3.73 28 2987.03 .028
PWR 3.42 1 119.8 .028
AAP 1.82 4 227.91 .028
PLD 1.05 4 148.07 .028
QDEL .95 4 125.94 .028
DUK .78 4 101.42 .028
ANF .67 2 45.44 .028
FLOW .63 4 79.4 .028
CL .61 4 77.74 .028
INMD 2.55 1 94.35 .027
TRI 1.16 3 120.26 .027
PLCE .92 3 95.94 .027
MPC .62 3 65.67 .027
ATKR 1.43 2 103.35 .026
RTX 1.21 2 90.71 .026
VZ .73 2 52.33 .026
CTKB .66 1 25.04 .026
TRIL .47 1 17.69 .026
ALZN .07 1 2.61 .026
AXP 1.02 5 180.05 .025
PCVX .65 1 25.06 .025
LEN .59 5 104.43 .025
BKNG 10.17 8 2639.86 .024
SNA 1.40 4 214.11 .024
ALXN 1.24 4 182.5 .024
J 1.23 3 144.99 .024
B 1.08 1 44.61 .024
MCD .98 8 253.1 .024
CROX .88 6 176.54 .024
FAST .39 4 58.23 .024
HHR .37 4 54.78 .024
VSH .18 3 20.55 .024
GSKY .15 2 12.12 .024
TTM .11 8 34.08 .024
ACHV .11 2 8.47 .024
BEST .01 3 1.21 .024
OLN 1.34 1 60.75 .022
NEE .95 2 84.59 .022
BIG .59 2 49.42 .022
COIN 1.24 7 353.92 .021
CRTO .90 1 40.95 .021
IYC .68 3 86.38 .021
INTU 2.61 5 615.25 .020
STZ 1.17 4 221.78 .020
NUAN 1.13 1 55 .020
AZPN .96 4 160.81 .020
XLV .63 5 133.65 .020
MFGP .03 4 5.34 .020
UHAL 1.98 9 756.02 .018
JNJ 1.48 2 162.87 .018
CNA .83 1 45.92 .018
SPG .58 6 167.39 .018
GPK .37 1 20.51 .018
PSTX .12 1 6.62 .018
IRBO .83 1 47.28 .017
SELF .09 1 5.08 .017
STMP 1.59 4 329.61 .016
LANC 1.43 2 161.69 .016
KMX 1.24 2 153.95 .016
HRI .96 4 194.32 .016
AIT .91 2 103.18 .016
UTHR .86 4 202.09 .016
AMOM .66 1 39.075 .016
XLK .67 5 167.98 .015
HRC .48 5 155.05 .015
XLP .27 5 72.42 .015
FRBK .05 1 3.32 .015
PAYX .94 2 123.19 .014
CHNG .15 2 21.35 .014
ADMS .06 2 8.18 .014
CAI .78 1 55.94 .013
MGTX .27 1 20.43 .013
TNET 1.38 1 106.65 .012
TSM .54 3 120.91 .012
PPC .17 2 28.19 .012
PNRG .79 1 71.1 .011
ALC .88 1 86.27 .010
ECHO .49 1 48.15 .010
INOV .22 2 40.75 .010
ESXB .13 1 12.09 .010
GTS .33 1 35.6 .009
IEC .14 1 15.34 .009
SVBI .13 1 13.63 .009
SLVO .02 3 5.47 .009
TDG 1.87 4 674.58 .008
STN .48 1 55.76 .008
HFBL .16 1 19.25 .008
PBT .04 2 8.56 .008
LMRK .13 1 16.3 .007
ROG 1.67 1 269.87 .006
SYKE .14 3 54 .006
ITRN .07 3 26.24 .006
PSP .04 3 16.64 .006
CLDR .08 1 15.99 .005
SAFM .85 1 188.51 .004
VOOV .73 1 149.64 .004
TAAG .09 1 20.9494 .004
CPLG .07 1 15.56 .004
KIN .02 2 9.25 .004
RAVN .10 3 57.95 .003
IACB .01 3 9.94 .003
SPY 1.31 1 468.93 .002
CXP .04 1 19.11 .002
SIC .03 1 14.49 .002
NWHM .02 1 8.99 .002
EIC .02 2 18.24 .002
DSE .02 1 9.49 .002
ULTA .62 1 388.11 .001
VCAR .03 1 17.62 .001
PMD .01 1 8.75 .001
WYNN .06 3 94.85 0
ULTA .05 12 388.11 0
WYNN .04 4 94.85 0
VALN .03 1 42.49 0
BLNK .02 12 39.07 0
RTLR .01 8 11.67 0
INFL .01 2 31.73 0
HDGE .01 1 23.87 0
DFP .01 2 28.77 0
WMPN 0 4 12.32 0
QQC 0 1 33.7678 0
QADB 0 4 87.54 0
PAE 0 1 9.92 0
NLSP 0 1 2.18 0
LHAA 0 1 9.85 0
HWBK 0 1 24.42 0
EPAY 0 1 48.13 0
DVD 0 1 2.28 0
NSYS -.12 1 10.8999 -.011
