EJH 5.21 6 2.15 14.538
SCPS 3.34 7 2.48 9.422
LAIX 1.72 4 0.86 8.000
AACG 2.14 5 1.64 6.520
EEIQ 4.33 5 3.57 6.060
NVOS 1.65 5 1.44 5.725
CPOP 2.34 5 2.05 5.705
AUVI 2.32 9 4.62 4.518
DPW 1.56 5 1.78 4.380
VVOS 1.65 6 2.55 3.882
EYES 1.22 6 1.98 3.696
NRXP 2.89 8 6.68 3.456
VRPX 1.77 9 4.68 3.402
JZXN 1.63 4 1.93 3.376
NEGG 3.07 20 18.43 3.320
JAN 3.24 5 4.88 3.315
HX 1.40 6 2.95 2.844
JG 1.30 3 1.42 2.745
SIEB 1.53 5 2.81 2.720
NAOV .27 11 1.09 2.717
KOSS 5.35 7 14.03 2.667
FCEL .18 130 8.68 2.600
AAME 1.97 5 3.9 2.525
TYME .45 4 0.735 2.448
CEMI .60 8 2.04 2.352
BSQR .35 13 1.94 2.340
NURO 1.47 11 6.94 2.321
IRNT 3.02 6 8.04 2.250
AGRI .95 5 2.15 2.205
DWAC 30.01 3 41.39 2.175
INDP 2.52 5 5.95 2.115
BBIG .30 21 3.04 2.058
CARV 3.92 6 11.73 2.004
AMC 1.21 57 33.94 1.995
OCGN 1.04 12 6.34 1.968
MRIN 2.01 5 5.17 1.940
RMED .72 6 2.23 1.932
SPCE 1.26 24 16 1.872
SGOC 1.19 9 6.2 1.719
RETO .72 2 0.85 1.694
AREC .62 5 1.88 1.645
PHUN .40 12 2.91 1.644
MARK .46 4 1.13 1.628
ANY .38 19 4.68 1.539
LMNL .65 3 1.28 1.521
ANPC 1.24 2 1.68 1.476
BTBT 1.45 10 9.84 1.470
CSCW .39 2 0.5504 1.416
SAVA 2.72 28 53.49 1.400
JCS 1.40 3 3.04 1.380
NMRD 1.66 4 4.85 1.368
EVK .60 6 2.63 1.368
SPRT .81 20 11.8 1.360
SSY .91 3 2.01 1.356
TAOP 1.35 3 3 1.350
AUUD .41 7 2.15 1.330
NCTY 2.63 5 9.99 1.315
PBTS 1.24 1 0.9505 1.304
WAVE 1.72 5 6.64 1.295
BIDU 1.78 117 149.84 1.287
PMCB 1.11 3 2.59 1.284
WAFU 1.50 4 4.695 1.276
PRFX .57 4 1.79 1.272
CTIB .40 5 1.58 1.265
ALYA .77 4 2.43 1.264
FTEK .69 3 1.64 1.260
SNAP .57 113 47.61 1.243
BLIN .41 8 2.66 1.232
GME 2.99 82 196.21 1.230
DLPN 2.14 5 8.76 1.220
BNTC 1.24 3 3.06 1.215
GRTS 2.64 6 13.2 1.200
MOXC 1.33 4 4.44 1.196
SYPR .80 4 2.68 1.192
CETX 1.20 1 1.02 1.176
WORX .44 4 1.5 1.172
HGSH 1.16 2 1.98 1.170
ERYP .79 4 2.72 1.160
ACRS 2.12 7 12.8 1.155
SNOA 1.51 4 5.3 1.136
GRTX .50 3 1.32 1.134
NVFY .73 3 1.95 1.122
IGC .49 3 1.31 1.122
TPST 2.19 5 9.9 1.105
RNXT 1.96 4 7.08 1.104
BNGO .36 12 3.91 1.104
CRTD .39 7 2.52 1.078
HOFV .98 2 1.86 1.052
FULC 2.54 6 14.5 1.050
STAF .58 2 1.11 1.044
RIDE .68 7 4.68 1.015
UPC .73 3 2.16 1.011
NIO .53 77 39.13 1.001
LODE .56 3 1.69 .993
YJ .40 2 0.8102 .986
DYNT .22 5 1.12 .980
NBRV .76 1 0.7789 .975
CNET 1.11 1 1.14 .973
BB .84 11 9.52 .968
CHCI 1.54 3 4.78 .966
MTSL 1.08 3 3.37 .960
SOS .61 2 1.28 .952
LHDX 1.58 4 6.72 .940
WHLM 1.20 4 5.11 .936
ANVS 3.73 6 24.06 .930
SPCB .32 2 0.6879 .930
IMPL 1.70 5 9.24 .915
PALI .71 3 2.33 .912
OSAT 1.21 3 4.03 .900
PTIX .84 2 1.88 .892
IDEX .36 4 1.61 .892
CANF 1.04 1 1.2 .866
MVIS 1.17 5 7.08 .825
SJ 1.24 4 6.05 .816
TERN 1.53 4 7.55 .808
MEDS .53 5 3.31 .800
HCWB 1.14 2 2.87 .794
KALV 1.44 8 14.5 .792
ASM .69 1 0.876 .787
BBBY .90 16 18.33 .784
MBRX .81 2 2.07 .782
PPSI 1.11 7 10.11 .763
DBGI .42 5 2.75 .760
HOOD 1.41 14 25.94 .756
LIZI .40 4 2.12 .752
VTNR .37 10 4.92 .750
VERY 1.39 4 7.43 .748
WEI .57 1 0.7634 .746
ACIU 1.91 2 5.13 .744
AQMS .39 3 1.57 .744
EYEG 1.45 1 1.95 .743
CBAT .50 3 2.02 .741
WBX 8.99 1 12.42 .723
EBET 3.45 6 28.94 .714
ORPH .57 4 3.24 .700
VYGR 1.06 2 3.04 .696
DTST .84 3 3.63 .693
ZKIN .71 2 2.07 .684
XTLB 1.09 2 3.2 .680
MOHO .11 3 0.485 .678
SPI .89 4 5.25 .676
MNOV .74 3 3.28 .675
GROM .76 2 2.25 .674
XPEV .46 84 55 .672
OPAD 1.25 4 7.5 .664
TIGR .50 8 6.04 .656
HTBX 1.46 2 4.49 .650
RFL .71 5 5.49 .645
EXPR .47 5 3.64 .645
ZEV 1.17 4 7.27 .640
ADGI 2.98 10 47.04 .630
IPHA .78 4 4.96 .628
ACOR .41 4 2.6 .628
ABUS .67 3 3.2 .627
EVOL .74 2 2.37 .624
VERB .12 8 1.53 .624
ENVB .27 3 1.3 .621
AVXL 2.41 5 19.4 .620
GOVX .36 7 4.13 .609
NRBO .49 2 1.61 .608
ALEC 2.10 6 20.65 .606
COHN 1.95 5 16.0542 .605
GNLN .36 2 1.2 .600
HGEN 1.21 3 6.06 .597
BABA .77 99 127.53 .594
KXIN .17 6 1.71 .594
LGHL .30 4 2.04 .588
GFAI .51 2 1.74 .586
LEDS 1.24 3 6.44 .576
SCKT .74 4 5.11 .576
ONCS .68 1 1.18 .576
ALF 1.08 2 3.78 .570
RSLS .27 4 1.89 .568
NVAX 9.95 12 208.63 .564
RCON .51 2 1.81 .562
AUPH 1.51 7 18.84 .560
FLGC .19 6 2.03 .558
KNBE 1.80 7 22.56 .553
AMBO .61 1 1.11 .549
OBLN .56 3 3.05 .549
OPTT 1.10 1 2.02 .544
WINT .31 3 1.71 .543
DTSS .87 1 1.61 .540
OLB .77 3 4.29 .537
AYRO .60 2 2.26 .530
CHNR .12 4 0.9023 .528
ZCMD 1.01 1 1.92 .526
ATXI .74 1 1.41 .524
HUSN .29 4 2.2 .524
GLSI 3.27 5 31.43 .520
JFU .22 3 1.27 .519
WHLR .54 2 2.09 .516
ACY .99 19 35.4 .513
MINM .32 2 1.2497 .512
PENN 2.65 10 51.23 .510
APRE .69 3 4.04 .510
BCRX .62 10 12.06 .510
APTO .28 4 2.2 .508
XELB .34 2 1.34 .506
LWAC 1.73 5 16.98 .505
GEG .90 1 1.78 .505
UONE .37 7 5.07 .504
OTLK .38 2 1.51 .502
GALT .44 3 2.63 .501
CRIS 1.20 2 4.88 .490
XELA .09 7 1.27 .490
BYSI 1.25 5 12.77 .485
PIRS .23 7 3.3 .483
WPRT .58 2 2.4 .482
UAVS .36 3 2.26 .477
ENG .30 3 1.88 .477
AVGR .04 7 0.5815 .476
NVDA 1.25 158 326.76 .474
LEXX .84 3 5.3 .474
WISH .58 3 3.73 .465
ENTX .77 2 3.34 .460
ATOS .21 5 2.27 .460
LGVN 4.01 3 26.26 .456
ENSC .72 1 1.58 .455
SGBX .32 3 2.11 .453
NKLA .31 15 10.22 .450
GRVI .74 3 4.94 .447
WNW 1.34 1 3.02 .443
ADMP .36 1 0.82 .439
BILI 1.28 23 66.01 .437
HAPP .30 1 0.688 .436
RHE 1.27 2 5.88 .430
BPTH .95 2 4.43 .428
MVST .61 6 8.49 .426
WATT .32 2 1.5 .426
MQ 1.18 7 19.66 .420
AVIR 1.14 3 8.09 .420
GTEC .80 4 7.67 .416
SDC .64 2 3.07 .416
ZG 3.78 6 54.11 .414
TQQQ .58 138 163.49 .414
KTTA 1.49 1 3.61 .412
ATNF .66 4 6.38 .412
UFAB .46 2 2.24 .410
SLS .69 4 6.74 .408
DQ 3.36 7 57.34 .406
SLGG .64 2 3.15 .406
NNOX 1.69 5 20.63 .405
DYAI .51 3 3.76 .405
MARA 1.03 20 51.07 .400
BGFV .97 10 23.73 .400
PSTV .60 1 1.5 .400
OBSV .18 5 2.24 .400
CERE 1.78 7 31.19 .399
TRCH .98 2 4.95 .394
KMPH 1.03 3 7.83 .393
ADMA .54 1 1.38 .391
LIFE 1.09 3 8.34 .390
BTCM .72 4 7.38 .388
OSMT .13 4 1.33 .388
MTP .56 1 1.46 .383
MRAM 2.30 2 12.09 .380
TRIT .34 5 4.44 .380
RKDA .49 1 1.29 .379
RAPT 1.77 7 32.65 .378
LYEL 1.21 3 9.55 .378
BTX 1.13 2 5.95 .378
DWSN .44 2 2.32 .378
BKKT 2.95 2 15.61 .376
ARAV 1.21 1 3.22 .375
AVCT .60 1 1.61 .372
AGEN .10 12 3.15 .372
EYPT 5.86 1 15.8 .370
ENOB .94 5 12.55 .370
BHTG .33 1 0.8999 .366
NEXT .29 4 3.18 .364
GDEV .87 3 7.2 .360
DDD .70 12 22.78 .360
BODY .47 2 2.6 .360
NTRB 1.15 2 6.42 .358
LAZR 1.16 5 16.3 .355
BON .62 3 5.25 .354
FGEN 1.47 3 12.51 .351
MTL .08 13 2.87 .351
APPS 3.13 6 53.06 .348
ISPC 1.61 4 18.47 .348
RLMD 1.57 4 17.86 .348
VNET 1.13 3 9.72 .348
IPA 1.04 2 6 .346
GMBL .88 2 5.06 .346
IFRX .58 3 5.01 .345
IMTX .98 4 11.37 .344
VTSI .56 4 6.47 .344
LCID 2.05 9 52.98 .342
GEVO .49 4 5.75 .340
CTSO .42 4 4.92 .340
OXBR .30 5 4.36 .340
GRU 1.51 1 4.4456 .339
VOXX 1.16 3 10.29 .336
VIVE .26 2 1.54 .336
PLG .24 3 2.14 .336
XBIO .06 8 1.42 .336
LMFA .35 5 5.28 .330
MITO .28 1 0.85 .329
ARPO .72 1 2.2 .327
PRPL .68 5 10.32 .325
IMMR .33 6 6.01 .324
ADIL .45 2 2.78 .322
IMMP .16 7 3.43 .322
AFRM 2.60 16 126.68 .320
GPN 3.54 11 119.04 .319
LJPC .62 2 3.9 .316
APOP .84 5 13.17 .315
M .62 15 28.5 .315
EVGO .57 7 12.53 .315
TSLA 2.96 157 1144.76 .314
BBLG 1.14 1 3.63 .314
OCX .70 1 2.25 .311
ENZ .54 2 3.48 .310
CLF .57 11 20.35 .308
HUGE .37 1 1.2 .308
GSM .27 7 6.01 .308
SPLK 6.20 6 121 .306
MDIA .50 3 4.9 .306
MRKR .36 1 1.18 .305
DOCS 2.62 8 67.65 .304
ONCT .45 2 2.95 .304
JRJC .67 3 6.57 .303
CCXI 3.66 3 36.28 .300
NNDM .48 3 4.79 .300
KBSF .46 2 3.05 .300
QFIN .77 9 23.28 .297
TATT .65 3 6.54 .297
TELL .11 9 3.26 .297
IMNM 1.42 4 18.95 .296
KURA 1.04 4 13.96 .296
ZLAB 3.42 6 69.25 .294
SOFI .73 7 17.2 .294
INFI .16 4 2.17 .292
BFRI 1.74 1 5.99 .290
AEHR .19 29 17.42 .290
SKLZ .67 4 9.29 .288
PME .26 1 0.9 .288
SBEA 1.45 2 10.12 .286
KODK .86 2 5.99 .286
CLSD .35 3 3.67 .285
ALDX 1.09 2 7.67 .284
MOSY .55 2 3.9 .282
NEPT .07 2 0.4952 .282
NVCR 2.63 10 93.64 .280
ASTR .62 5 10.97 .280
STG 1.13 1 4.04 .279
NNVC .44 3 4.72 .279
EOSE 1.39 2 9.95 .278
CRDF .78 2 5.62 .276
SALM .20 4 2.89 .276
SNMP .11 2 0.7971 .276
ALTO .29 5 5.21 .275
VLDR .76 2 5.52 .274
TASK 1.74 7 44.55 .273
BRLT 2.17 2 15.89 .272
ZM 3.91 15 211.41 .270
KSS 1.57 9 51.23 .270
VBLT .21 3 2.32 .270
CMMB 1.24 2 9.25 .268
IGIC .70 3 7.88 .264
FCX .41 24 37.08 .264
WIMI .27 4 4.09 .264
DARE .47 1 1.8 .261
RSKD 1.24 2 9.49 .260
OCUP .51 2 3.91 .260
ZY .78 3 9.06 .258
SNES .16 2 1.24 .258
RAIL .24 4 3.74 .256
DBVT .07 11 3 .253
BNR 1.30 3 15.46 .252
MTTR .71 12 32.38 .252
BNTX 3.58 25 351.74 .250
ME .34 6 8.22 .246
NLS .84 2 6.85 .244
CPIX .61 2 5.03 .242
TEDU .09 2 0.740016 .242
DDS 6.58 10 273.9 .240
FIGS 1.33 6 33.24 .240
VERU .45 4 7.5 .240
CARA 1.57 2 13.18 .238
ABSI 1.25 2 10.55 .236
UPST 2.84 18 204.89 .234
ATAI 1.29 2 10.98 .234
SQBG .73 2 6.24 .232
PBR .31 8 10.67 .232
CHGG 2.17 3 27.85 .231
DLO 1.53 5 33.2 .230
AMD 1.96 19 158.37 .228
EZFL .57 1 2.49 .228
OVID .38 2 3.35 .226
ORGS .70 1 3.1 .225
ERJ .35 9 13.73 .225
GPS .54 7 16.53 .224
ORMP .27 16 19.22 .224
CLPS .57 1 2.55 .223
CLPS .57 1 2.55 .223
MRNA 2.43 37 352.43 .222
EXPI 1.38 6 36.71 .222
JFIN .36 2 3.2252 .222
CCJ .52 10 23.18 .220
AKTX .36 1 1.63 .220
BIOC .22 4 3.95 .220
W 6.80 8 247.84 .216
LOOP .74 4 13.64 .216
EVGN .43 1 1.99 .216
TSP 1.75 5 39.99 .215
AZYO 1.08 1 5.02 .215
FB .68 107 324.46 .214
MESO .65 2 6.05 .214
DELL 1.75 7 56.47 .210
CPE 1.54 7 50.84 .210
SE 3.98 16 288.07 .208
CVV .46 2 4.41 .208
OCG .23 4 4.35 .208
FENG .11 2 1.05 .208
OCG .07 13 4.35 .208
MDNA .05 8 1.88 .208
CELC 1.05 3 15.1 .207
PLUG .92 9 39.85 .207
HOL .84 3 12.35 .204
OSTK 2.60 7 89.26 .203
FSTX 1.04 1 5.14 .202
IMV .15 2 1.51 .198
CELH 1.96 7 68.41 .196
EDSA 1.24 1 6.32 .196
DNUT .42 7 14.55 .196
CHMA .37 2 3.76 .196
DUOL 7.27 3 110.19 .195
STEM .68 6 21.22 .192
CAN .43 4 8.79 .192
ENSV .20 1 1.05 .190
AMEH 2.05 9 93.67 .189
AMTX 1.20 3 18.76 .189
IONQ .65 7 23.82 .189
AESE .35 1 1.85 .189
AMZN 8.00 94 3507.07 .188
CGC 1.01 2 10.71 .188
NTEC .46 4 9.63 .188
MOGO .24 4 5.1 .188
TWTR 1.40 6 43.94 .186
SQ 1.73 23 208.33 .184
JWN .98 4 21.17 .184
TLRY .47 4 10.12 .184
TGTX .93 3 15.2 .183
HUYA .53 3 8.61 .183
ASAN 1.51 13 103.95 .182
FOSL 1.09 2 11.95 .182
PRTA 1.04 9 50.15 .180
NIU .93 4 20.34 .180
KULR .13 5 3.53 .180
AXLA .26 2 2.92 .178
SKT 1.17 3 19.81 .177
MITQ .36 1 2.03 .177
ARVN 1.91 7 75.61 .175
LYFT 1.43 5 40.61 .175
ACHL .89 1 5.1 .174
CLII .84 3 14.36 .174
BWAY .68 2 7.77 .174
RIG .09 6 3.02 .174
GTT .41 1 2.36 .173
BLUW .83 2 9.63 .172
GSAT .12 2 1.39 .172
DKS 1.27 17 117.56 .170
GIII 1.02 5 29.64 .170
PUBM 6.66 1 39.37 .169
BYND 2.00 6 70.26 .168
DKNG .99 6 34.55 .168
ISEE .62 4 14.62 .168
ACB .36 3 6.42 .168
SCYX .31 4 7.38 .168
NBEV .19 1 1.13 .168
TOST 3.31 2 39.99 .164
NVTS 1.62 2 19.61 .164
LBPH .92 1 5.595 .164
GTIM .74 1 4.51 .164
DMAC .31 2 3.74 .164
AEY .31 1 1.88 .164
TENX .21 1 1.28 .164
SEMR 1.11 3 20.52 .162
SOHU .47 6 16.87 .162
AAL .32 9 17.69 .162
GENE .13 3 2.39 .162
EDTK .10 2 1.22 .162
IAC 3.19 7 133.65 .161
ZIM 1.29 7 55.28 .161
SHOP 25.38 10 1521.79 .160
MSTR 14.75 8 721.43 .160
PDD 2.15 5 66.5 .160
IRDM 1.55 4 38.45 .160
AA .78 10 46.53 .160
NETE 1.04 2 13.09 .158
NEWR 2.93 6 110.83 .156
DE 4.88 11 345.54 .154
BKYI .19 2 2.46 .154
FUBO 1.01 3 19.62 .153
COTY .19 8 9.73 .152
FUV .77 2 10.23 .150
FBRX .40 1 2.66 .150
SSKN .22 1 1.475 .149
VCVC 1.46 1 9.85 .148
SCR 1.05 5 35.58 .145
MAT .63 5 21.21 .145
DPST 2.33 3 47.66 .144
FLGT 2.27 6 93.52 .144
RBLX 1.60 12 126.1 .144
APP 1.46 9 91.11 .144
HHR 1.02 8 54.95 .144
DRN .60 6 24.33 .144
HNST .41 3 8.54 .144
WTER .09 2 1.25 .144
SRNE .85 1 5.96 .142
SSNT .34 2 4.73 .142
SIF 1.16 1 8.22 .141
SAM 9.40 7 451.17 .140
RL 2.39 7 116.04 .140
DAL 1.02 5 36.2 .140
ENLV .49 2 7 .140
VIH 1.31 1 9.36 .139
NGM 1.25 2 18.02 .138
AUTL .30 3 6.43 .138
PRPO .09 3 1.94 .138
HIPO .25 2 3.66 .136
XAIR 1.97 1 14.5 .135
EDIT 1.47 3 32.66 .135
RIOT 1.02 5 37.37 .135
PBLA .25 1 1.85 .135
BGI .19 3 4.15 .135
CPSH .51 1 3.78 .134
DNA 1.58 1 11.87 .133
CIEN .44 19 60.23 .133
ATIF .43 1 3.2161 .133
LUV .99 6 44.4 .132
SONO .70 6 31.65 .132
CIFR .35 3 7.89 .132
NXTP .14 1 1.06 .132
CALA .11 1 0.8276 .132
TDC 1.17 5 43.42 .130
CRON .12 5 4.53 .130
AEI .09 2 1.37 .130
SHEN 1.11 3 25.39 .129
TESS .34 2 5.3 .128
PETZ .17 4 5.17 .128
SSL .14 16 16.28 .128
DLTR 1.90 9 133.83 .126
CLDX 1.61 3 38.1 .126
JD 1.56 7 84.11 .126
MRUS 1.10 3 26.01 .126
LI .76 6 35.44 .126
AFMD .43 2 6.82 .126
UWMC .29 3 6.89 .126
MRO .12 18 15.49 .126
THCB 1.25 1 10 .125
VIR 1.21 5 47.42 .125
CCL .45 5 17.62 .125
TISI .17 1 1.35 .125
FRD 1.28 1 10.26 .124
CMTL 3.13 1 25.39 .123
TVTX 1.19 3 28.55 .123
HJLI 1.27 1 10.38 .122
TAL .32 2 5.18 .122
FENC .27 2 4.39 .122
BCLI .46 1 3.8 .121
SI 4.14 6 204.48 .120
ALLO 1.11 2 18.49 .120
LEGN 1.04 6 51.51 .120
CYTK .96 5 39.34 .120
MAXR .83 4 27.53 .120
LAC .61 8 39.31 .120
ACI .44 10 35.19 .120
IKT .24 1 2 .120
SBBP .12 2 2 .120
CPG .09 6 4.31 .120
KR .30 17 41.53 .119
KZR .82 2 13.86 .118
LIVE 1.37 3 34.46 .117
SFIX 1.46 2 24.9 .116
RRGB .96 2 16.3 .116
BZUN .80 2 13.79 .116
OPNT .73 4 24.39 .116
VSCO 1.29 5 54.28 .115
JKS 1.23 5 52.28 .115
RUN 1.10 5 46.04 .115
BZ 1.22 3 31.98 .114
FTCH .67 6 34.41 .114
EQOS .46 1 4.01 .114
ULBI .31 2 5.35 .114
MSFT .39 113 330.59 .113
MBII .08 1 0.7056 .113
CAT 2.86 8 193.35 .112
VMW 1.91 7 116.74 .112
MSGE 1.88 4 66.12 .112
GH 1.57 8 105.12 .112
CAH 1.34 4 46.23 .112
GRVY 1.33 7 78.51 .112
JPM 1.29 14 158.83 .112
DDL 1.22 2 21.73 .112
CRCT .70 4 24.97 .112
CLOV .28 2 4.96 .112
IRIX .18 4 6.25 .112
SBS .09 8 6.02 .112
AEMD .09 3 2.43 .111
LAD 6.41 5 291.33 .110
DPZ 5.62 11 524.14 .110
DASH 2.11 10 178.77 .110
JRVR 1.48 2 26.44 .110
MOS .76 5 34.22 .110
GAME .43 1 3.88 .110
LC .39 10 32.72 .110
LIVX .17 2 3.07 .110
VLO 1.86 4 66.94 .108
DIS 1.86 9 144.9 .108
DOCN 1.31 9 100.81 .108
HCM .93 4 33.86 .108
BKE .89 6 47.04 .108
UBER .71 6 38 .108
GP .49 3 13.49 .108
FFHL .44 2 8.06 .108
AAPL .32 108 165.3 .108
TTCF .86 2 16.09 .106
BQ .08 2 1.5 .106
RGEN 4.41 7 286.5 .105
RMBL 1.41 3 39.45 .105
NFLX .76 105 641.9 .105
ORCL .36 35 90.74 .105
AN 1.67 8 123.85 .104
APXT 1.27 1 12.11 .104
ANIX .38 1 3.64 .104
GKOS 4.45 1 43.03 .103
XM 1.66 2 32.36 .102
EAT 1.21 3 34.6 .102
BFLY .72 1 7.05 .102
PATI .50 2 9.75 .102
ACMR 1.83 5 87.42 .100
CREE 1.64 5 79.12 .100
AEO 1.32 2 25.89 .100
FLWS .75 4 29.78 .100
SLB .58 5 28.68 .100
EQ .53 1 5.25 .100
REGN 7.44 9 636.53 .099
BIGC 4.50 1 45.27 .099
CNC 2.42 3 71.41 .099
PYPL 2.14 9 184.89 .099
LAW 1.23 3 36.7 .099
ON .73 9 61.43 .099
EOLS .55 1 5.54 .099
TWST 1.37 7 95.5 .098
ARMP .49 1 4.96 .098
FISV 1.64 6 96.52 .096
SKX 1.09 4 44.92 .096
PINS 1.00 4 40.06 .096
BTWN .95 1 9.84 .096
TTD .92 12 103.42 .096
HOG .90 4 36.63 .096
ZNGA .15 4 6.03 .096
XBI 2.27 5 116.27 .095
USB 1.06 5 55.34 .095
MFNC 1.02 2 21.5 .094
YEXT .91 1 9.66 .094
ARCE .89 2 18.72 .094
YPF .17 2 3.58 .094
U 5.45 3 172.39 .093
PTGX 1.05 3 33.62 .093
CLNE .67 1 7.17 .093
YMM .58 2 12.51 .092
UAA .56 4 23.59 .092
RCAT .10 2 2.17 .092
XPDI .09 13 12.78 .091
BIIB 3.69 6 235.74 .090
BHVN 2.12 5 112.24 .090
KMB 1.96 6 130.31 .090
TMUS 1.73 6 108.81 .090
BBY 1.65 6 106.86 .090
PFGC 1.21 3 40.31 .090
SPTN .74 3 23.93 .090
VNE .55 6 35.6 .090
MDB 5.88 8 498.1 .088
LOW 2.16 11 244.59 .088
COUR 1.32 2 29.99 .088
VMEO .85 2 19.31 .088
IS .76 1 8.58 .088
CREX .15 1 1.69 .088
ABCL 1.31 1 14.96 .087
OVV 1.01 3 34.76 .087
AMRS .60 1 6.86 .087
CHRA .40 1 4.59 .087
GGAL .26 3 8.68 .087
FLO .45 5 25.82 .085
DUOT .40 1 4.6799 .085
ROKU 2.89 7 227.61 .084
MDT 1.53 6 106.7 .084
TJX 1.03 6 69.4 .084
INTC .70 6 49.2 .084
KO .64 7 52.45 .084
SILK .52 7 40.58 .084
LTHM .19 14 30.29 .084
BCYC 1.49 3 53.75 .081
SBTX .57 1 7.03 .081
CSCO .51 9 54.84 .081
PFE .50 9 53.73 .081
SIVB 7.01 8 692.33 .080
PKG 2.17 5 130.59 .080
V 2.00 8 193.77 .080
CRNC 1.55 4 75.18 .080
A 1.31 10 150.9 .080
C 1.06 5 63.7 .080
IMAB 1.00 5 60.46 .080
FL .92 4 45.64 .080
PTON .74 5 44 .080
K .49 10 61.18 .080
APT .45 1 5.57 .080
KZIA .41 2 10.03 .080
CNFR .10 2 2.44 .080
MFGP .08 5 4.76 .080
GBR .24 1 3.03 .079
KRYS 6.33 1 80.55 .078
IWM 2.93 6 218.17 .078
WFC .66 6 47.78 .078
SLV .56 3 21.06 .078
RVI .24 2 6.08 .078
EL 3.86 7 332.07 .077
MA 3.58 7 314.92 .077
GDYN 3.03 1 39.23 .077
LMT 2.51 11 333.32 .077
SPG 1.69 7 152.84 .077
COP .80 7 70.13 .077
BJ .79 7 66.15 .077
ROST 2.08 4 109.09 .076
STRO .65 2 17.08 .076
HPQ .55 5 35.28 .075
GURE .46 1 6.12 .075
SLHG .10 1 1.32 .075
VTGN .03 5 1.93 .075
DXC 1.11 2 29.99 .074
MYGN .98 2 25.86 .074
PLTR .77 2 20.65 .074
INM .14 1 1.9 .073
ENPH 3.10 6 250 .072
ABNB 1.72 8 172.54 .072
PLCE 1.60 4 86.53 .072
FATE 1.36 3 55.01 .072
IBM 1.03 9 117.1 .072
LOGI .99 6 79.7 .072
SJM .78 12 126.47 .072
T .56 3 22.83 .072
IRCP .04 4 2.2 .072
TBLA .70 1 9.85 .071
ASML 4.12 14 791.51 .070
TTC 1.42 5 100.56 .070
DFH 1.18 1 16.77 .070
SMLP 1.07 2 29.88 .070
MS .74 10 94.82 .070
VRNT .69 5 47.59 .070
GT .30 5 20.11 .070
FFIE .22 2 6.15 .070
XMTR 3.46 1 49.71 .069
MO 1.00 3 42.64 .069
SM .68 3 29 .069
MRTN .38 3 16.08 .069
TSN 1.42 4 78.96 .068
APPN 1.29 4 74.35 .068
DOMO 1.26 4 72.35 .068
WMT .68 17 140.63 .068
ORGO .35 2 10.06 .068
THC 4.91 1 72.87 .067
VIPS .66 1 9.77 .067
UNH 3.07 11 444.22 .066
SPT 1.25 6 111.68 .066
CHKP 1.25 6 111.31 .066
WOOF .43 3 19.17 .066
THTX .22 1 3.3 .066
EKSO .11 2 3.25 .066
SWN .10 3 4.48 .066
WSM 2.54 5 194.84 .065
CLSK 1.17 1 17.78 .065
CTRN 1.11 5 84.8 .065
LL 1.01 1 15.34 .065
ATVI .81 5 58.6 .065
PPBT .26 1 3.97 .065
SNOW 2.91 8 340.15 .064
AMKR .70 2 21.56 .064
HWCC .34 1 5.3 .064
SITM 2.97 7 298.48 .063
GS 2.93 9 380.99 .063
LLY 2.28 7 248.04 .063
ROLL 1.78 7 197.69 .063
ABT 1.14 7 125.77 .063
STX .76 9 102.67 .063
CRMT .72 9 98.14 .063
CHPT .54 3 25.52 .063
CYTH .34 1 5.39 .063
EDU .14 1 2.21 .063
RRD .10 7 10.56 .063
SUPN .95 2 29.97 .062
GNOG .78 1 12.47 .062
TME .45 1 7.19 .062
OXY .06 31 29.65 .062
MNSO .82 1 13.3 .061
GMTX .17 1 2.76 .061
SNPS 3.69 6 341 .060
SEDG 3.56 6 327.76 .060
NXPI 2.38 6 223.36 .060
KYMR 1.69 2 55.52 .060
CM 1.34 5 111.47 .060
FANG 1.07 6 106.73 .060
BEKE .61 2 20.01 .060
CSIQ .58 4 37.94 .060
RSI .55 2 17.84 .060
FLXN .55 1 9.12 .060
KHC .53 4 33.61 .060
BAC .47 6 44.47 .060
XOM .38 10 59.84 .060
FRO .04 12 6.85 .060
UAL 1.24 2 42.26 .058
EQT .58 2 19.43 .058
KMX 2.82 3 141.25 .057
FITB .82 3 42.15 .057
SBH .38 3 19.59 .057
OEG .14 1 2.45 .057
INTU 4.61 8 652.3 .056
ADSK 2.04 7 254.19 .056
HON 1.76 7 202.24 .056
WM 1.17 8 160.67 .056
AMAT 1.16 8 147.19 .056
SCHW 1.13 4 77.39 .056
MU .75 7 84 .056
BLNK .18 14 38.43 .056
AMGN 2.27 5 198.88 .055
GWRE 1.30 5 116.34 .055
FA .96 1 17.34 .055
OTIS .91 5 80.4 .055
GBS .11 1 1.98 .055
ITRO .07 1 1.27 .055
RNG 11.84 1 215.98 .054
LII 2.97 6 309.02 .054
DG 2.15 6 221.3 .054
COIN 2.02 9 315 .054
TSCO 1.52 9 225.33 .054
ECOM 1.37 1 25.01 .054
LPX 1.24 3 65.35 .054
TAP 1.23 2 44.44 .054
HAS .94 6 96.91 .054
GE .86 6 94.99 .054
SWI .79 1 14.4 .054
ACH .67 1 12.33 .054
KIRK .60 2 21.59 .054
MRK .50 9 74.91 .054
CFLT 4.09 1 78.02 .052
COF 1.87 4 140.53 .052
TRI 1.63 4 119.56 .052
YETI 1.27 4 92.16 .052
NTAP 1.16 4 88.88 .052
INCY .93 4 67.72 .052
APG .62 2 23.31 .052
RKT .41 2 15.5 .052
PDCO .41 4 31.47 .052
VXX .35 4 25.46 .052
EVA 3.59 1 70.03 .051
TSC 1.55 1 29.91 .051
NFE 1.27 1 24.89 .051
AGNC .26 3 15.29 .051
STE 2.26 5 218.53 .050
TNA .83 5 80.79 .050
XONE .67 2 26.7 .050
CUE .62 1 12.26 .050
MMM 1.20 7 170.04 .049
GIS .46 7 61.77 .049
VIEW .21 1 4.22 .049
ADBE 4.59 8 669.85 .048
ZS 2.89 6 346.97 .048
KEYS 2.52 4 194.48 .048
WDAY 2.46 6 274.23 .048
EA 1.51 4 124.22 .048
STT 1.48 3 88.97 .048
TGT 1.06 12 243.84 .048
MNST 1.05 4 83.78 .048
EPU .48 3 28.64 .048
ARMK .42 4 33.4 .048
XLE .34 8 54.59 .048
MOMO .19 3 11.57 .048
SNDL .03 1 0.6218 .048
LSI 3.13 2 132.14 .046
JBL 1.39 2 58.46 .046
ERF .44 1 9.44 .046
CI 1.83 5 191.9 .045
CVS 1.40 3 89.06 .045
OKE .92 3 59.84 .045
NKE .92 9 169.24 .045
GM .87 3 57.87 .045
PG .85 9 144.58 .045
PSTG .49 3 30.97 .045
AZN .18 15 54.83 .045
ET .08 5 8.42 .045
PKI 2.16 4 182.16 .044
DAVA 1.77 4 156.54 .044
GLD .70 11 165.5 .044
RF .52 2 22.75 .044
TTM .13 11 30.54 .044
VSTM .06 2 2.67 .044
SANA .82 1 19.01 .043
NPTN .67 1 15.37 .043
PANW 23.18 1 546.94 .042
CAR 6.00 2 274.59 .042
ANTM 2.99 6 406.23 .042
LIN 1.99 7 318.14 .042
AXP 1.07 6 152.3 .042
EGRX 1.01 2 47.68 .042
ABBV .83 6 115.28 .042
RY .61 7 99.03 .042
TBIO .53 3 37.36 .042
BBWI .53 6 75.13 .042
ANF .52 3 36 .042
MRVL .51 6 71.17 .042
ATHM .49 3 34.17 .042
NOK .04 6 5.6 .042
AAP 1.79 5 220.72 .040
BURL 1.68 8 293.13 .040
ESTC 1.65 4 155.46 .040
ALC 1.58 2 78.4 .040
BLFS 1.55 1 38.16 .040
ADI 1.48 5 180.25 .040
UHS 1.30 4 118.73 .040
OLLI 1.29 2 61.89 .040
DD .80 4 73.96 .040
BP .28 4 25.96 .040
KDMN .10 4 9.5 .040
VGR .61 1 15.54 .039
WGO 1.39 2 72.22 .038
LZB .64 2 33.39 .038
GPK .38 2 19.74 .038
HMHC .31 2 15.56 .038
FCBP 1.08 1 29.1 .037
COST 2.55 9 539.38 .036
HCA 2.20 4 225.59 .036
CLX 1.52 4 162.85 .036
KNL .92 1 25.04 .036
LESL .77 1 20.96 .036
DEN .72 4 79.62 .036
HNP .33 2 17.77 .036
SPWH .22 3 17.03 .036
ALAC .21 2 11.61 .036
GRUB .15 3 12.46 .036
PCTY 8.94 1 252.34 .035
LH 1.59 7 285.33 .035
TTWO 1.26 5 165.88 .035
UPS 1.15 7 198.37 .035
PEP 1.13 5 159.78 .035
SRNG .41 1 11.42 .035
IRTC 3.69 1 105.6 .034
AZO 6.70 11 1817.07 .033
CRM 1.06 11 284.96 .033
QCOM .61 11 180.56 .033
BKNG 10.17 8 2101.85 .032
LITE 1.46 2 86.77 .032
MCD .98 8 244.6 .032
HD .98 16 400.61 .032
CTKB .66 1 20.17 .032
CL .61 4 75.02 .032
MPC .54 4 60.85 .032
D .31 8 71.2 .032
TEO .08 2 4.85 .032
ALZN .07 1 2.14 .032
RMD 8.09 1 254.85 .031
FOE .67 1 21.12 .031
PCVX .65 1 20.38 .031
BLK 6.24 5 904.61 .030
PWR 3.42 1 113.78 .030
AKAM 1.20 3 112.7 .030
INMD 1.16 2 76 .030
NEE .59 5 86.78 .030
XLF .58 2 37.96 .030
ACHV .11 2 7.2 .030
GOOG 3.73 28 2849.04 .028
RTX 1.21 2 80.92 .028
BLDR 1.03 2 69.44 .028
VZ .73 2 50.27 .028
FLOW .63 4 83.51 .028
RCUS 1.22 1 43.8 .027
HOLI .43 1 15.46 .027
ENIC .06 1 2.2 .027
BEST .01 3 1.04 .027
ATKR 1.43 2 106.5 .026
BIG .59 2 43.38 .026
GSKY .15 2 11.34 .026
LEN .59 5 105.05 .025
DUK .57 5 97.01 .025
TRIL .47 1 18.44 .025
SNA 1.40 4 205.91 .024
OLN 1.34 1 54.35 .024
ALXN 1.24 4 182.5 .024
J 1.23 3 142.56 .024
B 1.08 1 43.45 .024
PLD 1.05 4 150.75 .024
AZPN .96 4 145.03 .024
QDEL .95 4 147.56 .024
IYC .68 3 82.91 .024
STN .44 3 54.06 .024
XLP .29 6 70.29 .024
VSH .18 3 20.37 .024
UNIT .11 3 13.27 .024
CDEV .04 4 6.23 .024
CRTO .90 1 37.56 .023
SPB 2.21 1 100.1 .022
XLNX .66 11 228.45 .022
RACE .58 11 260.46 .022
JNJ 1.21 3 155.93 .021
STZ 1.17 4 225.33 .020
NUAN 1.13 1 55.49 .020
HRI .96 4 170.45 .020
SLVO .03 4 5.05 .020
IRBO .83 1 43.59 .019
CNA .83 1 41.64 .019
UHAL 1.98 9 704.56 .018
LANC 1.43 2 146.2 .018
AIT .91 2 95.04 .018
AMOM .66 1 36.6471 .018
CROX .46 9 164.02 .018
XLV .44 6 129.73 .018
HRL .15 6 41.4 .018
PSTX .12 1 6.95 .017
STMP 1.59 4 329.61 .016
UTHR .86 4 189.5 .016
CSPR .11 1 6.54 .016
SELF .09 1 5.36 .016
XLK .67 5 168.72 .015
MGTX .27 1 17.68 .015
PAYX .94 2 119.2 .014
CHNG .15 2 20.28 .014
ADMS .06 2 8.22 .014
FRBK .05 1 3.38 .014
AXON 2.25 1 168.79 .013
TNET 1.38 1 100.3 .013
CAI .78 1 56 .013
VCLO .25 1 18.29 .013
TDG 1.87 4 578.05 .012
XLY 1.39 2 204.44 .012
PNRG .79 1 63.1 .012
TSM .54 3 117.15 .012
HRC .42 6 155.5 .012
PPC .17 2 28.08 .012
ECHO .49 1 48.24 .010
INOV .22 2 41.06 .010
ESXB .06 2 11.24 .010
GTS .33 1 35.52 .009
IEC .14 1 15.34 .009
SVBI .13 1 13.63 .009
RTLR .02 9 10.65 .009
PBT .04 2 9.08 .008
HFBL .16 1 20.08 .007
LMRK .13 1 16.28 .007
ROG 1.67 1 272.62 .006
SYKE .14 3 54 .006
FAST .11 6 59.17 .006
ITRN .07 3 26.33 .006
PSP .04 3 15.71 .006
VOOV .73 1 142.18 .005
CONE .46 1 89.02 .005
JQUA .26 1 43.42 .005
CLDR .08 1 15.99 .005
SAFM .85 1 187.78 .004
TAAG .09 1 20.9494 .004
CPLG .07 1 15.43 .004
KIN .02 2 9.25 .004
RAVN .10 3 58.08 .003
IACB .01 3 7.95 .003
SPY 1.31 1 455.56 .002
CXP .04 1 19.2 .002
SIC .03 1 14.49 .002
NWHM .02 1 8.99 .002
EIC .02 2 17.55 .002
DSE .02 1 9.49 .002
ULTA .62 1 383.95 .001
VCAR .03 1 17.05 .001
PMD .01 1 7.84 .001
WYNN .06 3 81.01 0
ULTA .05 12 383.95 0
WYNN .04 4 81.01 0
INFL .01 2 29.84 0
DFP .01 2 27.59 0
WMPN 0 4 12.1 0
VALN 0 2 64.55 0
QQC 0 2 33.3971 0
QADB 0 4 87.54 0
PAE 0 1 9.92 0
ONON 0 1 51.42 0
NLSP 0 1 2.03 0
LHAA 0 1 9.84 0
HWBK 0 1 24.73 0
HDGE 0 2 25.38 0
EPAY 0 1 44.84 0
DVD 0 1 3.6 0
APWC 0 1 2.99 0
NSYS -.12 1 11.07 -.010
