EJH 5.21 6 2.28 13.710
SCPS 3.34 7 2.75 8.498
LAIX 1.72 4 0.84 8.188
NVOS 1.65 5 1.32 6.250
AACG 2.14 5 1.73 6.180
EEIQ 4.33 5 3.86 5.605
CPOP 2.34 5 2.19 5.340
NRXP 3.30 7 4.5 5.131
AUVI 2.56 8 4.68 4.376
DPW 1.56 5 1.85 4.215
VVOS 1.65 6 2.59 3.822
VRPX 1.77 9 4.27 3.726
NEGG 3.07 20 17.5 3.500
EYES 1.22 6 2.1 3.480
JAN 3.24 5 5.08 3.185
JZXN 1.63 4 2.07 3.148
HX 1.40 6 2.89 2.904
JG 1.30 3 1.41 2.763
SIEB 1.53 5 2.9 2.635
KOSS 5.35 7 14.5 2.576
CEMI .60 8 1.87 2.560
FCEL .18 130 9.37 2.470
AAME 1.97 5 4 2.460
TYME .45 4 0.7466 2.408
NAOV .27 11 1.24 2.387
AGRI .95 5 2.05 2.315
NURO 1.47 11 7.06 2.288
BSQR .35 13 1.98 2.288
DWAC 30.01 3 39.48 2.280
INDP 2.52 5 5.69 2.210
BBIG .30 21 3.13 1.995
IRNT 3.02 6 9.19 1.968
CARV 3.92 6 12.43 1.890
MRIN 2.01 5 5.31 1.890
RMED .72 6 2.42 1.782
SPCE 1.26 24 16.83 1.776
SGOC 1.19 9 6.2 1.719
AMC 1.21 57 39.16 1.710
OCGN 1.04 12 7.31 1.704
AREC .62 5 1.87 1.655
GRTS 2.64 6 10.18 1.554
LMNL .65 3 1.27 1.533
BTBT 1.45 10 9.53 1.520
AUUD .41 7 1.91 1.498
CSCW .39 2 0.5299 1.470
ANPC 1.24 2 1.71 1.450
RETO .72 2 1 1.440
SAVA 2.72 28 52.57 1.428
PHUN .40 12 3.37 1.416
NMRD 1.66 4 4.7 1.412
MARK .46 4 1.3 1.412
TAOP 1.35 3 2.93 1.380
HGSH 1.16 2 1.7 1.364
SPRT .81 20 11.8 1.360
PMCB 1.11 3 2.47 1.347
SSY .91 3 2.04 1.338
ANY .38 19 5.39 1.330
JCS 1.40 3 3.23 1.299
BIDU 1.78 117 150.49 1.287
WAVE 1.72 5 6.73 1.275
SNAP .57 113 50.67 1.243
BNTC 1.24 3 3 1.239
WORX .44 4 1.42 1.236
RNXT 1.96 4 6.41 1.220
ADGI 3.21 7 18.43 1.218
NCTY 2.63 5 10.79 1.215
FTEK .69 3 1.71 1.209
EVK .60 6 3 1.200
PRFX .57 4 1.91 1.192
ALYA .77 4 2.61 1.180
CETX 1.20 1 1.02 1.176
BLIN .41 8 2.78 1.176
PBTS 1.24 1 1.06 1.169
ACRS 2.12 7 12.76 1.162
DLPN 2.14 5 9.26 1.155
MOXC 1.33 4 4.61 1.152
PPSI 1.31 5 5.69 1.150
SYPR .80 4 2.81 1.136
SNOA 1.51 4 5.35 1.128
TPST 2.19 5 9.7 1.125
WAFU 1.50 4 5.32 1.124
CRTD .39 7 2.45 1.113
LHDX 1.58 4 5.72 1.104
ERYP .89 3 2.42 1.101
NVFY .73 3 2.05 1.068
GME 2.99 82 213.9 1.066
IGC .49 3 1.39 1.056
BNGO .36 12 4.13 1.044
CTIB .40 5 1.97 1.015
FULC 2.54 6 15.01 1.014
GRTX .50 3 1.52 .984
IDEX .36 4 1.46 .984
RIDE .68 7 4.83 .980
HOFV .98 2 2.02 .970
YJ .40 2 0.83 .962
MTSL 1.08 3 3.37 .960
LODE .56 3 1.75 .960
PTIX .84 2 1.76 .954
SOS .61 2 1.29 .944
UPC .73 3 2.32 .942
PALI .71 3 2.26 .942
CHCI 1.54 3 4.97 .927
STAF .58 2 1.255 .924
NIO .53 77 42.04 .924
DYNT .22 5 1.2 .915
SPCB .32 2 0.6989 .914
BB .84 11 10.11 .913
OSAT 1.21 3 4 .906
IMPL 1.70 5 9.37 .905
CNET 1.11 1 1.23 .902
ANVS 3.73 6 24.99 .894
NBRV .76 1 0.8499 .894
WHLM 1.20 4 5.445 .880
CANF 1.04 1 1.19 .873
HCWB 1.14 2 2.61 .872
SJ 1.24 4 6.04 .820
TERN 1.53 4 7.47 .816
CBAT .50 3 1.87 .801
MVIS 1.17 5 7.35 .795
MBRX .81 2 2.05 .790
MEDS .53 5 3.4 .775
EYEG 1.45 1 1.95 .743
VTNR .37 9 4.5 .738
ASM .69 1 0.94 .734
XTLB 1.09 2 3 .726
KALV 1.44 8 15.99 .720
ACIU 1.91 2 5.32 .718
VERY 1.39 4 7.835 .708
HOOD 1.41 14 27.65 .700
OPAD 1.25 4 7.18 .696
WEI .57 1 0.82 .695
DBGI .42 5 3.03 .690
AQMS .39 3 1.69 .690
ZKIN .71 2 2.08 .682
ORPH .57 4 3.34 .680
HTBX 1.46 2 4.32 .674
GROM .76 2 2.25 .674
ATXI .74 1 1.1 .672
XPEV .46 84 51.3 .672
AVXL 2.41 5 17.97 .670
VYGR 1.06 2 3.19 .664
VERB .12 8 1.43 .664
DTST .84 3 3.8 .663
BBBY .98 15 22.27 .660
GOVX .36 7 3.83 .651
EBET 3.45 6 31.92 .648
IPHA .78 4 4.83 .644
MOHO .11 3 0.5137 .642
SPI .89 4 5.55 .640
NRBO .49 2 1.54 .636
LIZI .40 4 2.52 .632
ATNF .90 3 4.28 .630
EVOL .74 2 2.36 .626
TIGR .50 8 6.38 .624
GFAI .51 2 1.66 .614
ZEV 1.17 4 7.6 .612
WBX 8.99 1 14.74 .609
OPTT 1.10 1 1.83 .601
COHN 1.95 5 16.18 .600
HGEN 1.21 3 6.02 .600
ALEC 2.10 6 21.16 .594
NVAX 9.95 12 200.71 .588
RFL .71 5 6.06 .585
LEDS 1.24 3 6.55 .567
KXIN .17 6 1.8 .564
HUSN .29 4 2.07 .560
KNBE 1.80 7 22.54 .553
WINT .31 3 1.68 .552
LGHL .30 4 2.16 .552
OBLN .56 3 3.05 .549
GNLN .36 2 1.31 .548
DTSS .87 1 1.59 .547
SCKT .74 4 5.41 .544
ENVB .27 3 1.49 .543
ZCMD 1.01 1 1.87 .540
AUPH 1.51 7 19.36 .539
RCON .51 2 1.9 .536
RSLS .27 4 2.01 .536
JFU .22 3 1.23 .534
AYRO .60 2 2.28 .526
OLB .77 3 4.39 .525
EXPR .47 5 4.45 .525
FLGC .19 6 2.16 .522
AMBO .61 1 1.17 .521
ACOR .41 4 3.165 .516
ACY .99 19 36.12 .513
PENN 2.65 10 51.81 .510
GALT .44 3 2.58 .510
MNOV 1.12 2 4.42 .506
GLSI 3.27 5 32.34 .505
LWAC 1.73 5 16.98 .505
ONCS .68 1 1.345 .505
LGVN 4.34 2 17.22 .504
APRE .69 3 4.1 .504
BCRX .62 10 12.37 .500
XELB .34 2 1.37 .496
BABA .77 99 133.66 .495
GEG .90 1 1.85 .486
OTLK .38 2 1.56 .486
UONE .37 7 5.31 .483
LEXX .84 3 5.23 .480
XELA .09 7 1.32 .476
UAVS .36 3 2.27 .474
CRIS 1.20 2 5.07 .472
WHLR .54 2 2.28 .472
NVDA 1.10 157 317.46 .471
ATOS .21 5 2.23 .470
ALF 1.08 2 4.64 .464
ENTX .77 2 3.31 .464
GRVI .74 3 4.8 .462
APTO .28 4 2.45 .456
CHNR .12 4 1.05 .456
WPRT .58 2 2.55 .454
MINM .32 2 1.41 .452
ENOB 1.18 4 10.53 .448
BPTH .95 2 4.24 .448
PIRS .23 7 3.54 .448
ADMP .36 1 0.8068 .446
AVIR 1.14 3 7.67 .444
ENSC .72 1 1.64 .439
MVST .61 6 8.34 .438
WISH .58 3 3.97 .438
NKLA .31 15 10.41 .435
RHE 1.27 2 5.85 .434
AVGR .04 7 0.6377 .434
ENG .30 3 2.07 .432
WNW 1.34 1 3.12 .429
NNOX 1.69 5 20.02 .420
BTCM .72 4 6.89 .416
ZG 3.78 6 54.39 .414
BILI 1.28 23 69.5 .414
TQQQ .56 137 168.67 .411
OBSV .18 5 2.19 .410
SGBX .32 3 2.35 .408
WATT .32 2 1.57 .406
LIFE 1.09 3 8.06 .405
ISPC 2.67 2 13.19 .404
SLS .69 4 6.82 .404
DYAI .51 3 3.79 .402
MQ 1.18 7 20.47 .399
HAPP .30 1 0.753 .398
PSTV .60 1 1.51 .397
TRCH .98 2 4.95 .394
IMNM 1.42 4 14.57 .388
IPA 1.04 2 5.35 .388
LYEL 1.21 3 9.36 .387
SLGG .64 2 3.3 .386
SDC .64 2 3.3 .386
ADMA .54 1 1.41 .382
MARA 1.03 20 52.12 .380
GTEC .80 4 8.41 .380
DWSN .44 2 2.31 .380
DQ 3.36 7 61.97 .378
CERE 1.78 7 32.67 .378
RAPT 1.77 7 32.59 .378
KMPH 1.03 3 8.25 .372
IFRX .58 3 4.66 .372
UFAB .46 2 2.46 .372
MRAM 2.30 2 12.4 .370
AVCT .60 1 1.62 .370
MTP .56 1 1.51 .370
BHTG .33 1 0.8996 .366
DOCS 2.62 8 57.1 .360
BGFV .97 10 26.37 .360
DDD .70 12 22.97 .360
BON .62 3 5.21 .357
NTRB 1.15 2 6.43 .356
OSMT .13 4 1.45 .356
FGEN 1.47 3 12.41 .354
LCID 2.05 9 52.44 .351
TRIT .34 5 4.83 .350
BKKT 2.95 2 16.9 .348
BODY .47 2 2.69 .348
AGEN .10 12 3.37 .348
ARAV 1.21 1 3.49 .346
RKDA .49 1 1.42 .345
IMMR .33 6 5.78 .342
MRNA 2.92 34 276.38 .340
BTX 1.13 2 6.64 .340
IMTX .98 4 11.44 .340
OXBR .30 5 4.4 .340
GMBL .88 2 5.19 .338
EYPT 5.86 1 17.34 .337
APPS 3.13 6 55.85 .336
ENZ .54 2 3.24 .332
CTSO .42 4 5.02 .332
MITO .28 1 0.8436 .331
VIVE .26 2 1.57 .330
RLMD 1.57 4 19 .328
VTSI .56 4 6.79 .328
GDEV .87 3 7.97 .327
ARPO .72 1 2.2 .327
MTL .08 13 3.19 .325
ADIL .45 2 2.78 .322
AFRM 2.60 16 127.61 .320
LAZR 1.16 5 18 .320
GEVO .49 4 6.05 .320
PME .26 1 0.82 .317
NEXT .29 4 3.63 .316
APOP .84 5 13.17 .315
GRU 1.51 1 4.8201 .313
TSLA 3.14 156 1109.03 .312
NNDM .48 3 4.62 .309
NNVC .44 3 4.24 .309
VBLT .21 3 2.02 .309
GPN 3.54 11 125.05 .308
IMMP .16 7 3.61 .308
JRJC .67 3 6.55 .306
XBIO .06 8 1.56 .304
EOSE 1.39 2 9.25 .300
PRPL .68 5 11.32 .300
ASTR .62 5 10.19 .300
MDIA .50 3 5 .300
KBSF .46 2 3.05 .300
OCUP 1.04 1 3.48 .298
ONCT .45 2 3.02 .298
TATT .65 3 6.53 .297
LMFA .35 5 5.89 .295
SPLK 6.20 6 124.9 .294
BYSI 1.25 3 12.66 .294
VOXX 1.16 3 11.76 .294
CMMB 1.24 2 8.48 .292
OCX .70 1 2.39 .292
MRKR .36 1 1.23 .292
BBLG 1.14 1 3.93 .290
AEHR .19 29 17.65 .290
SBEA 1.45 2 10.06 .288
CRDF .78 2 5.38 .288
PLG .24 3 2.48 .288
INFI .16 4 2.22 .288
EVGO .57 7 13.67 .287
ZY .78 3 8.135 .285
ZLAB 3.42 6 71.9 .282
VNET 1.13 3 11.99 .282
DARE .47 1 1.67 .281
NVCR 2.63 10 93.34 .280
TASK 1.74 7 43.43 .280
SOFI .73 7 17.81 .280
ALTO .29 5 5.15 .280
GSM .27 7 6.61 .280
CCXI 3.66 3 39.19 .279
CLSD .35 3 3.76 .279
SKLZ .67 4 9.61 .276
LJPC .62 2 4.49 .276
CLF .57 11 22.71 .275
ALDX 1.09 2 7.92 .274
NEPT .07 2 0.5119 .272
ZM 3.91 15 206.64 .270
QFIN .77 9 24.87 .270
BRLT 2.17 2 16.12 .268
HUGE .37 1 1.38 .268
KTTA 1.49 1 5.6 .266
BNTX 3.94 22 308.84 .264
BNR 1.30 3 14.68 .264
KODK .86 2 6.49 .264
SALM .20 4 3.01 .264
TELL .12 8 3.55 .264
CHGG 2.17 3 25.02 .258
FIGS 1.33 6 30.7 .258
IGIC .70 3 8.17 .255
VLDR .76 2 5.97 .254
DBVT .07 11 2.959 .253
UPST 2.84 18 197.36 .252
RAIL .24 4 3.76 .252
STG 1.13 1 4.51 .250
TEDU .09 2 0.7181 .250
KURA 1.39 3 16.6 .249
KSS 1.77 8 56.18 .248
SNES .16 2 1.3 .246
DLO 1.53 5 30.92 .245
RSKD 1.24 2 10.11 .244
MOSY .55 2 4.54 .242
TSP 1.75 5 36.17 .240
FCX .41 24 38.68 .240
PBR .31 8 10.29 .240
WIMI .27 4 4.43 .240
SNMP .11 2 0.91 .240
ATAI 1.29 2 10.85 .236
NLS .84 2 7.15 .234
CARA 1.57 2 13.44 .232
ABSI 1.25 2 10.75 .232
SQBG .73 2 6.24 .232
EZFL .57 1 2.45 .232
VERU .45 4 7.82 .228
OVID .38 2 3.32 .228
ME .34 6 8.83 .228
AKTX .36 1 1.58 .227
ORMP .29 15 18.21 .225
DELL 1.75 7 54.67 .224
EXPI 1.38 6 36.58 .222
M .59 13 33.63 .221
AMD 1.82 18 149.92 .216
LOOP .74 4 13.68 .216
EVGN .43 1 1.99 .216
ERJ .41 8 14.74 .216
KULR .13 5 2.97 .215
FB .68 107 337.25 .214
CELC 1.05 3 14.68 .213
W 6.80 8 259.8 .208
SE 3.98 16 287.52 .208
CLPS .57 1 2.78 .205
CLPS .57 1 2.78 .205
AMTX 1.20 3 17.42 .204
HOL .84 3 12.35 .204
DNUT .42 7 14.1 .203
ORGS .70 1 3.46 .202
MESO .65 2 6.47 .200
OCG .23 4 4.58 .200
FENG .11 2 1.0899 .200
MDNA .05 8 2 .200
EDSA 1.24 1 6.23 .199
AZYO 1.08 1 5.44 .198
OSTK 2.60 7 92.75 .196
CVV .46 2 4.68 .196
CHMA .37 2 3.76 .196
VIR 1.21 5 30.97 .195
OCG .07 13 4.58 .195
FSTX 1.04 1 5.35 .194
HUYA .53 3 8.22 .192
CELH 1.96 7 71.6 .189
PLUG .92 9 42.27 .189
AMZN 8.00 94 3580.04 .188
NTEC .46 4 9.63 .188
CAN .43 4 8.98 .188
JFIN .36 2 3.79 .188
MOGO .24 4 5.02 .188
GPS .75 6 23.51 .186
SQ 1.73 23 210.55 .184
PRTA 1.18 8 51.17 .184
ENSV .20 1 1.09 .183
ASAN 1.51 13 101.42 .182
IONQ .65 7 24.96 .182
IMV .15 2 1.64 .182
AMEH 2.05 9 98.29 .180
NVTS 1.62 2 17.96 .180
NIU .93 4 20.35 .180
STEM .68 6 21.99 .180
PUBM 6.66 1 37.69 .176
TLRY .47 4 10.5 .176
AXLA .26 2 2.94 .176
IAC 3.19 7 127.59 .175
TWTR 1.69 5 47.14 .175
ACHL .89 1 5.09 .174
CLII .84 3 14.36 .174
GTT .41 1 2.36 .173
CGC 1.01 2 11.62 .172
BLUW .83 2 9.63 .172
BWAY .68 2 7.89 .172
MITQ .36 1 2.12 .169
AESE .35 1 2.06 .169
MSTR 14.75 8 696.77 .168
DKNG .99 6 35.04 .168
EDTK .10 2 1.19 .168
FOSL 1.09 2 13.04 .166
DMAC .31 2 3.7 .166
TENX .21 1 1.26 .166
MTTR .39 11 25.95 .165
SCYX .31 4 7.56 .164
GSAT .12 2 1.45 .164
SKT 1.17 3 21.45 .162
SEMR 1.11 3 20.5 .162
CCJ .46 9 25.46 .162
ACB .36 3 6.63 .162
RIG .09 6 3.27 .162
ARVN 1.91 7 82.23 .161
ZIM 1.29 7 55 .161
SHOP 25.38 10 1573.06 .160
DDS 6.58 10 410.15 .160
XAIR 1.97 1 12.26 .160
AEY .31 1 1.93 .160
DUOL 7.27 3 135.82 .159
TOST 3.31 2 41.5 .158
NETE 1.04 2 13.09 .158
NEWR 2.93 6 110.29 .156
FLGT 2.27 6 86.6 .156
BYND 2.00 6 74.5 .156
RBLX 1.60 12 114.87 .156
IRDM 1.55 4 39.17 .156
ISEE .62 4 15.85 .156
SOHU .47 6 17.58 .156
GENE .13 3 2.46 .156
LYFT 1.43 5 45.67 .155
GTIM .74 1 4.76 .155
BCLI .46 1 2.97 .154
MAT 1.16 3 22.34 .153
LBPH .92 1 5.98 .153
HNST .41 3 7.96 .153
FUV .77 2 10.04 .152
SIF 1.16 1 7.64 .151
DE 5.37 10 349.28 .150
AA .78 10 49.02 .150
NBEV .19 1 1.26 .150
VCVC 1.46 1 9.85 .148
WTER .09 2 1.21 .148
FUBO 1.01 3 20.49 .147
SSKN .22 1 1.5 .146
SCR 1.05 5 35.58 .145
FBRX .40 1 2.77 .144
AAL .32 9 19.47 .144
AUTL .30 3 6.25 .144
HIPO .25 2 3.46 .144
COTY .19 8 10.25 .144
BKYI .19 2 2.61 .144
PRPO .09 3 1.85 .144
SRNE .85 1 5.94 .143
SAM 9.40 7 460.27 .140
RIOT 1.02 5 36.13 .140
LI .91 5 31.74 .140
VIH 1.31 1 9.36 .139
GIII 1.11 4 32.23 .136
PETZ .17 4 4.97 .136
PDD 2.15 5 79.27 .135
APP 1.46 9 92.93 .135
ENLV .49 2 7.26 .134
SSNT .34 2 5.05 .134
CIEN .44 19 60.29 .133
PBLA .25 1 1.87 .133
NGM 1.25 2 18.88 .132
DNA 1.58 1 12.1 .130
TDC 1.17 5 44.22 .130
EDIT 1.47 3 34.01 .129
MRUS 1.10 3 25.38 .129
CIFR .35 3 8.01 .129
IKT .24 1 1.85 .129
GH 1.57 8 92.89 .128
TAL .32 2 4.99 .128
SSL .14 16 16.84 .128
MRO .14 16 16.51 .128
LUV .99 6 46.98 .126
SONO .70 6 32.25 .126
AFMD .43 2 6.81 .126
UWMC .29 3 6.8 .126
BGI .19 3 4.52 .126
NXTP .14 1 1.11 .126
THCB 1.25 1 10 .125
DAL 1.02 5 39.53 .125
CRON .12 5 4.68 .125
CALA .11 1 0.8764 .125
KZR .82 2 13.17 .124
CPSH .51 1 4.12 .123
HJLI 1.27 1 10.38 .122
TESS .34 2 5.52 .122
SI 4.14 6 201.13 .120
TVTX 1.19 3 29.34 .120
DKS 1.13 15 134.55 .120
SHEN 1.11 3 27.34 .120
ACI .44 10 35.26 .120
TISI .17 1 1.41 .120
SBBP .12 2 2 .120
JD 1.56 7 89.46 .119
CMTL 3.13 1 26.47 .118
ALLO 1.11 2 18.52 .118
AEI .09 2 1.51 .118
CLDX 1.61 3 40.87 .117
LIVE 1.37 3 34.78 .117
DOCN 1.31 9 98.96 .117
OPNT .73 4 24.94 .116
CRCT .70 4 23.46 .116
CYTK .96 5 40.32 .115
DPST 2.33 3 60.83 .114
VMW 2.23 6 116.48 .114
FRD 1.28 1 11.21 .114
LEGN 1.04 6 53.21 .114
FTCH .67 6 34.9 .114
ATIF .43 1 3.8 .113
MSFT .39 113 337.68 .113
RGEN 4.41 7 269.83 .112
DLTR 2.14 8 144.71 .112
GRVY 1.33 7 81.42 .112
HCM .93 4 32.11 .112
PFE .72 8 51.08 .112
LAC .58 7 35.99 .112
SBS .09 8 6.13 .112
JWN 1.19 3 31.93 .111
TGTX .93 3 24.51 .111
DPZ 5.62 11 531.91 .110
DASH 2.11 10 184.31 .110
VSCO 1.29 5 56.53 .110
EQOS .46 1 4.16 .110
CCL .45 5 20.15 .110
ULBI .31 2 5.57 .110
LIVX .17 2 3.07 .110
MBII .08 1 0.7301 .109
MSGE 1.88 4 67.77 .108
DIS 1.86 9 151.03 .108
CAH 1.34 4 49.14 .108
BZ 1.22 3 33.79 .108
MAXR .83 4 29.82 .108
AAPL .32 108 161.41 .108
CPG .09 6 4.85 .108
AEMD .09 3 2.5 .108
SFIX 1.46 2 27.39 .106
RRGB .96 2 18.02 .106
LAD 6.41 5 293 .105
RMBL 1.41 3 40.25 .105
CPE 1.27 5 58.18 .105
RUN 1.10 5 50.65 .105
NFLX .76 105 654.06 .105
GP .49 3 13.76 .105
ORCL .36 35 92.94 .105
CAT 2.86 8 205.33 .104
AN 1.67 8 127.62 .104
APXT 1.27 1 12.11 .104
CLOV .28 2 5.3 .104
IRIX .18 4 6.84 .104
FISV 1.64 6 96.11 .102
JRVR 1.48 2 28.7 .102
BKE .89 6 51.67 .102
EQ .53 1 5.18 .102
FFHL .44 2 8.61 .102
KR .30 17 43.06 .102
VLO 1.86 4 72.55 .100
ACMR 1.83 5 88.95 .100
CREE 1.64 5 79.12 .100
DDL 1.22 2 24 .100
MOS .76 5 36.75 .100
LC .39 10 36.57 .100
REGN 7.44 9 649.32 .099
PYPL 2.14 9 188.05 .099
XM 1.66 2 33.44 .098
TWST 1.37 7 96.69 .098
ARCE .89 2 17.96 .098
TTCF .86 2 17.49 .098
PATI .50 2 10.14 .098
ANIX .38 1 3.9 .097
BIGC 4.50 1 46.78 .096
BTWN .95 1 9.87 .096
TTD .92 12 102.74 .096
UBER .71 6 42.68 .096
BQ .08 2 1.64 .096
GKOS 4.45 1 46.67 .095
XBI 2.27 5 119.38 .095
BHVN 2.12 5 110.37 .095
MFNC 1.02 2 21.5 .094
BFLY .72 1 7.6 .094
CNC 2.42 3 76.03 .093
ABCL 1.31 1 13.96 .093
LAW 1.23 3 38.73 .093
EAT 1.21 3 38.45 .093
UAA .78 3 24.8 .093
JKS 1.37 4 58.17 .092
SKX 1.09 4 47.26 .092
PINS 1.00 4 41.77 .092
FLWS .75 4 32.15 .092
YMM .58 2 12.38 .092
ZNGA .15 4 6.39 .092
JPM 1.19 13 168.28 .091
ON .81 7 61.54 .091
EOLS .55 1 6.01 .091
U 5.45 3 176.07 .090
AEO 1.32 2 28.79 .090
PTGX 1.05 3 34.69 .090
AMRS .60 1 6.62 .090
VNE .55 6 35.51 .090
RCAT .10 2 2.19 .090
MDB 5.88 8 498.86 .088
COUR 1.32 2 29.74 .088
YEXT .91 1 10.29 .088
HOG .90 4 39.31 .088
ARMP .49 1 5.53 .088
CDEV .32 2 7.17 .088
YPF .17 2 3.78 .088
ABUS .14 2 3.12 .088
XPDI .11 11 13.07 .088
SPTN .74 3 25.28 .087
VMEO .85 2 19.67 .086
CLNE .67 1 7.72 .086
CHRA .40 1 4.65 .086
USB 1.06 5 60.07 .085
PTON .74 5 42.97 .085
RRD .16 5 9.31 .085
BIIB 3.69 6 254.15 .084
ROKU 2.89 7 226.06 .084
KMB 1.96 6 135.79 .084
TMUS 1.73 6 115.46 .084
HHR .80 6 55.69 .084
INTC .70 6 49.1 .084
LTHM .19 14 30.02 .084
IS .76 1 9.07 .083
BCYC 1.49 3 54.73 .081
CSCO .51 9 55.3 .081
GDYN 3.03 1 37.66 .080
PKG 2.17 5 134.7 .080
V 2.00 8 198.49 .080
OVV 1.51 2 36.94 .080
A 1.31 10 154.78 .080
IBM 1.20 8 116.79 .080
WFC .83 5 51.4 .080
SBTX .57 1 7.07 .080
FLO .45 5 26.97 .080
CREX .15 1 1.89 .079
INM .14 1 1.77 .079
RL 1.69 6 124.35 .078
BBY 1.65 6 121.01 .078
MDT 1.53 6 113.38 .078
FATE 1.36 3 52.19 .078
PFGC 1.21 3 44.96 .078
KZIA .41 2 10.51 .078
CNFR .10 2 2.56 .078
EL 3.86 7 349.76 .077
BJ .79 7 69.42 .077
SILK .52 7 44.7 .077
DUOT .40 1 5.19 .077
CTRN 1.77 4 91.18 .076
CRNC 1.55 4 78.27 .076
STRO .65 2 16.79 .076
HPQ .63 4 32.19 .076
SLB .60 4 31.18 .076
RVI .24 2 6.23 .076
TJX 1.09 5 70.95 .075
C 1.06 5 68.07 .075
IMAB 1.00 5 64.34 .075
BAC .75 5 47.5 .075
SLV .56 3 21.92 .075
GURE .46 1 6.1 .075
PLTR .77 2 20.59 .074
GBR .24 1 3.25 .073
SIVB 7.01 8 737.31 .072
ENPH 3.10 6 250.5 .072
IWM 2.93 6 231.33 .072
ROST 2.08 4 115.43 .072
ABNB 1.72 8 178.27 .072
LOGI .99 6 80.28 .072
DRN .48 4 26.63 .072
TBLA .70 1 9.85 .071
MA 3.58 7 329 .070
SITM 2.97 7 280 .070
LMT 2.70 10 345.18 .070
BZUN 1.12 1 15.78 .070
DXC 1.11 2 31.43 .070
MYGN .98 2 27.72 .070
MS .74 10 101.86 .070
VRNT .69 5 47.8 .070
VTGN .03 5 2.04 .070
TSN 1.42 4 83.24 .068
APPN 1.29 4 73 .068
DOMO 1.26 4 73.41 .068
FL .92 4 51.7 .068
WMT .68 17 145.81 .068
VIPS .66 1 9.65 .068
XMTR 3.46 1 51.07 .067
PPBT .26 1 3.85 .067
UNH 3.07 11 447.13 .066
SPT 1.25 6 108.99 .066
CHKP 1.25 6 111.57 .066
DFH 1.18 1 17.63 .066
SMLP 1.07 2 32.28 .066
MO 1.00 3 44.24 .066
T .56 3 24.76 .066
VXX .46 3 20.85 .066
ORGO .35 2 10.41 .066
FFIE .22 2 6.57 .066
GBS .11 1 1.66 .066
ASML 4.40 13 807.48 .065
FANG 1.53 5 110.19 .065
TTC 1.42 5 103.49 .065
CLSK 1.17 1 17.85 .065
ATVI .81 5 61.77 .065
SNOW 2.91 8 343.57 .064
HWCC .34 1 5.3 .064
THTX .22 1 3.4 .064
EKSO .11 2 3.35 .064
IRCP .04 4 2.4 .064
GS 2.93 9 406.34 .063
STX .76 9 101.58 .063
GT .48 3 22.38 .063
WOOF .43 3 20.39 .063
MRTN .38 3 17.37 .063
CYTH .34 1 5.35 .063
THC 4.91 1 79.4 .061
MNSO .82 1 13.44 .061
GNOG .78 1 12.65 .061
GGAL .57 1 9.26 .061
SNPS 3.69 6 344.66 .060
SEDG 3.56 6 350.02 .060
DG 2.92 5 225.14 .060
WSM 2.54 5 211.5 .060
NXPI 2.38 6 219.12 .060
KYMR 1.69 2 54.65 .060
PLCE 1.60 4 102.33 .060
ABT 1.33 6 124.48 .060
SM .99 2 31.99 .060
SJM .78 12 133.63 .060
COP .78 6 73.78 .060
FLXN .55 1 9.12 .060
CHPT .54 3 25.85 .060
EDU .14 1 2.31 .060
SWN .10 3 4.94 .060
FRO .04 12 7.03 .060
TME .45 1 7.51 .059
LL 1.01 1 17.22 .058
AMKR .70 2 23.39 .058
RSI .55 2 18.85 .058
PDCO .62 3 32.61 .057
LLY 2.28 7 261.96 .056
ROLL 1.78 7 207.2 .056
TSCO 1.77 8 225.3 .056
HON 1.76 7 216 .056
AMAT 1.16 8 148.92 .056
INCY .93 4 63.81 .056
MU .75 7 85.41 .056
BEKE .61 2 21.3 .056
CSIQ .58 4 39.21 .056
BLNK .18 14 38.85 .056
AMGN 2.27 5 204.53 .055
CM 1.34 5 117.66 .055
GWRE 1.30 5 115.86 .055
HAS 1.13 5 99.5 .055
HRL .48 5 43.25 .055
GMTX .17 1 3.08 .055
SLHG .10 1 1.8 .055
ITRO .07 1 1.27 .055
RNG 11.84 1 215.52 .054
CFLT 4.09 1 75.62 .054
LII 2.97 6 321.65 .054
ADSK 2.96 6 304 .054
COIN 2.02 9 317.2 .054
LOW 1.62 9 251.91 .054
FITB .82 3 44.84 .054
SWI .79 1 14.61 .054
PSTG .74 2 27.28 .054
CRMT .72 9 106.65 .054
EQT .58 2 21.13 .054
KO .51 6 55.88 .054
K .44 9 63.38 .054
FENC .27 2 9.74 .054
OEG .14 1 2.56 .054
ECOM 1.37 1 25.67 .053
YETI 1.27 4 96.04 .052
UAL 1.24 2 46.7 .052
NTAP 1.16 4 86.76 .052
SCHW 1.13 4 82.94 .052
FA .96 1 18.3 .052
RKT .41 2 15.42 .052
BIOC .09 2 3.43 .052
EVA 3.59 1 70.07 .051
LPX 1.24 3 70.72 .051
ACH .67 1 13.05 .051
KHC .63 3 35.82 .051
SBH .38 3 21.45 .051
VIEW .21 1 4.06 .051
TSC 1.55 1 30.4 .050
TAP 1.23 2 47.73 .050
XONE .67 2 26.7 .050
APG .62 2 24.78 .050
NFE 1.27 1 25.66 .049
GIS .46 7 63.44 .049
ADBE 4.59 8 665.16 .048
ZS 2.89 6 336.11 .048
KEYS 2.52 4 195.29 .048
WDAY 2.46 6 274.28 .048
PKI 2.16 4 179.62 .048
TGT 1.06 12 249.18 .048
PG .95 8 149.44 .048
GE .86 6 102.08 .048
KIRK .60 2 24.29 .048
MRK .56 8 82.8 .048
EPU .48 3 28.85 .048
AGNC .26 3 16.02 .048
SUPN 1.50 1 32.05 .046
STE 2.26 5 228.88 .045
STT 1.48 3 98.2 .045
XOM .33 9 63.13 .045
MOMO .19 3 12.63 .045
AZN .18 15 56.73 .045
COF 1.87 4 156.29 .044
DAVA 1.77 4 151.06 .044
EA 1.51 4 128.41 .044
JBL 1.39 2 61.84 .044
MNST 1.05 4 88.62 .044
SANA .82 1 18.54 .044
GLD .70 11 167.28 .044
ARMK .42 4 36.4 .044
SNDL .03 1 0.6724 .044
PANW 23.18 1 533.02 .043
NPTN .67 1 15.47 .043
CUE .62 1 14.18 .043
ANTM 2.99 6 423.66 .042
LIN 2.33 6 330.25 .042
CVS 1.40 3 93.64 .042
WM 1.29 6 164.84 .042
MMM 1.20 7 179.46 .042
CROX 1.05 7 170.74 .042
OKE .92 3 64.01 .042
TBIO .53 3 37.36 .042
BBWI .53 6 75.53 .042
RF .52 2 24.59 .042
VSTM .06 2 2.84 .042
CI 1.83 5 213.24 .040
BURL 1.68 8 285.55 .040
ESTC 1.65 4 153.82 .040
ADI 1.48 5 182.45 .040
UHS 1.30 4 129.95 .040
NKE .89 8 172.15 .040
OTIS .88 4 83.81 .040
TNA .83 5 96.73 .040
DD .80 4 79.51 .040
HNP .33 2 16.16 .040
BP .28 4 27.46 .040
KDMN .10 4 9.5 .040
ET .08 5 8.95 .040
CAR 12.01 1 307.71 .039
GM .87 3 63.05 .039
ATHM .49 3 36.2 .039
ALC 1.58 2 79.7 .038
OLLI 1.29 2 66.39 .038
EGRX 1.01 2 50.82 .038
FCBP 1.08 1 29.1 .037
LESL .77 1 20.8 .037
VGR .61 1 16.45 .037
HCA 2.20 4 241.67 .036
CLX 1.52 4 168.84 .036
WGO 1.39 2 73.18 .036
KNL .92 1 25.04 .036
ABBV .83 6 118.88 .036
MRVL .51 6 73.22 .036
HMHC .31 2 16.88 .036
SPWH .22 3 17.27 .036
ALAC .21 2 11.623 .036
NOK .04 6 5.72 .036
LH 1.59 7 285.91 .035
TTWO 1.26 5 165.13 .035
UPS 1.15 7 211.81 .035
CTKB .66 1 18.8 .035
RY .61 7 103.91 .035
SRNG .41 1 11.42 .035
XLE .33 7 57.35 .035
BLFS 1.55 1 45.57 .034
LZB .64 2 35.88 .034
GPK .38 2 21.19 .034
AZO 6.70 11 1880.1 .033
CRM 1.06 11 291.42 .033
GRUB .15 3 13.48 .033
TTM .13 11 32.84 .033
BKNG 10.17 8 2341.13 .032
LITE 1.46 2 90.36 .032
DEN .72 4 83.05 .032
ANF .67 2 41.12 .032
D .31 8 74.82 .032
ALZN .07 1 2.145 .032
RMD 8.09 1 254.36 .031
FOE .67 1 21.36 .031
BLK 6.24 5 935.43 .030
INTU 3.91 6 670.63 .030
AKAM 1.20 3 111.8 .030
PEP 1.13 5 165.25 .030
QCOM .67 10 180.94 .030
PCVX .65 1 21.17 .030
ACHV .11 2 7.29 .030
TEO .08 2 5.1 .030
OXY .05 30 31.92 .030
GOOG 3.73 28 2935.14 .028
PWR 3.42 1 120.83 .028
AAP 1.82 4 235.77 .028
BLDR 1.03 2 73.35 .028
QDEL .95 4 135.16 .028
VZ .73 2 51.75 .028
FLOW .63 4 87.15 .028
CL .61 4 77.93 .028
TRI 1.16 3 121.47 .027
MPC .62 3 63.85 .027
BEST .01 3 1.06 .027
RTX 1.21 2 87.31 .026
INMD 1.16 2 83.26 .026
HOLI .43 1 16 .026
ENIC .06 1 2.27 .026
RCUS 1.22 1 48.47 .025
AXP 1.02 5 170.85 .025
LEN .59 5 110.7 .025
DUK .57 5 100.74 .025
TRIL .47 1 18.44 .025
COST 1.90 8 545.26 .024
ATKR 1.43 2 110.08 .024
SNA 1.40 4 217.11 .024
ALXN 1.24 4 182.5 .024
J 1.23 3 144 .024
PLD 1.05 4 152.58 .024
MCD .98 8 255.65 .024
AZPN .96 4 155.88 .024
BIG .59 2 47.39 .024
VSH .18 3 21.89 .024
GSKY .15 2 12 .024
B 1.08 1 46.72 .023
OLN 1.34 1 60.2 .022
CRTO .90 1 40.67 .022
XLNX .66 11 220.25 .022
RACE .58 11 266.96 .022
JNJ 1.21 3 160.69 .021
IYC .68 3 85.56 .021
UNIT .11 3 13.78 .021
SPB 2.21 1 106.02 .020
NUAN 1.13 1 55.32 .020
HRI .96 4 190.05 .020
NEE .95 2 87.31 .020
XLF .83 1 40.19 .020
SLVO .03 4 5.23 .020
MFGP .03 4 5.27 .020
UHAL 1.98 9 729 .018
IRBO .83 1 44.36 .018
CNA .83 1 45.34 .018
SPG .58 6 169.03 .018
XLV .44 6 132.51 .018
XLP .29 6 73.1 .018
AMOM .66 1 36.9417 .017
PSTX .12 1 6.99 .017
STMP 1.59 4 329.61 .016
LANC 1.43 2 163.2 .016
KMX 1.24 2 146.32 .016
STZ 1.17 4 237.06 .016
AIT .91 2 106.41 .016
UTHR .86 4 201.58 .016
CSPR .11 1 6.6 .016
SELF .09 1 5.32 .016
XLK .67 5 169.01 .015
HD .57 15 408.37 .015
PAYX .94 2 125.47 .014
MGTX .27 1 18.36 .014
CHNG .15 2 20.71 .014
ADMS .06 2 8.22 .014
FRBK .05 1 3.55 .014
XLY 2.79 1 209.36 .013
CAI .78 1 56 .013
AXON 2.25 1 174.35 .012
TNET 1.38 1 107.79 .012
TSM .54 3 121.36 .012
HRC .42 6 155.58 .012
PNRG .79 1 70 .011
ECHO .49 1 48.24 .010
INOV .22 2 41.06 .010
PPC .17 2 28.6 .010
FAST .13 5 60.93 .010
ESXB .13 1 12.28 .010
GTS .33 1 35.61 .009
IEC .14 1 15.34 .009
SVBI .13 1 13.63 .009
TDG 1.87 4 625.25 .008
STN .48 1 56.38 .008
HFBL .16 1 19.76 .008
LMRK .13 1 16.24 .008
PBT .04 2 9.24 .008
ROG 1.67 1 270.1 .006
SYKE .14 3 54 .006
ITRN .07 3 26.48 .006
PSP .04 3 16.08 .006
CONE .46 1 89.34 .005
CLDR .08 1 15.99 .005
SAFM .85 1 187.96 .004
VOOV .73 1 148.66 .004
TAAG .09 1 20.9494 .004
CPLG .07 1 15.53 .004
KIN .02 2 9.25 .004
RAVN .10 3 57.84 .003
IACB .01 3 9.55 .003
SPY 1.31 1 468.19 .002
CXP .04 1 19.15 .002
SIC .03 1 14.49 .002
NWHM .02 1 8.99 .002
EIC .02 2 17.63 .002
DSE .02 1 9.49 .002
ULTA .62 1 408.93 .001
VCAR .03 1 17.36 .001
PMD .01 1 8.51 .001
WYNN .06 3 91.69 0
ULTA .05 12 408.93 0
WYNN .04 4 91.69 0
VALN .03 1 46.63 0
RTLR .01 8 10.77 0
INFL .01 2 31.3 0
HDGE .01 1 25.05 0
DFP .01 2 28.22 0
WMPN 0 4 12.03 0
QQC 0 1 33.76 0
QADB 0 4 87.54 0
PAE 0 1 9.96 0
ONON 0 1 51.42 0
NLSP 0 1 1.75 0
LHAA 0 1 9.87 0
HWBK 0 1 24.57 0
EPAY 0 1 46.06 0
DVD 0 1 3.59 0
APWC 0 1 2.99 0
NSYS -.12 1 9.9102 -.012
