AXON 62.01 2 165.58 .748
PVH 19.26 3 70.87 .813
ONON 18.32 3 17.27 3.180
SIG 17.54 4 68.05 1.028
OKTA 10.37 2 68.37 .302
ALB 10.02 5 217.47 .230
CFLT 9.43 3 22 1.284
SPLK 8.70 8 86.54 .800
XMTR 8.64 3 30.52 .849
NTLA 8.38 13 35.28 3.081
VRTX 7.05 9 289.08 .216
NEM 6.19 5 47.36 .650
TMX 6.06 5 37.87 .800
SIVB 6.05 13 234.63 .325
TOST 6.00 7 17.95 2.338
RMD 5.92 5 209.37 .140
NVAX 5.92 21 9.72 12.789
SNPS 5.88 11 321.98 .198
FDX 5.82 3 175.55 .099
EL 5.76 14 249.93 .322
FUTU 5.67 8 58.91 .768
AXSM 5.48 4 76.5 .284
GKOS 5.32 2 42.53 .250
CIVI 5.29 3 57.43 .276
RLAY 5.23 4 14.8 1.412
PLRX 5.01 4 18.73 1.068
AVXL 4.99 10 9.13 5.460
ZS 4.93 17 111.87 .748
JAZZ 4.82 3 158.15 .090
CAT 4.60 24 240.2 .456
ADBE 4.47 20 337.58 .260
DE 4.42 18 428.64 .180
DWAC 4.31 12 14.98 3.444
STE 4.26 9 186.2 .198
TECS 4.24 11 40.47 1.144
ANVS 4.22 8 13.17 2.560
AZPN 4.16 7 205.62 .140
LMT 4.08 28 487.05 .224
PYPL 4.03 15 70.56 .855
CTRN 3.96 7 27.04 1.022
BNTX 3.95 38 153.11 .950
SHW 3.86 4 241.32 .060
SPWR 3.82 5 18.18 1.050
GS 3.81 16 343.43 .176
VERV 3.80 8 18.84 1.608
SHLS 3.59 3 24.46 .438
BIIB 3.53 17 276 .204
MDB 3.51 14 198.85 .238
LULU 3.51 8 316.82 .088
BBY 3.51 9 81.24 .387
BLDR 3.40 10 65.2 .520
ALDX 3.40 6 7.09 2.874
ZM 3.38 10 68 .490
YINN 3.38 7 49.75 .469
PLUG 3.33 12 12.23 3.264
SNOW 3.25 25 142.38 .550
DOMO 3.24 4 14.35 .900
FOLD 3.18 2 12.09 .526
BLNK 3.17 17 10.19 5.287
ARRY 3.14 2 19.03 .330
SE 3.12 10 52.81 .590
SOXS 3.11 38 39.3 3.002
STZ 3.04 7 234.8 .084
URTY 3.02 8 37.9 .632
RUN 3.01 15 23.93 1.875
BROS 2.97 7 28.09 .735
ASAN 2.95 21 13.74 4.494
DPST 2.92 11 22.79 1.408
SEDG 2.84 15 280.66 .150
XBI 2.83 20 82.27 .680
MRNA 2.83 47 178.86 .705
CRM 2.80 29 132.54 .609
FITB 2.79 8 32.81 .680
SDS 2.75 14 45.72 .840
CTLT 2.75 2 45.26 .120
RBLX 2.74 19 27.09 1.919
CELH 2.72 9 103.39 .234
ECOM 2.71 3 23.09 .351
BLK 2.70 7 716.15 .021
OLN 2.68 8 53.51 .400
ADSK 2.68 9 188.12 .126
LYFT 2.65 9 10.85 2.196
STRO 2.59 3 7.84 .990
NTNX 2.59 4 25.87 .400
FSR 2.58 3 7 1.104
PRTA 2.54 10 59.68 .420
SILK 2.53 7 53.97 .322
LLY 2.53 29 367.02 .174
DG 2.52 12 248.01 .120
ICPT 2.48 3 12.08 .615
LXU 2.45 4 13.69 .712
UAA 2.40 7 9.96 1.680
AA 2.33 37 46.56 1.850
SPY 2.32 35 383.44 .210
TZA 2.31 15 34.84 .990
WM 2.27 24 158.87 .336
PAAS 2.26 5 16.71 .675
ARVN 2.20 11 34.42 .693
DLTR 2.19 20 142.99 .300
PCVX 2.16 4 47.42 .180
NOV 2.15 11 20.69 1.133
RY 2.13 25 95.03 .550
AMD 2.13 54 64.82 1.728
HOLI 2.10 4 16.3 .512
ARQT 2.10 4 14.59 .572
BURL 2.08 9 205.83 .090
SQQQ 2.05 33 53.86 1.254
SQ 2.05 34 62.92 1.088
STT 2.04 4 78.34 .104
AMBA 2.03 2 81.01 .050
GE 2.02 15 83.75 .360
DOG 2.00 5 33.24 .300
INTU 1.98 8 390.87 .040
TDG 1.96 5 628.4 .015
SKX 1.95 7 41.89 .322
PTON 1.95 9 8.09 2.169
HAS 1.95 9 60.99 .279
WOLF 1.94 4 69.24 .112
FNGD 1.94 16 59.57 .512
BLUE 1.91 4 6.88 1.108
PDSB 1.90 4 12.92 .588
ENVX 1.89 5 12.61 .745
STX 1.87 20 53.02 .700
TNA 1.86 10 32.01 .580
SMH 1.85 21 203.74 .189
VLO 1.84 36 126.32 .504
PWR 1.84 8 142.7 .096
DQ 1.82 16 39.36 .736
ATVI 1.82 11 76.76 .253
GIII 1.76 9 13.49 1.170
AYX 1.76 4 50.53 .136
PTEN 1.75 3 17 .306
VXX 1.74 7 14.13 .861
UNH 1.73 24 529.88 .072
FIGS 1.73 11 6.81 2.794
FAZ 1.72 8 19.09 .720
FA 1.68 2 13.06 .256
TECL 1.63 7 22.2 .511
TVTX 1.57 5 21.12 .370
INCY 1.57 10 79.48 .190
HPK 1.56 2 22.88 .136
IMVT 1.55 5 17.41 .445
BLU 1.52 5 8.32 .910
LESL 1.49 6 12.08 .738
DAL 1.49 17 32.73 .765
NEE 1.46 22 84.08 .374
CLX 1.45 14 142.42 .140
SPB 1.43 4 61.24 .092
LITE 1.43 5 51.39 .135
UHS 1.42 9 140.79 .090
JPM 1.42 23 133.22 .230
MAXR 1.40 5 51.65 .135
CHPT 1.40 10 9.04 1.540
TSCO 1.39 12 226.98 .072
LPX 1.39 7 60 .161
APA 1.36 17 45.91 .493
STLD 1.33 6 98.41 .078
RL 1.33 8 104.68 .096
PATI 1.33 2 7.26 .366
DXC 1.33 7 26.74 .343
CSIQ 1.32 11 30.43 .473
RF 1.30 9 21.62 .540
DPW 1.28 5
SNAP 1.26 133 8.81 19.019
KRYS 1.22 2 79.9 .030
TJX 1.21 16 79.34 .240
BLFS 1.19 3 18.14 .195
SPXS 1.16 11 22.12 .572
STEM 1.15 13 8.82 1.690
SJR 1.15 7 26.39 .301
PPC 1.15 7 23.72 .336
JWN 1.15 11 16.09 .781
ROST 1.14 10 115.86 .090
FL 1.14 9 37.25 .270
ASPN 1.14 2 11.57 .196
EA 1.13 15 122.19 .135
BILI 1.13 31 24.29 1.426
ARMK 1.13 5 41.53 .135
ADI 1.13 14 163.98 .084
NETE 1.11 2
QFIN 1.10 12 20.34 .648
SRTY 1.09 13 53.79 .260
AG 1.09 4 8.44 .516
SBLK 1.08 15 19.68 .810
MCD 1.08 22 265.93 .088
FLO 1.07 11 28.95 .396
J 1.06 5 121.13 .040
CENX 1.06 3 8.33 .381
VERU 1.05 42 5.29 8.316
TAL 1.05 7 7.41 .987
TH 1.04 7 14.91 .483
GPS 1.04 12 11.4 1.092
TTD 1.03 25 45.34 .550
HP 1.01 3 49.64 .060
WPP 1.00 4 49.72 .080
VTNR .98 10 6.26 1.560
DOCS .98 11 33.86 .308
M .97 31 20.46 1.457
BGFV .97 11 8.97 1.188
AR .95 5 30.9 .150
KNBE .94 9 24.77 .333
AXP .94 21 147.32 .126
AMGN .93 21 263.16 .063
WYNN .92 18 81.26 .198
SPXU .92 8 16.74 .432
GT .90 11 10.24 .957
PSTG .89 13 27.04 .416
ABCL .89 5 10.05 .440
HX .88 6 24.58 .210
AEO .88 10 13.99 .620
SQBG .87 2
AMOM .86 2 26.4234 .064
XLY .85 37 129.51 .222
EDIT .85 4 8.98 .376
RACE .84 43 216.59 .129
NVDA .84 210 146.03 1.050
SU .83 23 31.38 .598
ROIV .83 3 7.88 .315
CRH .82 14 39.92 .280
ALXN .82 4
USB .81 13 43.57 .234
DIA .81 20 332.06 .040
BZ .81 12 20.71 .468
BHVN .81 10 14.37 .560
NUE .80 20 133.56 .100
IMTX .80 7 8.7 .637
FANG .80 33 136.28 .165
CD .80 5 7.97 .500
VIPS .79 12 13.76 .684
BKNG .79 15 2003.51 0
AKAM .79 7 84.7 .063
MNST .78 12 102.02 .084
COF .78 7 92.67 .056
BBWI .78 10 41.65 .180
WSM .77 14 116.55 .084
NTEC .77 4
GLW .77 5 31.98 .120
FB .77 130 196.64 .390
XONE .76 2
IYC .75 5 57 .065
SBSW .74 15 10.73 1.020
RTX .74 15 100.33 .105
CLF .74 25 16.49 1.100
LSI .73 10 99.94 .070
IWM .73 14 174.85 .056
CFVI .73 4 12.04 .240
XLK .72 37 124.61 .185
TSN .72 16 61.79 .176
TRI .72 15 114.3 .090
PAYX .72 9 116.46 .054
KMX .72 10 61.26 .110
FISV .72 12 101.5 .084
CRGY .72 4 12.01 .236
PSTX .71 5 5.23 .675
YETI .70 9 41.38 .144
PFE .70 33 51.33 .429
TAP .69 8 51.6 .104
QCOM .69 34 109.84 .204
GME .69 107 18.33 3.959
FGEN .69 4 15.7 .172
BA .69 12 188.91 .036
UPS .68 24 175.75 .072
LVS .68 17 47.08 .238
A .67 14 151.09 .056
F .65 17 11.54 .952
ACI .65 22 20.98 .660
ISEE .64 11 20.95 .330
INFL .64 5 31.66 .100
HON .64 14 214.75 .028
CROX .62 15 107.69 .075
BERZ .62 13 36.13 .221
YMM .61 9 8.16 .666
TTWO .61 14 101.34 .084
PANW .61 15 140.2 .060
OVV .61 16 50.54 .192
NRGU .61 8 479.63 .008
MDRX .61 4 17.88 .136
HGSH .61 4
EOLS .61 5 7.51 .405
CCL .61 14 8.08 1.050
SSRM .60 8 15.72 .304
MAT .60 20 18.01 .660
COST .60 30 456.53 .030
JRJC .59 3
HRB .59 9 36.72 .144
OKE .58 10 65.95 .080
LZB .58 4 23.06 .100
MT .57 22 26.47 .462
HRL .57 25 45.51 .300
ATHM .57 5 31.03 .090
CHKP .56 14 126.1 .056
BABA .56 133 89.13 .798
XOM .55 59 109.2 .295
UBER .55 16 24.91 .352
LUV .55 18 33.38 .288
KSS .55 21 25.08 .441
AAP .55 11 146.31 .033
VNET .54 8 5.72 .752
VIGI .53 8 70.38 .056
TMUS .53 30 139.4 .090
SAIL .53 3 65.24 .024
TQQQ .52 176 17.3 5.280
SUPN .52 5 35.88 .070
NIO .52 105 9.99 5.460
WOOF .51 6 9.42 .324
TSM .51 19 76 .114
SQM .51 26 78.88 .156
GLD .51 28 168.85 .084
FTI .50 7 12.06 .287
FHN .50 4 24.49 .080
BULZ .50 6 21.19 .138
ABT .50 30 110.31 .120
ON .49 36 62.71 .252
NTAP .49 8 60.09 .064
NAPA .49 4 16.44 .116
KZR .49 5 7.03 .345
FAST .48 20 47.56 .200
PINS .47 17 23.82 .323
META .47 11 120.26 .033
ISIG .47 6 7.615 .366
EDU .47 18 36.04 .234
CCJ .47 29 22.59 .580
BIG .47 6 14.67 .192
ANF .47 5 22.88 .100
HTHT .46 4 42.97 .040
KBSF .44 2
GOGL .44 14 8.82 .686
CAH .44 16 77.72 .080
HL .43 6 5.6 .456
AN .43 14 107.5 .056
PBF .42 13 41 .130
KR .42 45 44.62 .405
CYTK .42 10 45.69 .090
MDT .41 18 77.81 .090
HOOD .41 20 8.05 1.000
STN .40 5 47.61 .040
PDCO .40 6 28.19 .084
OTIS .40 6 79.07 .030
SDOW .39 10 26.75 .140
NKE .39 22 117.35 .066
K .39 41 71.47 .205
FCX .39 41 38.31 .410
ATNM .39 4 10.44 .148
DD .38 10 68.58 .050
CM .38 21 40.58 .189
LTHM .37 30 19.8 .540
GBT .37 3 68.49 .015
TRIT .36 6
SOXL .36 6 9.67 .222
LOW .36 20 202.26 .020
LI .36 42 19.49 .756
UPRO .35 8 32.99 .080
TGT .35 21 148.37 .042
AZN .35 49 68.1 .245
MO .34 20 45.87 .140
HPQ .34 18 27.04 .216
COP .34 56 116.39 .112
WEN .33 4 22.78 .056
SBH .33 4 12.5 .104
LABU .33 7 6.88 .329
EVO .33 6 8.33 .234
DIS .33 19 87.18 .057
PDD .32 22 82.41 .066
COGT .32 7 11.5 .189
BP .32 34 34.7 .306
WFC .31 27 41.33 .189
RKT .31 9 6.98 .396
MMM .31 25 120.57 .050
LAC .31 31 18.94 .496
YANG .30 18 11.13 .468
RWM .30 10 24.52 .120
JD .30 32 57.09 .160
EURN .30 30 16.78 .510
DRN .30 10 10.09 .290
SPWH .29 8 9.09 .248
IMMR .29 6 6.95 .246
IBM .29 31 141.06 .062
BCRX .29 23 11.17 .575
SSL .28 54 15.78 .918
SPG .28 15 117.32 .030
KBH .28 3 32.03 .024
SJM .27 25 158.56 .025
NFE .27 7 42.05 .042
MCW .27 2 9.15 .058
BTU .27 38 26.82 .380
OPNT .26 6 20.29 .072
MOS .26 43 43.41 .215
HUSN .26 4
BEKE .26 16 14.25 .288
TWTR .25 22 53.7 .088
RAPT .25 8 19.14 .104
MSFT .25 157 241.01 .157
IMGN .25 3 5.16 .144
VET .24 45 17.75 .585
MRK .24 21 110.82 .042
KMB .24 34 137.24 .034
ZIM .23 37 18.08 .444
PG .23 35 152.59 .035
V .22 22 208.06 .022
TSEM .22 4 43.24 .020
TRQ .22 12 31.41 .084
ALC .22 37 69.09 .111
NEX .21 4 9.19 .088
LIN .20 44 329.75 0
GFI .20 26 10.48 .494
AAL .20 14 12.7 .210
YPF .19 12 9.05 .240
EPM .19 3 7.48 .075
CVS .19 28 93.45 .056
ALVR .19 5 5.12 .185
CLNE .18 6 5.27 .204
XLV .17 38 136.34 .038
VZ .17 23 39.26 .092
SJIV .17 4 68.98 .008
OHI .17 9 27.89 .054
VRDN .16 4 28.9 .020
T .16 23 18.45 .184
AU .16 24 19.43 .192
ANET .16 15 121.88 .015
SBS .15 50 10.8 .650
BCH .15 7 20.62 .049
UNIT .14 8 5.68 .192
RFP .14 3 21.6 .018
KHC .14 24 40.68 .072
HDGE .14 8 28.74 .032
GIS .14 34 84.38 .034
DUK .14 39 103.84 .039
BOX .14 6 31.4 .024
LBRT .13 5 15.93 .040
GGAL .13 6 9.61 .078
ERF .13 27 17.41 .189
D .13 40 61.64 .080
CSCO .13 36 47.5 .072
CNFR .13 2
PBR .12 37 10.68 .407
ORMP .12 10 11.89 .100
XLE .11 49 86.92 .049
APG .11 4 18.89 .020
UBS .10 22 18.8 .110
TME .10 17 8.39 .187
MRO .10 59 26.78 .177
MPC .10 25 116.18 0
BTWN .10 19 9.915 .190
VTRS .09 9 11.13 .072
UAL .09 15 37.92 .030
HCM .09 9 15.51 .045
DKS .09 26 118.45 0
AMKR .09 5 24.01 .015
IRBO .08 6 25.61 .018
COTY .08 17 8.64 .153
ALAC .08 5
AEHR .07 41 20.63 .123
EQNR .06 21 36.18 .021
DB .06 17 11.43 .085
WF .05 5 27.87 .005
SWN .05 38 5.87 .304
CHNG .04 8 27.49 .008
BRG .04 11 26.6 .011
CPG .03 40 7.02 .160
BIDU .03 157 115.1 0
SWCH .02 2 34.25 0
ICL .02 11 7.25 .022
SH .01 14 15.98 0
PSO .01 15 11.3 0
PBT .01 6 23.98 0
MN .01 4 12.85 0
SLVO 0 21 88.31 0
ROKU 0 15 40.56 0
QQC 0 4 20.67 0
NINE 0 11 13.41 0
LHAA 0 5 10.08 0
GRU 0 4 5.41 0
GCP 0 3 32.01 0
GBNY 0 3 10.65 0
ESLT 0 29 163.77 0
ABNB 0 26 85.23 0
SLV -.01 26 21.97 0
ET -.01 30 11.86 0
CTIC -.01 34 5.79 -.034
SLB -.02 37 52.91 0
ASC -.03 9 14.05 -.018
XPEV -.04 116 9.88 -.464
BAK -.04 3 9.12 -.012
WMT -.05 44 142.15 0
ASML -.06 41 551.47 0
GDXD -.09 6 8.35 -.060
XLP -.10 47 74.92 -.047
ORCL -.10 47 81.4 -.047
FRO -.10 53 12.06 -.424
NFLX -.11 134 291.12 0
KO -.11 27 63.95 -.027
CIEN -.12 36 50.73 -.072
CALT -.12 11 18.31 -.066
PEP -.14 31 181.98 0
ABBV -.14 39 162.56 0
SCHW -.15 18 82.66 -.018
AMAT -.19 21 97.14 -.021
AGNC -.19 36 10.48 -.648
PSQ -.20 17 14.7 -.221
GLPG -.27 3 44.54 -.018
CL -.30 25 79.37 -.075
LOGI -.34 26 62.56 -.130
JNJ -.34 27 177.56 -.027
OXY -.41 80 62.28 -.480
MNSO -.41 10 10.96 -.370
DKNG -.44 12 11.27 -.468
DOCN -.48 16 25.31 -.288
AAPL -.48 160 129.61 -.480
ULTA -.55 4 464.83 -.004
INTC -.55 17 26.21 -.340
GDYN -.55 3 11.33 -.144
TCOM -.60 23 34.73 -.391
MLCO -.63 15 11.31 -.825
CRK -.67 25 13.66 -1.225
HD -.92 29 320.41 -.058
HES -1.21 6 140.86 -.048
HCA -1.37 7 240.38 -.035
OLLI -1.44 6 46.93 -.180
ARGX -1.94 14 375.79 -.070
CNC -1.95 11 81.72 -.253
PKG -2.04 8 128.63 -.120
JKS -2.09 16 41.03 -.800
WDAY -2.30 13 167.79 -.169
TWST -3.85 9 23.44 -1.476
GOOG -7.29 36 88.95 -2.916
ROG -7.63 5 120.98 -.315
ENPH -8.75 24 265.49 -.768
SMCI -9.28 5 81.91 -.565
AMZN -15.65 129 84.18 -23.865
