EJH 5.21 6 1.76 17.760
SCPS 3.34 7 1.98 11.802
LAIX 1.72 4 0.701 9.812
AACG 2.14 5 1.34 7.985
CPOP 2.34 5 1.69 6.920
EEIQ 4.33 5 3.3 6.560
NVOS 1.65 5 1.29 6.395
NEGG 3.07 20 12.03 5.100
AUVI 2.32 9 4.14 5.040
DPW 1.56 5 1.6 4.875
NRXP 2.89 8 5.45 4.240
VRPX 1.77 9 3.85 4.131
JAN 2.73 6 4.08 4.014
ADGI 2.61 11 7.26 3.949
VVOS 1.65 6 2.52 3.924
JZXN 1.63 4 1.66 3.924
EYES 1.22 6 1.88 3.888
HX 1.40 6 2.24 3.750
FCEL .18 130 6.53 3.510
JG 1.30 3 1.12 3.480
SIEB 1.53 5 2.3 3.325
KOSS 5.35 7 12.54 2.982
AMC 1.19 60 24.66 2.880
NURO 1.47 11 5.69 2.838
CEMI .60 8 1.7 2.816
AAME 1.97 5 3.54 2.780
NAOV .27 11 1.08 2.750
IRNT 3.02 6 6.8 2.664
RMED .72 6 1.65 2.616
BSQR .35 13 1.85 2.457
TYME .45 4 0.7403 2.428
CARV 3.92 6 10.08 2.328
OCGN 1.04 12 5.42 2.292
AGRI .95 5 2.16 2.195
MRIN 2.01 5 4.7 2.135
BBIG .30 21 2.95 2.121
ANPC 1.24 2 1.2 2.066
LMNL .65 3 0.95 2.052
SPCE 1.26 24 14.77 2.040
INDP 2.52 5 6.34 1.985
BTBT 1.45 10 7.3 1.980
RETO .72 2 0.7745 1.858
AREC .62 5 1.69 1.830
PHUN .35 16 3.1 1.792
JCS 1.40 3 2.36 1.779
DWAC 22.11 4 49.83 1.772
TAOP 1.35 3 2.29 1.767
SGOC 1.19 9 6.2 1.719
MARK .46 4 1.08 1.700
WAVE 1.72 5 5.19 1.655
SAVA 2.72 28 45.78 1.652
GME 2.99 82 148.59 1.640
CSCW .39 2 0.477 1.634
PBTS 1.24 1 0.7658 1.619
CTIB .40 5 1.27 1.570
TPST 2.19 5 7.05 1.550
BIDU 1.88 118 141.41 1.534
NCTY 2.63 5 8.59 1.530
SSY .91 3 1.79 1.524
EVK .60 6 2.365 1.518
NMRD 1.66 4 4.49 1.476
BYSI 1.25 5 4.32 1.445
PRFX .57 4 1.59 1.432
RNXT 1.96 4 5.48 1.428
WORX .44 4 1.25 1.408
FTEK .69 3 1.47 1.407
CETX 1.20 1 0.8592 1.396
WAFU 1.50 4 4.3 1.392
AUUD .41 7 2.08 1.379
ERYP .79 4 2.3 1.372
SYPR .80 4 2.34 1.364
SPRT .81 20 11.8 1.360
SNAP .57 113 46.85 1.356
DLPN 2.14 5 8 1.335
BLIN .41 8 2.48 1.320
NIO .53 77 30.79 1.309
PMCB 1.11 3 2.56 1.299
GRTS 2.25 7 12.1 1.295
BNTC 1.24 3 2.89 1.287
SNOA 1.51 4 4.7 1.284
CRTD .39 7 2.14 1.274
YJ .40 2 0.6282 1.272
BNGO .36 12 3.42 1.260
UPC .73 3 1.74 1.257
ALYA .77 4 2.45 1.256
IGC .49 3 1.18 1.245
NBRV .76 1 0.6201 1.225
STAF .58 2 0.9604 1.206
LHDX 1.58 4 5.3 1.192
NVFY .73 3 1.87 1.170
MOXC 1.33 4 4.57 1.164
RIDE .68 7 4.11 1.155
EBET 3.45 6 17.96 1.152
SOS .61 2 1.06 1.150
PALI .71 3 1.87 1.137
LODE .56 3 1.48 1.134
ANY .21 20 3.75 1.120
HOFV .98 2 1.77 1.106
DYNT .22 5 1 1.100
ANVS 3.73 6 20.3 1.098
ACRS 2.12 7 13.71 1.078
SPCB .32 2 0.5933 1.078
CHCI 1.54 3 4.36 1.059
SJ 1.24 4 4.82 1.028
TERN 1.53 4 5.98 1.020
HOOD 1.41 14 19.5 1.008
APTO .28 4 1.11 1.008
MVIS 1.17 5 5.9 .990
BB .74 12 8.93 .984
IDEX .36 4 1.47 .976
PTIX .84 2 1.73 .970
OSAT 1.21 3 3.74 .969
WHLM 1.20 4 5 .960
MTSL 1.08 3 3.37 .960
HGSH 1.16 2 2.43 .954
IMPL 1.70 5 8.98 .945
CNET 1.11 1 1.18 .940
MEDS .53 5 2.81 .940
ZKIN .71 2 1.52 .934
FULC 2.54 6 16.33 .930
LIZI .40 4 1.78 .896
SPI .89 4 3.98 .892
BBBY .90 16 16.3 .880
ASM .69 1 0.7844 .879
CANF 1.04 1 1.19 .873
VTNR .37 10 4.35 .850
KALV 1.44 8 13.57 .848
AQMS .39 3 1.38 .846
GFAI .51 2 1.21 .842
XPEV .46 84 43.18 .840
DBGI .42 5 2.49 .840
HCWB 1.14 2 2.74 .832
ORPH .57 4 2.74 .832
HGEN 1.21 3 4.44 .816
ATXI .74 1 0.9101 .813
ALF 1.08 2 2.67 .808
KXIN .17 6 1.26 .804
CBAT .50 3 1.9 .789
MNOV .74 3 2.87 .771
MBRX .81 2 2.1 .770
ENVB .27 3 1.06 .762
CHNR .12 4 0.6302 .760
KTTA 1.49 1 1.97 .756
TIGR .50 8 5.31 .752
EXPR .47 5 3.12 .750
ZEV 1.17 4 6.23 .748
XTLB 1.09 2 2.93 .744
EYEG 1.45 1 1.95 .743
DTST .84 3 3.4 .741
ACIU 1.91 2 5.23 .730
ISPC 1.52 6 12.54 .726
VYGR 1.06 2 2.92 .726
HTBX 1.46 2 4.06 .718
MOHO .11 3 0.4586 .717
GOVX .36 7 3.51 .714
OPAD 1.25 4 6.99 .712
GNLN .36 2 1.01 .712
LEDS 1.24 3 5.25 .708
VERY 1.39 4 7.9 .700
NRBO .49 2 1.4 .700
LGHL .30 4 1.71 .700
GROM .76 2 2.2 .690
RCON .51 2 1.48 .688
DTSS .87 1 1.28 .679
WEI .57 1 0.84 .678
NVAX 8.92 13 168.43 .676
PPSI .67 9 8.92 .675
EVOL .74 2 2.22 .666
RFL .71 5 5.33 .665
ATNF .66 4 4.07 .648
NVDA 1.30 161 304.59 .644
WBX 4.49 2 14.15 .634
SCKT .74 4 4.66 .632
ACOR .41 4 2.59 .632
AMBO .61 1 0.965899 .631
AYRO .60 2 1.9 .630
AVXL 2.41 5 19.14 .625
COHN 1.95 5 15.6 .625
GLSI 3.27 5 26.19 .620
VERB .12 8 1.54 .616
GALT .44 3 2.16 .609
IPHA .78 4 5.15 .604
WHLR .54 2 1.79 .602
APRE .69 3 3.44 .600
LCID 1.90 13 40.81 .598
BABA .82 98 122.47 .588
WINT .31 3 1.58 .588
ENG .30 3 1.55 .579
OPTT 1.10 1 1.9 .578
XELB .34 2 1.18 .576
BILI 1.28 23 50.71 .575
ENOB .94 5 8.12 .575
ZCMD 1.01 1 1.77 .570
OLB .77 3 4.04 .570
UAVS .36 3 1.9 .567
DQ 3.36 7 41.83 .560
PENN 2.65 10 46.5 .560
LEXX .63 4 4.49 .560
FLGC .19 6 2.04 .558
ONCS .68 1 1.22 .557
TQQQ .69 139 165.79 .556
XELA .09 7 1.13 .553
AVGR .04 7 0.5031 .553
ALEC 2.10 6 22.66 .552
ADMP .36 1 0.6516 .552
JFU .22 3 1.19 .552
MINM .32 2 1.16 .550
OBLN .56 3 3.05 .549
WNW 1.34 1 2.45 .546
WISH .58 3 3.19 .543
CRIS 1.20 2 4.45 .538
PSTV .60 1 1.12 .535
TRIT .34 5 3.19 .530
ATOS .21 5 1.97 .530
KNBE 1.80 7 23.86 .525
WPRT .58 2 2.21 .524
OTLK .38 2 1.45 .524
SYTA 1.89 1 3.63 .520
AUPH 1.04 10 19.87 .520
MARA 1.03 20 38.73 .520
BCRX .62 10 11.87 .520
GRVI .74 3 4.27 .519
HAPP .30 1 0.58 .517
GRTX .50 3 2.9 .516
RSLS .27 4 2.09 .516
UONE .37 7 5.06 .511
ENTX .77 2 3.03 .508
LWAC 1.73 5 16.98 .505
GTEC .80 4 6.41 .496
MTP .56 1 1.14 .491
BGFV .97 10 19.55 .490
RKDA .49 1 1 .490
PIRS .23 7 3.26 .490
OSMT .13 4 1.06 .488
MVST .61 6 7.5 .486
SLGG .64 2 2.64 .484
MQ 1.18 7 17.1 .483
UFAB .46 2 1.905 .482
NNOX 1.69 5 17.63 .475
ACY .99 19 39.08 .475
SDC .64 2 2.7 .474
NKLA .31 15 9.71 .465
GEG .90 1 1.95 .461
NTRB 1.15 2 5 .460
LIFE .93 4 8.06 .460
ARAV 1.21 1 2.66 .454
WATT .32 2 1.41 .452
BPTH .95 2 4.21 .450
BTX 1.13 2 5.06 .446
BTCM .72 4 6.47 .444
SLS .69 4 6.17 .444
SGBX .32 3 2.17 .441
ORMP .35 19 15.09 .437
TEDU .09 2 0.4141 .434
MTL .07 16 2.58 .432
MRNA 3.13 39 283.28 .429
MRAM 1.52 3 10.6 .429
BKKT 2.95 2 13.76 .428
AVIR 1.14 3 8.02 .426
NEXT .29 4 2.73 .424
ABUS .22 8 4.09 .424
PEAR 2.37 1 5.61 .422
ADMA .54 1 1.28 .421
IFRX .58 3 4.13 .420
VNET 1.13 3 8.14 .414
BODY .47 2 2.26 .414
CERE 1.78 7 30.65 .406
GMBL .88 2 4.32 .406
MDIA .50 3 3.7 .405
LYEL 1.21 3 9 .402
EYPT 5.86 1 14.65 .400
ENSC .55 3 4.11 .399
PLG .24 3 1.81 .396
LGVN 1.37 5 17.33 .395
TRCH .98 2 4.95 .394
BHTG .33 1 0.837 .394
KMPH 1.03 3 7.86 .393
DOCS 2.62 8 53.18 .392
AVCT .30 2 1.53 .392
BON .62 3 4.8 .387
IPA 1.04 2 5.38 .386
RAPT 1.77 7 31.63 .385
DDD .70 12 21.42 .384
HUSN .29 4 2.995 .384
DWSN .44 2 2.3 .382
LAZR 1.16 5 15.07 .380
PME .26 1 0.6845 .379
ATAI 1.29 2 6.82 .378
RHE 1.27 2 6.7 .378
EFOI .71 2 3.74 .378
DYAI .51 3 4.04 .378
GEVO .49 4 5.19 .376
CTSO .42 4 4.43 .376
M .58 17 25.78 .374
ZLAB 3.42 6 54.9 .372
ZG 3.19 7 59.91 .371
NEPT .07 2 0.3791 .368
BFRI .85 3 6.95 .366
BNR 1.30 3 10.68 .363
UPST 2.99 19 154.23 .361
ASTR .62 5 8.54 .360
MRKR .36 1 1 .360
AGEN .10 12 3.31 .360
VIVE .26 2 1.45 .358
CLSD .35 3 2.94 .357
NNDM .48 3 4.06 .354
ONCT .45 2 2.55 .352
EOSE 1.39 2 7.93 .350
APPS 3.13 6 53.76 .348
GDEV .87 3 7.5 .348
AEHR .19 29 15.05 .348
IMNM 1.42 4 16.44 .344
SE 4.12 19 226.5 .342
CMMB 1.24 2 7.28 .340
VTSI .56 4 6.52 .340
KURA 1.04 4 12.3 .336
SOFI .73 7 15.16 .336
IMMR .33 6 5.86 .336
WIMI .27 4 3.19 .336
IMMP .16 7 3.31 .336
XBIO .06 8 1.42 .336
KODK .86 2 5.14 .334
ADIL .45 2 2.69 .334
VOXX 1.16 3 10.41 .333
QFIN .77 9 20.41 .333
MITO .28 1 0.839 .333
GRU 1.51 1 4.545 .332
SKLZ .67 4 8.12 .328
ARPO .72 1 2.2 .327
HUGE .37 1 1.13 .327
SPLK 6.20 6 112.82 .324
TELL .11 9 3.01 .324
AFRM 2.19 17 110.98 .323
EVGO .45 8 11.16 .320
ZIM 1.48 11 49.4 .319
FIGS 1.33 6 25.03 .318
ZM 3.91 15 183.73 .315
CCXI 3.66 3 34.75 .315
APOP .84 5 13.17 .315
NNVC .44 3 4.17 .315
TSLA 2.87 157 975.99 .314
IMTX .98 4 12.43 .312
CAN .43 4 5.5 .312
BNTX 3.02 31 287.05 .310
NVCR 2.63 10 83.2 .310
RSKD 1.24 2 7.96 .310
ENZ .54 2 3.48 .310
SNMP .11 2 0.7092 .310
FGEN 1.47 3 14.27 .309
TATT .65 3 6.31 .309
RLMD 1.57 4 20.18 .308
CLF .57 11 19.82 .308
GSM .27 7 6.01 .308
ALDX 1.09 2 7.1 .306
SNES .16 2 1.04 .306
OCX .70 1 2.29 .305
VLDR .76 2 4.99 .304
BBLG 1.14 1 3.76 .303
JRJC .67 3 6.67 .300
KBSF .46 2 3.05 .300
FCX .45 25 37.25 .300
VBLT .21 3 2.1 .300
GPN 3.54 11 128.06 .297
LMFA .35 5 5.9 .295
ALTO .29 5 4.85 .295
LJPC .62 2 4.21 .294
MTTR .48 14 22.33 .294
AEI .09 2 0.62 .290
ZY .78 3 8.12 .288
HUYA .53 4 7.34 .288
VERU .45 4 6.22 .288
SBEA 1.45 2 10.13 .286
KSS 1.41 10 49.18 .280
IONQ .65 7 16.1 .280
MOGO .24 4 3.39 .280
EZFL .57 1 2.04 .279
SALM .20 4 2.89 .276
DBVT .07 11 2.7 .275
BRLT 1.44 3 15.81 .273
JFIN .36 2 2.64 .272
PBR .30 10 10.87 .270
CLPS .57 1 2.12 .268
CLPS .57 1 2.12 .268
IGIC .70 3 7.86 .267
OSTK 2.60 7 67.93 .266
OCUP .51 2 3.83 .266
AMD 1.78 22 146.5 .264
ME .34 6 7.6 .264
OBSV .10 6 2.24 .264
W 6.04 9 207.29 .261
PLUG .92 9 31.36 .261
TSP 1.75 5 33.19 .260
MESO .65 2 4.97 .260
ERJ .39 10 14.63 .260
INFI .16 4 2.43 .260
FENG .11 2 0.8413 .260
TASK 1.74 7 46.85 .259
NLS .84 2 6.51 .258
DARE .47 1 1.84 .255
AMEH 2.05 9 73.13 .252
DDS 6.58 10 260.1 .250
CARA 1.57 2 12.48 .250
MDNA .05 8 1.57 .248
MOSY .55 2 4.45 .246
ABSI 1.25 2 10.18 .244
STG 1.13 1 4.65 .243
EVGN .43 1 1.78 .241
SI 4.55 8 146.95 .240
RBLX 1.49 16 97.95 .240
AKTX .36 1 1.5003 .239
AMTX 1.20 3 15.06 .237
ORGS .70 1 2.96 .236
EXPI 1.38 6 34.59 .234
CELC 1.05 3 13.44 .234
EDSA 1.24 1 5.34 .232
SQBG .73 2 6.24 .232
OVID .38 2 3.27 .232
RAIL .24 4 4.1 .232
SHOP 28.96 11 1368.08 .231
CHGG 2.17 3 27.89 .231
CCJ .47 11 22.15 .231
CRDF .45 3 5.77 .231
OXBR .30 5 6.46 .230
TLRY .47 4 8.14 .228
DLO 1.53 5 33.69 .225
LOOP .55 5 12.04 .225
NIU .93 4 16.58 .224
GPS .54 7 16.63 .224
STEM .68 6 17.92 .222
CVV .46 2 4.14 .222
DOCN 1.74 10 78.37 .220
LAC .69 10 30.8 .220
AXLA .26 2 2.36 .220
BIOC .22 4 3.94 .220
CPE 1.54 7 48.32 .217
FOSL 1.09 2 10.04 .216
CGC 1.01 2 9.27 .216
IMV .15 2 1.38 .216
DUOL 7.27 3 101.7 .213
FSTX 1.04 1 4.88 .213
CELH 1.96 7 64.93 .210
HHR .98 11 50.72 .209
ENSV .20 1 0.9599 .208
SQ 1.73 23 173.8 .207
PRTA 1.04 9 45.16 .207
DKNG .99 6 28.67 .204
HOL .84 3 12.35 .204
PRPL .32 6 9.35 .204
CPIX .24 4 4.7 .204
XAIR 1.97 1 9.77 .201
CIFR .35 3 5.16 .201
NVTS 1.62 2 16.12 .200
DELL 1.42 8 56.04 .200
ACHL .89 1 4.46 .199
TOST 3.31 2 33.43 .198
FBRX .40 1 2.02 .198
EDTK .10 2 1.01 .198
CHMA .37 2 3.76 .196
MSTR 14.75 8 598.59 .192
PUBM 6.66 1 35.14 .189
BLU .51 3 8 .189
AESE .35 1 1.85 .189
GENE .13 3 2.04 .189
AMZN 6.99 94 3466.3 .188
JWN .98 4 20.43 .188
NTEC .46 4 9.63 .188
TWTR 1.40 6 44.07 .186
ACB .36 3 5.78 .186
LYFT 1.43 5 38.42 .185
GIII 1.02 5 26.85 .185
EQOS .46 1 2.5 .184
DNUT .38 8 16 .184
AZYO 1.08 1 5.87 .183
TENX .21 1 1.15 .182
PDD 2.15 5 59.13 .180
SKT 1.17 3 19.29 .180
GSAT .12 2 1.32 .180
RIG .09 6 2.93 .180
NBEV .19 1 1.07 .177
ARVN 1.55 8 69.2 .176
ASAN .80 16 69.65 .176
IAC 3.19 7 125.02 .175
BYND 2.00 6 66.79 .174
SFIX 1.08 3 18.46 .174
FUBO 1.01 3 17.21 .174
CLII .84 3 14.36 .174
HIPO .25 2 2.85 .174
GTT .41 1 2.36 .173
BLUW .83 2 9.63 .172
FUV .77 2 8.88 .172
SCYX .31 4 7.1 .172
GTIM .74 1 4.32 .171
BKYI .19 2 2.22 .170
AEY .31 1 1.83 .169
NEWR 2.93 6 102.6 .168
DDL 1.22 2 14.46 .168
RIOT .73 6 25.87 .168
DRN .57 8 26.69 .168
SOHU .47 6 16.39 .168
TGTX .93 3 16.72 .165
AA .80 11 50.46 .165
DMAC .31 2 3.76 .164
SEMR 1.11 3 20.24 .162
DKS 1.01 18 106.11 .162
AAL .32 9 16.99 .162
JD 1.28 10 77.65 .160
HOG 1.23 5 37.93 .160
BWAY .68 2 8.5 .160
ISEE .62 4 15.37 .160
MITQ .36 1 2.24 .160
SSNT .34 2 4.22 .160
AUTL .30 3 5.64 .159
SIF 1.16 1 7.33 .158
NETE 1.04 2 13.09 .158
HNST .41 3 7.86 .156
MAT .63 5 20.18 .155
CALA .11 1 0.7091 .155
DE 4.88 11 343.94 .154
LBPH .92 1 5.95 .154
SSKN .22 1 1.42 .154
AFMD .29 3 5.65 .153
COTY .19 8 9.97 .152
CPG .09 8 4.7 .152
KULR .06 8 3.09 .152
PBLA .25 1 1.65 .151
U 3.60 6 140.74 .150
FLGT 2.27 6 89.82 .150
APP 1.38 10 88.56 .150
RUN 1.10 5 36.01 .150
LEGN 1.04 6 41.14 .150
GAME .43 1 2.86 .150
PRPO .09 3 1.8 .150
IRDM 1.55 4 41.33 .148
VCVC 1.46 1 9.85 .148
ENLV .49 2 6.56 .148
DPST 2.33 3 47.26 .147
EDIT 1.47 3 29.94 .147
TAL .32 2 4.37 .146
ALZN .19 2 2.59 .146
DNA 1.58 1 10.85 .145
SCR 1.05 5 35.58 .145
NXTP .14 1 0.9608 .145
CRON .12 5 4.11 .145
ALLO 1.11 2 15.37 .144
LUV .99 6 40.11 .144
LI .76 6 30.44 .144
SONO .70 6 29.09 .144
OCG .16 4 4.4 .144
IKT .24 1 1.67 .143
OCG .05 13 4.4 .143
FRD 1.28 1 9.02 .141
PFE .57 14 55.54 .140
PETZ .17 4 4.85 .140
VIH 1.31 1 9.36 .139
SRNE .85 1 6.1 .139
BCLI .46 1 3.29 .139
UWMC .29 3 6.22 .138
TISI .17 1 1.23 .138
BQ .08 2 1.145 .138
BIGC 2.58 2 37.55 .136
OMER 1.00 1 7.3 .136
CYAD .56 1 4.1 .136
JKS 1.23 5 44.74 .135
TDC 1.17 5 42.02 .135
DAL 1.02 5 36.61 .135
NGM 1.25 2 18.52 .134
ATIF .43 1 3.19 .134
CLOV .28 2 4.13 .134
WTER .09 2 1.34 .134
GRVY 1.33 7 69.76 .133
FLWS .75 4 22.23 .132
TESS .30 3 6.81 .132
FENC .27 2 4.08 .132
CMTL 3.13 1 23.88 .131
DASH 2.11 10 156.24 .130
CPSH .51 1 3.93 .129
AEMD .09 3 2.09 .129
RL 1.89 8 115.85 .128
GH 1.57 8 96.54 .128
KZR .82 2 12.8 .128
CRM 2.49 14 260.04 .126
JRVR 1.10 3 26.11 .126
FTCH .67 6 30.87 .126
MRO .12 18 15.15 .126
VSCO 1.29 5 49.98 .125
THCB 1.25 1 10 .125
CCL .45 5 17.89 .125
MAXR .83 4 26.66 .124
CLDX 1.61 3 38.46 .123
LIVE 1.37 3 32.91 .123
SHEN 1.11 3 26.5 .123
ANIX .38 1 3.08 .123
HJLI 1.27 1 10.38 .122
ROKU 3.14 8 203.94 .120
ACMR 1.83 5 73.24 .120
TVTX 1.19 3 29.15 .120
RRGB .96 2 15.93 .120
CYTK .80 6 38.61 .120
PTON .78 6 38.5 .120
GP .49 3 12 .120
LTHM .21 15 25.52 .120
BGI .19 3 4.7 .120
SBBP .12 2 2 .120
SAM 9.40 7 524.93 .119
DLTR 1.90 9 140.05 .117
MSGE 1.88 4 64.29 .116
HCM .93 4 31.9 .116
BZUN .80 2 13.78 .116
CRCT .70 4 23.81 .116
MSFT .51 116 328.34 .116
IRIX .18 4 6.11 .116
MBII .08 1 0.69 .115
PATI .50 2 8.7 .114
ULBI .31 2 5.4 .114
RGEN 4.41 7 261.83 .112
CAT 2.86 8 202.55 .112
AN 1.67 8 116.2 .112
JPM 1.29 14 157.94 .112
YMM .58 2 10.32 .112
FFHL .44 2 7.79 .112
GMTX .17 2 2.99 .112
RMBL 1.41 3 37.42 .111
CLNE .67 1 6.03 .111
AMRS .60 1 5.39 .111
EQ .53 1 4.74 .111
AAPL .35 111 179.3 .111
LAD 6.41 5 284.16 .110
DPZ 5.62 11 523.92 .110
AEO 1.32 2 23.87 .110
KZIA .41 2 7.35 .110
LC .28 11 26.9 .110
LIVX .17 2 3.07 .110
SBS .08 10 7.03 .110
ASML 4.59 18 754.39 .108
VLO 1.86 4 68.24 .108
DIS 1.86 9 150.4 .108
CAH 1.34 4 49.21 .108
MRUS 1.10 3 30.49 .108
PINS 1.00 4 36.05 .108
BKE .89 6 48.83 .108
UBER .71 6 37.83 .108
FB .65 108 341.66 .108
GT .37 6 20.46 .108
ORCL .35 36 103.65 .108
ESTC 1.83 7 118.37 .105
TWST 1.37 7 89.41 .105
IMAB 1.00 5 46.97 .105
NFLX .76 105 605.04 .105
TTD .70 15 91.43 .105
TMX 2.30 2 44.15 .104
FATE 1.44 4 54.67 .104
APXT 1.27 1 12.11 .104
TTCF .86 2 16.52 .104
CHPT .53 4 19.89 .104
XPDI .09 13 10.69 .104
COUR 1.32 2 25.45 .102
XM 1.10 3 31.6 .102
PTGX 1.05 3 30.54 .102
VIR .79 6 46.03 .102
ARMP .49 1 4.77 .102
KR .30 17 46.22 .102
GKOS 4.45 1 44.01 .101
BFLY .72 1 7.11 .101
CREE 1.64 5 79.12 .100
ABCL 1.31 1 12.99 .100
DOMO 1.26 4 49.16 .100
SKX 1.09 4 43.04 .100
MOS .76 5 36.38 .100
UAA .56 4 22.37 .100
GURE .46 1 4.6 .100
REGN 7.44 9 657.93 .099
PYPL 2.14 9 190.66 .099
KMB 1.62 9 138.3 .099
LAW 1.23 3 36.95 .099
EAT 1.21 3 35.93 .099
CREX .15 1 1.5018 .099
FANG 1.55 7 103.75 .098
BBY 1.45 7 102.49 .098
BZ 1.22 3 38.08 .096
BTWN .95 1 9.81 .096
IS .76 1 7.9 .096
ACI .27 12 30.25 .096
FL .84 5 42.77 .095
MFNC 1.02 2 21.5 .094
VMEO .85 2 17.98 .094
SBTX .57 1 6.03 .094
EOLS .55 1 5.81 .094
INM .14 1 1.48 .094
OVV 1.01 3 32.02 .093
KIRK .48 3 15.05 .093
GBR .24 1 2.58 .093
VSTM .07 3 2.25 .093
ROIV .83 1 8.97 .092
ZNGA .15 4 6.36 .092
CHRA .40 1 4.38 .091
MDB 5.57 9 508.41 .090
BIIB 3.69 6 230.76 .090
SNOW 3.29 10 360.34 .090
BHVN 2.12 5 115.1 .090
XBI 1.75 6 113.39 .090
FISV 1.64 6 103.66 .090
VMW 1.17 9 110.44 .090
USB 1.06 5 56.74 .090
WMT .78 18 145.77 .090
COP .72 9 70.71 .090
VNE .55 6 35.06 .090
CRNC 1.55 4 69.2 .088
YEXT .91 1 10.28 .088
CSCO .48 11 59.93 .088
FFIE .22 2 4.99 .088
KRYS 6.33 1 72.45 .087
SPTN .74 3 25.18 .087
RCAT .10 2 2.29 .086
CNC 1.49 5 83.33 .085
C 1.06 5 60.64 .085
ENPH 2.57 7 204.04 .084
BCYC 1.49 3 51.8 .084
TJX 1.03 6 73.06 .084
OPNT .73 4 33.72 .084
STRO .65 2 15.45 .084
HPQ .53 6 36.26 .084
SILK .52 7 40.16 .084
APT .45 1 5.35 .084
ERF .41 2 9.73 .084
CYTH .34 1 4.03 .084
CIEN .33 21 74.5 .084
CNFR .10 2 2.37 .084
BLDR 2.17 3 78.26 .081
PFGC 1.21 3 43.45 .081
SLV .56 3 20.31 .081
XLE .53 9 55.15 .081
SIVB 7.01 8 699.53 .080
PKG 2.17 5 130.63 .080
A 1.31 10 154.31 .080
MDT 1.05 8 104.94 .080
ARCE .89 2 21.73 .080
STX .84 10 104.53 .080
PLTR .77 2 18.86 .080
VTGN .03 5 1.86 .080
GDYN 3.03 1 37.94 .079
MNSO .82 1 10.32 .079
XMTR 3.46 1 44.34 .078
IWM 2.93 6 214.18 .078
SPT 1.25 6 95.29 .078
SMLP 1.07 2 27.1536 .078
WFC .66 6 48.94 .078
SLB .41 6 29.31 .078
RVI .24 2 6.06 .078
ET .11 6 8.36 .078
ADBE 4.50 11 614.86 .077
LMT 2.51 11 344.42 .077
SPG 1.69 7 152.04 .077
BJ .79 7 67.8 .077
MRK .54 11 75.29 .077
ROST 2.08 4 108.82 .076
WYNN 1.62 4 83.32 .076
PLCE 1.60 4 82.52 .076
VIPS .66 1 8.8 .075
T .56 3 22.29 .075
GNOG .78 1 10.43 .074
ORGO .35 2 9.33 .074
EKSO .11 2 2.96 .074
CM 1.42 6 111.66 .072
APPN 1.29 4 69.8 .072
DXC 1.11 2 30.8 .072
IBM 1.03 9 123.11 .072
MYGN .98 2 27 .072
CSIQ .58 4 31 .072
IRCP .04 4 2.11 .072
TBLA .70 1 9.85 .071
EL 3.86 7 365.12 .070
SNPS 3.62 7 361.3 .070
MA 3.58 7 346.35 .070
SITM 2.97 7 278.02 .070
WSM 2.54 5 171.6 .070
CFLT 2.29 2 63.86 .070
TTC 1.42 5 98.41 .070
CTRN 1.11 5 76.86 .070
MS .74 10 99.43 .070
INTC .54 7 49.7 .070
K .49 10 63.5 .070
TME .45 1 6.36 .070
BLNK .18 14 30.13 .070
YPF .09 3 3.82 .069
RSI .55 2 15.98 .068
DUOT .40 1 5.81 .068
VXX .35 4 20.43 .068
THTX .22 1 3.26 .067
SLHG .10 1 1.48 .067
CHKP 1.25 6 113.41 .066
LOGI .99 6 83 .066
SUPN .95 2 28.18 .066
SM .68 3 29.64 .066
WOOF .43 3 18.85 .066
MRTN .38 3 16.93 .066
SSL .06 22 15.6 .066
RNG 11.84 1 181.95 .065
UNH 2.55 13 494.38 .065
XLNX 1.11 13 217.73 .065
SCHW 1.08 5 81.6 .065
ATVI .81 5 60.26 .065
VRNT .69 5 50.48 .065
GBS .11 1 1.69 .065
LLY 2.39 8 275.28 .064
CVS 1.62 4 100.55 .064
INMD 1.10 4 67.4 .064
BEKE .61 2 18.68 .064
HWCC .34 1 5.3 .064
GGAL .16 4 9.5 .064
GS 2.93 9 388.82 .063
ZS 2.27 9 307.24 .063
V 1.65 9 209.98 .063
DFH 1.18 1 18.7 .063
MO 1.00 3 45.96 .063
BIG .91 3 42.44 .063
KO .46 9 58.06 .063
EDU .14 1 2.2 .063
THC 4.91 1 78.19 .062
KYMR 1.69 2 53.5 .062
AMKR .70 2 22.26 .062
PPBT .26 1 4.14 .062
VIEW .13 2 4.1 .062
OXY .06 31 28.52 .062
CCMP 11.86 1 195.5 .060
COIN 1.63 10 258.3 .060
TGT 1.24 12 235.28 .060
TSN 1.03 5 85.75 .060
VALN .80 4 50.98 .060
SJM .78 12 134.73 .060
FLXN .55 1 9.12 .060
BAC .47 6 44.13 .060
XOM .38 10 61.27 .060
ON .35 12 62.98 .060
KHC .35 6 34.88 .060
FLO .28 6 26.7 .060
MOMO .19 3 9.1 .060
RRD .07 10 11.01 .060
LL 1.01 1 17.05 .059
UAL 1.24 2 41.5 .058
KMX 2.82 3 141.99 .057
FITB .82 3 43.12 .057
SBH .38 3 19.83 .057
SPWH .22 3 11.19 .057
INTU 4.61 8 639.48 .056
SEDG 2.70 7 305.5 .056
ROLL 1.78 7 202.75 .056
HON 1.76 7 209.76 .056
YETI 1.27 4 88.19 .056
NFE 1.27 1 22.3 .056
WM 1.17 8 162.53 .056
AMAT 1.16 8 147.73 .056
ABT 1.14 7 135.56 .056
TMUS 1.01 7 118.42 .056
FA .96 1 16.98 .056
JBL .92 4 63.78 .056
PDCO .41 4 28.74 .056
RDUS .38 1 6.77 .056
SWN .07 4 4.76 .056
ECOM 1.37 1 24.64 .055
GWRE 1.30 5 114.1 .055
SWI .79 1 14.12 .055
CUE .62 1 11.24 .055
ITRO .07 1 1.27 .055
MFGP .05 5 4.41 .055
LII 2.97 6 322.26 .054
DG 2.15 6 226.12 .054
TSCO 1.52 9 236.97 .054
TAP 1.23 2 44.92 .054
ABNB 1.11 9 168.14 .054
HAS .94 6 101.4 .054
GE .86 6 92.08 .054
CRMT .72 9 108.15 .054
APG .62 2 22.89 .054
EQT .39 3 20.97 .054
SNDL .03 1 0.5602 .053
CAR 6.00 2 226.56 .052
TRI 1.63 4 117.72 .052
TSC 1.55 1 29.48 .052
OLLI 1.29 2 49.18 .052
NTAP 1.16 4 88.7 .052
ACH .67 1 12.83 .052
RKT .41 2 15.62 .052
OEG .14 1 2.67 .052
EPU .48 3 27.14 .051
AMGN 2.27 5 219.25 .050
KEYS 2.15 5 204.01 .050
EA 1.35 5 128.9 .050
OTIS .91 5 84.92 .050
TNA .83 5 79.89 .050
XONE .67 2 26.7 .050
ADSK 2.04 7 271.73 .049
COST 2.65 12 565.48 .048
WDAY 2.46 6 279.22 .048
COF 1.87 4 147.92 .048
DAVA 1.77 4 144.31 .048
BURL 1.68 8 278.92 .048
STT 1.48 3 91.86 .048
LPX 1.24 3 75.76 .048
SANA .82 1 17.01 .048
ALC .68 6 84.82 .048
ATHM .49 3 29.4 .048
ARMK .42 4 34.21 .048
AZN .21 16 55.72 .048
AGNC .19 4 15.17 .048
PWR 2.69 2 112.16 .046
RF .52 2 21.87 .046
STE 2.26 5 229.06 .045
LIN 1.72 9 341.36 .045
MT 1.44 1 31.55 .045
OKE .92 3 59.56 .045
NKE .92 9 163.9 .045
ANF .52 3 34.37 .045
PSTG .49 3 31.65 .045
PKI 2.16 4 190.56 .044
EVA 1.62 2 71.09 .044
BLFS 1.55 1 34.75 .044
AKAM 1.27 4 114.24 .044
LOW 1.24 11 257.54 .044
MNST 1.05 4 91.21 .044
GLD .70 11 166.15 .044
NPTN .67 1 15.19 .044
PG .66 11 158.25 .044
TTM .13 11 32.15 .044
PANW 23.18 1 540.29 .042
LSI 3.13 2 145.19 .042
MMM 1.20 7 175.78 .042
GM .87 3 58.61 .042
QCOM .66 14 189.28 .042
RY .61 7 101.47 .042
TBIO .53 3 37.36 .042
BBWI .53 6 73.45 .042
HRL .31 7 48.59 .042
GRUB .15 3 10.57 .042
CI 1.83 5 217.46 .040
ADI 1.48 5 179.53 .040
NXPI 1.35 8 229.38 .040
UHS 1.30 4 129.41 .040
DD .80 4 77.64 .040
LESL .44 2 21.18 .040
GIS .32 10 67.34 .040
KDMN .10 4 9.5 .040
PCTY 8.94 1 228.54 .039
VGR .61 1 15.63 .039
IRTC 3.69 1 95.44 .038
WGO 1.39 2 69.69 .038
EGRX 1.01 2 52.3 .038
HMHC .31 2 15.7 .038
FCBP 1.08 1 29.1 .037
ANTM 2.99 6 443.56 .036
AAP 1.46 6 239.14 .036
J 1.33 4 140.08 .036
LITE 1.30 3 104.3 .036
AXP 1.07 6 162.24 .036
KNL .92 1 25.04 .036
ABBV .83 6 130.23 .036
DEN .72 4 74.59 .036
LEN .70 6 113.09 .036
GPK .38 2 20.01 .036
ALAC .21 2 11.63 .036
NOK .04 6 6.13 .036
TTWO 1.26 5 167.63 .035
UPS 1.15 7 205.77 .035
CTKB .66 1 18.34 .035
SRNG .41 1 11.42 .035
BP .21 5 26.62 .035
LZB .64 2 36.66 .034
HOLI .43 1 12.83 .033
BKNG 10.17 8 2130.38 .032
HCA 2.20 4 253.83 .032
CLX 1.52 4 172.67 .032
LH 1.39 8 294.66 .032
MPC .54 4 62.48 .032
MRVL .37 8 88.37 .032
TEO .08 2 4.94 .032
LPTX .08 1 2.5 .032
RMD 8.09 1 256.46 .031
FOE .67 1 21.53 .031
AHPI .17 1 5.48 .031
BLK 6.24 5 914.91 .030
RCUS 1.22 1 40.52 .030
PEP 1.13 5 171.57 .030
RTX .88 3 83.5 .030
NEE .59 5 92 .030
CROX .51 10 151.33 .030
ACHV .11 2 7.1 .030
ENIC .06 1 1.97 .030
BEST .01 3 0.9168 .030
PCVX .65 1 22.39 .029
GOOG 3.73 28 2947.37 .028
XLY 1.50 4 201.07 .028
JNJ 1.20 4 171.14 .028
XLK .85 7 173.94 .028
VZ .73 2 50.55 .028
FLOW .63 4 86.36 .028
XLF .58 2 38.97 .028
MU .33 9 85.66 .027
ATKR 1.43 2 107.62 .026
HNP .33 2 24.43 .026
GSKY .15 2 11.51 .026
VRTX 5.31 1 209.24 .025
TRIL .47 1 18.44 .025
AZO 5.11 12 2048.59 .024
SNA 1.40 4 216.68 .024
OLN 1.34 1 55.43 .024
ALXN 1.24 4 182.5 .024
B 1.08 1 44.59 .024
MCD .98 8 264.52 .024
AZPN .96 4 150.03 .024
QDEL .95 4 150.11 .024
CL .38 6 82.13 .024
VSH .18 3 20.67 .024
UNIT .11 3 12.94 .024
CDEV .04 4 6.27 .024
SLVO .03 4 4.89 .024
CLSK .30 1 12.51 .023
SPB 2.21 1 97.01 .022
CRTO .90 1 40.79 .022
RACE .58 11 260.47 .022
STN .44 3 55.22 .021
NUAN 1.13 1 55.09 .020
HRI .96 4 164.34 .020
PLD .67 5 158.73 .020
IRBO .83 1 41.85 .019
UHAL 1.98 9 720.67 .018
LANC 1.43 2 158.82 .018
CNA .83 1 44.17 .018
AMOM .66 1 35.4169 .018
DUK .41 6 103.82 .018
D .17 9 78.2 .018
HD .68 17 407.81 .017
PSTX .12 1 6.79 .017
SELF .09 1 5.14 .017
STMP 1.59 4 329.61 .016
STZ 1.17 4 241.04 .016
AIT .91 2 102.92 .016
UTHR .86 4 195.62 .016
IYC .39 4 82.38 .016
CSPR .11 1 6.67 .016
AXON 2.25 1 145.73 .015
INCY .27 5 71.99 .015
VCLO .25 1 15.75 .015
TNET 1.38 1 95.37 .014
PAYX .94 2 125.28 .014
XLV .31 7 135.3 .014
CHNG .15 2 21.08 .014
ADMS .06 2 8.22 .014
FRBK .05 1 3.56 .014
CAI .78 1 56 .013
TDG 1.87 4 582.59 .012
PNRG .79 1 65 .012
TSM .54 3 120.4 .012
HRC .42 6 155.96 .012
MGTX .27 1 21.05 .012
PPC .17 2 28.3 .012
HDGE .12 3 25.31 .012
SPY 2.43 2 470.6 .010
ECHO .49 1 48.24 .010
HALO .39 1 36.93 .010
INOV .22 2 41.06 .010
ESXB .06 2 11.3 .010
GTS .33 1 35.66 .009
IEC .14 1 15.34 .009
SVBI .13 1 13.63 .009
RTLR .02 9 10.53 .009
XLP .13 8 75.97 .008
LMRK .07 2 16.46 .008
PBT .04 2 8.81 .008
HFBL .16 1 20.382 .007
ROG 1.67 1 270.59 .006
SYKE .14 3 54 .006
FAST .11 6 63.65 .006
ITRN .07 3 25.01 .006
PSP .04 3 15.34 .006
JQUA .26 1 45.06 .005
CXM .09 1 15.11 .005
CLDR .08 1 15.99 .005
SAFM .85 1 190.45 .004
VOOV .73 1 148.65 .004
CONE .25 2 89.64 .004
TAAG .09 1 20.9494 .004
CPLG .07 1 15.5 .004
KIN .02 2 9.25 .004
RAVN .10 3 58.08 .003
IACB .01 3 7.95 .003
CXP .04 1 19.28 .002
VCAR .03 1 14.94 .002
SIC .03 1 14.49 .002
NWHM .02 1 8.99 .002
EIC .02 2 16.79 .002
DSE .02 1 9.49 .002
ULTA .62 1 394.61 .001
PMD .01 1 7.24 .001
ULTA .05 12 394.61 0
EPAY .02 2 50.36 0
INFL .01 2 30.04 0
DFP .01 3 27.58 0
WMPN 0 4 12.05 0
QQC 0 2 32.6952 0
QADB 0 4 87.54 0
PAE 0 1 9.93 0
ONON 0 1 51.42 0
NLSP 0 1 1.2386 0
LHAA 0 1 9.81 0
HWBK 0 1 24.03 0
FRO 0 16 6.62 0
DVD 0 1 3.59 0
APWC 0 1 2.99 0
NSYS -.12 1 10.3 -.011
