BKNG 17.64 6 2325.5
MSTR 14.90 6 641.46
NVAX 14.88 8 237.27
REGN 12.57 6 653.18
DPZ 10.53 7 511.21
W 9.22 6 277.87
SAM 8.67 6 543.39
INDP 8.55 2 11.58
BNTX 8.38 6 351.05
AZO 8.36 6 1607.42
SE 8.13 8 342.91
AMZN 8.07 92 3488.24
MDB 6.88 5 509.65
DE 6.81 6 361.49
ASML 6.72 6 887.75
KOSS 6.42 6 18.09
UPST 6.02 9 293.26
DASH 5.97 4 222.91
SCR 5.96 1 34.66
AFRM 5.92 5 117.58
UTHR 5.88 1 200.08
ENPH 5.87 2 156.79
GPN 5.86 5 163.99
CELH 5.86 1 93.28
WDAY 5.85 2 268.51
SITM 5.79 3 224.67
NVCR 5.79 5 127.09
LOW 5.78 3 208.48
LH 5.76 2 295.93
VERY 5.74 1 8.37
SI 5.73 1 111.37
IRNT 5.72 2 41.4
ANTM 5.66 3 379.52
ADGI 5.65 3 56.08
HRI 5.63 1 130.5
TWST 5.55 3 113.87
EBET 5.51 4 32.76
COST 5.45 3 463.31
EEIQ 5.44 4 7.8
ROKU 5.40 3 316.88
LLY 5.39 3 231.04
CRMT 5.38 3 119.55
JAN 5.37 3 6.44
GWRE 5.32 1 120.77
IAC 5.23 4 138.75
EJH 5.21 6 3.41
CROX 5.17 1 157.82
SEDG 5.15 4 270.23
V 5.11 1 224.33
SPLK 5.11 4 153.57
ASAN 5.07 1 117.86
UHAL 5.06 6 657.85
APPN 5.04 2 101.46
AMGN 5.04 2 216.81
COIN 5.02 3 242.95
RGEN 5.01 2 294.84
SJ 4.97 1 4.12
BLK 4.95 2 901.62
AAME 4.94 2 3.86
SCPS 4.93 5 5.47
GH 4.92 2 126.98
LIN 4.89 3 313.08
AXP 4.88 1 173.12
HON 4.87 2 229.27
FULC 4.87 3 27.69
COHN 4.86 3 20.19
YETI 4.85 1 100.5
ZG 4.83 3 93.6
GRTS 4.83 3 13.54
PLCE 4.81 1 100.58
HAS 4.75 1 103.98
ANVS 4.75 5 31.24
CARV 4.74 5 15.24
ABNB 4.71 3 168.15
AAP 4.69 2 206.21
HCA 4.67 1 249.32
GRVY 4.67 2 96.78
EDIT 4.67 1 56.48
LAZR 4.65 1 16.74
ZLAB 4.63 4 128.64
MA 4.60 4 346.31
ADI 4.60 1 165.78
STZ 4.57 1 234.27
RACE 4.57 1 212.51
GOOG 4.55 25 2887.47
NNOX 4.52 2 23.48
TTWO 4.51 1 159.92
ZM 4.42 13 278.22
OCG 4.42 3 4.3
CI 4.39 2 30.46
CAT 4.36 2 203.6
LWAC 4.34 2 16.98
GLSI 4.33 4 42.61
SNOW 4.31 5 323.52
DOCN 4.31 1 86.6
WAVE 4.30 2 8.06
IMAB 4.28 1 68.14
NEWR 4.27 1 82.6
ZS 4.26 3 274.39
CPOP 4.25 3 3.26
RL 4.24 2 112.63
KALV 4.24 3 19.52
COF 4.22 1 159.96
RAPT 4.20 3 38.83
ALEC 4.17 3 25.46
IMNM 4.16 1 22.97
APPS 4.16 1 60.05
AN 4.16 2 118.26
SNA 4.15 1 221.53
VMW 4.12 3 139.89
NVOS 4.12 2 1.85
AUVI 4.12 5 6.8
ROLL 4.11 2 212.24
TSLA 4.08 144 756.99
ADSK 4.05 4 288.15
DOCS 3.99 4 95.48
STE 3.98 1 215.42
LAD 3.97 3 322.52
SPT 3.95 1 105.63
EAT 3.93 1 50.92
SIVB 3.90 4 608.21
SIEB 3.89 2 3.5
FANG 3.89 1 80.54
KMB 3.87 2 135.93
NRXP 3.86 6 10.5
BNTC 3.84 1 3.79
VRNT 3.78 1 44.77
ACMR 3.76 2 101.71
TPST 3.75 3 15.76
TSCO 3.73 2 205.22
SHEN 3.71 1 61.1
OCGN 3.71 2 7.54
BHVN 3.71 2 117.28
KZIA 3.69 1 10.74
PKG 3.68 2 139.12
CTRN 3.67 2 88.64
AMEH 3.61 2 111.1
LAW 3.60 1 54.97
PDD 3.58 4 99.89
QDEL 3.57 1 136.97
DLPN 3.56 3 12.43
AACG 3.56 3 2.76
ADBE 3.54 5 665.11
UHS 3.49 2 157.9
SKT 3.49 1 17.24
TVTX 3.46 1 22.44
TDC 3.44 1 51.26
OTIS 3.43 1 89.2
LAIX 3.43 2 0.9078
SFIX 3.41 1 34.21
RBLX 3.40 4 81.42
TERN 3.38 2 10.97
FIGS 3.34 2 42.42
SNPS 3.33 3 335.48
NMRD 3.33 2 6.65
PKI 3.30 2 185.99
MCD 3.30 2 243.21
DQ 3.27 6 60.43
LHDX 3.26 2 7.9
BIIB 3.26 3 299.69
UNH 3.25 9 416.84
SAVA 3.25 24 43.95
KURA 3.24 1 20.18
IMPL 3.20 3 14.19
OPNT 3.16 1 23.34
BYND 3.16 2 130.32
FLGT 3.14 4 86.09
BKE 3.14 1 41.56
TDG 3.11 3 612.48
MSGE 3.10 3 78.45
VSCO 3.09 2 61.36
RLMD 3.08 2 27.11
PTON 3.08 1 104.35
OLLI 3.08 1 72.58
XLNX 3.06 4 157.25
KMPH 3.04 1 8.94
CLX 3.04 2 165.71
TASK 3.03 4 69.54
INTU 3.03 3 572.88
CREE 3.02 3 88.3
NEGG 3.00 20 16.89
DOMO 3.00 2 77.87
GME 2.99 82 206.37
DKS 2.98 5 133.43
J 2.97 1 24.3
ESTC 2.97 3 164.29
UBER 2.96 1 43.03
SEMR 2.96 1 25.95
ARVN 2.96 3 94.2
JRVR 2.95 1 32.97
TSM 2.93 1 117.82
FATE 2.92 1
LOOP 2.88 1 10.29
WGO 2.86 1 69.11
LITE 2.84 1 80.24
HTBX 2.80 1 6.26
WAFU 2.79 2 6.66
MOXC 2.78 2 6.76
WSM 2.77 4 188.29
STX 2.76 3 84.82
IRDM 2.75 2 44.4
ABT 2.75 2 127.44
SLS 2.74 1 10.24
PFGC 2.74 1 42.96
MNST 2.74 1 95.88
TNA 2.70 2 86.6
NXPI 2.70 3 213.03
MVIS 2.70 2 12.71
MRNA 2.70 25 440.65
AKAM 2.70 1 112.41
KNBE 2.69 4 25.42
EL 2.69 5 6.45
BURL 2.66 3 287.59
XBI 2.65 4 131
DDS 2.64 6 202.54
PEP 2.63 1 153.0
NCTY 2.63 5 11.88
DTST 2.61 1 5.23
DPW 2.61 3 2.49
GS 2.60 6 396.68
RMBL 2.58 1 33.63
TTD 2.55 5 73.2
IWM 2.55 3 226.16
DEN 2.54 1 71.33
LPX 2.53 1 55.27
FL 2.53 1 58.17
DDL 2.53 1 26.14
CLII 2.53 1 14.36
NTAP 2.52 2 86.98
JBL 2.52 1 62.95
HOL 2.52 1 12.35
LEXX 2.49 1 6.14
ALXN 2.49 2 182.5
LOGI 2.48 2 107.98
BBY 2.48 4 109.56
CRNC 2.46 2 116.64
LII 2.41 4 312.42
AVXL 2.41 5 16.97
LYEL 2.40 1 11.66
CM 2.39 2 39.74
PLD 2.38 2 128.07
GIII 2.35 2 28.53
APP 2.35 3 71.62
UPS 2.33 5 192.97
SKX 2.32 1 54.16
CYTK 2.32 2 33.49
AGRI 2.32 1 5.53
CHCI 2.31 2 5.14
PRFX 2.29 1 3
ATKR 2.27 1 83.82
SQ 2.23 21 255.09
RTX 2.23 1 88.2
DLTR 2.23 2 89.27
TJX 2.22 3 70.48
STT 2.22 2 79.72
CHGG 2.22 1 85.0
FGEN 2.21 2 11.72
AMD 2.21 7 106.22
OSTK 2.20 6 70.4
VIR 2.19 2 52.61
DXC 2.19 1 38.72
XTLB 2.18 1 4.11
TSN 2.17 2 75.8
MDT 2.17 4 130.92
SPG 2.16 2 134.71
SMLP 2.15 1 38.25
PATI 2.15 1 11.82
PATI 2.15 1 11.82
STMP 2.14 3 328.85
EXPI 2.14 3 45.42
INCY 2.13 1 77.95
IGIC 2.12 1 9.04
ACRS 2.12 7 17.46
TGT 2.11 8 246.95
PRTA 2.11 4 74.79
WM 2.10 2 226.16
CERE 2.10 5 36.48
DELL 2.08 5 101.4
BON 2.06 1 10.6
ALDX 2.06 1 8.53
MFNC 2.04 1 21.5
BTX 2.04 1 12.37
VLO 2.03 2 66.35
JD 2.03 3 76.25
FLWS 2.02 2 30.4
APRE 2.02 1 4.84
TMUS 2.01 3 128.91
MRIN 2.01 5 5.54
IBM 2.00 4 136.43
DD 1.98 1 97.71
VTSI 1.97 1 9.14
KSS 1.96 6 53.34
JG 1.96 2 1.86
BNR 1.96 2 19.6
LMT 1.95 9 341.5
LI 1.94 2 28.88
RRGB 1.93 1 20.52
LEGN 1.93 3 49.0
BTBT 1.92 7 9.86
NEE 1.91 1 77.22
DLO 1.91 4 64.38
ZIM 1.89 1 45.51
DG 1.89 3 221.56
FTCH 1.88 1 38.67
LEDS 1.87 2 8.5
HOOD 1.85 12 41.95
ON 1.84 1 104.35
DUK 1.84 1 107.72
DKNG 1.84 2 59.97
AIT 1.83 1 89.31
OSAT 1.82 2 5.39
OKE 1.82 1 51.72
DIS 1.79 6 183.34
ANF 1.79 1 35.78
BIDU 1.78 117 159.56
ARCE 1.78 1 24.04
VRPX 1.77 9 5.75
BLDR 1.77 1 47.31
TTC 1.75 3 104.12
TSP 1.75 5 37.75
VOXX 1.74 2 11.86
AMAT 1.73 5 144.09
PG 1.72 4 144.11
KODK 1.72 1 7.12
HD 1.71 9 336.39
CHKP 1.71 4 117.41
VMEO 1.70 1 35.94
ROST 1.70 3 113.65
LYFT 1.70 3 52.39
ENOB 1.70 3 7.29
LIFE 1.69 2 10.26
MYGN 1.67 1 34.8
EA 1.67 2 135.96
TWTR 1.66 2 68.65
MPC 1.66 1 54.55
SYPR 1.65 2 3.46
FLOW 1.65 3 77.3
KMX 1.64 1 139.69
CAH 1.64 3 50.63
LODE 1.63 1 2.76
KYMR 1.63 1
JZXN 1.63 4 2.78
MOS 1.62 1 31.27
IYC 1.62 1 79.61
CRCT 1.61 1 40.58
USB 1.60 3 57.13
SPI 1.60 2 5.44
RMED 1.60 3 2.98
MBRX 1.60 1 2.95
WHLM 1.59 3 5.76
CSIQ 1.59 2 36.54
CLDX 1.59 2 53.28
BZ 1.59 1 34.13
A 1.59 5 173.28
FISV 1.58 5 108.55
CELC 1.58 2 20.35
RIOT 1.57 2 32.89
GTEC 1.57 2 6.31
CNC 1.57 1 70.47
CARA 1.57 2 14.93
PAYX 1.56 1 109.37
BLFS 1.55 1 45.99
MTTR 1.54 1 21.09
FUV 1.54 1 11.04
GIS 1.53 1 60.91
UAL 1.50 1 44.47
SUPN 1.50 1 27.19
ZEV 1.49 3 9.05
SGOC 1.48 8 5.97
JNJ 1.48 2 165.22
ISEE 1.48 2 16.36
VCVC 1.46 1 9.85
LGHL 1.46 1 1.14
PINS 1.45 3 54.21
MS 1.45 5 104.4
EYEG 1.45 1 1.9
EVOL 1.45 1 2.13
BPTH 1.44 1 5.35
SNOA 1.43 3 5.31
SCKT 1.43 3 6.94
LANC 1.43 2 179.98
GM 1.42 1 26.2
ATVI 1.42 3 79.28
SCHW 1.41 2 70.78
AVIR 1.41 1 25.0
MMM 1.40 6 182.66
JCS 1.40 3 7.98
CVS 1.40 3 85.35
CRDF 1.40 1 6.73
NVDA 1.39 139 222.42
ERYP 1.39 2 5.59
EOSE 1.39 2 13.09
COUR 1.39 1 40.91
TNET 1.38 1 79.86
LIVE 1.37 3 36.22
ECOM 1.37 1 26.97
TAOP 1.35 3 2.85
RUN 1.35 4 43.76
BWAY 1.35 1 7.78
WNW 1.34 1 4.67
NLS 1.33 1 13.62
SLV 1.32 1 21.25
HOG 1.32 2 40.12
AEO 1.32 2 26.79
VIH 1.31 1 10.18
SPY 1.31 1 447.17
NURO 1.31 9 10.88
AA 1.30 2 23.83
SPCE 1.29 22 24.49
MAT 1.28 2 20.58
FRD 1.28 1 12.17
BILI 1.28 22 72.72
RHE 1.27 2 8.6
HJLI 1.27 1 8.59
APXT 1.27 1 12.11
SLGG 1.26 1 3.65
MESO 1.26 1 6.35
JKS 1.26 2 51.62
HHR 1.26 1 42.84
THCB 1.25 1 10
NGM 1.25 2 23.84
BYSI 1.25 3 22.51
PBTS 1.24 1 1.33
EDSA 1.24 1 5.58
CMMB 1.24 2 12.4
ANPC 1.24 2 3.41
TAP 1.23 2 86.98
C 1.23 4 6.68
AMC 1.23 55 46.04
RCUS 1.22 1 33.03
NKE 1.22 6 157.6
EYES 1.22 6 3.52
BBBY 1.22 12 23.46
KIRK 1.21 1 19.11
HGEN 1.21 3 6.66
ARAV 1.21 1 3.89
MAXR 1.20 3 29.82
JPM 1.20 12 158.09
CRIS 1.20 2 8.39
CETX 1.20 1 1.16
AMTX 1.20 3 14.69
JWN 1.19 3 27.93
QCOM 1.18 7 138.4
GRU 1.18 1 4.2884
GRU 1.18 0 4.2884
GRTX 1.18 1 7.2
DFH 1.18 1 20.98
AYRO 1.18 1 3.64
NIU 1.17 3 24.33
CLSK 1.17 1 11.69
SIF 1.16 1 8.4
HGSH 1.16 2 1.64
IMTX 1.15 3 14.47
DAL 1.14 4 38.52
VNET 1.13 3 19.11
STG 1.13 1 6.03
NUAN 1.13 1 55.25
ABSI 1.13 1 22.26
RY 1.12 2 7.81
MNOV 1.12 2 3.9
BZUN 1.12 1 19.14
TGTX 1.11 1 30.63
PMCB 1.11 3 3.5
KHC 1.11 1 37.01
CNET 1.11 1 1.34
OPTT 1.10 1 1.92
GT 1.09 1 16.81
DDD 1.09 8 30.63
ATAI 1.09 1 15.23
SLB 1.08 1 28.43
RSLS 1.08 1 2.91
MTSL 1.08 3 3.37
FCBP 1.08 1 29.1
BAC 1.08 3 37.85
B 1.08 1 43.64
AZYO 1.08 1 9.23
ALF 1.08 2 7.42
TTCF 1.07 1 17.03
NETE 1.05 1 9.29
OCUP 1.04 1 5.28
KEYS 1.04 2 168.72
IPA 1.04 2 6.75
FSTX 1.04 1 6.97
CANF 1.04 1 1.74
ALLO 1.04 1 24.51
FTEK 1.03 2 1.79
COP 1.03 5 59.23
AMKR 1.03 1 23.53
ALYA 1.03 3 2.79
QADB 1.02 3 87
FAST 1.02 1 53.15
CRM 1.02 10 260.36
ZCMD 1.01 1 1.57
RCON 1.01 1 3.04
MVST 1.01 4 9.16
LL 1.01 1
EGRX 1.01 2 47.73
CCJ 1.01 2 24.03
TRCH .98 2 9.88
NFLX .98 101 586.5
HOFV .98 2 2.85
UAA .97 2 23.83
SKLZ .97 3 10.94
FA .96 1 24.12
DWSN .96 1 2.05
BTWN .95 1 9.85
CGC .94 1 19.19
MO .93 2 12.92
HCM .93 4 37.54
CHPT .93 1 20.7
ABBV .93 4 108.08
LBPH .92 1 9.07
KNL .92 1 25.04
YEXT .91 1 12.77
WFC .91 4 43.13
SSY .91 3 2.43
GEG .90 1 2.2
CRTO .90 1 34.94
ATNF .90 3 6.35
YMM .89 1 16.65
PLUG .89 8 24.97
ACHL .89 1 5.84
HPQ .88 3 28.04
BABA .88 96 156.26
FB .87 102 373.06
DTSS .87 1 2.08
BCRX .87 6 15.21
AFMD .87 1 6.35
VLDR .86 1 6.49
RF .86 1 19.1
LC .86 5 28.05
ATHM .86 2 40.22
SRNE .85 1
SAFM .85 1 193.28
RIDE .85 5 6.73
RKT .84 1 19.21
PTIX .84 2 1.94
HRC .84 3 150.7
BB .84 11 10.16
UAVS .83 1 3.18
LUV .83 3 49.12
IRBO .83 1 44.68
CNA .83 1 43.9
BLUW .83 2 9.63
SANA .82 1 23.14
MNSO .82 1 16.96
FITB .82 3 40.4
SPRT .81 20 11.8
GMBL .80 1 7.89
SWI .79 1 10.88
SCYX .79 1 5.91
PNRG .79 1 52.62
MU .79 4 74.63
BP .79 1 25.64
ZY .78 3 10.33
VVOS .78 4 4.65
OTLK .78 1 2.4
HX .78 1 1.69
GNOG .78 1 21.6
CAI .78 1 55.86
WATT .77 1 2.13
SJM .77 7 122.69
PLTR .77 2 28.63
ENTX .77 2 4.63
QFIN .76 8 21.01
NBRV .76 1 1.15
MOSY .76 1 5.6
APG .76 1 22.92
NNVC .75 2 4.08
CEMI .75 7 2.68
SHOP .74 5 1475.97
PSTG .74 2 26.69
MQ .74 1 29.47
GTIM .74 1 5.05
GRVI .74 3 5.33
FUBO .74 2 27.55
ATXI .74 1 1.66
VZ .73 2 55.96
VOOV .73 1 144.24
UPC .73 3 2.27
SQBG .73 2 6.24
RNXT .73 2 8.02
ORPH .73 3 4.6
NVFY .73 3 2.09
LEN .73 4 100.25
MRK .72 2 16.16
ENSC .72 1 3.11
BTCM .72 4 10.91
ARPO .72 1 2.2
AREC .72 4 2.17
ZKIN .71 2 3.29
XLV .71 2 132.87
PALI .71 3 2.77
GLD .71 6 164.03
TBLA .70 1 9.85
PRPL .70 3 27.32
ORGS .70 1 5.01
OCX .70 1 3.72
JRJC .70 1 5.13
CBAT .70 2 2.7
BGFV .70 6 24.55
WIMI .69 1 3.77
BEKE .69 1 16.25
ASM .69 1 0.8738
APOP .69 4 6.34
ONCS .68 1 2
INTC .68 5 54.83
XONE .67 2 23.4
WMT .67 14 145.03
PDCO .67 2 31.41
FOE .67 1 20.7
CLNE .67 1 8.14
BODY .67 1 7.19
ACH .67 1 21.14
VIPS .66 1 14.26
TIGR .66 5 12.93
SSNT .66 1 6.38
RETO .66 1 0.81
ERJ .66 1 15.28
DRN .66 1 24.85
CTKB .66 1 27.85
CRTD .66 3 3.33
AMOM .66 1 36.88
TATT .65 3 5.6169
STRO .65 2 19.98
PCVX .65 1 26.37
OLB .65 1 4.95
LMNL .65 3 2.76
TESS .64 1 5.42
M .64 5 22.12
LZB .64 2 34.29
GPS .64 5 24.2
FLGC .64 2 5.91
CTIB .64 3 1.94
BBWI .64 5 66.51
ACY .64 16 34.75
XLP .63 1 71.75
DNUT .63 3 16.38
CCL .63 4 23.09
ULTA .62 1 388.74
ORMP .62 10 20.87
LJPC .62 2 4.08
SPWH .61 1 17.71
SOS .61 2 2.59
QADB .61 0 87
PYPL .61 5 282.97
PLG .61 1 2.28
MRVL .61 5 63.25
CL .61 3 76.47
AMBO .61 1 1.63
SPTN .60 2 21.52
SDC .60 1 6
PSTV .60 1 1.88
LTHM .60 6 25.3
EVK .60 6 2.99
AVCT .60 1 3.42
AMRS .60 1 13.59
VERU .59 3 8.78
UONE .59 3 7.64
BIG .59 2 47.38
WPRT .58 2 3.37
WISH .58 3 6.31
TRIT .58 3 5.16
STAF .58 2 2.11
SNAP .58 112 72.48
MARA .58 11 36.34
EPU .58 2 26.75
WEI .57 1 0.835001
SBTX .57 1 12.5
GGAL .57 1 11.07
ACI .57 5 30.25
T .56 3 27.6
SBH .56 2 16.92
OBLN .56 3 3.05
MTP .56 1 1.84
KO .56 5 56.47
CSCO .56 7 57.33
CLPS .56 1 3
CLPS .56 1 3
CLOV .56 1 8.14
ARMK .56 3 35.02
VNE .55 6 35.08
UWMC .55 1 7.46
EVGO .55 1 12.44
EOLS .55 1 8.09
APTO .55 2 2.7
WHLR .54 2 3.12
TQQQ .54 132 147.45
ENZ .54 2 3.47
AUUD .54 5 3.14
ADMA .54 1 1.2
TBIO .53 3 37.36
MEDS .53 5 5.06
HUYA .53 3 9.16
EQ .53 1 5.93
ENG .53 2 2.15
VIVE .52 1 2.34
TLRY .52 3 12.01
KULR .52 1 2.58
FLO .52 2 24.65
AEHR .52 13 11.3
WOOF .51 2 21.52
VTNR .51 6 6.2
SILK .51 4 58.79
K .51 8 63.54
DYAI .51 3 5.27
CPSH .51 1 5.39
AUTL .51 1 6.58
SONO .50 5 36.58
RKDA .49 1 2.17
NRBO .49 2 4.01
IGC .49 3 1.57
GP .49 3 5.28
GEVO .49 4 6.68
ENLV .49 2 11
ECHO .49 1 47.8
BBIG .49 15 8.32
ARMP .49 1 3.89
ANY .49 8 6.64
XLE .48 5 49.69
NNDM .48 3 6.01
NIO .48 75 37.09
DBGI .48 3 2.72
TRIL .47 1 17.3
STEM .47 5 23.74
SOHU .47 6 21.24
MSFT .47 108 305.22
DARE .47 1 1.69
BGI .47 1 2.39
XPEV .46 80 37.59
VXX .46 3 25.18
UFAB .46 2 2.51
NTEC .46 4 9.63
KBSF .46 2 3.14
INOV .46 1 36.87
GURE .46 1 4.65
CVV .46 2 5.24
BCLI .46 1 3.48
TYME .45 4 1.04
TME .45 1 8.92
ONCT .45 2 4.18
BLIN .45 7 4.37
ADIL .45 2 4.18
WORX .44 4 2.24
GALT .44 3 3.79
FFHL .44 2 9.99
FCX .44 17 34.3
CLF .44 6 23.07
EVGN .43 1 2.87
COTY .43 4 8.31
CAN .43 4 7.76
ATIF .43 1 3.78
AQMS .43 2 2.03
KR .42 14 40.87
SRNG .41 1 11.42
GTT .41 1 2.36
CTSO .41 3 8.35
ASTR .41 3 11.66
ACOR .41 4 4.69
YJ .40 2 0.7
XOM .40 6 55.82
RRD .40 2 4.31
LIZI .40 4 3.76
GE .40 4 101.34
FBRX .40 1 3.415
DUOT .40 1 6.01
CHRA .40 1 4.62
AAPL .40 107 148.79
MDIA .39 2 7.28
HRL .39 4 41.86
CSCW .39 2 0.9571
OVID .38 2 3.45
MRTN .38 3 15.37
ANIX .38 1 4.82
AAL .38 8 19.89
ORCL .37 34 87.25
NEXT .37 3 2.46
IPHA .37 3 5.75
HUGE .37 1 1.62
HNST .37 1 13.83
GPK .37 1 18.91
CHMA .37 2 3.76
MRKR .36 1 1.79
JFIN .36 2 3.75
IDEX .36 4 2.19
GNLN .36 2 2.63
BNGO .36 11 5.29
AKTX .36 1 1.8
AGNC .36 2 16.18
ADMP .36 1 1.1
ACB .36 3 6.62
ORGO .35 2 15.74
MFGP .35 1 5.23
IRIX .35 3 7.07
CLSD .35 3 6.5
BSQR .35 13 2.45
AESE .35 1 1.79
XELB .34 2 1.72
HWCC .34 1 5.24
CIEN .34 17 53.78
LMFA .33 4 4.36
HNP .33 2 19.12
GTS .33 1 35.06
BHTG .33 1 1.48
AZN .33 7 56.6
VBLT .32 2 2.39
TAL .32 2 4.48
SPCB .32 2 1.0393
MINM .32 2 2.18
IMMP .32 3 3.86
BKYI .32 1 3.26
YPF .31 1 5.35
WINT .31 3 1.82
ULBI .31 2 7.46
PIRS .31 5 5.76
FENC .31 1 8.52
EXPR .31 4 5.59
DMAC .31 2 4.05
D .31 8 74.93
AEY .31 1 2.49
OXBR .30 5 3
HAPP .30 1 1.06
HUSN .29 4 2.59
GOVX .29 5 4.53
AXLA .29 1 3.24
OBSV .28 3 3.08
NKLA .28 14 10.33
MITO .28 1 1.39
IMMR .28 2 7.09
ALTO .28 3 4.91
NAOV .27 11 2.1
ENVB .27 3 2.72
PPBT .26 1 5.05
PME .26 1 0.755
ATOS .26 4 3.41
PBLA .25 1 2.3
MTL .25 3 4.23
RAIL .24 4 4.97
IKT .24 1 2.16
GBR .24 1 4.11
PYPL .23 13 282.97
MOGO .23 3 4.5
KDMN .23 2 8.82
ACHV .23 1 7.97
THTX .22 1 3.6
SSKN .22 1 1.8
JFU .22 3 1.65
GENE .22 2 3.32
DYNT .22 5 1.35
XELA .21 6 2.1
VIEW .21 1 5.51
TENX .21 1 1.32
PFE .21 6 44.47
KXIN .21 5 3.08
ALAC .21 2 11.39
ZNGA .20 2 8.11
PHUN .20 5 1.01
ENSV .20 1 1.2
EKSO .20 1 4.33
SBS .19 3 6.71
NBEV .19 1 2.27
VSH .18 3 22.71
TEO .18 1 5.33
TELL .18 5 3.35
OSMT .18 3 3.06
ET .18 2 32.92
PPC .17 2 28.25
LIVX .17 2 2.94
IRCP .17 1 3.07
GSM .17 5 8.25
GMTX .17 1 4.66
FCEL .17 129 6.15
SNES .16 2 1.58
RAVN .16 2 57.43
MOMO .16 2 12.92
ME .16 2 8.09
INFI .16 4 3.42
HFBL .16 1 18.5
AGEN .16 6 5.57
SSL .15 8 16.25
OXY .15 25 27.33
IMV .15 2 1.74
GRUB .15 3 18.25
CHNG .15 2 21.51
SYKE .14 3 54
OEG .14 1 3.04
INM .14 1 2.06
IEC .14 1 15.32
EDU .14 1 1.88
SVBI .13 1 12.27
LMRK .13 1 16.56
ESXB .13 1 10.23
CRON .13 4 6.92
SBBP .12 2 2.09
RIG .12 2 3.5
PSTX .12 1 8.17
GSAT .12 2 1.79
CHNR .12 4 1.3
VERB .11 6 1.88
SNMP .11 2 1.1
MRO .11 11 12.32
MOHO .11 3 0.599
GBS .11 1 3.26
FENG .11 2 1.27
CPG .11 2 4.01
CALA .11 1 2.05
XLK .10 3 157.94
SLHG .10 1 3.03
PBR .10 5 10.18
EDTK .10 2 1.36
DBVT .10 5 5.13
CNFR .10 2 3
AEMD .10 2 3.5
WTER .09 2 1.79
TEDU .09 2 1.4
SELF .09 1 5.24
PRPO .09 3 2.97
NOK .09 2 6.12
BIOC .09 2 3.92
AEI .09 2 3.04
MDNA .08 7 2.41
MBII .08 1 1.2
MARK .08 2 1.16
FRO .08 8 7.93
CLDR .08 1 15.95
BQ .08 2 2.76
NEPT .07 2 0.56
ITRO .07 1 1.27
ITRN .07 3 26.1
XBIO .06 8 2.34
WYNN .06 3 96.15
PSP .06 2 16.27
ULTA .05 12 388.74
FRBK .05 1 3.09
WYNN .04 4 96.15
VTGN .04 3 2.92
SHOP .04 88 1475.97
PBT .04 2 5.35
CXP .04 1 19.03
AVGR .04 7 0.8497
XPDI .03 2 10.14
VCAR .03 1 11.8658
SNDL .03 1 0.76
SIC .03 1 14.43
DFP .03 1 29.04
NWHM .02 1 8.99
KIN .02 2 9.25
IACB .02 2 9.92
DSE .02 1 9.49
BLNK .02 11 29.72
BEST .02 2 1.06
SLVO .01 2 5.25
PMD .01 1 7.97
INFL .01 2 30.03
WMPN 0 4 12.48
GSKY 0 1 11.74
RTLR -.01 7 12.1
EIC -.08 1 16.24
NSYS -.12 1 12.2994
