EJH 5.21 6 1.86 16.806
SCPS 3.34 7 2 11.690
LAIX 1.72 4 0.7227 9.516
AACG 2.14 5 1.42 7.535
CPOP 2.34 5 1.82 6.425
NVOS 1.65 5 1.31 6.295
EEIQ 4.33 5 3.47 6.235
NEGG 3.07 20 12.32 4.980
DPW 1.56 5 1.6 4.875
AUVI 2.32 9 4.64 4.500
NRXP 2.89 8 5.76 4.008
VRPX 1.77 9 3.98 3.996
JZXN 1.63 4 1.67 3.904
EYES 1.22 6 1.9 3.852
JAN 2.73 6 4.31 3.798
VVOS 1.65 6 2.71 3.648
JG 1.30 3 1.13 3.450
HX 1.40 6 2.44 3.438
FCEL .18 130 6.89 3.380
SIEB 1.53 5 2.47 3.095
KOSS 5.35 7 12.51 2.989
AMC 1.21 57 23.24 2.964
CEMI .60 8 1.66 2.888
NAOV .27 11 1.06 2.794
IRNT 3.02 6 6.66 2.718
AAME 1.97 5 3.69 2.665
NURO 1.47 11 6.05 2.662
BSQR .35 13 1.85 2.457
TYME .45 4 0.739 2.432
RMED .72 6 1.82 2.370
OCGN 1.04 12 5.3 2.352
AGRI .95 5 2.1 2.260
MRIN 2.01 5 4.62 2.175
LMNL .65 3 0.9186 2.121
ANPC 1.24 2 1.17 2.118
BTBT 1.45 10 6.89 2.100
CARV 3.92 6 11.38 2.064
BBIG .30 21 3.05 2.058
SPCE 1.26 24 14.81 2.040
INDP 2.52 5 6.32 1.990
PHUN .35 16 3.09 1.808
AREC .62 5 1.74 1.780
JCS 1.40 3 2.38 1.764
DWAC 22.11 4 50.49 1.748
RETO .72 2 0.8263 1.742
GME 2.99 82 136.88 1.722
SGOC 1.19 9 6.2 1.719
MARK .46 4 1.07 1.716
CSCW .39 2 0.4588 1.700
TAOP 1.35 3 2.39 1.692
SAVA 2.72 28 44.85 1.680
PBTS 1.24 1 0.7503 1.652
WAVE 1.72 5 5.45 1.575
BIDU 1.88 118 144.55 1.534
NCTY 2.63 5 8.58 1.530
EVK .60 6 2.35 1.530
CTIB .40 5 1.33 1.500
SSY .91 3 1.83 1.491
BYSI 1.25 5 4.21 1.480
TPST 2.19 5 7.41 1.475
FTEK .69 3 1.47 1.407
WORX .44 4 1.28 1.372
PMCB 1.11 3 2.44 1.362
SPRT .81 20 11.8 1.360
PRFX .57 4 1.68 1.356
RNXT 1.96 4 5.79 1.352
DLPN 2.14 5 8.06 1.325
GRTS 2.25 7 11.88 1.323
SYPR .80 4 2.43 1.316
WAFU 1.50 4 4.6 1.304
AUUD .41 7 2.2 1.302
BNGO .36 12 3.33 1.296
YJ .40 2 0.6194 1.290
BLIN .41 8 2.55 1.280
LHDX 1.58 4 4.94 1.276
CETX 1.20 1 0.9401 1.276
ERYP .79 4 2.48 1.272
NMRD 1.66 4 5.25 1.264
MOXC 1.33 4 4.22 1.260
IGC .49 3 1.17 1.254
SNAP .57 113 48.14 1.243
SNOA 1.51 4 4.87 1.240
UPC .73 3 1.77 1.236
CRTD .39 7 2.22 1.225
SOS .61 2 1.02 1.196
BNTC 1.24 3 3.11 1.194
STAF .58 2 0.973 1.192
ALYA .77 4 2.6 1.184
LODE .56 3 1.45 1.158
RIDE .68 7 4.1 1.155
NIO .53 77 33.66 1.155
NBRV .76 1 0.666 1.141
ANY .21 20 3.69 1.120
NVFY .73 3 2.01 1.089
HOFV .98 2 1.8 1.088
ANVS 3.73 6 20.51 1.086
GRTX .50 3 1.38 1.086
PALI .71 3 2 1.065
ACRS 2.12 7 14.03 1.057
BB .84 11 8.66 1.056
CHCI 1.54 3 4.4 1.050
HGSH 1.16 2 2.23 1.040
SPCB .32 2 0.6205 1.030
EBET 3.45 6 20.3 1.014
DYNT .22 5 1.09 1.005
WHLM 1.20 4 4.79 1.000
IDEX .36 4 1.44 1.000
HOOD 1.41 14 19.7 .994
SJ 1.24 4 5 .992
PTIX .84 2 1.71 .982
TERN 1.53 4 6.23 .980
CANF 1.04 1 1.07 .971
MVIS 1.17 5 6.01 .970
MTSL 1.08 3 3.37 .960
ZKIN .71 2 1.49 .952
OSAT 1.21 3 3.81 .951
CNET 1.11 1 1.2 .925
MEDS .53 5 2.85 .925
FULC 2.54 6 16.47 .924
IMPL 1.70 5 9.23 .920
HCWB 1.14 2 2.51 .908
SPI .89 4 3.96 .896
DBGI .42 5 2.35 .890
LIZI .40 4 1.8 .888
BBBY .90 16 16.56 .864
ADGI 2.98 10 34.26 .860
VTNR .37 10 4.27 .860
ASM .69 1 0.8052 .856
KALV 1.44 8 13.71 .840
XPEV .46 84 45.32 .840
ORPH .57 4 2.73 .832
GFAI .51 2 1.24 .822
AQMS .39 3 1.43 .816
HGEN 1.21 3 4.62 .783
ACIU 1.91 2 4.95 .770
KXIN .17 6 1.32 .768
ALF 1.08 2 2.88 .750
CHNR .12 4 0.64 .748
MNOV .74 3 2.97 .747
MBRX .81 2 2.17 .746
EYEG 1.45 1 1.95 .743
ATXI .74 1 1 .740
CBAT .50 3 2.03 .738
VERY 1.39 4 7.55 .736
TIGR .50 8 5.43 .736
EXPR .47 5 3.2 .730
ZEV 1.17 4 6.4 .728
PPSI .67 9 8.3 .720
HTBX 1.46 2 4.06 .718
XTLB 1.09 2 3.03 .718
VYGR 1.06 2 2.96 .716
DTSS .87 1 1.23 .707
OPAD 1.25 4 7.07 .704
LEDS 1.24 3 5.28 .702
MOHO .11 3 0.4698 .702
NRBO .49 2 1.4 .700
LGHL .30 4 1.72 .696
DTST .84 3 3.63 .693
GROM .76 2 2.21 .686
ENVB .27 3 1.18 .684
RCON .51 2 1.5 .680
NVAX 8.92 13 169.06 .676
AMBO .61 1 0.9076 .672
KTTA 1.49 1 2.22 .671
ATNF .66 4 3.93 .668
GOVX .36 7 3.77 .665
EVOL .74 2 2.25 .656
RFL .71 5 5.4 .655
AVXL 2.41 5 18.56 .645
ACOR .41 4 2.54 .644
GNLN .36 2 1.12 .642
NVDA 1.32 160 281.61 .640
IPHA .78 4 4.92 .632
WEI .57 1 0.9095 .626
LCID 1.90 13 39.15 .624
WBX 4.49 2 14.52 .618
AYRO .60 2 1.94 .618
SCKT .74 4 4.82 .612
COHN 1.95 5 16.08 .605
OPTT 1.10 1 1.84 .597
GALT .44 3 2.22 .594
VERB .12 8 1.61 .592
BABA .82 98 122.24 .588
ALEC 2.10 6 21.5 .582
WHLR .54 2 1.85 .582
WINT .31 3 1.59 .582
ENG .30 3 1.56 .576
UAVS .36 3 1.88 .573
APTO .28 4 1.95 .572
ZCMD 1.01 1 1.78 .567
OLB .77 3 4.1 .561
GLSI 3.27 5 29 .560
AUPH 1.40 8 19.9 .560
XELB .34 2 1.23 .552
JFU .22 3 1.19 .552
PENN 2.65 10 47.5 .550
OBLN .56 3 3.05 .549
ADMP .36 1 0.655 .549
APRE .69 3 3.78 .546
FLGC .19 6 2.08 .546
ONCS .68 1 1.25 .544
SYTA 1.89 1 3.48 .543
ISPC 1.43 5 13.15 .540
MARA 1.03 20 36.84 .540
KNBE 1.80 7 23.36 .539
DQ 3.36 7 43.83 .532
XELA .09 7 1.18 .532
AVGR .04 7 0.525 .532
BCRX .62 10 11.58 .530
OTLK .38 2 1.43 .530
ATOS .21 5 1.97 .530
BILI 1.28 23 55.56 .529
WNW 1.34 1 2.54 .527
UONE .37 7 4.93 .525
WPRT .58 2 2.21 .524
MINM .32 2 1.22 .524
RSLS .27 4 2.05 .524
TRIT .34 5 3.26 .520
CRIS 1.20 2 4.64 .516
OSMT .13 4 1.01 .512
WISH .58 3 3.41 .510
LWAC 1.73 5 16.98 .505
NNOX 1.69 5 16.88 .500
BGFV .97 10 19.36 .500
GTEC .80 4 6.44 .496
PSTV .60 1 1.21 .495
ACY .99 19 36.82 .494
ENTX .77 2 3.11 .494
HAPP .30 1 0.6076 .493
MVST .61 6 7.37 .492
ENOB .94 5 9.54 .490
SDC .64 2 2.62 .488
LEXX .63 4 5.16 .488
MQ 1.18 7 17.01 .483
NKLA .31 15 9.51 .480
UFAB .46 2 1.92 .478
SLGG .64 2 2.68 .476
PIRS .23 7 3.34 .476
GRVI .74 3 4.66 .474
TSLA 3.09 156 966.41 .468
BKKT 2.95 2 12.58 .468
LIFE .93 4 7.96 .464
WATT .32 2 1.38 .462
RHE 1.27 2 5.53 .458
BFRI 1.56 2 6.82 .456
ENSC .55 3 3.63 .453
ARAV 1.21 1 2.69 .449
BTX 1.13 2 5.03 .448
BTCM .72 4 6.44 .444
BPTH .95 2 4.29 .442
GEG .90 1 2.04 .441
NTRB 1.15 2 5.25 .438
MRNA 3.13 39 271.99 .429
SLS .69 4 6.41 .428
MRAM 1.52 3 10.65 .426
DYAI .51 3 3.63 .420
ORMP .35 19 15.69 .418
AVIR 1.14 3 8.15 .417
SGBX .32 3 2.3 .417
ADMA .54 1 1.3 .415
TQQQ .64 138 160.27 .414
BODY .47 2 2.27 .414
NEXT .29 4 2.79 .412
VNET 1.13 3 8.21 .411
IPA 1.04 2 5.06 .410
IFRX .58 3 4.29 .405
EYPT 5.86 1 14.5 .404
RKDA .49 1 1.21 .404
ABUS .22 8 4.36 .400
MTP .56 1 1.41 .397
KMPH 1.03 3 7.77 .396
LAZR 1.16 5 14.67 .395
TRCH .98 2 4.95 .394
BHTG .33 1 0.837 .394
RAPT 1.77 7 31.58 .392
MTL .07 15 2.6 .390
GEVO .49 4 5.05 .388
ZG 3.19 7 57.97 .385
CERE 1.78 7 31.9 .385
DDD .70 12 21.33 .384
BON .62 3 4.83 .384
HUSN .29 4 3 .384
GMBL .88 2 4.6 .382
DWSN .44 2 2.31 .380
IMMR .33 6 5.22 .378
DOCS 2.62 8 55.68 .376
LGVN 1.37 5 18.24 .375
PLG .24 3 1.92 .375
AGEN .10 12 3.21 .372
AFRM 2.60 16 109.96 .368
APPS 3.13 6 51.09 .366
CLSD .35 3 2.85 .366
ASTR .62 5 8.45 .365
TEDU .09 2 0.4925 .364
UPST 2.99 19 151.06 .361
LYEL 1.21 3 10.01 .360
IMTX .98 4 10.81 .360
VIVE .26 2 1.44 .360
PEAR 2.37 1 6.6 .359
VTSI .56 4 6.25 .356
EOSE 1.39 2 7.85 .354
AVCT .30 2 1.69 .354
M .56 16 24.95 .352
CTSO .42 4 4.77 .352
MDIA .50 3 4.25 .351
NNDM .48 3 4.07 .351
SOFI .73 7 14.58 .350
ONCT .45 2 2.56 .350
AEHR .19 29 14.95 .348
PRPL .68 5 9.8 .345
GDEV .87 3 7.63 .342
ADIL .45 2 2.63 .342
NEPT .07 2 0.409 .342
VOXX 1.16 3 10.25 .339
IMNM 1.42 4 16.74 .336
MRKR .36 1 1.07 .336
IMMP .16 7 3.27 .336
BNR 1.30 3 11.71 .333
QFIN .77 9 20.74 .333
TELL .11 9 2.95 .333
SPLK 6.20 6 111.5 .330
BNTX 3.21 30 278.22 .330
KODK .86 2 5.2 .330
MITO .28 1 0.85 .329
PME .26 1 0.7898 .329
XBIO .06 8 1.44 .328
ARPO .72 1 2.2 .327
GRU 1.51 1 4.64 .325
KURA 1.04 4 12.8 .324
WIMI .27 4 3.32 .324
SE 4.12 19 231.04 .323
CCXI 3.66 3 33.96 .321
RLMD 1.57 4 19.54 .320
SKLZ .67 4 8.34 .320
OCX .70 1 2.19 .319
ZLAB 3.42 6 64.5 .318
ZM 3.91 15 184.57 .315
FGEN 1.47 3 13.89 .315
APOP .84 5 13.17 .315
CMMB 1.24 2 7.88 .314
HUGE .37 1 1.18 .313
NNVC .44 3 4.2 .312
ALDX 1.09 2 7.01 .310
LMFA .35 5 5.64 .310
RSKD 1.24 2 8.05 .308
CLF .57 11 20.13 .308
GSM .27 7 6.1 .308
FIGS 1.33 6 25.74 .306
ENZ .54 2 3.54 .304
CAN .43 4 5.64 .304
TATT .65 3 6.4 .303
NVCR 2.63 10 86.59 .300
STG 1.13 1 3.76 .300
JRJC .67 3 6.65 .300
KBSF .46 2 3.05 .300
ALTO .29 5 4.79 .300
SNES .16 2 1.06 .300
VLDR .76 2 5.09 .298
GPN 3.54 11 126.95 .297
EVGO .45 8 12.06 .296
RBLX 2.35 14 111.77 .294
AMD 1.97 21 133.8 .294
SNMP .11 2 0.7482 .294
BBLG 1.14 1 3.89 .293
VERU .45 4 6.11 .292
KSS 1.41 10 48.57 .290
VBLT .21 3 2.17 .288
DBVT .07 11 2.61 .286
ASAN 1.24 15 64.2 .285
SBEA 1.45 2 10.16 .284
ZY .78 3 8.27 .282
LJPC .62 2 4.37 .282
TASK 1.74 7 42.85 .280
HUYA .53 4 7.48 .280
MTTR .48 14 22.86 .280
MOGO .24 4 3.44 .276
JFIN .36 2 2.63 .272
SALM .20 4 2.91 .272
MOSY .55 2 4.05 .270
ME .34 6 7.55 .270
PBR .30 10 11.05 .270
OBSV .10 6 2.21 .270
OCUP .51 2 3.8 .268
AEI .09 2 0.67 .268
OSTK 2.60 7 68.16 .266
IONQ .65 7 16.67 .266
EZFL .57 1 2.15 .265
IGIC .70 3 7.95 .264
INFI .16 4 2.39 .264
CLPS .57 1 2.16 .263
CLPS .57 1 2.16 .263
W 6.04 9 205.55 .261
BRLT 1.44 3 16.55 .261
EFOI 1.23 1 4.7 .261
DARE .47 1 1.8 .261
DDS 6.58 10 244.9 .260
ERJ .39 10 14.57 .260
SI 4.55 8 139.03 .256
CARA 1.57 2 12.18 .256
AMEH 2.05 9 73.01 .252
PLUG .92 9 32.23 .252
OXBR .30 5 5.905 .250
NLS .84 2 6.75 .248
MDNA .05 8 1.59 .248
EXPI 1.38 6 33.25 .246
AMTX 1.20 3 14.53 .246
CELC 1.05 3 12.75 .246
RAIL .24 4 3.88 .244
TSP 1.75 5 35.94 .240
ZIM 1.20 10 49.47 .240
FCX .41 24 37.63 .240
ABSI 1.25 2 10.5 .238
FENG .11 2 0.92 .238
CRDF .45 3 5.66 .237
OVID .38 2 3.22 .236
ATAI 1.29 2 11.02 .234
XAIR 1.97 1 8.45 .233
SQBG .73 2 6.24 .232
EVGN .43 1 1.85 .232
AKTX .36 1 1.55 .232
CHGG 2.17 3 27.92 .231
ORGS .70 1 3.03 .231
GPS .54 7 16.31 .231
CCJ .47 11 21.42 .231
EDSA 1.24 1 5.37 .230
CPIX .24 4 4.21 .228
MESO .65 2 5.76 .224
TLRY .47 4 8.29 .224
BIOC .22 4 3.86 .224
DUOL 7.27 3 97.08 .222
STEM .68 6 18.29 .222
SHOP 28.96 11 1397.15 .220
DLO 1.53 5 34.46 .220
LOOP .55 5 12.26 .220
IMV .15 2 1.36 .220
DELL 1.75 7 55.72 .217
CPE 1.54 7 48.74 .217
CGC 1.01 2 9.31 .216
FB .72 108 334.49 .216
CVV .46 2 4.25 .216
FOSL 1.09 2 10.1 .214
CELH 1.96 7 63.39 .210
DOCN 1.74 10 80.55 .210
HHR .98 11 51.05 .209
NIU .93 4 17.82 .208
AXLA .26 2 2.49 .208
SQ 1.73 23 175.44 .207
PRTA 1.04 9 44.17 .207
FSTX 1.04 1 5.02 .207
CIFR .35 3 5.01 .207
ENSV .20 1 0.9734 .205
DKNG .99 6 28.85 .204
HOL .84 3 12.35 .204
MSTR 14.75 8 571.64 .200
JWN .98 4 19.6 .200
CHMA .37 2 3.76 .196
AESE .35 1 1.82 .192
TOST 3.31 2 34.5 .190
GIII 1.02 5 26.64 .190
GSAT .12 2 1.26 .190
EDTK .10 2 1.05 .190
ACHL .89 1 4.69 .189
AMZN 6.99 94 3391.35 .188
NVTS 1.62 2 17.1 .188
NTEC .46 4 9.63 .188
PUBM 6.66 1 35.65 .186
BYND 2.00 6 63.42 .186
TWTR 1.40 6 44.6 .186
LYFT 1.43 5 38.41 .185
ARVN 1.55 8 66.34 .184
DNUT .38 8 15.98 .184
HIPO .25 2 2.7 .184
SKT 1.17 3 19.18 .183
GENE .13 3 2.11 .183
ACB .36 3 5.99 .180
RIG .09 6 2.95 .180
SEMR 1.11 3 18.8 .177
AZYO 1.08 1 6.07 .177
TENX .21 1 1.19 .176
IAC 3.19 7 126.33 .175
NEWR 2.93 6 99.95 .174
FUBO 1.01 3 17.14 .174
CLII .84 3 14.36 .174
RIOT .73 6 24.37 .174
GTT .41 1 2.36 .173
FBRX .40 1 2.31 .173
BLUW .83 2 9.63 .172
BWAY .68 2 7.9 .172
NBEV .19 1 1.1 .172
SFIX 1.08 3 18.92 .171
TGTX .93 3 16.09 .171
GTIM .74 1 4.32 .171
LAC .60 9 31.55 .171
PDD 2.15 5 61.61 .170
FUV .77 2 9.13 .168
DRN .57 8 26.61 .168
SOHU .47 6 16.66 .168
SCYX .31 4 7.33 .168
EQOS .46 1 2.77 .166
AEY .31 1 1.87 .165
DKS 1.01 18 105.26 .162
AAL .32 9 17.12 .162
BKYI .19 2 2.32 .162
LBPH .92 1 5.75 .160
AA .78 10 47.78 .160
ISEE .62 4 15.16 .160
MITQ .36 1 2.24 .160
DMAC .31 2 3.86 .160
NETE 1.04 2 13.09 .158
FLGT 2.27 6 86.95 .156
DNA 1.58 1 10.11 .156
DDL 1.22 2 15.61 .156
ALLO 1.11 2 14.11 .156
HNST .41 3 7.85 .156
OCG .16 4 4.07 .156
OCG .05 13 4.07 .156
HOG 1.23 5 38.54 .155
MAT .63 5 20.15 .155
CPSH .51 1 3.27 .155
DPST 2.33 3 44.98 .153
JD 1.40 9 78.05 .153
AFMD .29 3 5.6 .153
SSKN .22 1 1.43 .153
IRDM 1.55 4 40.53 .152
COTY .19 8 9.66 .152
EDIT 1.47 3 29.26 .150
APP 1.38 10 88.85 .150
SSNT .34 2 4.49 .150
AUTL .30 3 5.98 .150
IKT .24 1 1.61 .149
VCVC 1.46 1 9.85 .148
ENLV .49 2 6.61 .148
NXTP .14 1 0.9407 .148
PRPO .09 3 1.81 .147
SIF 1.16 1 7.9 .146
CALA .11 1 0.75 .146
U 4.07 5 139.75 .145
SCR 1.05 5 35.58 .145
PBLA .25 1 1.72 .145
LUV .99 6 40.48 .144
LI .76 6 31.36 .144
DE 4.88 11 351.42 .143
GAME .43 1 3.01 .142
LC .39 10 26.84 .140
CRON .12 5 4.16 .140
WTER .09 2 1.27 .140
KULR .06 7 2.93 .140
VIH 1.31 1 9.36 .139
SONO .70 6 29.38 .138
FRD 1.28 1 9.3 .137
BIGC 2.58 2 37.45 .136
SRNE .85 1 6.23 .136
TAL .32 2 4.65 .136
TISI .17 1 1.25 .136
CPG .09 8 5.03 .136
TDC 1.17 5 41.89 .135
DAL 1.02 5 36.87 .135
OMER 1.00 1 7.36 .135
ATIF .43 1 3.179 .135
NGM 1.25 2 18.54 .134
RL 2.39 7 120.08 .133
FLWS .75 4 22.69 .132
CLOV .28 2 4.24 .132
PETZ .17 4 5.01 .132
BQ .08 2 1.21 .132
DASH 2.11 10 155.25 .130
JKS 1.23 5 46.54 .130
RUN 1.10 5 42.11 .130
PFE .57 13 55.2 .130
CMTL 3.13 1 24.16 .129
SHEN 1.11 3 25.36 .129
TESS .30 3 6.82 .129
UWMC .29 3 6.68 .129
GH 1.57 8 94.16 .128
FENC .27 2 4.18 .128
CLDX 1.61 3 38.31 .126
GRVY 1.33 7 70.44 .126
TVTX 1.19 3 27.8 .126
JRVR 1.10 3 25.67 .126
CYTK .80 6 36.47 .126
FTCH .67 6 31.3 .126
CYAD .56 1 4.44 .126
MRO .12 18 15.39 .126
VSCO 1.29 5 49.9 .125
THCB 1.25 1 10 .125
LIVE 1.37 3 33.25 .123
AEMD .09 3 2.16 .123
HJLI 1.27 1 10.38 .122
KZR .82 2 13.31 .122
BCLI .46 1 3.8 .121
ACMR 1.83 5 74.11 .120
LEGN 1.04 6 50.67 .120
MAXR .83 4 27.34 .120
GP .49 3 12.23 .120
CCL .45 5 18.34 .120
SBBP .12 2 2 .120
SAM 9.40 7 532.27 .119
RGEN 4.41 7 258.71 .119
FFHL .44 2 7.4 .118
ANIX .38 1 3.2 .118
ULBI .31 2 5.21 .118
DLTR 1.90 9 140.88 .117
RRGB .96 2 16.55 .116
CRCT .70 4 23.5 .116
PATI .50 2 8.55 .116
IRIX .18 4 6.19 .116
MBII .08 1 0.6927 .115
MRUS 1.10 3 28.43 .114
UBER .71 6 35.73 .114
MSFT .51 114 339.4 .114
EQ .53 1 4.65 .113
CAT 2.86 8 201.25 .112
MSGE 1.88 4 65.24 .112
AN 1.67 8 114.28 .112
TWST 1.37 7 85.49 .112
AEO 1.32 2 23.56 .112
JPM 1.29 14 157.92 .112
HCM .93 4 32.92 .112
BZUN .80 2 14.18 .112
BGI .19 3 5.08 .111
LAD 6.41 5 282.72 .110
DPZ 5.62 11 537.36 .110
AAPL .34 110 175.74 .110
LIVX .17 2 3.07 .110
SBS .08 10 6.99 .110
GKOS 4.45 1 41.13 .108
VLO 1.86 4 68.22 .108
DIS 1.86 9 150.43 .108
RMBL 1.41 3 38.53 .108
CAH 1.34 4 48.44 .108
PINS 1.00 4 36.04 .108
BKE .89 6 47.57 .108
PTON .78 6 41.34 .108
AMRS .60 1 5.51 .108
GT .37 6 20.53 .108
ORCL .35 36 100.89 .108
BLU .88 1 8.3 .106
TTCF .86 2 16.12 .106
YMM .58 2 10.78 .106
KZIA .41 2 7.71 .106
ESTC 1.83 7 116.85 .105
NFLX .76 105 604.56 .105
MOS .76 5 35.87 .105
LTHM .21 15 27.02 .105
KMB 1.92 8 139.28 .104
APXT 1.27 1 12.11 .104
DOMO 1.26 4 48.46 .104
XPDI .09 13 10.57 .104
COUR 1.32 2 25.71 .102
EAT 1.21 3 35.22 .102
VIR .79 6 44.49 .102
KR .30 17 45.63 .102
BFLY .72 1 7.09 .101
BHVN 2.12 5 101.7 .100
CREE 1.64 5 79.12 .100
ROIV .83 1 8.26 .100
CLNE .67 1 6.65 .100
CHPT .53 4 20.89 .100
SSL .10 20 17.09 .100
REGN 7.44 9 660.15 .099
MDB 5.57 9 494.93 .099
PYPL 2.14 9 186.38 .099
KIRK .48 3 14.22 .099
MDT 1.66 7 112.86 .098
FANG 1.55 7 106.61 .098
BBY 1.45 7 100.24 .098
IS .76 1 7.75 .098
ARMP .49 1 4.99 .098
INM .14 1 1.43 .097
LAW 1.23 3 37.51 .096
XM 1.10 3 33.46 .096
SKX 1.09 4 43.66 .096
PTGX 1.05 3 31.94 .096
BTWN .95 1 9.82 .096
VMEO .85 2 17.53 .096
UAA .56 4 22.6 .096
ACI .27 12 31.32 .096
ZNGA .15 4 6.24 .096
CREX .15 1 1.55 .096
ABCL 1.31 1 13.78 .095
IMAB 1.00 5 51.2 .095
FL .84 5 42.15 .095
EOLS .55 1 5.76 .095
MFNC 1.02 2 21.5 .094
CNC 1.81 4 78.15 .092
GURE .46 1 5 .092
RCAT .10 2 2.13 .092
ROKU 2.89 7 221.92 .091
CRM 2.12 13 265.76 .091
SNOW 3.82 9 353.91 .090
BIIB 3.69 6 234.5 .090
XBI 1.75 6 110.8 .090
TMUS 1.73 6 115.01 .090
FISV 1.64 6 104.29 .090
BZ 1.22 3 40.62 .090
VMW 1.17 9 111.88 .090
USB 1.06 5 56.82 .090
OVV 1.01 3 32.75 .090
WMT .78 18 143.57 .090
SPTN .74 3 24.5 .090
COP .72 9 71.02 .090
VNE .55 6 35.1 .090
HPQ .53 6 35.28 .090
FFIE .22 2 4.88 .090
KRYS 6.33 1 71.45 .088
LOW 2.16 11 257.24 .088
OPNT .73 4 32.91 .088
CSCO .48 11 58.61 .088
CHRA .40 1 4.5 .088
YEXT .91 1 10.41 .087
APT .45 1 5.14 .087
GBR .24 1 2.74 .087
STRO .65 2 14.92 .086
C 1.06 5 60.18 .085
ENPH 2.57 7 213.52 .084
BLDR 2.17 3 77.44 .084
BCYC 1.49 3 52.99 .084
PFGC 1.21 3 43.06 .084
TJX 1.03 6 73.13 .084
TTD .62 14 92.5 .084
SILK .52 7 41.37 .084
CIEN .33 21 74.12 .084
CNFR .10 2 2.33 .084
SBTX .57 1 6.83 .083
ARCE .89 2 21.6 .082
PLTR .77 2 18.4 .082
GDYN 3.03 1 37.22 .081
FATE 1.36 3 48.98 .081
SLV .56 3 20.61 .081
XLE .53 9 55.65 .081
SIVB 7.01 8 675.6 .080
XMTR 3.46 1 43.12 .080
PKG 2.17 5 130.52 .080
A 1.31 10 156.29 .080
SMLP 1.07 2 26.66 .080
STX .84 10 101.68 .080
ERF .41 2 10.08 .080
VTGN .03 5 1.8 .080
CYTH .34 1 4.255 .079
IWM 2.93 6 216.04 .078
SPT 1.25 6 93.94 .078
WFC .66 6 48.56 .078
SLB .41 6 29.83 .078
RVI .24 2 6.06 .078
ET .11 6 8.23 .078
SITM 2.97 7 268.01 .077
LMT 2.51 11 345.55 .077
SPG 1.69 7 151.1 .077
BJ .79 7 66.55 .077
WYNN 1.62 4 84.77 .076
PLCE 1.60 4 81.5 .076
CRNC 1.55 4 79.36 .076
MYGN .98 2 25.52 .076
MNSO .82 1 10.74 .076
DUOT .40 1 5.3 .075
GNOG .78 1 10.51 .074
VIPS .66 1 9 .073
ROST 2.08 4 109.68 .072
CM 1.42 6 110.43 .072
DXC 1.11 2 30.66 .072
IBM 1.03 9 122.58 .072
LOGI .99 6 81.83 .072
T .56 3 22.44 .072
ORGO .35 2 9.62 .072
TBLA .70 1 9.85 .071
EL 3.86 7 360.34 .070
MA 3.58 7 345.31 .070
WSM 2.54 5 169.64 .070
CFLT 2.29 2 63.77 .070
TTC 1.42 5 98.46 .070
CTRN 1.11 5 77.53 .070
MS .74 10 97.17 .070
INTC .54 7 50 .070
K .49 10 63.48 .070
BLNK .18 14 30.73 .070
TME .45 1 6.43 .069
MRTN .38 3 16.51 .069
YPF .09 3 3.88 .069
ASML 3.16 17 764.47 .068
APPN 1.29 4 72.52 .068
CSIQ .58 4 32.96 .068
THTX .22 1 3.22 .068
GGAL .16 4 9.1 .068
EKSO .11 2 3.18 .068
SLHG .10 1 1.47 .068
IRCP .04 4 2.29 .068
GMTX .17 1 2.51 .067
CHKP 1.25 6 112.05 .066
MO 1.00 3 45.36 .066
SUPN .95 2 28 .066
SM .68 3 30.18 .066
RSI .55 2 16.36 .066
WOOF .43 3 19.42 .066
UNH 2.55 13 478.14 .065
XLNX 1.11 13 209.52 .065
SCHW 1.08 5 79.38 .065
ATVI .81 5 58.7 .065
VRNT .69 5 49.56 .065
THC 4.91 1 76.37 .064
CVS 1.62 4 98.9 .064
TSN 1.42 4 84.93 .064
BEKE .61 2 18.73 .064
VXX .35 4 21.64 .064
HWCC .34 1 5.3 .064
RRD .09 8 11.07 .064
GS 2.93 9 384.64 .063
ZS 2.79 7 308.54 .063
LLY 2.28 7 248.53 .063
V 1.65 9 211.02 .063
KO .46 9 57.76 .063
PPBT .26 1 4.1 .063
EDU .14 1 2.2 .063
RNG 11.84 1 188.5 .062
KYMR 1.69 2 53.68 .062
DFH 1.18 1 18.78 .062
AMKR .70 2 22.4 .062
GBS .11 1 1.76 .062
OXY .06 31 29.23 .062
SNPS 3.69 6 362.23 .060
COIN 1.63 10 251.37 .060
SJM .78 12 134.62 .060
FLXN .55 1 9.12 .060
BAC .47 6 43.58 .060
XOM .38 10 61.63 .060
KHC .35 6 34.48 .060
FLO .28 6 26.34 .060
MOMO .19 3 9.43 .060
FRO .03 15 6.85 .060
UAL 1.24 2 41.74 .058
VIEW .13 2 4.45 .058
KMX 2.82 3 143.25 .057
LL 1.01 1 17.54 .057
FITB .82 3 42.4 .057
EQT .39 3 20.12 .057
SBH .38 3 19.86 .057
SPWH .22 3 11.54 .057
SEDG 2.70 7 303.67 .056
ROLL 1.78 7 204.22 .056
HON 1.76 7 209.23 .056
YETI 1.27 4 87.35 .056
WM 1.17 8 164.23 .056
AMAT 1.16 8 147.1 .056
ABT 1.14 7 135.96 .056
FA .96 1 16.89 .056
JBL .92 4 64.03 .056
VALN .80 4 53.53 .056
PDCO .41 4 28.28 .056
SWN .07 4 5 .056
GWRE 1.30 5 113.87 .055
ITRO .07 1 1.27 .055
MFGP .05 5 4.47 .055
ADBE 4.11 9 658.3 .054
DG 2.15 6 226 .054
TSCO 1.52 9 233.16 .054
ECOM 1.37 1 25 .054
ABNB 1.11 9 171.04 .054
HAS .94 6 100.58 .054
GE .86 6 93.13 .054
SWI .79 1 14.52 .054
CRMT .72 9 106.45 .054
GIS .41 9 65.93 .054
RDUS .38 1 6.99 .054
TSC 1.55 1 29.16 .053
NFE 1.27 1 23.8 .053
CUE .62 1 11.56 .053
TRI 1.63 4 119.84 .052
TAP 1.23 2 46.02 .052
NTAP 1.16 4 87.19 .052
QCOM .77 13 183.32 .052
APG .62 2 23.56 .052
SNDL .03 1 0.57 .052
EPU .48 3 28.06 .051
CAR 6.00 2 234.71 .050
AMGN 2.27 5 211.39 .050
KEYS 2.15 5 204.09 .050
EA 1.35 5 126.77 .050
OLLI 1.29 2 50.47 .050
OTIS .91 5 85.38 .050
ALC .91 5 83.57 .050
TNA .83 5 78.29 .050
XONE .67 2 26.7 .050
ACH .67 1 13.24 .050
MRK .42 10 73.42 .050
RKT .41 2 15.9 .050
OEG .14 1 2.76 .050
VSTM .06 2 2.34 .050
ADSK 2.04 7 268.88 .049
INTU 4.61 8 668.74 .048
LII 2.97 6 331.3 .048
COST 2.65 12 557.22 .048
WDAY 2.46 6 280.92 .048
COF 1.87 4 146.04 .048
BURL 1.68 8 278.17 .048
STT 1.48 3 91.26 .048
NXPI 1.35 8 221.79 .048
LPX 1.24 3 75.44 .048
TGT 1.06 12 234.17 .048
RF .52 2 21.45 .048
ARMK .42 4 34.67 .048
AZN .21 16 54.58 .048
AGNC .19 4 15.34 .048
EVA 1.62 2 70.28 .046
STE 2.26 5 230.02 .045
LIN 1.72 9 334.19 .045
OKE .92 3 60.2 .045
NKE .92 9 166.84 .045
PG .85 9 157.67 .045
ANF .52 3 33.48 .045
PSTG .49 3 31.86 .045
ATHM .49 3 31.02 .045
PKI 2.16 4 187.42 .044
DAVA 1.77 4 147.66 .044
BLFS 1.55 1 34.62 .044
MNST 1.05 4 89.78 .044
SANA .82 1 18.27 .044
GLD .70 11 167 .044
NPTN .67 1 15.21 .044
TTM .13 11 31.95 .044
PANW 23.18 1 534.92 .043
LSI 3.13 2 142.81 .042
MMM 1.20 7 174.58 .042
EGRX 1.01 2 47.17 .042
INMD .99 3 66.7 .042
GM .87 3 59.13 .042
RY .61 7 100.02 .042
MRVL .57 7 86.59 .042
TBIO .53 3 37.36 .042
BBWI .53 6 72.79 .042
HRL .31 7 47.28 .042
IRTC 3.69 1 91.9 .040
CI 1.83 5 215.15 .040
ADI 1.48 5 178.47 .040
WGO 1.39 2 69.46 .040
UHS 1.30 4 128.8 .040
DD .80 4 77.63 .040
VGR .61 1 15.22 .040
HMHC .31 2 15.15 .040
KDMN .10 4 9.5 .040
LITE 1.30 3 99.46 .039
GRUB .15 3 10.84 .039
PCTY 8.94 1 237.91 .037
FCBP 1.08 1 29.1 .037
LESL .77 1 20.6 .037
ANTM 2.99 6 430.04 .036
HCA 2.20 4 244.1 .036
AAP 1.46 6 234.12 .036
J 1.33 4 140.89 .036
AXP 1.07 6 163.3 .036
KNL .92 1 25.04 .036
ABBV .83 6 126.51 .036
DEN .72 4 79.65 .036
LEN .70 6 113.15 .036
CTKB .66 1 18.18 .036
GPK .38 2 20.04 .036
ALAC .21 2 11.6271 .036
NOK .04 6 5.98 .036
TTWO 1.26 5 166.26 .035
UPS 1.15 7 206.31 .035
SRNG .41 1 11.42 .035
BP .21 5 26.59 .035
LZB .64 2 35.9 .034
AHPI .17 1 5.1 .033
LPTX .08 1 2.42 .033
BKNG 10.17 8 2149.51 .032
CLX 1.52 4 172.08 .032
LH 1.39 8 292.44 .032
MPC .54 4 61.81 .032
FOE .67 1 21.56 .031
RMD 8.09 1 263.49 .030
BLK 6.24 5 917.66 .030
PWR 3.42 1 112.01 .030
AKAM 1.20 3 115.41 .030
PEP 1.13 5 169.81 .030
RTX .88 3 84.33 .030
PCVX .65 1 21.59 .030
NEE .59 5 91.74 .030
XLF .58 2 38.63 .030
ACHV .11 2 6.89 .030
TEO .08 2 5.05 .030
BEST .01 3 0.97 .030
RCUS 1.22 1 40.67 .029
ALZN .07 1 2.4 .029
ENIC .06 1 2.02 .029
GOOG 3.73 28 2934.09 .028
VZ .73 2 50.28 .028
FLOW .63 4 86.12 .028
CL .61 4 81.14 .028
HOLI .43 1 15.29 .028
HNP .33 2 22.5 .028
MU .33 9 84.35 .027
ATKR 1.43 2 109.81 .026
BIG .59 2 43.97 .026
GSKY .15 2 11.51 .026
VRTX 5.31 1 208.15 .025
TRIL .47 1 18.44 .025
AZO 5.11 12 1986.1 .024
XLY 1.73 3 199.71 .024
SNA 1.40 4 213.19 .024
OLN 1.34 1 53.94 .024
ALXN 1.24 4 182.5 .024
MCD .98 8 263.09 .024
AZPN .96 4 148.2 .024
QDEL .95 4 141.4 .024
XLK .73 6 172.28 .024
CLSK .30 1 12.24 .024
VSH .18 3 20.67 .024
UNIT .11 3 12.97 .024
CDEV .04 4 6.41 .024
SLVO .03 4 4.95 .024
B 1.08 1 46.59 .023
SPB 2.21 1 96.6 .022
RACE .58 11 258.4 .022
ON .16 11 62.58 .022
JNJ 1.21 3 168.45 .021
CRTO .90 1 40.98 .021
STN .44 3 55.17 .021
NUAN 1.13 1 55.02 .020
HRI .96 4 173.84 .020
PLD .67 5 161.08 .020
IRBO .83 1 41.74 .019
CNA .83 1 43.36 .019
UHAL 1.98 9 705.21 .018
LANC 1.43 2 156.61 .018
AMOM .66 1 35.2198 .018
CROX .46 9 156.91 .018
DUK .41 6 103.04 .018
D .17 9 76.75 .018
HD .68 17 405.24 .017
PSTX .12 1 7.03 .017
CSPR .11 1 6.41 .017
AXON 2.25 1 138.89 .016
STMP 1.59 4 329.61 .016
STZ 1.17 4 237.37 .016
AIT .91 2 101.5 .016
UTHR .86 4 191.21 .016
IYC .39 4 81.93 .016
SELF .09 1 5.44 .016
INCY .27 5 67.81 .015
VCLO .25 1 16.43 .015
TNET 1.38 1 96.04 .014
PAYX .94 2 124.4 .014
XLV .31 7 135.85 .014
CHNG .15 2 20.59 .014
ADMS .06 2 8.22 .014
CAI .78 1 56 .013
FRBK .05 1 3.58 .013
TDG 1.87 4 591.9 .012
PNRG .79 1 65.2 .012
TSM .54 3 116.42 .012
HRC .42 6 155.96 .012
MGTX .27 1 20.77 .012
PPC .17 2 28.11 .012
HDGE .12 3 25.0105 .012
HALO .39 1 34.66 .011
SPY 2.43 2 466.57 .010
ECHO .49 1 48.24 .010
INOV .22 2 41.06 .010
ESXB .06 2 11.3 .010
GTS .33 1 35.49 .009
IEC .14 1 15.34 .009
SVBI .13 1 13.63 .009
RTLR .02 9 10.72 .009
HFBL .16 1 19.55 .008
XLP .13 8 75.16 .008
PBT .04 2 9 .008
LMRK .13 1 16.45 .007
ROG 1.67 1 271.25 .006
SYKE .14 3 54 .006
FAST .11 6 64.09 .006
ITRN .07 3 24.62 .006
PSP .04 3 15.5101 .006
CONE .46 1 89.49 .005
JQUA .26 1 44.55 .005
CXM .09 1 15.82 .005
CLDR .08 1 15.99 .005
SAFM .85 1 188.82 .004
VOOV .73 1 147.66 .004
TAAG .09 1 20.9494 .004
CPLG .07 1 15.46 .004
KIN .02 2 9.25 .004
RAVN .10 3 58.08 .003
IACB .01 3 7.95 .003
CXP .04 1 19.28 .002
VCAR .03 1 14.83 .002
SIC .03 1 14.49 .002
NWHM .02 1 8.99 .002
EIC .02 2 17.25 .002
DSE .02 1 9.49 .002
ULTA .62 1 388.29 .001
PMD .01 1 7.4 .001
ULTA .05 12 388.29 0
EPAY .02 2 48.94 0
INFL .01 2 30.21 0
DFP .01 3 27.95 0
WMPN 0 4 12.06 0
QQC 0 2 33.2201 0
QADB 0 4 87.54 0
PAE 0 1 9.91 0
ONON 0 1 51.42 0
NLSP 0 1 1.29 0
LHAA 0 1 9.81 0
HWBK 0 1 24.12 0
DVD 0 1 3.6 0
APWC 0 1 2.99 0
NSYS -.12 1 10.505 -.011
