NVAX 13.77 9 178.27 .693
BKNG 10.17 8 2459.52 .032
SAM 9.40 7 503.77 .126
AMZN 8.18 93 3189.78 .186
SIVB 7.73 6 649.35 .066
DPZ 7.66 9 470.91 .144
REGN 7.44 9 555.42 .117
W 7.31 7 239.49 .210
LAD 6.41 5 314.57 .100
BNTX 6.26 12 248.9 .300
BLK 6.24 5 825.56 .035
DDS 6.22 9 185.15 .297
MDB 5.88 8 444.97 .104
SE 5.62 12 317.9 .204
KOSS 5.35 7 16.1 2.324
ASML 5.22 9 712.94 .063
EJH 5.21 6 2.43 12.864
DE 4.88 8 338.44 .112
AZO 4.70 10 1642.51 .020
AFRM 4.66 9 107.93 .387
UPST 4.49 13 289.77 .195
RGEN 4.41 7 272.9 .112
ZM 4.40 14 259.58 .224
GOOG 4.33 27 2675.3 .027
EEIQ 4.33 5 3.9 5.550
TSLA 4.22 145 781.53 .725
GPN 4.22 8 156.22 .216
FLGT 4.22 5 77.39 .270
SPLK 4.15 5 140.28 .145
ADBE 4.10 6 558.49 .042
BIIB 4.00 5 278.32 .070
NVCR 3.93 9 109.43 .315
CARV 3.92 6 17.29 1.356
SEDG 3.89 5 255.27 .075
ENPH 3.89 5 145.03 .130
NRXP 3.86 6 9.2 2.514
ZS 3.84 5 251.86 .075
IAC 3.78 5 133.6 .140
MRNA 3.75 29 325.84 .319
ANVS 3.73 6 30.35 .732
SNPS 3.67 5 289.25 .060
LLY 3.67 5 224.85 .080
IRNT 3.52 5 12.99 1.350
LIN 3.50 5 294.65 .055
EBET 3.45 6 23.57 .876
ZLAB 3.42 6 102.5 .198
SITM 3.41 5 199.84 .085
ADSK 3.38 5 272.93 .060
DQ 3.36 7 54.79 .427
SCPS 3.34 7 4.13 5.656
COST 3.33 5 440.14 .035
LOW 3.28 5 204.51 .080
GLSI 3.27 5 36.76 .440
UNH 3.25 9 387.01 .072
JAN 3.24 5 6.22 2.600
ADGI 3.21 7 28.63 .784
ZG 3.17 5 85.68 .180
GRTS 3.14 5 9.78 1.605
CAT 3.14 5 193.13 .080
ROKU 3.09 5 296.86 .050
NEGG 3.07 20 13.22 4.640
DOCS 3.04 6 75.01 .240
SAVA 3.02 26 54.31 1.430
GME 2.99 82 171.36 1.394
MA 2.96 5 344.2 .040
SNOW 2.91 8 294.68 .072
DLTR 2.91 4 98.37 .116
FULC 2.86 5 26.49 .535
DASH 2.82 7 197.68 .098
GS 2.81 8 374.15 .056
ABNB 2.80 5 164.5 .085
RBLX 2.77 5 77.8 .175
CELH 2.77 5 90.62 .150
XLNX 2.75 5 148.02 .090
KNBE 2.69 4 21.15 .508
EL 2.69 5 306.2 .040
VMW 2.68 4 148.52 .072
DLPN 2.68 4 12.09 .884
COHN 2.68 4 19.26 .556
AACG 2.67 4 2.37 4.504
IWM 2.66 4 220.26 .048
XBI 2.65 4 123.22 .084
NCTY 2.63 5 10.15 1.295
WDAY 2.61 5 249.68 .050
AN 2.58 4 120.25 .084
AUVI 2.56 8 6.18 3.312
TTD 2.55 5 66.03 .190
WSM 2.54 5 170.09 .070
STX 2.52 4 84.14 .116
INDP 2.52 5 7.28 1.730
BBY 2.48 4 105.49 .092
AAME 2.47 4 4.18 2.360
SPT 2.41 4 111.73 .084
LII 2.41 4 296.02 .032
AVXL 2.41 5 17.3 .695
HON 2.39 4 214.21 .044
RL 2.38 4 117.36 .080
NXPI 2.35 4 188.95 .048
CPOP 2.34 5 2.76 4.235
UPS 2.33 5 178.42 .065
CREE 2.28 4 79.12 .112
AMGN 2.27 5 211.44 .050
MCD 2.26 4 243.08 .036
APPS 2.24 3 69.36 .096
NNOX 2.21 4 22.09 .400
OSTK 2.20 6 73.8 .174
V 2.19 4 224.73 .036
TPST 2.19 5 14.28 .765
LH 2.18 6 275.04 .042
INTU 2.18 4 525.35 .016
MDT 2.17 4 125.05 .068
LWAC 2.17 4 16.98 .508
PKG 2.16 4 139.4 .060
WAVE 2.15 4 6.61 1.300
RAPT 2.15 6 31.52 .408
PDD 2.15 5 85.08 .125
ANTM 2.14 4 370.2 .020
DIS 2.12 7 173.46 .084
ACRS 2.12 7 17.16 .861
CERE 2.11 6 29.95 .420
ALEC 2.10 6 22.87 .546
FANG 2.09 3 103.38 .060
CM 2.09 3 113.27 .054
SCR 2.08 3 34.83 .177
DELL 2.08 5 105.24 .095
ZIM 2.07 2 43.86 .094
BON 2.06 1 7.75 .265
TSCO 2.05 6 196 .060
IMPL 2.05 4 10.83 .756
ASAN 2.05 3 99.85 .060
RMBL 2.04 2 37.06 .110
MFNC 2.04 1 21.5 .094
COIN 2.04 4 229.31 .032
VLO 2.03 2 75.02 .054
TASK 2.03 6 59.52 .204
JD 2.03 3 69.41 .087
PTON 2.02 2 82.35 .048
APRE 2.02 1 5.29 .381
TMUS 2.01 3 125.46 .048
PRTA 2.01 7 71.7 .196
MRIN 2.01 5 7.81 1.285
IBM 2.00 4 144.11 .052
AXP 2.00 3 172.66 .033
TDC 1.99 2 56.41 .070
UHAL 1.98 9 651.33 .027
TSN 1.98 3 78.08 .075
DD 1.98 1 70.18 .028
VTSI 1.97 1 10.01 .196
SQ 1.96 22 226.25 .176
JG 1.96 2 1.62 2.418
BNR 1.96 2 15.77 .248
VSCO 1.95 3 52.36 .111
LMT 1.95 9 345.99 .045
WAFU 1.94 3 6.124 .948
VRNT 1.94 2 45.23 .084
STZ 1.94 3 213.02 .027
LI 1.94 2 25.58 .150
RRGB 1.93 1 23.12 .083
LEGN 1.93 3 50.96 .111
AAP 1.93 3 207.17 .027
GWRE 1.92 3 113.12 .048
NEE 1.91 1 79.36 .024
DLO 1.91 4 52 .144
ARVN 1.91 7 84.9 .154
DG 1.89 3 206.19 .027
SI 1.88 3 135.9 .039
PEP 1.88 2 150.2 .024
NTAP 1.88 3 89.54 .060
MSGE 1.88 4 69.17 .108
KMB 1.88 4 132.15 .056
FTCH 1.88 1 36.63 .051
TDG 1.87 4 644.01 .008
LPX 1.87 2 61.14 .060
LEDS 1.87 2 7.3 .512
BKE 1.86 2 42.1 .088
VIR 1.85 3 34.04 .162
VERY 1.85 3 9.05 .612
HOOD 1.85 12 40.93 .540
UTHR 1.84 3 185.37 .027
QDEL 1.84 3 137.36 .039
ON 1.84 1 44.89 .040
EXPI 1.84 5 38.17 .240
DUK 1.84 1 100.76 .018
DKNG 1.84 2 48.46 .074
CI 1.83 5 199.45 .045
AIT 1.83 1 92.89 .019
PFGC 1.82 2 48.78 .074
OSAT 1.82 2 4.92 .738
OKE 1.82 1 60.06 .030
COF 1.82 3 166.11 .030
OTIS 1.81 2 81.91 .044
EAT 1.81 2 50.91 .070
TVTX 1.79 2 24.93 .142
CTRN 1.79 3 74.46 .072
ANF 1.79 1 39.72 .045
UBER 1.78 2 45.72 .076
ROLL 1.78 7 216.35 .056
BIDU 1.78 117 146.39 1.404
ARCE 1.78 1 20.1 .088
VRPX 1.77 9 4.47 3.555
MOXC 1.77 3 7.2 .735
BLDR 1.77 1 52.58 .033
AMD 1.77 9 100.34 .153
SKT 1.76 2 16.77 .208
LOGI 1.76 3 87.34 .060
FATE 1.76 2 56.41 .062
TTC 1.75 3 98.95 .051
TSP 1.75 5 34.19 .255
VOXX 1.74 2 11.24 .308
BHVN 1.74 4 142.93 .048
HAS 1.73 3 86.65 .057
AMAT 1.73 5 125.2 .065
YETI 1.72 3 84.51 .060
LAIX 1.72 4 0.8652 7.948
KODK 1.72 1 6.67 .257
HRI 1.71 3 171.66 .027
HD 1.71 9 326.47 .045
VMEO 1.70 1 29.23 .058
ROST 1.70 3 110.21 .045
LYFT 1.70 3 53.68 .093
KMPH 1.70 2 9.01 .376
ENOB 1.70 3 6.71 .759
NURO 1.69 10 9.14 1.840
LYEL 1.69 2 13.11 .256
LIFE 1.69 2 8.73 .386
SHEN 1.68 2 32.29 .104
NEWR 1.67 3 70.58 .069
MYGN 1.67 1 30.91 .054
EA 1.67 2 143.16 .022
DKS 1.67 8 121.49 .104
TWTR 1.66 2 58.39 .056
PLD 1.66 3 126.83 .039
NMRD 1.66 4 5.94 1.116
MPC 1.66 1 63.02 .026
KURA 1.66 2 19 .174
ALXN 1.66 3 182.5 .027
SYPR 1.65 2 3.77 .874
NVOS 1.65 5 1.86 4.435
KALV 1.65 7 17.15 .672
FLOW 1.65 3 73.64 .066
ESTC 1.65 4 142.32 .044
KMX 1.64 1 122.54 .013
CAH 1.64 3 49.53 .099
TNA 1.63 3 84.46 .057
LODE 1.63 1 2.4 .679
KYMR 1.63 1 60.83 .026
KSS 1.63 7 48.96 .231
JZXN 1.63 4 2.19 2.976
MOS 1.62 1 38.27 .042
IYC 1.62 1 77.31 .020
AKAM 1.62 2 102.56 .030
CRCT 1.61 1 24.41 .065
USB 1.60 3 60.53 .078
SPI 1.60 2 4.82 .662
RMED 1.60 3 2.94 1.632
MBRX 1.60 1 2.78 .575
WHLM 1.59 3 5.52 .864
STMP 1.59 4 329.61 .016
MNST 1.59 3 88.5 .051
FL 1.59 2 46.59 .068
CSIQ 1.59 2 31.9 .098
CLDX 1.59 2 56.27 .056
BZ 1.59 1 36.09 .044
LHDX 1.58 4 6.38 .988
FISV 1.58 5 108.26 .070
CELC 1.58 2 17.24 .182
RLMD 1.57 4 26.82 .232
RIOT 1.57 2 25.25 .124
LOOP 1.57 2 11.07 .282
GTEC 1.57 2 6.06 .518
GH 1.57 8 105.97 .112
CNC 1.57 1 62.53 .025
CARA 1.57 2 14.44 .216
PAYX 1.56 1 115.01 .013
DPW 1.56 5 2.35 3.315
IRDM 1.55 4 38.54 .160
GRVY 1.55 6 87.62 .102
CRNC 1.55 4 86.92 .068
BLFS 1.55 1 40.56 .038
FUV 1.54 1 10.45 .147
CHCI 1.54 3 4.65 .993
TERN 1.53 4 10.54 .580
SIEB 1.53 5 3.28 2.330
GIS 1.53 1 61.45 .024
MVIS 1.51 4 10.3 .584
UAL 1.50 1 51.3 .029
SUPN 1.50 1 26.66 .056
AMEH 1.50 5 89.89 .080
A 1.50 6 152.36 .054
ZEV 1.49 3 8.33 .534
STT 1.48 3 86.12 .051
SGOC 1.48 8 5.73 2.064
SEMR 1.48 2 22.44 .130
JRVR 1.48 2 38.25 .076
JNJ 1.48 2 159.22 .018
ISEE 1.48 2 16.66 .176
CHKP 1.48 5 113.63 .065
ADI 1.48 5 164.26 .045
FGEN 1.47 3 9.93 .444
EDIT 1.47 3 37.29 .117
VCVC 1.46 1 9.85 .148
SFIX 1.46 2 38.19 .076
LITE 1.46 2 82.26 .034
LGHL 1.46 1 1.89 .772
HTBX 1.46 2 5.88 .496
BYND 1.46 4 101.23 .056
PINS 1.45 3 49.62 .087
OCGN 1.45 5 6.75 1.070
EYEG 1.45 1 1.82 .796
EVOL 1.45 1 2.19 .662
BPTH 1.44 1 5 .288
SNOA 1.43 3 5.42 .789
SCKT 1.43 3 6.31 .678
LANC 1.43 2 172.45 .016
ATKR 1.43 2 88.84 .032
TTWO 1.42 4 157.13 .036
STE 1.42 4 206.02 .024
IMNM 1.42 4 18.19 .312
GM 1.42 1 53.98 .026
CYTK 1.42 3 36.39 .117
ATVI 1.42 3 77.18 .054
SCHW 1.41 2 73.23 .038
DOCN 1.41 3 78.01 .054
CROX 1.41 3 136.07 .030
AVIR 1.41 1 44.59 .031
SNA 1.40 4 213.5 .024
MMM 1.40 6 176.04 .042
LAZR 1.40 3 14.83 .282
JCS 1.40 3 7.94 .528
CVS 1.40 3 83.81 .048
CRDF 1.40 1 6.81 .205
ABT 1.40 4 115.53 .048
WGO 1.39 2 78.55 .034
OPNT 1.39 3 26.85 .153
JBL 1.39 2 59.09 .046
ERYP 1.39 2 6.18 .448
EOSE 1.39 2 13.41 .206
COUR 1.39 1 30.81 .045
BTBT 1.39 8 7.59 1.464
TNET 1.38 1 96.89 .014
INCY 1.38 2 66.32 .040
TWST 1.37 7 100.66 .091
PG 1.37 5 138.79 .045
LIVE 1.37 3 36.01 .114
ECOM 1.37 1 25.3 .054
ACMR 1.37 4 104.5 .052
AA 1.37 3 49.18 .081
TSM 1.36 2 109.02 .024
TAOP 1.35 3 2.46 1.644
RUN 1.35 4 40.99 .128
BWAY 1.35 1 7.98 .169
WNW 1.34 1 3.66 .366
QADB 1.34 3 87.39 .045
FLWS 1.34 3 31.04 .129
PKI 1.33 3 171.09 .021
NLS 1.33 1 9.19 .144
TJX 1.32 4 65.86 .080
SLV 1.32 1 20.98 .062
HOG 1.32 2 36.99 .070
AEO 1.32 2 25.74 .102
WM 1.31 3 148.83 .024
VIH 1.31 1 10.05 .130
SPY 1.31 1 428.64 .003
ABCL 1.31 1 16.43 .079
UHS 1.30 4 135.91 .036
OLLI 1.29 2 59.53 .042
APPN 1.29 4 86.66 .056
MAT 1.28 2 18.35 .138
FRD 1.28 1 11.86 .107
BILI 1.28 22 61.99 .440
RHE 1.27 2 7.78 .326
HJLI 1.27 1 10.38 .122
HCA 1.27 3 244.38 .015
APXT 1.27 1 12.11 .104
SLGG 1.26 1 2.91 .432
MESO 1.26 1 5.88 .214
JKS 1.26 2 43.61 .056
HHR 1.26 1 48.98 .025
DOMO 1.26 4 79.3 .060
THCB 1.25 1 10 .125
OPAD 1.25 4 7.51 .664
NGM 1.25 2 21.54 .116
BYSI 1.25 3 15.07 .246
SJ 1.24 4 3.6025 1.376
PBTS 1.24 1 1.15 1.078
EDSA 1.24 1 7.17 .172
CMMB 1.24 2 10.15 .244
BNTC 1.24 3 3.43 1.083
ANPC 1.24 2 2.93 .846
TAP 1.23 2 47.61 .050
NVDA 1.23 141 197.32 .846
LAW 1.23 3 44.51 .081
J 1.23 3 131.36 .027
C 1.23 4 71.29 .068
AMC 1.23 55 36.77 1.815
RCUS 1.22 1 33.7 .036
EYES 1.22 6 3.01 2.430
DDL 1.22 2 23.5 .102
RTX 1.21 2 87.69 .026
KIRK 1.21 1 19.8 .061
HGEN 1.21 3 6.07 .597
ARAV 1.21 1 3.6 .336
MAXR 1.20 3 28.39 .126
JPM 1.20 12 166.95 .084
CRIS 1.20 2 7.85 .304
CETX 1.20 1 1.12 1.071
AMTX 1.20 3 16.72 .213
MS 1.19 7 97.15 .084
JWN 1.19 3 26.83 .132
QCOM 1.18 7 126.68 .063
GRU 1.18 1 4.4 .268
GRTX 1.18 1 7.5 .157
DFH 1.18 1 17.85 .066
CRMT 1.18 8 119.32 .072
AYRO 1.18 1 3.24 .364
NIU 1.17 3 22.64 .153
CLSK 1.17 1 12.21 .095
SIF 1.16 1 8.63 .134
HGSH 1.16 2 1.63 1.422
CLX 1.16 3 163.73 .021
IMTX 1.15 3 12.95 .264
SPCE 1.14 23 22.73 1.150
DAL 1.14 4 44.96 .100
VNET 1.13 3 16.01 .210
STG 1.13 1 5.15 .219
NUAN 1.13 1 55.13 .020
BTX 1.13 2 8.99 .250
ABSI 1.13 1 10.88 .103
SPG 1.12 3 132.25 .024
RY 1.12 2 100.31 .022
MNOV 1.12 2 3.67 .610
FIGS 1.12 5 36.18 .150
BZUN 1.12 1 16.6 .067
TGTX 1.11 1 32.21 .034
TGT 1.11 9 225.89 .036
PMCB 1.11 3 3.05 1.089
KHC 1.11 1 36.89 .030
GIII 1.11 4 29.14 .152
DXC 1.11 2 34.71 .062
CNET 1.11 1 1.17 .948
OPTT 1.10 1 2.18 .504
XTLB 1.09 2 4.3 .506
GT 1.09 1 19.24 .056
DDD 1.09 8 26.09 .328
ATAI 1.09 1 13.28 .082
ALDX 1.09 2 8.77 .248
SLB 1.08 1 30.88 .034
RSLS 1.08 1 2.6 .415
MTSL 1.08 3 3.37 .960
FCBP 1.08 1 29.1 .037
BAC 1.08 3 43.34 .072
B 1.08 1 43.49 .024
AZYO 1.08 1 6.57 .164
ALF 1.08 2 6.13 .352
TTCF 1.07 1 18.03 .059
SMLP 1.07 2 37.99 .056
BBBY 1.07 13 15.7 .884
APP 1.06 5 71.88 .070
SKX 1.05 2 41.74 .050
NETE 1.05 1 7.69 .136
OCUP 1.04 1 4.99 .208
KEYS 1.04 2 161.16 .012
IPA 1.04 2 5.99 .346
FSTX 1.04 1 7.17 .145
CANF 1.04 1 1.62 .641
ALLO 1.04 1 24.27 .042
MTTR 1.03 2 18.01 .114
FTEK 1.03 2 1.71 1.204
COP 1.03 5 71.49 .070
AMKR 1.03 1 24.82 .041
ALYA 1.03 3 2.6 1.188
NKE 1.02 7 147.14 .042
FAST 1.02 1 51.3 .019
CRM 1.02 10 270.86 .030
ZCMD 1.01 1 1.56 .647
RSI 1.01 1 18.72 .053
RCON 1.01 1 2.84 .355
MVST 1.01 4 7.76 .520
LL 1.01 1 18.78 .053
EGRX 1.01 2 56.18 .034
IMAB 1.00 5 72.37 .065
TRCH .98 2 4.95 .394
HOFV .98 2 2.56 .764
UAA .97 2 20.74 .092
SKLZ .97 3 9 .321
FA .96 1 20.41 .047
DWSN .96 1 2.28 .421
CHGG .96 2 69.07 .026
BTWN .95 1 9.81 .096
MSTR .94 8 607.25 .008
CGC .94 1 12.93 .072
MO .93 2 46.5 .040
HCM .93 4 33.52 .108
CHPT .93 1 18.01 .051
ABBV .93 4 108.73 .032
RACE .92 3 207.24 .012
PLCE .92 3 82.43 .033
LBPH .92 1 9.05 .101
KNL .92 1 25.04 .036
YEXT .91 1 11.28 .080
WFC .91 4 47.02 .076
SSY .91 3 2.58 1.056
SLS .91 3 8.8 .309
ACY .91 18 52.57 .306
GEG .90 1 2.16 .416
CRTO .90 1 35.91 .025
ATNF .90 3 5.42 .498
YMM .89 1 14 .063
PLUG .89 8 24.32 .288
ACHL .89 1 7.35 .121
HPQ .88 3 28.08 .093
BABA .88 96 139.63 .576
GDEV .87 3 7.37 .354
FB .87 102 326.23 .204
DTSS .87 1 1.95 .446
AFMD .87 1 5.84 .148
VLDR .86 1 5.68 .151
RF .86 1 21.82 .039
ATHM .86 2 45.01 .038
SRNE .85 1 6.35 .133
SAFM .85 1 186.19 .004
RIDE .85 5 5.85 .725
RKT .84 1 15.26 .055
PTIX .84 2 1.78 .942
LEXX .84 3 6.3 .399
HRC .84 3 150.25 .015
HOL .84 3 12.35 .204
DTST .84 3 4.04 .621
CLII .84 3 14.36 .174
CCJ .84 3 21.85 .114
BB .84 11 9.6 .957
APOP .84 5 18.59 .225
UAVS .83 1 2.96 .280
LUV .83 3 55.06 .045
IRBO .83 1 41.07 .020
CNA .83 1 42.4 .019
BLUW .83 2 9.63 .172
SANA .82 1 20.04 .040
MNSO .82 1 15.69 .052
FITB .82 3 43.51 .054
SPRT .81 20 11.8 1.360
PYPL .80 5 255.01 .015
GMBL .80 1 6.45 .124
GLD .80 7 165.36 .028
SWI .79 1 17.16 .046
SCYX .79 1 5.02 .157
PNRG .79 1 64.9699 .012
MU .79 4 70.62 .044
BP .79 1 28.01 .028
ZY .78 3 13.73 .168
VVOS .78 4 3.79 .820
OTLK .78 1 2.11 .369
IPHA .78 4 5.98 .520
HX .78 1 2.17 .359
GNOG .78 1 17.49 .044
CAI .78 1 55.93 .013
BCRX .78 7 13.31 .406
WATT .77 1 2.05 .375
PRFX .77 3 2.78 .828
PLTR .77 2 23.17 .066
ENTX .77 2 4.72 .326
QFIN .76 8 18.27 .328
NBRV .76 1 1.12 .678
MOSY .76 1 4.77 .159
APG .76 1 20.29 .037
AGRI .76 3 2.01 1.134
SJM .75 9 120.97 .054
NNVC .75 2 4.08 .366
GPS .75 6 23.89 .186
CEMI .75 7 2.39 2.191
PSTG .74 2 24.87 .058
MQ .74 1 20.84 .035
GTIM .74 1 5.41 .136
GRVI .74 3 5.01 .441
FUBO .74 2 23.25 .062
ATXI .74 1 1.43 .517
VZ .73 2 54.5 .026
VOOV .73 1 141.92 .005
UPC .73 3 2.53 .864
SQBG .73 2 6.24 .232
RNXT .73 2 5.6 .260
ORPH .73 3 4.01 .546
NVFY .73 3 2.16 1.011
LEN .73 4 92.29 .028
MRK .72 2 83.1 .016
ENSC .72 1 2.47 .291
BTCM .72 4 8.68 .328
ARPO .72 1 2.2 .327
AREC .72 4 2.13 1.352
ZKIN .71 2 2.72 .522
XLV .71 2 125.39 .010
PALI .71 3 2.43 .876
TBLA .70 1 9.85 .071
PRPL .70 3 21.05 .099
ORGS .70 1 4.7 .148
OCX .70 1 3.42 .204
NFLX .70 103 603.35 .103
JRJC .70 1 5.36 .130
IGIC .70 3 8.65 .240
CBAT .70 2 2.22 .630
BGFV .70 6 24.42 .168
WIMI .69 1 3.86 .178
BEKE .69 1 17.85 .038
ASM .69 1 0.82 .841
ONCS .68 1 2.05 .331
INTC .68 5 53.47 .060
XONE .67 2 22.49 .058
WMT .67 14 135.73 .056
SHOP .67 5 1314.9 0
PDCO .67 2 31.57 .042
FOE .67 1 20.39 .032
CLNE .67 1 8.18 .081
ACH .67 1 18.22 .036
VIPS .66 1 10.47 .063
TIGR .66 5 9.83 .335
SSNT .66 1 6.07 .108
RETO .66 1 0.7675 .859
ERJ .66 1 17.61 .037
CTKB .66 1 22.02 .029
CRTD .66 3 2.4 .825
AMOM .66 1 34.233 .019
TATT .65 3 5.8 .336
STRO .65 2 19.21 .066
PCVX .65 1 25.5 .025
OLB .65 1 3.99 .162
LMNL .65 3 2.09 .933
TESS .64 1 5.62 .113
SDC .64 2 5.08 .250
M .64 6 22.89 .162
LZB .64 2 32.67 .038
FLGC .64 2 5.32 .240
CTIB .64 3 1.88 1.020
XLP .63 1 68.8 .009
DNUT .63 3 13.93 .135
CCL .63 4 25.34 .096
ULTA .62 1 369.92 .001
LJPC .62 2 4.03 .306
SPWH .61 1 17.65 .034
SOS .61 2 2.1 .580
PLG .61 1 1.93 .316
MRVL .61 5 57.59 .050
CL .61 3 75.06 .024
AMBO .61 1 1.39 .438
SPTN .60 2 22.14 .054
PSTV .60 1 1.83 .327
EVK .60 6 2.68 1.338
AVCT .60 1 2.61 .229
AMRS .60 1 12.75 .047
VERU .59 3 8.37 .210
UONE .59 3 8.38 .210
MARA .59 12 33.63 .204
BIG .59 2 42.8 .026
WPRT .58 2 3.21 .360
WISH .58 3 4.85 .357
TRIT .58 3 5.68 .306
STAF .58 2 1.92 .604
SNAP .58 112 71.23 .896
EPU .58 2 26.33 .044
WEI .57 1 0.7503 .759
SBTX .57 1 10.05 .056
GGAL .57 1 10.15 .056
ACI .57 5 30.1 .090
T .56 3 27.25 .060
SBH .56 2 16.72 .066
OBLN .56 3 3.05 .549
MTP .56 1 1.69 .331
KO .56 5 52.99 .050
CSCO .56 7 54.23 .070
CLPS .56 1 2.74 .204
CLPS .56 1 2.74 .204
CLOV .56 1 7.14 .078
ARMK .56 3 35.91 .045
VNE .55 6 36.19 .090
UWMC .55 1 6.73 .081
EVGO .55 1 7.95 .069
EOLS .55 1 7.53 .073
APTO .55 2 2.23 .492
WHLR .54 2 2.9 .372
TQQQ .54 132 119.04 .528
ENZ .54 2 3.46 .312
AUUD .54 5 2.21 1.220
ADMA .54 1 1.15 .469
TBIO .53 3 37.36 .042
MEDS .53 5 4.83 .545
HUYA .53 3 7.56 .210
EQ .53 1 6.33 .083
ENG .53 2 3.03 .348
BBWI .53 6 63.39 .048
VIVE .52 1 2.26 .230
TLRY .52 3 10.74 .144
SILK .52 7 53.76 .063
KULR .52 1 2.07 .251
FLO .52 2 24.14 .042
WOOF .51 2 21.33 .046
VTNR .51 6 6.07 .504
K .51 8 64.53 .056
DYAI .51 3 5.24 .291
CPSH .51 1 4.77 .106
AUTL .51 1 6.37 .080
SONO .50 5 31.82 .075
PATI .50 2 11.65 .084
ORMP .50 11 20.28 .264
RKDA .49 1 2.05 .239
NRBO .49 2 2.37 .412
IGC .49 3 1.46 1.005
GP .49 3 13.86 .105
GEVO .49 4 6.23 .312
ENLV .49 2 9.73 .100
ECHO .49 1 47.75 .010
BBIG .49 16 5.89 1.328
ARMP .49 1 3.52 .139
XLE .48 5 54.72 .040
NNDM .48 3 5.38 .267
NIO .48 75 33.4 1.050
DBGI .48 3 2.67 .537
CLF .48 7 19.83 .168
TRIL .47 1 17.64 .026
STEM .47 5 22.24 .105
SOHU .47 6 20.05 .138
MSFT .47 108 283.11 .108
DARE .47 1 1.6 .293
BODY .47 2 5.51 .170
BGI .47 1 2.85 .164
AEHR .47 17 13.08 .595
XPEV .46 80 34.11 1.040
VXX .46 3 27.57 .048
UFAB .46 2 3.42 .268
NTEC .46 4 9.63 .188
KBSF .46 2 3.19 .288
INOV .46 1 40.34 .011
GURE .46 1 4.48 .102
CVV .46 2 4.49 .204
BCLI .46 1 3.16 .145
TYME .45 4 1 1.800
TME .45 1 6.87 .065
ONCT .45 2 4.01 .224
FCX .45 19 32.71 .247
ADIL .45 2 3.76 .238
WORX .44 4 2.03 .864
GALT .44 3 3.69 .357
FFHL .44 2 9.4 .092
EVGN .43 1 2.49 .172
COTY .43 4 8.14 .208
CAN .43 4 6.28 .272
ATIF .43 1 4.28 .100
AQMS .43 2 2.01 .426
KR .42 14 39.63 .140
DEN .42 3 74.59 .015
SRNG .41 1 11.42 .035
KZIA .41 2 10.88 .074
GTT .41 1 2.36 .173
CTSO .41 3 8.08 .150
BLIN .41 8 4.07 .800
ASTR .41 3 7.78 .156
ACOR .41 4 4.43 .368
YJ .40 2 0.7 1.142
XOM .40 6 61.72 .036
RRD .40 2 5.47 .146
LIZI .40 4 2.99 .532
GE .40 4 104.9 .012
FBRX .40 1 2.96 .135
DUOT .40 1 6.24 .064
CIEN .40 18 51.73 .126
CHRA .40 1 4.56 .087
AAPL .40 107 139.14 .214
MDIA .39 2 10.59 .072
LTHM .39 8 22.81 .136
HRL .39 4 41.24 .036
CSCW .39 2 0.5179 1.506
OVID .38 2 3.43 .220
MRTN .38 3 15.22 .072
AZN .38 9 60.54 .054
ANY .38 11 5.99 .693
ANIX .38 1 4.64 .081
AAL .38 8 21.39 .136
ORCL .37 34 89.26 .136
NEXT .37 3 2.91 .381
HUGE .37 1 1.47 .251
HNST .37 1 9.76 .037
GPK .37 1 19.18 .019
CHMA .37 2 3.76 .196
MRKR .36 1 1.66 .216
JFIN .36 2 3.61 .198
IDEX .36 4 1.87 .768
GNLN .36 2 2.42 .296
BNGO .36 11 5.06 .781
AKTX .36 1 1.69 .213
AGNC .36 2 16.07 .044
ADMP .36 1 1.04 .346
ACB .36 3 7.04 .153
ORGO .35 2 13.05 .052
IRIX .35 3 7.57 .138
GOVX .35 6 4.08 .510
CLSD .35 3 4.97 .210
BSQR .35 13 2.2 2.067
AESE .35 1 1.74 .201
XELB .34 2 1.47 .462
HWCC .34 1 5.3 .064
LMFA .33 4 4.4 .300
HNP .33 2 19.82 .032
GTS .33 1 35.16 .009
BHTG .33 1 1.24 .266
VBLT .32 2 1.97 .324
TAL .32 2 4.29 .148
SPCB .32 2 0.96 .666
MINM .32 2 1.8 .354
IMMP .32 3 3.79 .252
DRN .32 2 22.35 .028
BURL .32 7 277.24 .007
BKYI .32 1 3.48 .091
YPF .31 1 4.72 .065
WINT .31 3 2.08 .447
ULBI .31 2 7.05 .086
PYPL .31 13 255.01 .013
FENC .31 1 9.11 .034
EXPR .31 4 4.69 .264
DMAC .31 2 4.02 .154
D .31 8 73.35 .032
AEY .31 1 2.32 .133
OXBR .30 5 2.89 .515
HAPP .30 1 0.938 .319
HUSN .29 4 2.23 .520
AXLA .29 1 2.88 .100
PIRS .28 6 5.16 .324
OBSV .28 3 2.98 .279
NKLA .28 14 10.17 .378
MITO .28 1 1.37 .204
IMMR .28 2 6.84 .080
ALTO .28 3 5.15 .162
NAOV .27 11 1.81 1.639
GSM .27 7 9.24 .203
ENVB .27 3 1.87 .432
PPBT .26 1 4.36 .059
PME .26 1 0.743201 .349
ATOS .26 4 3.06 .336
PBLA .25 1 2 .125
MTL .25 3 4.22 .177
RAIL .24 4 4.34 .220
IKT .24 1 1.95 .123
GBR .24 1 5.01 .047
MOGO .23 3 4.05 .168
KDMN .23 2 8.98 .050
ACHV .23 1 8.99 .025
THTX .22 1 3.65 .060
SSKN .22 1 1.9 .115
JFU .22 3 1.61 .408
GENE .22 2 3.14 .140
DYNT .22 5 1.36 .805
XELA .21 6 1.74 .720
VIEW .21 1 5.44 .038
TENX .21 1 1.91 .109
PFE .21 6 42.42 .024
OCG .21 4 3.75 .224
KXIN .21 5 2.49 .420
ALAC .21 2 11.33 .036
ZNGA .20 2 7.23 .054
PHUN .20 5 0.881 1.135
ENSV .20 1 1.69 .118
EKSO .20 1 4.39 .045
SBS .19 3 6.9 .081
NBEV .19 1 1.38 .137
VSH .18 3 20.27 .024
TEO .18 1 4.95 .036
TELL .18 5 3.82 .235
OSMT .18 3 3 .180
LC .18 7 27.55 .042
ET .18 2 10.08 .034
PPC .17 2 29.33 .010
LIVX .17 2 3.01 .112
IRCP .17 1 2.63 .064
GMTX .17 1 3.8 .044
FCEL .17 129 6 3.612
SNES .16 2 1.49 .214
RAVN .16 2 57.72 .004
MOMO .16 2 10.16 .030
ME .16 2 8.15 .038
INFI .16 4 3.23 .196
HFBL .16 1 18.6 .008
IMV .15 2 1.63 .184
GRUB .15 3 15.03 .027
CHNG .15 2 21.04 .014
BURL .15 15 277.24 0
SYKE .14 3 54 .006
SSL .14 10 19.38 .070
OXY .14 26 31.81 .104
OEG .14 1 2.91 .048
INM .14 1 1.67 .083
IEC .14 1 15.34 .009
EDU .14 1 1.95 .071
SVBI .13 1 12.46 .010
LMRK .13 1 16.42 .007
ESXB .13 1 11.48 .011
CRON .13 4 5.49 .092
SBBP .12 2 1.97 .120
RIG .12 2 3.97 .060
PSTX .12 1 6.74 .017
GSAT .12 2 1.47 .162
CHNR .12 4 1.2 .400
AGEN .12 9 5.47 .189
VERB .11 6 2.31 .282
SNMP .11 2 1.17 .188
MRO .11 11 14.83 .077
MOHO .11 3 0.5765 .570
MFGP .11 2 5.4 .040
GBS .11 1 2.32 .047
FENG .11 2 1.22 .180
CPG .11 2 4.89 .044
CALA .11 1 1.98 .055
XLK .10 3 148.06 0
SLHG .10 1 2.24 .044
PBR .10 5 10.81 .045
EDTK .10 2 1.22 .162
DBVT .10 5 4.93 .100
CNFR .10 2 2.75 .072
AEMD .10 2 3.45 .056
WTER .09 2 1.5 .120
TEDU .09 2 1.17 .152
SELF .09 1 5.12 .017
PRPO .09 3 2.68 .099
NOK .09 2 5.47 .032
BIOC .09 2 3.87 .046
AEI .09 2 2.22 .080
MBII .08 1 0.9657 .082
MARK .08 2 0.88 .180
CLDR .08 1 15.98 .005
BQ .08 2 2.22 .072
NEPT .07 2 0.58 .240
ITRO .07 1 1.27 .055
ITRN .07 3 25.4 .006
XBIO .06 8 1.84 .256
WYNN .06 3 83.56 0
PSP .06 2 14.86 .008
OCG .06 13 3.75 .208
MSTR .06 118 607.25 0
FRO .06 9 9.2 .054
ULTA .05 12 369.92 0
MDNA .05 8 2.85 .136
FRBK .05 1 3.12 .016
WYNN .04 4 83.56 0
VTGN .04 3 2.68 .042
PBT .04 2 6.2 .012
CXP .04 1 19.05 .002
AVGR .04 7 0.6924 .399
VCAR .03 1 11.4999 .002
SNDL .03 1 0.6304 .047
SIC .03 1 14.42 .002
SHOP .03 88 1314.9 0
DFP .03 1 28.62 .001
NWHM .02 1 8.99 .002
KIN .02 2 9.25 .004
IACB .02 2 9.93 .004
DSE .02 1 9.49 .002
BLNK .02 11 26.62 0
BEST .02 2 1.6 .024
XPDI .01 3 10.15 0
SLVO .01 2 5.165 .002
PMD .01 1 8.32 .001
INFL .01 2 29.36 0
WMPN 0 4 12.15 0
GSKY 0 1 11.04 0
RTLR -.01 7 12.04 0
EIC -.08 1 17.6097 -.004
NSYS -.12 1 11.65 -.010
