DWAC 30.01 3 42.74 2.106
SHOP 25.38 10 1567.02 .160
PANW 23.18 1 551.18 .042
MSTR 14.75 8 695.48 .168
RNG 11.84 1 222.08 .053
BKNG 10.17 8 2182.01 .032
NVAX 9.95 12 193.96 .612
SAM 9.40 7 442.37 .147
WBX 8.99 1 12.33 .729
RMD 8.09 1 256.92 .031
AMZN 8.00 94 3561.57 .188
REGN 7.44 9 654.4 .099
DUOL 7.27 3 119.37 .180
SIVB 7.01 8 724.5 .072
W 6.80 8 267.51 .200
AZO 6.70 11 1838.69 .033
PUBM 6.66 1 39.02 .170
DDS 6.58 10 339.92 .190
LAD 6.41 5 283.64 .110
BLK 6.24 5 928 .030
SPLK 6.20 6 125 .294
CAR 6.00 2 305.16 .038
MDB 5.88 8 525.98 .088
EYPT 5.86 1 16.44 .356
DPZ 5.62 11 533.95 .110
U 5.45 3 170.33 .093
KOSS 5.35 7 14.03 2.667
EJH 5.21 6 2.25 13.890
THC 4.91 1 74.46 .065
DE 4.88 11 348.09 .154
ADBE 4.59 8 687.49 .048
BIGC 4.50 1 46.37 .097
GKOS 4.45 1 44.01 .101
RGEN 4.41 7 291.18 .105
ADGI 4.40 9 46.83 .837
LGVN 4.34 2 26.25 .330
EEIQ 4.33 5 3.79 5.710
SI 4.14 6 213.45 .114
ASML 4.12 14 815.01 .070
CFLT 4.09 1 84.44 .048
SE 3.98 16 297.96 .208
CARV 3.92 6 11.04 2.130
ZM 3.91 15 218.98 .255
EL 3.86 7 340.05 .077
ZG 3.78 6 54.16 .414
INTU 3.76 7 694.66 .035
GOOG 3.73 28 2922.28 .028
ANVS 3.73 6 24.41 .912
SNPS 3.69 6 355.87 .060
IRTC 3.69 1 101.76 .036
BIIB 3.69 6 236.11 .090
CCXI 3.66 3 36.9 .297
BNTX 3.66 24 362.52 .240
EVA 3.59 1 70.14 .051
MA 3.58 7 323.01 .077
SEDG 3.56 6 347.21 .060
GPN 3.54 11 120.26 .319
XMTR 3.46 1 49.93 .069
EBET 3.45 6 28.95 .714
ZLAB 3.42 6 72.41 .282
PWR 3.42 1 121.68 .028
DQ 3.36 7 58.01 .399
SCPS 3.34 7 2.57 9.093
TOST 3.31 2 43.68 .150
GLSI 3.27 5 31.83 .510
JAN 3.24 5 5.16 3.135
IAC 3.19 7 130.81 .168
CMTL 3.13 1 25.63 .122
APPS 3.13 6 54.21 .342
ENPH 3.10 6 256.71 .072
UNH 3.07 11 452 .066
NEGG 3.07 20 20.68 2.960
GDYN 3.03 1 39.48 .076
IRNT 3.02 6 8.54 2.118
GME 2.99 82 202.01 1.148
ANTM 2.99 6 416.22 .042
SITM 2.97 7 305.39 .063
LII 2.97 6 322.12 .054
TSLA 2.96 157 1136.99 .314
BKKT 2.95 2 15.32 .384
NEWR 2.93 6 112.29 .156
IWM 2.93 6 222.71 .078
GS 2.93 9 386.54 .063
DG 2.92 5 225.07 .060
SNOW 2.91 8 364.78 .056
ZS 2.89 6 355.92 .048
ROKU 2.89 7 231.28 .084
NRXP 2.89 8 8.1 2.848
CAT 2.86 8 195.92 .112
UPST 2.84 18 212.51 .234
MRNA 2.84 35 368.51 .245
SAVA 2.72 28 54.62 1.372
LMT 2.70 10 341.23 .070
PENN 2.65 10 52.3 .500
GRTS 2.64 6 10.5 1.506
NVCR 2.63 10 93.35 .280
NCTY 2.63 5 10.26 1.280
DOCS 2.62 8 66.67 .312
OSTK 2.60 7 90.06 .196
AFRM 2.60 16 132.15 .304
AUVI 2.56 8 5.14 3.984
WSM 2.54 5 206 .060
FULC 2.54 6 14.33 1.062
KEYS 2.52 4 197.74 .048
INDP 2.52 5 6.13 2.055
WDAY 2.46 6 281.59 .048
CNC 2.42 3 73.77 .096
AVXL 2.41 5 20.44 .585
NXPI 2.38 6 223.94 .060
CPOP 2.34 5 2.15 5.440
DPST 2.33 3 51.82 .132
MRAM 2.30 2 12.48 .368
LLY 2.28 7 254.83 .056
XBI 2.27 5 115.05 .095
FLGT 2.27 6 97.01 .138
AMGN 2.27 5 203.47 .055
STE 2.26 5 226.69 .045
AXON 2.25 1 179.75 .012
SPB 2.21 1 102.17 .021
HCA 2.20 4 229.92 .036
TPST 2.19 5 10 1.095
PKG 2.17 5 133.7 .080
CHGG 2.17 3 25.7 .252
BRLT 2.17 2 15.81 .274
PKI 2.16 4 185.22 .044
PDD 2.15 5 71.96 .145
PYPL 2.14 9 187.24 .099
DLPN 2.14 5 9.01 1.185
AACG 2.14 5 1.7 6.290
BHVN 2.12 5 112.32 .090
ACRS 2.12 7 12.27 1.204
DASH 2.11 10 183.01 .110
ALEC 2.10 6 19.35 .648
ROST 2.08 4 111.66 .072
LCID 2.05 9 55.06 .333
AMEH 2.05 9 96.75 .189
ADSK 2.04 7 261.15 .049
COIN 2.02 9 319.39 .054
MRIN 2.01 5 5.39 1.860
V 2.00 8 196.29 .080
BYND 2.00 6 74.6 .156
LIN 1.99 7 320.74 .042
UHAL 1.98 9 717.23 .018
XAIR 1.97 1 14.48 .136
AAME 1.97 5 3.82 2.575
RNXT 1.96 4 7.29 1.072
KMB 1.96 6 135.04 .084
CELH 1.96 7 70.78 .189
AMD 1.96 19 161.91 .228
COHN 1.95 5 16.02 .605
VMW 1.91 7 120.38 .105
ARVN 1.91 7 75.86 .175
ACIU 1.91 2 5.06 .754
DLTR 1.90 9 141.35 .117
COST 1.90 8 554.88 .024
MSGE 1.88 4 68.72 .108
TDG 1.87 4 584.22 .012
COF 1.87 4 147.02 .048
VLO 1.86 4 68.17 .108
DIS 1.86 9 147.81 .108
CI 1.83 5 199.61 .045
ACMR 1.83 5 86.57 .105
AAP 1.82 4 227.27 .032
KNBE 1.80 7 22.32 .560
ROLL 1.78 7 200.59 .056
CERE 1.78 7 31.29 .392
BIDU 1.78 117 150.29 1.287
VRPX 1.77 9 4.16 3.825
RAPT 1.77 7 32.17 .385
DAVA 1.77 4 161.34 .040
HON 1.76 7 207.66 .056
TSP 1.75 5 40.73 .210
DELL 1.75 7 57.57 .210
TASK 1.74 7 46.5 .259
BFRI 1.74 1 7.1 .245
TMUS 1.73 6 113.4 .090
SQ 1.73 23 212.87 .184
LWAC 1.73 5 16.98 .505
WAVE 1.72 5 6.415 1.340
LAIX 1.72 4 0.85 8.092
ABNB 1.72 8 180.08 .072
IMPL 1.70 5 9.32 .910
SPG 1.69 7 159.94 .070
RL 1.69 6 119.12 .084
NNOX 1.69 5 21.17 .395
KYMR 1.69 2 53.92 .062
BURL 1.68 8 293.37 .040
ROG 1.67 1 271.48 .006
LOW 1.67 10 248.58 .060
AN 1.67 8 127.46 .104
XM 1.66 2 33.41 .098
NMRD 1.66 4 4.86 1.364
VVOS 1.65 6 2.63 3.762
NVOS 1.65 5 1.3 6.345
ESTC 1.65 4 159.39 .040
BBY 1.65 6 110.95 .084
FISV 1.64 6 97.47 .096
CREE 1.64 5 79.12 .100
JZXN 1.63 4 2.08 3.132
NVTS 1.62 2 18.28 .176
WM 1.61 7 166.83 .063
ISPC 1.61 4 20.42 .312
CLDX 1.61 3 38.72 .123
RBLX 1.60 12 129.36 .144
PLCE 1.60 4 89.23 .068
STMP 1.59 4 329.61 .016
LSI 1.59 1 133.75 .011
LH 1.59 7 291.92 .035
LHDX 1.58 4 6.75 .936
DNA 1.58 1 12.04 .131
ALC 1.58 2 78.49 .040
RLMD 1.57 4 18.15 .344
KSS 1.57 9 53.32 .261
GH 1.57 8 103.9 .120
CARA 1.57 2 12.58 .248
JD 1.56 7 87.91 .119
DPW 1.56 5 1.8 4.330
TSC 1.55 1 30.31 .051
IRDM 1.55 4 38.89 .156
CRNC 1.55 4 77.66 .076
BLFS 1.55 1 39.09 .039
CPE 1.54 7 53.03 .203
CHCI 1.54 3 4.8 .960
TERN 1.53 4 6.49 .940
SIEB 1.53 5 3 2.550
MDT 1.53 6 110.28 .078
DLO 1.53 5 34.68 .220
TSCO 1.52 9 226.7 .054
CLX 1.52 4 169.16 .032
SNOA 1.51 4 5.4 1.116
GRU 1.51 1 4.62 .326
EA 1.51 4 124.88 .048
AUPH 1.51 7 18.34 .574
ASAN 1.51 13 108.91 .169
WAFU 1.50 4 4.9 1.224
SUPN 1.50 1 30.45 .049
KTTA 1.49 1 4.25 .350
BCYC 1.49 3 54.02 .081
STT 1.48 3 93.19 .045
JRVR 1.48 2 26.95 .108
ADI 1.48 5 183.2 .040
NURO 1.47 11 7.15 2.255
FGEN 1.47 3 12.02 .366
EDIT 1.47 3 31.26 .141
VCVC 1.46 1 9.85 .148
SFIX 1.46 2 26.35 .110
LITE 1.46 2 87.29 .032
HTBX 1.46 2 4.35 .670
APP 1.46 9 90.26 .144
SBEA 1.45 2 10.11 .286
EYEG 1.45 1 1.95 .743
BTBT 1.45 10 9.83 1.470
KALV 1.44 8 14.81 .776
LYFT 1.43 5 41.82 .170
LANC 1.43 2 154.16 .018
ATKR 1.43 2 108.65 .026
TTC 1.42 5 103.28 .065
TSN 1.42 4 81.88 .068
IMNM 1.42 4 19.1 .296
RMBL 1.41 3 39.72 .105
HOOD 1.41 14 27.07 .728
TWTR 1.40 6 45.78 .180
SNA 1.40 4 212.82 .024
JCS 1.40 3 3.17 1.323
HX 1.40 6 3.16 2.658
CVS 1.40 3 92.02 .045
XLY 1.39 2 207.24 .012
WGO 1.39 2 71.25 .038
VERY 1.39 4 8.26 .672
JBL 1.39 2 60.93 .044
EOSE 1.39 2 9.79 .282
TNET 1.38 1 103.72 .013
EXPI 1.38 6 36.56 .222
TWST 1.37 7 94.71 .098
LIVE 1.37 3 33.618 .120
ECOM 1.37 1 25.52 .053
FATE 1.36 3 51.77 .078
TAOP 1.35 3 3.03 1.335
WNW 1.34 1 3.03 .442
OLN 1.34 1 58.17 .023
CM 1.34 5 114.15 .055
CAH 1.34 4 47.47 .112
MOXC 1.33 4 4.46 1.192
GRVY 1.33 7 78.77 .112
FIGS 1.33 6 33.46 .234
COUR 1.32 2 30.26 .086
AEO 1.32 2 26.93 .098
VIH 1.31 1 9.36 .139
SPY 1.31 1 464.6 .002
DOCN 1.31 9 104.44 .108
ABCL 1.31 1 14.1 .092
A 1.31 10 153.42 .080
UHS 1.30 4 121.27 .040
JG 1.30 3 1.42 2.745
GWRE 1.30 5 118.47 .050
BNR 1.30 3 14.5 .267
ZIM 1.29 7 57.63 .154
VSCO 1.29 5 55.87 .115
OLLI 1.29 2 63.32 .040
JPM 1.29 14 161.23 .112
ATAI 1.29 2 10.99 .234
APPN 1.29 4 74.49 .068
FRD 1.28 1 10.43 .122
BILI 1.28 23 67.57 .414
YETI 1.27 4 95.39 .052
RHE 1.27 2 6.06 .418
NFE 1.27 1 25.2 .050
HJLI 1.27 1 10.38 .122
DKS 1.27 17 122.9 .170
APXT 1.27 1 12.11 .104
TTWO 1.26 5 169.6 .035
SPCE 1.26 24 16.25 1.848
DOMO 1.26 4 73.98 .068
THCB 1.25 1 10 .125
SPT 1.25 6 114.01 .060
OPAD 1.25 4 7.55 .660
NVDA 1.25 158 333.76 .474
NGM 1.25 2 17.53 .142
CHKP 1.25 6 111.11 .066
BYSI 1.25 3 13.01 .288
ABSI 1.25 2 11.02 .226
UAL 1.24 2 42.54 .058
SJ 1.24 4 6.28 .788
RSKD 1.24 2 9.65 .256
PBTS 1.24 1 0.982 1.262
LPX 1.24 3 67.64 .054
LEDS 1.24 3 6.73 .552
KMX 1.24 2 146.48 .016
EDSA 1.24 1 6.45 .192
CMMB 1.24 2 8.75 .282
BNTC 1.24 3 3.18 1.167
ANPC 1.24 2 1.68 1.476
ALXN 1.24 4 182.5 .024
TAP 1.23 2 45.33 .054
LAW 1.23 3 37.27 .099
JKS 1.23 5 55.99 .105
J 1.23 3 146.09 .024
RCUS 1.22 1 45.12 .027
EYES 1.22 6 2.05 3.570
DDL 1.22 2 22.42 .108
BZ 1.22 3 34.49 .105
VIR 1.21 5 40.48 .145
RTX 1.21 2 82.94 .028
PFGC 1.21 3 41.97 .084
OSAT 1.21 3 4.17 .870
LYEL 1.21 3 9.25 .390
JNJ 1.21 3 159.75 .021
HGEN 1.21 3 5.86 .618
EAT 1.21 3 34.84 .102
ARAV 1.21 1 3.25 .372
AMC 1.21 57 36.84 1.824
WHLM 1.20 4 5.255 .912
MMM 1.20 7 176.23 .042
CRIS 1.20 2 4.84 .494
CETX 1.20 1 1.05 1.142
AMTX 1.20 3 18.37 .195
AKAM 1.20 3 114.26 .030
TVTX 1.19 3 28.47 .123
SGOC 1.19 9 6.2 1.719
MQ 1.18 7 20.51 .399
DFH 1.18 1 17.28 .068
ZEV 1.17 4 7.34 .636
TDC 1.17 5 45.16 .125
STZ 1.17 4 226.97 .020
SKT 1.17 3 20.26 .171
MVIS 1.17 5 7.11 .820
CLSK 1.17 1 17.77 .065
VOXX 1.16 3 10.87 .318
TRI 1.16 3 122.32 .027
SIF 1.16 1 8.02 .144
NTAP 1.16 4 91.52 .048
LAZR 1.16 5 16.83 .340
INMD 1.16 2 81.69 .028
HGSH 1.16 2 1.92 1.208
AMAT 1.16 8 151.22 .056
UPS 1.15 7 204.64 .035
NTRB 1.15 2 6.57 .350
HCWB 1.14 2 2.89 .788
BBLG 1.14 1 4.11 .277
AVIR 1.14 3 7.84 .435
ABT 1.14 7 128.03 .056
VNET 1.13 3 10.48 .321
STG 1.13 1 4.17 .270
SCHW 1.13 4 80.1 .056
PEP 1.13 5 164.14 .030
NUAN 1.13 1 55.33 .020
BTX 1.13 2 6.21 .362
SHEN 1.11 3 25.78 .129
SEMR 1.11 3 20.45 .162
PMCB 1.11 3 2.62 1.269
GIII 1.11 4 30.92 .140
DXC 1.11 2 31.02 .070
CTRN 1.11 5 78.25 .070
CNET 1.11 1 1.185 .936
ALLO 1.11 2 17.79 .124
RUN 1.10 5 47.86 .110
OPTT 1.10 1 1.78 .617
MRUS 1.10 3 24.98 .132
XTLB 1.09 2 3.25 .670
SKX 1.09 4 46.52 .092
LIFE 1.09 3 7.91 .411
FOSL 1.09 2 12.02 .180
ALDX 1.09 2 7.16 .304
MTSL 1.08 3 3.37 .960
FCBP 1.08 1 29.1 .037
B 1.08 1 44.25 .024
AZYO 1.08 1 5.39 .200
ALF 1.08 2 4.05 .532
SMLP 1.07 2 30.51 .070
FANG 1.07 6 109.93 .054
AXP 1.07 6 157.86 .036
VYGR 1.06 2 3.03 .698
USB 1.06 5 57.4 .090
TGT 1.06 12 249.16 .048
CRM 1.06 11 296.74 .033
C 1.06 5 65.04 .080
SCR 1.05 5 35.58 .145
PTGX 1.05 3 32.57 .096
PLD 1.05 4 153.28 .024
MNST 1.05 4 86.85 .048
CELC 1.05 3 14.5 .216
PRTA 1.04 9 49.22 .189
OCGN 1.04 12 6.43 1.932
NETE 1.04 2 13.09 .158
LEGN 1.04 6 54.11 .114
KURA 1.04 4 13.94 .296
IPA 1.04 2 5.94 .350
FSTX 1.04 1 5.39 .192
CANF 1.04 1 1.18 .881
TJX 1.03 6 70.67 .084
MARA 1.03 20 51.39 .400
KMPH 1.03 3 7.86 .393
IBM 1.03 9 118.5 .072
BLDR 1.03 2 71.85 .028
RIOT 1.02 5 37.37 .135
MFNC 1.02 2 21.5 .094
DAL 1.02 5 36.24 .140
ZCMD 1.01 1 1.89 .534
OVV 1.01 3 35.83 .084
LL 1.01 1 15.86 .063
FUBO 1.01 3 20.74 .144
EGRX 1.01 2 47.76 .042
CGC 1.01 2 11.06 .182
PINS 1.00 4 40.54 .096
MO 1.00 3 43.48 .066
IMAB 1.00 5 63.55 .075
SM .99 2 30.2 .064
LUV .99 6 44.54 .132
LOGI .99 6 81.57 .072
DKNG .99 6 35.2 .168
ACY .99 19 35.93 .513
TRCH .98 2 4.95 .394
MYGN .98 2 27.05 .072
MCD .98 8 250.3 .024
JWN .98 4 22.53 .172
IMTX .98 4 11.3 .344
HOFV .98 2 1.93 1.014
HD .98 16 406.82 .032
BGFV .97 10 24.76 .390
RRGB .96 2 16.8 .114
HRI .96 4 182.37 .020
FA .96 1 18.02 .053
CYTK .96 5 38.77 .120
AZPN .96 4 146.11 .024
QDEL .95 4 149.8 .024
BTWN .95 1 9.85 .096
BPTH .95 2 4.5 .422
AGRI .95 5 2.15 2.205
PAYX .94 2 123.73 .014
HAS .94 6 99.13 .054
ENOB .94 5 11.12 .420
TGTX .93 3 23.36 .117
NIU .93 4 20.87 .176
INCY .93 4 70.37 .052
HCM .93 4 34.03 .108
TTD .92 12 107.06 .096
PLUG .92 9 41.62 .198
OKE .92 3 62.46 .042
NKE .92 9 169.87 .045
LBPH .92 1 5.68 .161
KNL .92 1 25.04 .036
FL .92 4 47.96 .076
YEXT .91 1 9.93 .091
SSY .91 3 2.08 1.311
CROX .91 8 168.6 .040
AIT .91 2 98.39 .018
HOG .90 4 37.67 .092
GEG .90 1 1.84 .489
CRTO .90 1 38.57 .023
BBBY .90 16 20.19 .704
SPI .89 4 5.47 .648
BKE .89 6 48.69 .108
ARCE .89 2 19.53 .090
ACHL .89 1 4.94 .180
OTIS .88 4 83.58 .040
GMBL .88 2 5.18 .338
GM .87 3 59.86 .042
GDEV .87 3 7.86 .330
DTSS .87 1 1.61 .540
UTHR .86 4 194 .016
TTCF .86 2 17.11 .100
KODK .86 2 6.13 .280
GE .86 6 98.4 .048
VMEO .85 2 19.89 .084
SRNE .85 1 5.89 .144
SAFM .85 1 187.7 .004
PG .85 9 149.02 .045
PTIX .84 2 1.78 .942
NLS .84 2 7.09 .236
LEXX .84 3 5.45 .462
HOL .84 3 12.35 .204
HHR .84 7 53.76 .105
DTST .84 3 3.635 .693
CLII .84 3 14.36 .174
BB .84 11 9.85 .935
APOP .84 5 13.17 .315
TNA .83 5 85.89 .045
MAXR .83 4 28.26 .116
IRBO .83 1 44.09 .018
CNA .83 1 43.06 .019
BLUW .83 2 9.63 .172
ABBV .83 6 116.89 .042
SANA .82 1 17.77 .046
MNSO .82 1 13.7 .059
KZR .82 2 13.21 .124
FITB .82 3 42.99 .057
SPRT .81 20 11.8 1.360
PPSI .81 6 7.63 .636
MBRX .81 2 2.07 .782
ATVI .81 5 60.31 .065
SYPR .80 4 2.76 1.156
GTEC .80 4 7.34 .432
DD .80 4 77.04 .040
COP .80 7 72.15 .077
BZUN .80 2 14.84 .106
SWI .79 1 14.39 .054
PNRG .79 1 67.38 .011
ERYP .79 4 2.395 1.316
BJ .79 7 65.9 .077
ZY .78 3 9.49 .246
SJM .78 12 129.37 .072
IPHA .78 4 4.99 .624
GNOG .78 1 12.69 .061
CRDF .78 2 5.4 .288
CAI .78 1 56 .013
AA .78 10 49.14 .150
QFIN .77 9 23.83 .288
PLTR .77 2 21.07 .072
OLB .77 3 4.31 .534
MAT .77 4 21.86 .140
LESL .77 1 20.33 .037
FUV .77 2 10 .154
ENTX .77 2 3.39 .454
BABA .77 99 131.61 .495
ALYA .77 4 2.52 1.220
VLDR .76 2 5.52 .274
STX .76 9 104.06 .063
NFLX .76 105 663.84 .105
NBRV .76 1 0.8456 .898
MOS .76 5 36.03 .105
LI .76 6 34.48 .132
IS .76 1 8.84 .085
GROM .76 2 2.49 .610
MU .75 7 86.14 .056
FLWS .75 4 31.63 .092
SPTN .74 3 24.6 .090
SCKT .74 4 5.51 .536
PTON .74 5 44.39 .080
MS .74 10 97.23 .070
MNOV .74 3 3.42 .648
LOOP .74 4 13.88 .212
GTIM .74 1 4.59 .161
GRVI .74 3 4.84 .456
EVOL .74 2 2.36 .626
CPIX .74 1 2.2 .336
ATXI .74 1 1.7 .435
VZ .73 2 51.66 .028
VOOV .73 1 145.69 .005
UPC .73 3 2.29 .954
SQBG .73 2 6.24 .232
SOFI .73 7 18.43 .273
OPNT .73 4 24.14 .120
NVFY .73 3 1.98 1.104
RMED .72 6 2.37 1.818
RETO .72 2 0.975 1.476
ENSC .72 1 1.59 .452
DEN .72 4 82.19 .032
CRMT .72 9 101.12 .063
BTCM .72 4 7.24 .396
BFLY .72 1 7.11 .101
ARPO .72 1 2.2 .327
ZKIN .71 2 2.41 .588
UBER .71 6 39.7 .102
RFL .71 5 5.77 .615
PALI .71 3 2.29 .930
ON .71 8 63.02 .088
TBLA .70 1 9.85 .071
SONO .70 6 32.62 .126
ORGS .70 1 3.45 .202
OCX .70 1 2.32 .301
INTC .70 6 50 .084
IGIC .70 3 8.11 .258
GLD .70 11 166.62 .044
DDD .70 12 22.79 .360
CRCT .70 4 24 .116
AMKR .70 2 22.42 .062
VRNT .69 5 47.45 .070
SLS .69 4 6.82 .404
FTEK .69 3 1.66 1.245
ASM .69 1 0.8767 .787
APRE .69 3 4.01 .516
WMT .68 17 142.63 .068
STEM .68 6 20.83 .192
RIDE .68 7 4.76 .994
PRPL .68 5 10.81 .310
ONCS .68 1 1.23 .552
IYC .68 3 84.42 .024
FB .68 107 338.03 .214
BWAY .68 2 7.57 .178
XONE .67 2 26.7 .050
XLK .67 5 170.14 .015
SKLZ .67 4 9.5 .280
NPTN .67 1 15.36 .043
JRJC .67 3 6.58 .303
FTCH .67 6 36.71 .108
FOE .67 1 21.38 .031
CLNE .67 1 7.24 .092
ACH .67 1 12.23 .054
XLNX .66 11 233.08 .022
WFC .66 6 49.16 .078
VIPS .66 1 9.66 .068
CTKB .66 1 19.88 .033
ATNF .66 4 5.71 .460
AMOM .66 1 37.5119 .017
TATT .65 3 6.48 .300
STRO .65 2 16.23 .080
PCVX .65 1 19.81 .032
MESO .65 2 6.04 .214
LMNL .65 3 1.26 1.545
IONQ .65 7 24.08 .182
SLGG .64 2 3.35 .382
SDC .64 2 3.13 .408
LZB .64 2 33.77 .036
KO .64 7 54.58 .077
FLOW .63 4 84.34 .028
ULTA .62 1 401.42 .001
M .62 15 29.75 .300
LJPC .62 2 3.89 .318
ISEE .62 4 15.04 .164
CUE .62 1 12.01 .051
BON .62 3 5.33 .348
BCRX .62 10 12.45 .490
ASTR .62 5 11.1 .275
AREC .62 5 1.88 1.645
APG .62 2 23.78 .052
VGR .61 1 15.63 .039
SOS .61 2 1.3 .938
RY .61 7 101.7 .035
QCOM .61 11 183.74 .033
MVST .61 6 8.56 .426
CL .61 4 77.71 .028
BEKE .61 2 21.24 .056
AMBO .61 1 1.18 .516
SLB .60 4 29.65 .080
PSTV .60 1 1.5 .400
KIRK .60 2 22.43 .052
EVK .60 6 2.88 1.248
CEMI .60 8 2.13 2.248
AYRO .60 2 2.26 .530
AVCT .60 1 1.65 .363
AMRS .60 1 6.68 .089
LEN .59 5 107.25 .025
BIG .59 2 43.95 .026
YMM .58 2 12.77 .090
XLF .58 2 38.89 .028
WPRT .58 2 2.42 .478
WISH .58 3 3.96 .438
TQQQ .58 138 170.83 .414
STAF .58 2 1.15 1.008
RACE .58 11 265.77 .022
LAC .58 7 40.96 .098
IFRX .58 3 4.95 .351
EQT .58 2 20.71 .056
CSIQ .58 4 39.06 .056
WEI .57 1 0.8002 .712
SNAP .57 113 48.85 1.243
SBTX .57 1 6.97 .081
PRFX .57 4 1.92 1.184
ORPH .57 4 3.19 .712
EZFL .57 1 2.54 .224
EVGO .57 7 12.95 .308
DUK .57 5 100.22 .025
CLPS .57 1 2.65 .215
CLPS .57 1 2.65 .215
CLF .57 11 20.85 .297
VTSI .56 4 6.43 .348
UAA .56 4 24.39 .088
T .56 3 23.89 .069
SLV .56 3 21.16 .078
OBLN .56 3 3.05 .549
NEE .56 4 88.66 .024
MTP .56 1 1.44 .388
LODE .56 3 1.64 1.023
VNE .55 6 35.24 .090
RSI .55 2 18.5 .058
MOSY .55 2 3.96 .276
HPQ .55 5 35.93 .075
FLXN .55 1 9.12 .060
EOLS .55 1 5.4 .101
WHLR .54 2 2.22 .486
TSM .54 3 119.28 .012
MPC .54 4 61.78 .032
GPS .54 7 17.8 .210
ENZ .54 2 3.35 .322
CHPT .54 3 26.06 .060
ADMA .54 1 1.45 .372
TBIO .53 3 37.36 .042
NIO .53 77 40.46 1.001
MEDS .53 5 3.5 .755
KHC .53 4 34.78 .060
HUYA .53 3 7.86 .201
EQ .53 1 5.15 .102
BBWI .53 6 75.87 .036
SILK .52 7 41.64 .084
RF .52 2 23.54 .044
CCJ .52 10 24.98 .200
ANF .52 3 37.92 .039
RCON .51 2 1.83 .556
OCUP .51 2 4.17 .244
MRVL .51 6 75.02 .036
GFAI .51 2 1.45 .702
DYAI .51 3 3.82 .399
CSCO .51 9 55.76 .081
CPSH .51 1 3.85 .132
TIGR .50 8 6.07 .656
PFE .50 9 52.4 .081
PATI .50 2 9.95 .100
MRK .50 9 74.89 .054
MDIA .50 3 5.08 .294
GRTX .50 3 1.34 1.119
CBAT .50 3 2.01 .744
RKDA .49 1 1.36 .360
PSTG .49 3 32.08 .045
NRBO .49 2 1.66 .590
K .49 10 63.87 .070
IGC .49 3 1.34 1.095
GP .49 3 13.67 .105
GEVO .49 4 5.78 .336
ENLV .49 2 7.23 .134
ECHO .49 1 48.24 .010
ATHM .49 3 35.05 .039
ARMP .49 1 4.3 .113
NNDM .48 3 4.8 .300
HRL .48 5 42.49 .055
EPU .48 3 28.31 .048
TRIL .47 1 18.44 .025
TLRY .47 4 10.25 .180
SOHU .47 6 17.2 .162
EXPR .47 5 3.82 .615
DARE .47 1 1.75 .268
BODY .47 2 2.62 .358
BAC .47 6 45.59 .060
XPEV .46 84 51.36 .672
UFAB .46 2 2.31 .398
NTEC .46 4 9.63 .188
MARK .46 4 1.25 1.472
KBSF .46 2 3.05 .300
GURE .46 1 5.8765 .078
GIS .46 7 63.52 .049
EQOS .46 1 4.35 .105
CVV .46 2 4.5 .204
CONE .46 1 89.38 .005
BCLI .46 1 3.81 .120
VERU .45 4 7.49 .240
TYME .45 4 0.7324 2.456
TME .45 1 6.97 .064
ONCT .45 2 2.95 .304
FLO .45 5 26.4 .085
CCL .45 5 18.16 .120
APT .45 1 6.1 .073
ADIL .45 2 2.56 .350
XLV .44 6 132.33 .018
WORX .44 4 1.53 1.148
NNVC .44 3 4.71 .279
GALT .44 3 2.49 .528
FFHL .44 2 8.45 .104
ERF .44 1 9.85 .044
DWSN .44 2 2.32 .378
CIEN .44 19 61.69 .133
ACI .44 10 35.43 .120
WOOF .43 3 19.42 .066
HOLI .43 1 15.51 .027
GAME .43 1 3.75 .114
EVGN .43 1 2.05 .209
CAN .43 4 8.8 .192
ATIF .43 1 3.47 .123
AFMD .43 2 6.92 .124
HRC .42 6 155.43 .012
DNUT .42 7 15.21 .189
DBGI .42 5 2.92 .715
CTSO .42 4 5.04 .332
ARMK .42 4 34.38 .048
SRNG .41 1 11.42 .035
RKT .41 2 15.73 .052
PDCO .41 4 32.82 .048
KZIA .41 2 10 .082
HNST .41 3 8.53 .144
GTT .41 1 2.36 .173
FCX .41 24 37.98 .240
BLIN .41 8 2.77 1.184
AUUD .41 7 2.24 1.281
ACOR .41 4 2.69 .608
YJ .40 2 0.82 .974
PHUN .40 12 3.19 1.500
LIZI .40 4 2.52 .632
FBRX .40 1 2.63 .152
DUOT .40 1 5.0679 .078
DRN .40 5 25.88 .075
CTIB .40 5 1.65 1.210
CHRA .40 1 4.67 .085
MTTR .39 11 33.05 .121
MSFT .39 113 336.63 .113
LC .39 10 35.5 .100
CSCW .39 2 0.5746 1.356
CRTD .39 7 2.44 1.113
AQMS .39 3 1.62 .720
SBH .38 3 20.24 .054
OVID .38 2 3.3 .230
OTLK .38 2 1.44 .526
MRTN .38 3 16.38 .069
GPK .38 2 20.56 .036
ANY .38 19 5.05 1.425
ANIX .38 1 3.86 .098
VTNR .37 9 4.92 .675
UONE .37 7 5.2 .497
HUGE .37 1 1.29 .286
CHMA .37 2 3.76 .196
UAVS .36 3 2.22 .486
ORCL .36 35 92.94 .105
MRKR .36 1 1.2 .300
MITQ .36 1 2.12 .169
JFIN .36 2 3.39 .212
IDEX .36 4 1.55 .928
GOVX .36 7 4.26 .588
GNLN .36 2 1.22 .590
BNGO .36 12 3.93 1.092
AKTX .36 1 1.59 .226
ADMP .36 1 0.7801 .461
ACB .36 3 6.44 .165
VXX .35 4 22.05 .060
ORGO .35 2 9.76 .070
LMFA .35 5 5.46 .320
ERJ .35 9 14.06 .216
CLSD .35 3 3.61 .288
CIFR .35 3 7.6 .138
BSQR .35 13 1.99 2.275
AESE .35 1 1.72 .203
XLE .34 8 55.9 .048
XELB .34 2 1.38 .492
TRIT .34 5 4.71 .360
TESS .34 2 5.52 .122
SSNT .34 2 5.14 .132
ME .34 6 8.85 .228
HWCC .34 1 5.3 .064
CYTH .34 1 5.47 .062
XOM .33 9 61.59 .045
IMMR .33 6 6.03 .324
HNP .33 2 17.57 .036
GTS .33 1 35.52 .009
BHTG .33 1 0.9101 .362
WATT .32 2 1.57 .406
TAL .32 2 5 .128
SPCB .32 2 0.7279 .878
SGBX .32 3 2.2 .435
MINM .32 2 1.38 .462
AAPL .32 108 160.24 .108
AAL .32 9 17.74 .162
WINT .31 3 1.74 .534
ULBI .31 2 5.41 .114
SCYX .31 4 7.4 .164
PBR .31 8 10.81 .224
NKLA .31 15 10.23 .450
HMHC .31 2 15.73 .038
DMAC .31 2 3.63 .170
D .31 8 74.42 .032
AEY .31 1 1.93 .160
OXBR .30 5 4.59 .325
LGHL .30 4 2.07 .576
KR .30 17 42.35 .119
HAPP .30 1 0.712 .421
GT .30 4 20.79 .056
ENG .30 3 1.94 .462
BBIG .30 21 3.03 2.079
AUTL .30 3 6.11 .147
XLP .29 6 72.14 .024
UWMC .29 3 6.9 .126
STN .29 2 55.19 .010
NEXT .29 4 3.3 .348
HUSN .29 4 2.22 .520
ALTO .29 5 5.31 .270
MITO .28 1 0.8502 .329
CLOV .28 2 5.08 .110
BP .28 4 26.18 .040
APTO .28 4 2.18 .512
WIMI .27 4 4.16 .256
RSLS .27 4 1.98 .544
ORMP .27 16 18.31 .224
NAOV .27 11 1.15 2.574
MGTX .27 1 18.52 .014
GSM .27 7 6.24 .301
GGAL .27 2 8.79 .060
FENC .27 2 4.78 .112
ENVB .27 3 1.38 .585
VIVE .26 2 1.52 .342
PPBT .26 1 3.92 .066
PME .26 1 0.99 .262
JQUA .26 1 44.33 .005
AXLA .26 2 2.88 .180
AGNC .26 3 15.83 .048
VCLO .25 1 18.78 .013
PBLA .25 1 2 .125
HIPO .25 2 3.67 .136
RVI .24 2 6.02 .078
RAIL .24 4 3.84 .248
PLG .24 3 2.2 .327
MOGO .24 4 4.86 .196
IKT .24 1 2.13 .112
GBR .24 1 3.02 .079
PIRS .23 7 3.32 .483
OCG .23 4 4.52 .200
THTX .22 1 3.21 .068
SSKN .22 1 1.48 .148
SPWH .22 3 17.14 .036
JFU .22 3 1.29 .510
INOV .22 2 41.06 .010
FFIE .22 2 6.12 .070
DYNT .22 5 1.18 .930
VIEW .21 1 4.19 .050
VBLT .21 3 2.32 .270
TENX .21 1 1.31 .160
ATOS .21 5 2.15 .485
ALAC .21 2 11.6102 .036
SALM .20 4 3.04 .260
ENSV .20 1 1.09 .183
NBEV .19 1 1.2 .158
MOMO .19 3 11.9 .045
LTHM .19 14 31.31 .084
FLGC .19 6 2.16 .522
COTY .19 8 9.97 .152
BKYI .19 2 2.5 .152
BGI .19 3 4.33 .129
AEHR .19 29 18.31 .290
VSH .18 3 20.81 .024
OBSV .18 5 2.23 .400
IRIX .18 4 6.32 .112
FCEL .18 130 8.92 2.600
BLNK .18 14 38.4 .056
AZN .18 15 55.53 .045
YPF .17 2 3.39 .100
TISI .17 1 1.43 .118
PPC .17 2 28.28 .012
PETZ .17 4 4.63 .144
LIVX .17 2 3.07 .110
KXIN .17 6 1.79 .564
GMTX .17 1 2.76 .061
SNES .16 2 1.25 .256
INFI .16 4 2.09 .304
IMMP .16 7 3.28 .336
HFBL .16 1 19.75 .008
ZNGA .15 4 6.17 .096
IMV .15 2 1.55 .192
GSKY .15 2 11.42 .026
GRUB .15 3 13.1 .033
CREX .15 1 1.75 .085
CHNG .15 2 20.55 .014
SYKE .14 3 54 .006
SSL .14 16 15.78 .128
OEG .14 1 2.51 .055
NXTP .14 1 1.12 .125
INM .14 1 1.99 .070
IEC .14 1 15.34 .009
EDU .14 1 2.16 .064
ABUS .14 2 3.14 .088
TTM .13 11 30.96 .044
SVBI .13 1 13.63 .009
OSMT .13 4 1.37 .376
MRO .13 17 15.85 .136
LMRK .13 1 16.22 .008
KULR .13 5 3.45 .185
GENE .13 3 2.46 .156
VERB .12 8 1.52 .624
SBBP .12 2 2 .120
PSTX .12 1 6.89 .017
GSAT .12 2 1.41 .170
CRON .12 5 4.46 .130
CHNR .12 4 0.955 .500
UNIT .11 3 13.52 .024
TELL .11 9 3.35 .288
SNMP .11 2 0.87 .252
MOHO .11 3 0.5225 .630
GBS .11 1 1.62 .067
FENG .11 2 1.06 .206
FAST .11 6 60.94 .006
EKSO .11 2 3.36 .064
CSPR .11 1 6.53 .016
CALA .11 1 0.8388 .131
ACHV .11 2 7.23 .030
XPDI .10 12 13.04 .084
SWN .10 3 4.8 .060
SLHG .10 1 1.46 .068
RRD .10 7 10.22 .063
RCAT .10 2 2.2 .090
RAVN .10 3 58.08 .003
KDMN .10 4 9.5 .040
EDTK .10 2 1.275 .156
CNFR .10 2 2.35 .084
AGEN .10 12 3.15 .372
XELA .09 7 1.34 .469
WTER .09 2 1.23 .146
TEDU .09 2 0.7445 .240
TAAG .09 1 20.9494 .004
SELF .09 1 5.3 .016
SBS .09 8 6.11 .112
RIG .09 6 3.05 .174
PRPO .09 3 2.05 .129
CPG .09 6 4.48 .120
BIOC .09 2 3.89 .046
AEMD .09 3 2.57 .105
AEI .09 2 1.46 .122
TEO .08 2 5.06 .030
MTL .08 13 3 .338
MFGP .08 5 5 .080
MBII .08 1 0.68 .117
ET .08 5 8.61 .045
CLDR .08 1 15.99 .005
BQ .08 2 1.53 .104
OCG .07 13 4.52 .195
NEPT .07 2 0.519 .268
ITRO .07 1 1.27 .055
ITRN .07 3 25.73 .006
DBVT .07 11 3.07 .242
CPLG .07 1 15.47 .004
ALZN .07 1 2.22 .031
XBIO .06 8 1.4 .336
WYNN .06 3 83 0
VSTM .06 2 2.59 .046
ESXB .06 2 11.48 .010
ENIC .06 1 2.26 .026
ADMS .06 2 8.22 .014
ULTA .05 12 401.42 0
OXY .05 30 30.06 .030
MDNA .05 8 1.9 .208
FRBK .05 1 3.45 .014
WYNN .04 4 83 0
PSP .04 3 15.93 .006
PBT .04 2 9.19 .008
NOK .04 6 5.62 .042
IRCP .04 4 2.13 .072
FRO .04 12 6.63 .072
CXP .04 1 19.13 .002
CDEV .04 4 6.35 .024
AVGR .04 7 0.6174 .448
VTGN .03 5 1.86 .080
VCAR .03 1 17.39 .001
SNDL .03 1 0.635 .047
SLVO .03 4 5.07 .020
SIC .03 1 14.49 .002
RTLR .02 9 10.57 .009
NWHM .02 1 8.99 .002
KIN .02 2 9.25 .004
EIC .02 2 17.8 .002
DSE .02 1 9.49 .002
PMD .01 1 8.12 .001
INFL .01 2 30.55 0
IACB .01 3 9.37 .003
DFP .01 2 27.86 0
BEST .01 3 1.03 .027
WMPN 0 4 12.05 0
VALN 0 2 67.28 0
QQC 0 2 34.09 0
QADB 0 4 87.54 0
PAE 0 1 9.92 0
ONON 0 1 51.42 0
NLSP 0 1 1.75 0
LHAA 0 1 9.84 0
HWBK 0 1 23.9 0
HDGE 0 2 25.03 0
EPAY 0 1 45.12 0
DVD 0 1 3.59 0
APWC 0 1 2.99 0
NSYS -.12 1 10.6 -.011
