NSYS -.12 1 11.19
EIC -.08 1 16.24
BIDU -.07 115 155.08
FCEL -.02 126 6.27
RTLR -.01 7 10.63
202PENN %:
BILI 0 21 78.41
WMPN 0 4 12.13
INFL .01 2 29.98
PMD .01 1 7.29
SLVO .01 2 5.44
BEST .02 2 1.06
BLNK .02 11 32.58
DSE .02 1 9.49
FB .02 100 365.51
KIN .02 2 9.25
NWHM .02 1 8.97
DFP .03 1 29.27
FB .03 93 365.51
SIC .03 1 14.23
SNDL .03 1 0.76
VCAR .03 1 11.72
AVGR .04 7 0.8312
GMTX .04 1 3.65
IACB .04 1 9.84
PBT .04 2 5.35
SHOP .04 88 1538.51
VTGN .04 3 2.97
WYNN .04 4 96.15
CNFR .05 2 3.5
FRBK .05 1 3.4
SELF .05 1 5.05
ITRO .06 1 1.27
PSP .06 2 16.185
WYNN .06 3 96.15
NEPT .07 2 0.6855
BQ .08 2 2.76
CLDR .08 1 15.93
CRON .08 4 6.92
MARK .08 2 1.16
MBII .08 1 1.2
MDNA .08 7 2.19
AEI .09 2 1.96
FRO .09 3 7.53
NOK .09 2 6.12
TEDU .09 2 1.38
WTER .09 2 1.79
AEMD .10 2 3.44
BABA .10 92 171.7
EDTK .10 2 1.54
MSFT .10 107 302.62
SLHG .10 1 3.045
XLK .10 3 157.57
CALA .11 1 2.26
FENG .11 2 1.3
GBS .11 1 2.906
ITRN .11 2 26.1
MOHO .11 3 0.6587
SNMP .11 2 1.01
VERB .11 6 2.07
CHNR .12 4 1.28
PSTX .12 1 8.7
RIG .12 2 3.5
SBBP .12 2 2.2
ESXB .13 1 11.16
LMRK .13 1 16.18
SVBI .13 1 12.2
IEC .14 1 15.22
INM .14 1 2.2
OEG .14 1 3.04
SYKE .14 3 53.94
CHNG .15 2 21.66
GRUB .15 3 18.25
IMV .15 2 1.67
JFIN .15 1 3.93
HFBL .16 1 19.14
INFI .16 4 3.44
RAVN .16 2 58.25
SNES .16 2 1.77
IRCP .17 1 2.35
LIVX .17 2 2.94
MRO .17 6 11.61
PPC .17 2 27.23
DBVT .18 3 5.13
ET .18 2 9.11
OSMT .18 3 3.53
TELL .18 5 2.9
AGEN .19 1 6.19
KXIN .19 4 3.28
NBEV .19 1 2.27
PRPO .19 1 3.2
EKSO .20 1 4.53
ENSV .20 1 1.13
PHUN .20 5 0.9632
ZNGA .20 2 8.11
ALAC .21 2 11.28
ANY .21 4 4.1
SBS .21 1 6.89
TENX .21 1 1.61
VIEW .21 1 4.78
XELA .21 6 2.26
DYNT .22 5 1.24
GENE .22 2 3.33
JFU .22 3 1.61
OXY .22 22 24.38
SSKN .22 1 1.41
THTX .22 1 3.51
ACHV .23 1 7.53
MOGO .23 3 5.41
GBR .24 1 3.8
GEVO .24 3 5.96
IKT .24 1 2.04
RAIL .24 4 5.4
SPRT .24 12 11.67
PBLA .25 1 2.21
ATOS .26 4 3.66
NKLA .26 14 10.26
PME .26 1 0.64
PPBT .26 1 4.82
SSL .27 3 15.07
ALTO .28 3 4.92
BBIG .28 6 2.94
IMMR .28 2 7.5
MITO .28 1 1.19
AXLA .29 1 3.38
HUSN .29 4 2.58
ENOB .30 5 6.67
HAPP .30 1 1.13
AEY .31 1 2.47
DMAC .31 2 3.79
FENC .31 1 7.72
RHE .31 1 8.18
ULBI .31 2 8.1
WINT .31 3 1.82
BKYI .32 1 3.09
IMMP .32 3 3.47
MINM .32 2 2.22
SPCB .32 2 1.12
VBLT .32 2 2.02
BHTG .33 1 1.3
GTS .33 1 35.2
LMFA .33 4 5.28
AZN .34 6 58.52
HWCC .34 1 5.24
XELB .34 2 1.78
IRIX .35 3 7.75
MFGP .35 1 5.87
NAOV .35 8 2.92
ACB .36 3 7.23
ADMP .36 1 1.13
AGNC .36 2 16.18
AKTX .36 1 1.64
BNGO .36 11 5.78
IDEX .36 4 2.29
MRKR .36 1 1.93
CHMA .37 2 3.76
GPK .37 1 18.91
HNST .37 1 13.83
HUGE .37 1 1.72
AAL .38 8 19.83
MRTN .38 3 15.37
OVID .38 2 3.65
CSCW .39 2 0.9291
MDIA .39 2 6.85
OXBR .39 4 3.49
AAPL .40 105 149.62
BSQR .40 11 2.67
CHRA .40 1 4.49
DUOT .40 1 5.818
GE .40 4 103.27
LIZI .40 4 4.34
RRD .40 2 5.01
YJ .40 2 0.85
ACOR .41 4 4.06
ASTR .41 3 11.66
CLSD .41 2 6.6
GTT .41 1 2.36
VSH .41 2 22.71
OBSV .42 2 2.74
AQMS .43 2 2.23
ATIF .43 1 0.4884
CAN .43 4 9.18
EVGN .43 1 2.7
FCX .43 16 35.21
ADIL .44 1 3.45
ENVB .44 1 1.79
FFHL .44 2 9.48
GALT .44 3 3.59
WORX .44 4 2.64
BTCM .45 3 8.2
ME .45 1 8.76
ONCT .45 2 4.22
TME .45 1 8.92
TYME .45 4 1.1
BCLI .46 1 3.64
CIEN .46 16 56.27
CVV .46 2 5.24
GURE .46 1 4.3933
INOV .46 1 36.87
KBSF .46 2 3.72
NTEC .46 4 9.63
UFAB .46 2 2.7
VXX .46 3 26.71
BGI .47 1 3.72
D .47 6 78.54
DARE .47 1 1.65
TRIL .47 1 17.48
XPEV .47 78 40.55
DBGI .48 3 2.9
NEXT .48 2 3.12
NIO .48 75 38.94
NNDM .48 3 6.09
PBR .48 3 10.8
PIRS .48 3 4.15
XOM .48 5 55.36
ARMP .49 1 3.6
BLIN .49 6 4.23
IGC .49 3 1.64
NRBO .49 2 3.54
RKDA .49 1 2.25
NKE .50 7 169.98
AUTL .51 1 6.3
CPSH .51 1 5.68
DYAI .51 3 4.96
KR .51 9 45.75
XBIO .51 7 3.29
FLO .52 2 24.65
HRL .52 3 45.38
KULR .52 1 2.11
TLRY .52 3 13.805
UUU .52 1 5.9
VIVE .52 1 2.47
ENG .53 2 2.01
EQ .53 1 6.05
HUYA .53 3 10.91
MEDS .53 5 4.9
TBIO .53 3 37.73
ADMA .54 1 1.36
ENZ .54 2 3.46
WHLR .54 2 3.09
APTO .55 2 2.86
EOLS .55 1 11.09
EVGO .55 1 12.44
UWMC .55 1 7.46
VNE .55 6 36.65
VTNR .55 5 7.8
ARMK .56 3 35.02
CLOV .56 1 8.92
CLPS .56 1 3.27
CLPS .56 1 3.27
CTSO .56 2 8.52
INTC .56 5 53.81
KO .56 5 56.47
MTP .56 1 1.79
OBLN .56 3 3.05
SBH .56 2 18.96
T .56 3 27.45
ACI .57 2 28.35
MRVL .57 4 62.55
TAL .57 1 5.6
TQQQ .57 129 143.25
WEI .57 1 0.89
EPU .58 2 26
LTHM .58 4 24.5
STAF .58 2 1.82
TRIT .58 3 5.47
WISH .58 3 7.12
WPRT .58 2 4.15
BIG .59 2 57.44
UONE .59 3 7.28
VERU .59 3 8.05
AMRS .60 1 14.48
AVCT .60 1 4.32
PSTV .60 1 1.91
AMBO .61 1 1.5
BIOC .61 1 3.39
CL .61 3 77.67
GNLN .61 1 2.27
PLG .61 1 2.72
SNAP .61 110 74.63
SOS .61 2 2.69
SPWH .61 1 17.71
LJPC .62 2 4.03
CCL .63 4 23.84
XLP .63 1 71.98
ACY .64 16 34.22
CTIB .64 3 2.04
LZB .64 2 34.29
M .64 5 23.48
TESS .64 1 6.02
LMNL .65 3 2.43
OLB .65 1 3.75
PCVX .65 1 23.92
PDCO .65 2 29.68
SOHU .65 4 22.12
STRO .65 2 20.4
TATT .65 3 6.01
AMOM .66 1 37.17
CRTD .66 3 3.02
ERJ .66 1 15.28
RETO .66 1 0.8301
SSNT .66 1 7.95
TIGR .66 5 14.62
VIPS .66 1 14.26
ZKIN .66 1 4.09
BODY .67 1 7.79
CLNE .67 1 7.69
FOE .67 1 20.45
WMT .67 14 148.9
XONE .67 2 23.87
EVK .68 5 3.24
ONCS .68 1 2.1
ASM .69 1 1.01
DNUT .69 2 16.96
WIMI .69 1 4.02
AEHR .70 9 5.96
CBAT .70 2 3.25
JRJC .70 1 4.49
NKE .70 5 169.98
OCX .70 1 4.13
ORGS .70 1 5.14
PRPL .70 3 27.32
SONO .70 4 40.15
TBLA .70 1 9.85
AREC .72 4 2.01
ARPO .72 1 2.23
ENSC .72 1 3.18
MRK .72 2 16.16
NVFY .73 3 2.28
ORMP .73 7 16.14
ORPH .73 3 5.26
UPC .73 3 2.37
VOOV .73 1 146.01
VZ .73 2 55.96
ATXI .74 1 1.69
FUBO .74 2 27.71
GRVI .74 3 5.28
GTIM .74 1 4.52
SHOP .74 5 1538.51
ENOB .75 2 6.67
GP .75 2 15.19
RY .75 1 105.72
APG .76 1 22.92
NBRV .76 1 1.06
WOOF .76 1 21.52
COTY .77 1 8.17
EXPR .77 3 7.26
PLTR .77 2 25.1
WATT .77 1 2.36
CAI .78 1 55.86
GNOG .78 1 20.46
HX .78 1 1.85
OTLK .78 1 2.42
ZY .78 3 10.33
BP .79 1 25.64
MU .79 4 71.98
PNRG .79 1 50
SCYX .79 1 6.36
SWI .79 1 10.88
GMBL .80 1 8.65
CLF .81 5 24.77
FITB .82 3 38.44
MNSO .82 1 16.96
SANA .82 1 23.14
AUUD .83 3 3.08
CNA .83 1 43.9
CSCO .83 5 59.32
IRBO .83 1 43.87
LUV .83 3 50.81
MARA .83 7 37.98
UAVS .83 1 3.43
BB .84 11 11.1
PTIX .84 2 1.99
RKT .84 1 19.21
ABBV .85 3 119.68
CRTO .85 1 38.16
HNP .85 1 19.66
SRNE .85 1
RF .86 1 19.1
VLDR .86 1 7.28
AFMD .87 1 6.17
DTSS .87 1 2.01
GLD .87 5 168.65
K .88 4 64.99
ACHL .89 1 6.25
CEMI .89 6 2.65
PLUG .89 8 25.85
YMM .89 1 14.64
FLGC .90 1 11.3
GEG .90 1 2.37
NFLX .90 99 553.41
WFC .91 4 43.13
HPQ .92 1 28.9
KNL .92 1 25.04
LBPH .92 1 9.46
CRM .93 8 259.66
MO .93 2 47.72
CGC .94 1 19.19
RIDE .94 4 5.75
BTWN .95 1 9.71
DWSN .96 1 1.91
GPS .96 3 29.02
SKLZ .97 3 11.1
UAA .97 2 23.83
HOFV .98 2 2.98
TRCH .98 2 9.88
VVOS 1.00 3 5.47
EGRX 1.01 2 47.73
LL 1.01 1 102.12
MVST 1.01 4 9.34
RCON 1.01 1 3.04
ZCMD 1.01 1 1.65
FAST 1.02 1 53.15
ALYA 1.03 3 2.8
AMKR 1.03 1 23.53
BJ 1.03 5 55.4
COP 1.03 5 55.41
FTEK 1.03 2 1.8
ALLO 1.04 1 24.26
CANF 1.04 1 1.86
FSTX 1.04 1 6.86
IPA 1.04 2 6.79
OCUP 1.04 1 5.28
NETE 1.05 1 11.15
LC 1.07 4 29.08
TTCF 1.07 1 17.03
XLE 1.07 3 48.4
ALF 1.08 2 9.2
AZYO 1.08 1 8.15
B 1.08 1 47.91
BAC 1.08 3 37.85
FCBP 1.08 1 29.1
MTSL 1.08 3 3.37
RSLS 1.08 1 3.15
SLB 1.08 1 28.43
ATAI 1.09 1 16.19
DDD 1.09 8 30.21
GT 1.09 1 15.26
HD 1.09 9 324.9
OPTT 1.10 1 2.1
BCRX 1.11 5 15.45
BGFV 1.11 3 23.4
CNET 1.11 1 1.42
PMCB 1.11 3 3.56
TGTX 1.11 1 25.7
BZUN 1.12 1 19.14
MNOV 1.12 2 3.69
QFIN 1.12 6 21.44
ABSI 1.13 1 22.26
NUAN 1.13 1 55.06
STG 1.13 1 0.525
VNET 1.13 3 18.2
DAL 1.14 4 38.52
ATHM 1.16 1 40.22
HGSH 1.16 2 1.89
SIF 1.16 1 8
CLSK 1.17 1 11.69
NIU 1.17 3 24.33
AYRO 1.18 1 4.03
DFH 1.18 1 20.98
GRTX 1.18 1 8.65
GRU 1.18 0 4.39
GRU 1.18 1 4.39
PFE 1.18 3 48.38
QCOM 1.18 7 144.46
PALI 1.19 2 2.6
AMTX 1.20 3 9.89
CETX 1.20 1 1.23
CRIS 1.20 2 7.91
JPM 1.20 12 157.67
MAXR 1.20 3 30.25
STEM 1.20 4 24.71
ARAV 1.21 1 4.06
BBBY 1.22 12 28.61
EYES 1.22 6 3.72
RCUS 1.22 1 28.95
C 1.23 4 17.25
TAP 1.23 2 49.23
ANPC 1.24 2 3.55
CMMB 1.24 2 12.94
EDSA 1.24 1 4.46
HCM 1.24 3 38.92
LEN 1.24 2 107.04
PBTS 1.24 1 1.39
NNVC 1.25 1 3.82
THCB 1.25 1 10
HHR 1.26 1 42.84
MESO 1.26 1 7.25
SLGG 1.26 1 4.09
APXT 1.27 1 12.11
HJLI 1.27 1 7.61
XLV 1.27 1 135.68
FRD 1.28 1 13.64
MAT 1.28 2 21.85
RUN 1.28 3 44.41
AA 1.30 2 23.83
VIH 1.31 1 9.87
HOG 1.32 2 40.12
SLV 1.32 1 22.08
NLS 1.33 1 13.62
WNW 1.34 1 4.94
AMC 1.35 50 44.26
BWAY 1.35 1 7.74
TAOP 1.35 3 3.48
ATNF 1.36 2 5.5
ECOM 1.37 1 24.34
LIVE 1.37 3 30.27
NVDA 1.38 136 217.93
TNET 1.38 1 79.86
COUR 1.39 1 40.91
EOSE 1.39 2 13.5
ERYP 1.39 2 5.87
CVS 1.40 3 83.81
AVIR 1.41 1 25.0
SCHW 1.41 2 74.15
ATVI 1.42 3 81.79
GM 1.42 1 52.85
SCKT 1.43 3 6.2
SNOA 1.43 3 5.93
BPTH 1.44 1 6.54
EVOL 1.45 1 2.14
EYEG 1.45 1 1.7
PINS 1.45 3 55.18
LGHL 1.46 1 1.44
SPCE 1.46 19 26.48
VCVC 1.46 1 9.85
JNJ 1.48 2 175.39
ENLV 1.50 1 10.34
SUPN 1.50 1 25.1
UAL 1.50 1 47.12
GIS 1.53 1 60.91
FUV 1.54 1 11.04
HGEN 1.54 2 17.27
SSY 1.54 2 2.65
ENTX 1.55 1 5.06
PAYX 1.56 1 114.29
SPTN 1.56 1 21.52
CNC 1.57 1 70.47
GTEC 1.57 2 6.61
RIOT 1.57 2 32.89
CELC 1.58 2 22.32
FISV 1.58 5 118.62
A 1.59 5 170.57
BZ 1.59 1 34.13
WHLM 1.59 3 5.51
MBRX 1.60 1 2.87
RMED 1.60 3 2.97
SPI 1.60 2 5.17
USB 1.60 3 57.13
CRCT 1.61 1 40.58
TMUS 1.61 2 142.5
IYC 1.62 1 79.07
MOS 1.62 1 31.27
JZXN 1.63 4 3.56
KYMR 1.63 1
LODE 1.63 1 3
CAH 1.64 3 50.63
KMX 1.64 1 125.54
MMM 1.64 4 194.75
FLOW 1.65 3 79.77
SYPR 1.65 2 3.28
MPC 1.66 1 54.55
TWTR 1.66 2 68.65
MYGN 1.67 1 34.8
APOP 1.70 1 4.31
BLDR 1.70 1 47.31
LYFT 1.70 3 47.67
VMEO 1.70 1 35.94
CHKP 1.71 4 126.23
IMTX 1.72 2 11.99
KODK 1.72 1 7.23
PG 1.72 4 143.18
CSIQ 1.74 1 36
VOXX 1.74 2 10.55
TTC 1.75 3 110.32
ARCE 1.78 1 24.04
DIS 1.79 6 178.47
DOMO 1.79 1 95.7
OKE 1.82 1 51.72
OSAT 1.82 2 5.37
AIT 1.83 1 89.31
DKNG 1.84 2 56.47
DUK 1.84 1 107.72
ON 1.84 1 11.67
HOOD 1.85 12 49.38
AEO 1.87 1 33.82
AESE 1.87 0 1.99
AESE 1.87 1 1.99
LEDS 1.87 2 8.85
FTCH 1.88 1 38.67
SGOC 1.88 6 6.08
ZIM 1.89 1 45.51
SILK 1.90 2 53.49
NEE 1.91 1 77.22
LEGN 1.93 3 49.0
RRGB 1.93 1 20.52
LI 1.94 2 30.46
NGM 1.94 1 22.2
BNR 1.96 2 21.61
JG 1.96 2 2.11
JWN 1.96 1 37.81
VTSI 1.97 1 6.97
DD 1.98 1 97.71
KSS 1.99 5 60.18
IBM 2.00 4 139.84
MRIN 2.01 5 5.55
APRE 2.02 1 4.06
VLO 2.03 2 66.35
BTX 2.04 1 10.41
MFNC 2.04 1 21.02
ZEV 2.05 2 7.51
ALDX 2.06 1 8.82
BON 2.06 1 10.36
ROST 2.06 4 123.79
WM 2.10 2 222.63
BBWI 2.11 2 68.35
IGIC 2.12 1 9.35
INCY 2.13 1 77.95
EXPI 2.14 3 44.5
STMP 2.14 3 327.1
SMLP 2.15 1 32.81
TSN 2.17 2 79.12
XTLB 2.18 1 4.68
DXC 2.19 1 38.72
BTBT 2.20 6 10.86
OSTK 2.20 6 72.65
AMD 2.21 7 107.65
FGEN 2.21 2 12.1
CHGG 2.22 1 85.0
LMT 2.22 8 359
STT 2.22 2 79.72
TJX 2.22 3 75.31
TSP 2.22 4 46.36
RTX 2.23 1 88.2
SQ 2.23 21 270.17
SQBG 2.23 0 10.97
DG 2.25 2 232.75
ATKR 2.27 1 83.82
PRFX 2.29 1 2.69
AGRI 2.32 1 5.53
CYTK 2.32 2 31.54
SKX 2.32 1 54.16
UPS 2.33 5 193.27
GIII 2.35 2 31.38
PATI 2.38 1 12.44
PATI 2.38 1 12.44
PLD 2.38 2 128.07
SJM 2.40 3 127.21
AVXL 2.41 5 19.4
JD 2.41 2 76.25
AMAT 2.42 3 131.44
PYPL 2.42 4 279.51
BBY 2.44 3 121.49
TGT 2.44 7 250.65
CRNC 2.46 2 116.64
LOGI 2.48 2 107.98
ALXN 2.49 2 182.5
CARA 2.49 1 14.88
LEXX 2.49 1 6.15
HOL 2.52 1 12.35
JBL 2.52 1 59.89
CLII 2.53 1 14.36
DDL 2.53 1 26.14
FL 2.53 1 58.17
LPX 2.53 1 55.27
DEN 2.54 1 69.38
TTD 2.55 5 80.62
BYSI 2.56 1 24.88
RMBL 2.58 1 34.12
GS 2.60 6 408.56
DPW 2.61 3 2.51
DTST 2.61 1 3.9
MDT 2.63 3 132.57
NCTY 2.63 5 14.62
PEP 2.63 1 153.0
XBI 2.65 4 127.75
KNBE 2.69 4 22.49
AKAM 2.70 1 112.41
MVIS 2.70 2 14.51
NXPI 2.70 3 214.52
TNA 2.70 2 86.67
MNST 2.74 1 96.63
PFGC 2.74 1 42.96
SLS 2.74 1 9.34
ABT 2.75 2 125.5
MOXC 2.78 2 7.03
WAFU 2.79 2 6.26
HTBX 2.80 1 6.65
LITE 2.84 1 80.24
WGO 2.86 1 72.66
SAVA 2.87 20 117.83
JCS 2.88 1 6.83
LOOP 2.88 1 9
FATE 2.92 1
DKS 2.93 1 129.56
TSM 2.93 1 117.82
JRVR 2.95 1 38.39
ARVN 2.96 3 85.11
SEMR 2.96 1 22.83
UBER 2.96 1 43.03
J 2.97 1 55.27
NEGG 3.00 20 16.89
CREE 3.02 3 87.57
CLX 3.04 2 165.71
DE 3.04 3 376.54
KMPH 3.04 1 9.58
MS 3.05 2 92.62
XLNX 3.06 4 153.09
VSCO 3.09 2 67.39
NURO 3.12 6 11.31
BKE 3.14 1 41.56
BYND 3.16 2 130.32
OPNT 3.16 1 15.27
ESTC 3.23 2 158.6
DLTR 3.24 1 105.21
KURA 3.24 1 18.34
UNH 3.25 9 423.41
BIIB 3.26 3 349.4
MCD 3.30 2 238.43
PDD 3.30 3 99.12
ISCG 3.33 1 50.4
NMRD 3.33 2 6.36
EA 3.34 1 142.57
FIGS 3.34 2 37.38
DELL 3.36 1 100.74
CERE 3.37 3 27.93
SFIX 3.41 1 42.67
OTIS 3.43 1 89.2
TDC 3.44 1 53.28
TVTX 3.46 1 20.35
GME 3.48 75 210.29
SKT 3.49 1 16.72
UHS 3.49 2 157.9
ADBE 3.51 5 657.24
DLPN 3.56 3 12.25
QDEL 3.57 1 136.97
AMEH 3.61 2 111.1
STX 3.65 2 86.07
DLO 3.68 2 69
PKG 3.68 2 139.12
KZIA 3.69 1 9.45
BHVN 3.71 2 117.28
OCGN 3.71 2 7.58
SHEN 3.71 1 61.1
VRNT 3.78 1 43.82
VMW 3.79 1 156.9
BNTC 3.84 1 4.15
FANG 3.89 1 80.54
SIEB 3.89 2 3.75
EAT 3.93 1 50.92
SPT 3.95 1 105.63
STE 3.98 1 213.64
TASK 4.04 1 46.75
SNA 4.15 1 221.53
AN 4.16 2 9.96
APPS 4.16 1 60.05
IMNM 4.16 1 13.79
ALEC 4.17 3 26.43
CLDX 4.17 1 49.08
WSM 4.21 2 169.56
COF 4.22 1 159.96
RL 4.24 2 120.5
NEWR 4.27 1 82.6
IMAB 4.28 1 76.16
DDS 4.31 5 207.73
MSGE 4.34 2 73.61
CAT 4.36 2 212.59
PRTA 4.43 2 63.98
TTWO 4.51 1 159.92
GOOG 4.55 25 2847.97
RACE 4.57 1 212.51
STZ 4.57 1 234.27
TSLA 4.57 141 708.49
ADI 4.60 1 165.78
CHCI 4.62 1 5.52
LAZR 4.65 1 17.18
EDIT 4.67 1 56.48
GRVY 4.67 2 94.73
HCA 4.67 1 249.32
ZM 4.69 11 340.25
ABNB 4.71 3 161.42
HAS 4.75 1 103.98
PLCE 4.81 1 100.58
ZG 4.83 3 97.82
YETI 4.85 1 99.58
FULC 4.87 3 26.3
HON 4.87 2 229.27
AXP 4.88 1 173.12
V 4.88 1 234.24
LIN 4.89 3 312.48
SJ 4.97 1 4.68
APP 5.03 1 74.5
APPN 5.04 2 104.17
RBLX 5.19 2 89.26
AACG 5.35 2 2.63
LLY 5.39 3 262.77
MRNA 5.39 17 394.94
HRI 5.63 1 125.13
SI 5.73 1 22.26
VERY 5.74 1 9.455
LH 5.76 2 73.31
LOW 5.78 3 203.39
DQ 5.79 4 47.85
SITM 5.79 3 203.99
CELH 5.86 1 73.31
CTRN 5.87 1 84.17
ENPH 5.87 2 172.92
UTHR 5.88 1 205.43
SCR 5.96 1 33.8
SPLK 6.11 2 153.02
ANVS 6.15 4 39.1
VIR 6.18 1 49.83
PKI 6.30 1 172.11
KMB 6.35 1 135.82
KEYS 6.46 1 168.72
RLMD 6.56 1 24.57
AAP 6.68 1 207.57
COST 6.76 2 451.79
TERN 6.81 1 12.84
LHDX 6.82 1 10.14
LAIX 6.87 1 0.99
MA 6.96 3 361.78
SPG 6.97 4 129.58
GH 7.05 1 113.67
GRTS 7.13 2 8.5
AMZN 7.28 90 3305.78
FLGT 7.33 3 93.54
DASH 7.45 2 187.61
SIVB 7.54 1 570.17
ZS 7.55 1 257.97
CRMT 7.58 2 132.01
BLK 7.59 1 880.67
CI 7.65 1 206.05
GPN 7.69 3 167.3
SCPS 7.94 3 4.51
TSCO 7.96 1 180.9
W 8.07 5 286.03
DOCS 8.11 1 88.39
ROLL 8.24 1 227.19
ROST 8.24 1 123.79
NRXP 8.25 3 14.68
NVOS 8.25 1 1.88
COIN 8.34 2 256.35
TDG 8.49 2 624.0
WAVE 8.60 1
AMGN 8.68 1 228.8
INTU 8.87 1 554.02
NNOX 9.05 1 24.2
VERV 9.28 2 63.44
UHAL 9.66 3 638.16
SNPS 9.69 1 315.57
KOSS 9.72 4 19.4
UPST 9.72 6 219.45
AAME 9.89 1 3.8
RGEN 10.02 1 234.73
LAD 10.32 1 371.73
TWST 10.36 1 114.5
SEDG 10.82 1 293.07
ANTM 10.86 1 383.57
EL 11.21 1 330.06
KALV 11.62 1 19.38
RAPT 11.74 1 31.92
CARV 11.81 2 17.68
LII 12.44 1 327.32
TPST 13.17 1 14.62
OCG 13.26 1 4.36
ROKU 13.43 1 479.39
NVCR 14.03 2 136.4
ZLAB 14.08 1 135.91
CPOP 14.11 1 59.65
SE 14.48 4 312
NVAX 14.88 8 233.01
COHN 15.28 1 23.39
GLSI 15.30 1 41.1
VRPX 15.31 2 14.67
JAN 15.89 1 6.8
EJH 15.96 2 3.84
NTLA 16.26 4 162.33
ACRS 16.90 1 14.65
ASML 16.96 1 719.77
DPZ 17.02 4 501.58
IAC 17.92 1 132.89
REGN 18.91 3 669.95
EBET 20.52 1 30.3
EEIQ 20.56 1 3.21
BNTX 20.64 2 446.24
AUVI 20.73 1 6.78
SNOW 21.81 1 281.37
SPG 27.88 1 129.58
AZO 34.41 1 1599.98
BKNG 36.56 1 2209.57
MSTR 38.02 1 630.07
SAM 41.05 1 699.01
SQBG 46.89 1 10.97
GOVX 56.89 2 5.99
GOVX 56.89 2 5.99
