NVAX 13.77 9 203.53 .603
BKNG 10.17 8 2377.82 .032
SAM 9.40 7 513.99 .126
REGN 8.57 8 606.7 .112
AMZN 8.18 93 3301.12 .186
DPZ 7.66 9 483 .135
W 7.31 7 270.85 .182
AZO 6.83 8 1737 .024
MDB 5.88 8 458.49 .096
BNTX 5.69 11 277.44 .220
ROKU 5.65 4 302.92 .072
SE 5.62 12 311.78 .216
EEIQ 5.44 4 6.51 3.340
KOSS 5.35 7 16.05 2.331
RGEN 5.32 5 286.19 .090
IAC 5.23 4 128.44 .160
ASML 5.22 9 750.42 .054
EJH 5.21 6 2.64 11.838
SEDG 5.15 4 261.87 .076
SPLK 5.11 4 137.57 .148
BLK 5.03 4 856.57 .020
COST 4.91 4 451.79 .040
DE 4.88 8 350.87 .104
ENPH 4.87 4 148.4 .128
AFRM 4.66 9 112.77 .369
MA 4.60 4 353.19 .052
UPST 4.49 13 320 .182
ZM 4.40 14 257.41 .238
EBET 4.40 5 32.33 .680
GOOG 4.33 27 2690.42 .027
GLSI 4.33 4 39.12 .440
LLY 4.31 4 230.36 .072
WDAY 4.30 4 249.51 .068
BIIB 4.30 4 285.56 .060
TSLA 4.22 145 781.31 .725
GPN 4.22 8 160.7 .208
ZG 4.16 4 86.88 .188
ADBE 4.10 6 577.7 .042
INDP 4.08 4 8.49 1.920
IRNT 4.02 4 20.03 .800
DOCS 3.99 4 82.02 .192
GRTS 3.97 4 10.6 1.496
ZS 3.95 4 258.88 .060
LOW 3.95 4 207.1 .076
CARV 3.92 6 16.82 1.398
CAT 3.91 4 197.87 .076
SIVB 3.90 4 655.99 .020
SNOW 3.89 7 293.8 .091
NRXP 3.86 6 9.35 2.472
ZLAB 3.76 5 106.97 .175
ANVS 3.73 6 31.34 .714
ROLL 3.70 6 214.9 .102
PDD 3.58 4 89.06 .160
BURL 3.49 4 303.18 .044
LIN 3.48 4 299.14 .044
AMGN 3.47 4 214.9 .064
ADGI 3.43 6 40.54 .504
RAPT 3.42 4 32.35 .420
SITM 3.41 5 190.99 .085
RBLX 3.40 4 76.31 .176
SNPS 3.38 4 302.62 .044
ADSK 3.38 5 287.99 .055
DQ 3.36 7 52.35 .448
SCPS 3.34 7 4.01 5.824
CELH 3.33 4 90.58 .144
UNH 3.25 9 400.41 .072
JAN 3.24 5 7.24 2.235
CPOP 3.24 4 3.03 4.276
TSCO 3.14 4 208.14 .060
FLGT 3.14 4 89.94 .136
LAD 3.10 4 345.76 .032
NEGG 3.07 20 13.86 4.420
XLNX 3.06 4 148.28 .080
TASK 3.03 4 68.9 .172
SAVA 3.02 26 62.14 1.248
NVCR 2.99 8 116.17 .200
GME 2.99 82 175.92 1.312
LH 2.92 4 286.91 .040
AUVI 2.90 7 7.19 2.821
FULC 2.86 5 27.79 .510
ADI 2.86 4 168.84 .064
DASH 2.82 7 205.83 .091
TPST 2.81 4 14.76 .760
GS 2.81 8 384.89 .056
ABNB 2.80 5 168.07 .080
WSM 2.77 4 191.66 .056
CI 2.73 4 203.93 .052
DLTR 2.71 3 100.51 .078
MRNA 2.70 27 378.9 .189
KNBE 2.69 4 21.99 .488
EL 2.69 5 306.4 .040
VMW 2.68 4 150.52 .068
DLPN 2.68 4 11.57 .924
COHN 2.68 4 19.92 .536
AACG 2.67 4 2.35 4.544
IWM 2.66 4 220.82 .048
XBI 2.65 4 125.63 .084
NCTY 2.63 5 10.07 1.305
PRTA 2.60 5 70.81 .180
AN 2.58 4 129.01 .076
TTD 2.55 5 67.81 .185
KALV 2.54 5 17.11 .740
STX 2.52 4 83.1 .120
ALEC 2.50 5 23.48 .530
BBY 2.48 4 109.43 .088
AAME 2.47 4 3.96 2.492
TWST 2.44 5 104.33 .115
SPT 2.41 4 120.61 .076
LII 2.41 4 300.48 .032
AVXL 2.41 5 17.82 .675
HON 2.39 4 214.92 .044
RL 2.38 4 116.89 .080
NXPI 2.35 4 198.75 .044
UPS 2.33 5 184.74 .060
CREE 2.28 4 80.03 .112
MCD 2.26 4 244.28 .036
APPS 2.24 3 68.12 .096
DDS 2.22 7 200.37 .077
NNOX 2.21 4 22.68 .388
OSTK 2.20 6 81.78 .156
V 2.19 4 226.68 .036
INTU 2.18 4 546.93 .012
MDT 2.17 4 126.58 .068
LWAC 2.17 4 16.98 .508
PKG 2.16 4 141.38 .060
WAVE 2.15 4 7.65 1.124
ANTM 2.14 4 388.8 .020
DIS 2.12 7 172.68 .084
ACRS 2.12 7 18 .819
CERE 2.10 5 31.51 .330
FANG 2.09 3 96.05 .063
CM 2.09 3 111.61 .054
SCR 2.08 3 34.2 .180
DELL 2.08 5 105.38 .095
ZIM 2.07 2 51.34 .080
BON 2.06 1 7.8 .264
IMPL 2.05 4 12.95 .632
ASAN 2.05 3 103.23 .057
RMBL 2.04 2 38.66 .104
MFNC 2.04 1 21.5 .094
COIN 2.04 4 225.28 .036
VLO 2.03 2 70.31 .056
JD 2.03 3 71.62 .084
PTON 2.02 2 85.4 .046
APRE 2.02 1 5.09 .396
TMUS 2.01 3 128.1 .045
MRIN 2.01 5 8.36 1.200
IBM 2.00 4 139.18 .056
AXP 2.00 3 171.54 .033
TDC 1.99 2 56.59 .070
UHAL 1.98 9 661.2 .018
TSN 1.98 3 80.49 .072
GH 1.98 5 121.1 .080
DD 1.98 1 69.15 .028
VTSI 1.97 1 10.17 .193
AMD 1.97 8 100.35 .152
SQ 1.96 22 236.04 .176
KSS 1.96 6 53.66 .216
JG 1.96 2 1.66 2.360
BNR 1.96 2 17.51 .222
VSCO 1.95 3 56.49 .102
LMT 1.95 9 350.29 .045
WAFU 1.94 3 6.29 .924
VRNT 1.94 2 44.96 .086
STZ 1.94 3 211.76 .027
LI 1.94 2 25.73 .150
RRGB 1.93 1 23.63 .081
LEGN 1.93 3 47.21 .120
AAP 1.93 3 216.77 .024
GWRE 1.92 3 118.84 .048
BTBT 1.92 7 7.91 1.694
NEE 1.91 1 78.35 .024
DLO 1.91 4 56.68 .132
DG 1.89 3 216.97 .024
SI 1.88 3 115.57 .048
PEP 1.88 2 152.3 .024
NTAP 1.88 3 90.33 .060
MSGE 1.88 4 72.97 .100
KMB 1.88 4 135.78 .052
FTCH 1.88 1 36.9 .050
TDG 1.87 4 634.5 .008
LPX 1.87 2 63.74 .058
LEDS 1.87 2 7.69 .486
ARVN 1.87 5 82.57 .110
GRVY 1.86 5 89.9 .100
BKE 1.86 2 43.65 .084
VIR 1.85 3 43.16 .126
VERY 1.85 3 9.31 .594
HOOD 1.85 12 43.13 .504
UTHR 1.84 3 185.5 .027
QDEL 1.84 3 140.01 .039
ON 1.84 1 45.84 .040
EXPI 1.84 5 39.57 .230
DUK 1.84 1 98.34 .018
DKNG 1.84 2 48.32 .076
AIT 1.83 1 92.17 .019
PFGC 1.82 2 48.17 .074
OSAT 1.82 2 5.23 .694
OKE 1.82 1 58.81 .030
COF 1.82 3 166.55 .030
OTIS 1.81 2 83.32 .042
EAT 1.81 2 51.08 .070
TVTX 1.79 2 23.99 .148
CTRN 1.79 3 79.71 .066
ANF 1.79 1 40.77 .043
UBER 1.78 2 44.52 .078
BIDU 1.78 117 151.92 1.287
ARCE 1.78 1 21.24 .083
VRPX 1.77 9 4.7 3.384
MOXC 1.77 3 7.23 .732
BLDR 1.77 1 53.92 .032
SKT 1.76 2 17.18 .204
LOGI 1.76 3 89.14 .057
FATE 1.76 2 59.8 .058
CRMT 1.76 6 123.4 .084
TTC 1.75 3 99.53 .051
TSP 1.75 5 35.01 .245
VOXX 1.74 2 11.68 .296
BHVN 1.74 4 132.41 .052
HAS 1.73 3 92.24 .054
AMAT 1.73 5 128.27 .065
YETI 1.72 3 87.78 .057
LAIX 1.72 4 0.8785 7.828
KODK 1.72 1 6.78 .253
HRI 1.71 3 167.07 .030
HD 1.71 9 336.93 .045
VMEO 1.70 1 29.7 .057
ROST 1.70 3 114.97 .042
LYFT 1.70 3 53.32 .093
KMPH 1.70 2 9.15 .370
ENOB 1.70 3 6.67 .762
NURO 1.69 10 10.34 1.630
LYEL 1.69 2 14.56 .232
LIFE 1.69 2 8.87 .380
SHEN 1.68 2 31.62 .106
NEWR 1.67 3 70.72 .069
MYGN 1.67 1 32.22 .051
EA 1.67 2 137.94 .024
TWTR 1.66 2 60.07 .054
PLD 1.66 3 126.44 .039
NMRD 1.66 4 5.76 1.152
MPC 1.66 1 61.93 .026
KURA 1.66 2 18.72 .176
ALXN 1.66 3 182.5 .027
SYPR 1.65 2 3.71 .888
NVOS 1.65 5 1.84 4.480
FLOW 1.65 3 73.97 .066
ESTC 1.65 4 147.79 .044
KMX 1.64 1 146.45 .011
CAH 1.64 3 51.59 .093
TNA 1.63 3 85.33 .057
LODE 1.63 1 2.59 .629
KYMR 1.63 1 58.45 .027
JZXN 1.63 4 2.48 2.628
MOS 1.62 1 36.49 .044
IYC 1.62 1 78.42 .020
AKAM 1.62 2 105.71 .030
CRCT 1.61 1 30.66 .052
USB 1.60 3 60.26 .078
SPI 1.60 2 5.03 .636
RMED 1.60 3 3.04 1.578
MBRX 1.60 1 3.03 .528
WHLM 1.59 3 5.35 .891
STMP 1.59 4 329.8 .016
MNST 1.59 3 89.33 .051
FL 1.59 2 49.39 .064
CSIQ 1.59 2 33.395 .094
CLDX 1.59 2 51.97 .060
BZ 1.59 1 35.47 .044
A 1.59 5 160 .045
LHDX 1.58 4 7.38 .856
FISV 1.58 5 110.67 .070
CELC 1.58 2 18.02 .174
RLMD 1.57 4 25.71 .244
RIOT 1.57 2 24.87 .126
LOOP 1.57 2 11.91 .262
GTEC 1.57 2 6.36 .492
CNC 1.57 1 63.26 .024
CARA 1.57 2 15.36 .204
PAYX 1.56 1 107.85 .014
DPW 1.56 5 2.33 3.345
IRDM 1.55 4 40.82 .148
DKS 1.55 7 127.08 .084
CRNC 1.55 4 100.83 .060
BLFS 1.55 1 42.03 .036
FUV 1.54 1 11.35 .135
CHCI 1.54 3 5 .924
TERN 1.53 4 10.29 .592
SIEB 1.53 5 3.3 2.315
GIS 1.53 1 60.77 .025
MVIS 1.51 4 11.12 .540
UAL 1.50 1 48.71 .030
SUPN 1.50 1 26.85 .055
AMEH 1.50 5 95.24 .075
ZEV 1.49 3 8.86 .504
STT 1.48 3 86.54 .051
SGOC 1.48 8 5.66 2.088
SEMR 1.48 2 24 .122
JRVR 1.48 2 33.87 .086
JNJ 1.48 2 164.02 .018
ISEE 1.48 2 15.52 .190
CHKP 1.48 5 114.89 .060
FGEN 1.47 3 10.31 .426
EDIT 1.47 3 42.5 .102
VCVC 1.46 1 9.85 .148
SFIX 1.46 2 39.48 .072
LITE 1.46 2 83.98 .034
LGHL 1.46 1 1.22 1.196
HTBX 1.46 2 5.9 .494
BYND 1.46 4 106.32 .052
PINS 1.45 3 50.37 .084
OCGN 1.45 5 6.82 1.060
MS 1.45 5 99.55 .070
EYEG 1.45 1 1.83 .792
EVOL 1.45 1 2.11 .687
BPTH 1.44 1 5.15 .279
SNOA 1.43 3 6.15 .696
SCKT 1.43 3 6.32 .678
LANC 1.43 2 171.03 .016
ATKR 1.43 2 92.38 .030
TTWO 1.42 4 151.6 .036
STE 1.42 4 209.11 .024
IMNM 1.42 4 24.15 .232
GM 1.42 1 52.93 .026
CYTK 1.42 3 33.59 .126
ATVI 1.42 3 77.38 .054
SCHW 1.41 2 75.38 .036
DOCN 1.41 3 77.85 .054
CROX 1.41 3 149.81 .027
AVIR 1.41 1 32.13 .043
SNA 1.40 4 215.07 .024
MMM 1.40 6 180.88 .042
LAZR 1.40 3 15.61 .267
JCS 1.40 3 8.45 .495
CVS 1.40 3 86.79 .048
CRDF 1.40 1 6.55 .213
ABT 1.40 4 119.46 .044
WGO 1.39 2 73.86 .036
OPNT 1.39 3 25.28 .162
JBL 1.39 2 57.23 .048
ERYP 1.39 2 5.83 .476
EOSE 1.39 2 14.01 .198
COUR 1.39 1 30.92 .044
TNET 1.38 1 95.28 .014
INCY 1.38 2 68.67 .040
PG 1.37 5 142.02 .045
LIVE 1.37 3 38.65 .105
ECOM 1.37 1 25.8 .053
ACMR 1.37 4 103.79 .052
AA 1.37 3 50.58 .081
TSM 1.36 2 111.62 .024
TAOP 1.35 3 2.59 1.563
RUN 1.35 4 41.61 .128
BWAY 1.35 1 8.1899 .164
WNW 1.34 1 4.16 .322
QADB 1.34 3 87.37 .045
FLWS 1.34 3 32.52 .123
PKI 1.33 3 175.05 .021
NLS 1.33 1 9.6 .138
TJX 1.32 4 69.9 .072
SLV 1.32 1 19.95 .066
HOG 1.32 2 37.66 .070
AEO 1.32 2 27.44 .096
WM 1.31 3 151.6 .024
VIH 1.31 1 10.08 .129
SPY 1.31 1 434.45 .003
ABCL 1.31 1 19.45 .067
UHS 1.30 4 143.27 .036
SPCE 1.29 22 22.56 1.254
OLLI 1.29 2 64.58 .038
APPN 1.29 4 91.98 .056
MAT 1.28 2 19.45 .130
FRD 1.28 1 11.95 .107
BILI 1.28 22 64.38 .418
RHE 1.27 2 8.14 .312
HJLI 1.27 1 10.59 .119
HCA 1.27 3 252.21 .015
APXT 1.27 1 12.11 .104
SLGG 1.26 1 3.03 .415
MESO 1.26 1 5.96 .211
JKS 1.26 2 41.85 .060
HHR 1.26 1 48.34 .026
DOMO 1.26 4 83.83 .060
THCB 1.25 1 10 .125
OPAD 1.25 4 8.9 .560
NGM 1.25 2 20.41 .122
BYSI 1.25 3 15.72 .237
SJ 1.24 4 4.14 1.196
PBTS 1.24 1 1.14 1.087
EDSA 1.24 1 7.4 .167
CMMB 1.24 2 11.23 .220
BNTC 1.24 3 3.5 1.062
ANPC 1.24 2 3.36 .738
TAP 1.23 2 47.32 .050
LAW 1.23 3 48.31 .075
J 1.23 3 136.42 .027
C 1.23 4 71.53 .068
AMC 1.23 55 35.54 1.870
RCUS 1.22 1 34.51 .035
EYES 1.22 6 3.11 2.352
DDL 1.22 2 23.5 .102
BBBY 1.22 12 22.2 .648
RTX 1.21 2 86.99 .026
KIRK 1.21 1 19.84 .060
HGEN 1.21 3 6.09 .594
ARAV 1.21 1 3.67 .329
MAXR 1.20 3 28.37 .126
JPM 1.20 12 165.95 .084
CRIS 1.20 2 7.77 .308
CETX 1.20 1 1.16 1.034
AMTX 1.20 3 16.32 .219
JWN 1.19 3 29.06 .120
QCOM 1.18 7 129.28 .063
GRU 1.18 1 4.32 .273
GRTX 1.18 1 8.02 .147
DFH 1.18 1 17.71 .066
AYRO 1.18 1 3.26 .361
NIU 1.17 3 23.14 .150
CLSK 1.17 1 11.61 .100
SIF 1.16 1 9.17 .126
HGSH 1.16 2 1.52 1.526
CLX 1.16 3 168.11 .018
IMTX 1.15 3 12.75 .270
DAL 1.14 4 43.36 .104
VNET 1.13 3 16.76 .201
STG 1.13 1 5.25 .215
NVDA 1.13 140 205.17 .700
NUAN 1.13 1 55 .020
BTX 1.13 2 9.14 .246
ABSI 1.13 1 11.48 .098
SPG 1.12 3 133.85 .024
RY 1.12 2 99.24 .022
MNOV 1.12 2 3.8 .588
FIGS 1.12 5 38.92 .140
BZUN 1.12 1 17.28 .064
TGTX 1.11 1 33.57 .033
TGT 1.11 9 235.85 .036
PMCB 1.11 3 3.02 1.101
KHC 1.11 1 37.53 .029
GIII 1.11 4 30.05 .144
DXC 1.11 2 34.29 .064
CNET 1.11 1 1.26 .880
OPTT 1.10 1 2.25 .488
XTLB 1.09 2 4.17 .522
GT 1.09 1 17.91 .060
DDD 1.09 8 27.77 .312
ATAI 1.09 1 14.79 .073
ALDX 1.09 2 8.93 .244
SLB 1.08 1 30.33 .035
RSLS 1.08 1 2.67 .404
MTSL 1.08 3 3.37 .960
FCBP 1.08 1 29.1 .037
BAC 1.08 3 43.07 .075
B 1.08 1 42.44 .025
AZYO 1.08 1 6.75 .160
ALF 1.08 2 6.87 .314
ACY 1.08 17 65.94 .272
TTCF 1.07 1 18.48 .057
SMLP 1.07 2 36.68 .058
APP 1.06 5 74.16 .070
SKX 1.05 2 42.88 .048
NETE 1.05 1 8.27 .126
OCUP 1.04 1 5.09 .204
KEYS 1.04 2 166.89 .012
IPA 1.04 2 6.19 .336
FSTX 1.04 1 6.98 .148
CANF 1.04 1 1.67 .622
ALLO 1.04 1 25.74 .040
MTTR 1.03 2 19.11 .106
FTEK 1.03 2 1.87 1.100
COP 1.03 5 68.04 .075
AMKR 1.03 1 25.17 .040
ALYA 1.03 3 2.72 1.134
NKE 1.02 7 146.02 .042
FAST 1.02 1 52.82 .019
CRM 1.02 10 270.5 .030
ZCMD 1.01 1 1.63 .619
RSI 1.01 1 18.77 .053
RCON 1.01 1 3.05 .331
MVST 1.01 4 8.6 .468
LL 1.01 1 19.31 .052
EGRX 1.01 2 55.09 .036
IMAB 1.00 5 71.21 .070
TRCH .98 2 4.95 .394
HOFV .98 2 2.65 .738
UAA .97 2 20.72 .092
SKLZ .97 3 9.97 .291
FA .96 1 19.33 .049
DWSN .96 1 2.55 .376
CHGG .96 2 67.96 .028
BTWN .95 1 9.84 .096
MSTR .94 8 566.32 .008
CGC .94 1 13.76 .068
MO .93 2 48.74 .038
HCM .93 4 36.2 .100
CHPT .93 1 20.43 .045
ABBV .93 4 108.84 .032
RACE .92 3 209.38 .012
PLCE .92 3 84.86 .030
LBPH .92 1 9.21 .099
KNL .92 1 25.04 .036
YEXT .91 1 11.94 .076
WFC .91 4 47.03 .076
SSY .91 3 2.63 1.038
SLS .91 3 9.22 .294
GEG .90 1 2.19 .410
CRTO .90 1 36.11 .024
ATNF .90 3 5.12 .525
YMM .89 1 15.06 .059
PLUG .89 8 25.19 .280
ACHL .89 1 6.6 .134
HPQ .88 3 27.31 .096
BABA .88 96 147.58 .480
GDEV .87 3 6.61 .393
FB .87 102 339.61 .204
DTSS .87 1 2.12 .410
AFMD .87 1 5.85 .148
VLDR .86 1 5.81 .148
RF .86 1 21.69 .039
ATHM .86 2 45.22 .038
SRNE .85 1 7.41 .114
SAFM .85 1 186.95 .004
RIDE .85 5 7.36 .575
RKT .84 1 16.33 .051
PTIX .84 2 1.86 .902
LEXX .84 3 6.29 .399
HRC .84 3 150.02 .015
HOL .84 3 12.35 .204
DTST .84 3 4.16 .603
CLII .84 3 14.36 .174
CCJ .84 3 20.58 .120
BB .84 11 9.6 .957
APOP .84 5 17.03 .245
UAVS .83 1 2.99 .277
LUV .83 3 52.54 .045
IRBO .83 1 42.22 .019
CNA .83 1 42.65 .019
BLUW .83 2 9.63 .172
SANA .82 1 21.55 .038
MNSO .82 1 14.57 .056
FITB .82 3 43.34 .054
SPRT .81 20 11.8 1.360
PYPL .80 5 259 .015
GMBL .80 1 6.55 .122
SWI .79 1 16.8 .047
SCYX .79 1 5.34 .147
PNRG .79 1 58 .013
MU .79 4 71.64 .044
BP .79 1 27.11 .029
ZY .78 3 12.75 .183
VVOS .78 4 4.01 .776
OTLK .78 1 2.13 .366
IPHA .78 4 6.48 .480
HX .78 1 2.05 .380
GNOG .78 1 17.36 .044
CAI .78 1 55.91 .013
BCRX .78 7 14.38 .378
WATT .77 1 2.07 .371
SJM .77 7 122.16 .042
PRFX .77 3 2.96 .780
PLTR .77 2 24.52 .062
ENTX .77 2 4.89 .314
QFIN .76 8 19.83 .304
NBRV .76 1 1.19 .638
MOSY .76 1 4.91 .154
APG .76 1 20.88 .036
AGRI .76 3 2.3 .990
NNVC .75 2 4.55 .328
NFLX .75 102 599.06 .102
GPS .75 6 24.68 .180
CEMI .75 7 2.52 2.079
PSTG .74 2 25.28 .058
MQ .74 1 22.97 .032
GTIM .74 1 5.3 .139
GRVI .74 3 5.24 .423
FUBO .74 2 22.89 .064
ATXI .74 1 1.48 .500
VZ .73 2 54.38 .026
VOOV .73 1 142.94 .005
UPC .73 3 2.36 .927
SQBG .73 2 6.24 .232
RNXT .73 2 6.43 .226
ORPH .73 3 4.15 .525
NVFY .73 3 2.25 .972
LEN .73 4 96.34 .028
MRK .72 2 75.09 .018
ENSC .72 1 3.17 .227
BTCM .72 4 7.61 .376
ARPO .72 1 2.2 .327
AREC .72 4 1.85 1.556
ZKIN .71 2 2.8 .506
XLV .71 2 128.88 .010
PALI .71 3 2.71 .783
GLD .71 6 161.32 .024
TBLA .70 1 9.85 .071
PRPL .70 3 22.05 .093
ORGS .70 1 4.76 .147
OCX .70 1 3.53 .198
JRJC .70 1 5.18 .135
IGIC .70 3 8.35 .249
CBAT .70 2 2.33 .600
BGFV .70 6 25.91 .162
WIMI .69 1 3.97 .173
BEKE .69 1 17.66 .039
ASM .69 1 0.7711 .894
ONCS .68 1 2.08 .326
INTC .68 5 53.49 .060
XONE .67 2 23.01 .058
WMT .67 14 140.44 .056
SHOP .67 5 1346.55 0
PDCO .67 2 30.84 .042
FOE .67 1 20.36 .032
CLNE .67 1 8.06 .083
ACH .67 1 18.27 .036
VIPS .66 1 10.99 .060
TIGR .66 5 10.35 .315
SSNT .66 1 6.12 .107
RETO .66 1 0.763 .865
ERJ .66 1 17.33 .038
CTKB .66 1 20.96 .031
CRTD .66 3 2.84 .696
AMOM .66 1 35.25 .018
TATT .65 3 5.865 .330
STRO .65 2 18.65 .068
PCVX .65 1 25.74 .025
OLB .65 1 3.73 .174
LMNL .65 3 2.26 .861
TESS .64 1 5.65 .113
SDC .64 2 5.25 .242
M .64 5 24.7 .125
LZB .64 2 34.15 .036
FLGC .64 2 5.84 .218
CTIB .64 3 1.88 1.020
BBWI .64 5 67.43 .045
XLP .63 1 70.1 .008
SILK .63 5 54.84 .055
DNUT .63 3 14 .135
CCL .63 4 25.52 .096
ULTA .62 1 378.35 .001
LJPC .62 2 4.06 .304
SPWH .61 1 17.75 .034
SOS .61 2 2.03 .600
PLG .61 1 1.82 .335
MRVL .61 5 60.15 .050
CL .61 3 77.08 .021
AMBO .61 1 1.44 .423
SPTN .60 2 22.44 .052
PSTV .60 1 1.9 .315
EVK .60 6 2.95 1.218
AVCT .60 1 2.83 .212
AMRS .60 1 13.56 .044
VERU .59 3 8.52 .207
UONE .59 3 8.31 .210
BIG .59 2 48.38 .024
WPRT .58 2 3.23 .358
WISH .58 3 5.59 .309
TRIT .58 3 6.01 .288
STAF .58 2 1.91 .606
SNAP .58 112 71.76 .896
MARA .58 11 30.61 .198
EPU .58 2 26.5 .042
WEI .57 1 0.7549 .755
SBTX .57 1 10.55 .054
GGAL .57 1 9.76 .058
ACI .57 5 32.07 .085
T .56 3 27.4 .060
SBH .56 2 18.24 .060
OBLN .56 3 3.05 .549
MTP .56 1 1.725 .324
KO .56 5 52.96 .050
CSCO .56 7 55.48 .070
CLPS .56 1 2.75 .203
CLPS .56 1 2.75 .203
CLOV .56 1 7.4 .075
ARMK .56 3 33.58 .048
VNE .55 6 34.2 .096
UWMC .55 1 6.76 .081
EVGO .55 1 8.39 .065
EOLS .55 1 7.36 .074
APTO .55 2 2.3 .478
WHLR .54 2 2.92 .368
TQQQ .54 132 125.99 .528
ENZ .54 2 3.52 .306
AUUD .54 5 2.53 1.065
ADMA .54 1 1.13 .477
TBIO .53 3 37.36 .042
MEDS .53 5 4.9 .540
HUYA .53 3 7.97 .198
EQ .53 1 6.15 .086
ENG .53 2 3.1 .340
VIVE .52 1 2.3 .226
TLRY .52 3 11.11 .138
KULR .52 1 2.03 .256
FLO .52 2 23.99 .042
WOOF .51 2 21.68 .046
VTNR .51 6 5.05 .600
K .51 8 65.3 .056
DYAI .51 3 5.39 .282
CPSH .51 1 4.96 .102
AUTL .51 1 6.34 .080
SONO .50 5 32.87 .075
PATI .50 2 11.8016 .084
ORMP .50 11 22.34 .242
LTHM .50 7 22.75 .147
RKDA .49 1 2.08 .235
NRBO .49 2 3.69 .264
IGC .49 3 1.48 .993
GP .49 3 14.39 .102
GEVO .49 4 6.47 .300
ENLV .49 2 9.78 .100
ECHO .49 1 47.84 .010
BBIG .49 16 6 1.296
ARMP .49 1 3.62 .135
XLE .48 5 52.89 .045
NNDM .48 3 5.56 .258
NIO .48 75 35.13 .975
DBGI .48 3 3.25 .441
CLF .48 7 19.92 .168
TRIL .47 1 17.77 .026
STEM .47 5 23.59 .095
SOHU .47 6 20.22 .138
MSFT .47 108 284 .108
DARE .47 1 1.64 .286
BODY .47 2 5.84 .160
BGI .47 1 2.84 .165
AEHR .47 17 13.84 .561
XPEV .46 80 34.55 1.040
VXX .46 3 27.81 .048
UFAB .46 2 3.62 .254
NTEC .46 4 9.63 .188
KBSF .46 2 2.97 .308
INOV .46 1 40.4 .011
GURE .46 1 4.58 .100
CVV .46 2 4.46 .206
BCLI .46 1 3.18 .144
TYME .45 4 1.02 1.764
TME .45 1 7.01 .064
ONCT .45 2 4.04 .222
BLIN .45 7 3.84 .819
ADIL .45 2 4.18 .214
WORX .44 4 2.07 .848
GALT .44 3 3.82 .345
FFHL .44 2 9.58 .090
FCX .44 17 33.11 .221
EVGN .43 1 2.63 .163
COTY .43 4 7.94 .216
CAN .43 4 5.54 .308
ATIF .43 1 3.95 .108
AQMS .43 2 2.13 .402
KR .42 14 41.34 .140
DEN .42 3 71.99 .015
SRNG .41 1 11.42 .035
KZIA .41 2 11.25 .072
GTT .41 1 2.36 .173
CTSO .41 3 8.1 .150
ASTR .41 3 8.6 .141
ACOR .41 4 4.69 .348
YJ .40 2 0.6966 1.148
XOM .40 6 59.88 .036
RRD .40 2 5.1 .156
LIZI .40 4 2.84 .560
GE .40 4 106.28 .012
FBRX .40 1 3.05 .131
DUOT .40 1 6.15 .065
CIEN .40 18 51.32 .126
CHRA .40 1 4.62 .086
AAPL .40 107 142.83 .214
MDIA .39 2 9.71 .080
HRL .39 4 41.62 .036
CSCW .39 2 0.5208 1.496
OVID .38 2 3.31 .228
MRTN .38 3 15.84 .069
AZN .38 9 59.67 .054
ANY .38 11 5.85 .704
ANIX .38 1 4.75 .080
AAL .38 8 21.01 .144
ORCL .37 34 91.25 .136
NEXT .37 3 2.79 .396
HUGE .37 1 1.54 .240
HNST .37 1 10.49 .035
GPK .37 1 19.47 .019
CHMA .37 2 3.76 .196
MRKR .36 1 1.71 .210
JFIN .36 2 3.88 .184
IDEX .36 4 1.91 .752
GNLN .36 2 2.31 .310
BNGO .36 11 5.21 .759
AKTX .36 1 1.67 .215
AGNC .36 2 15.97 .044
ADMP .36 1 0.9601 .374
ACB .36 3 6.74 .159
ORGO .35 2 14.74 .046
IRIX .35 3 7.43 .141
GOVX .35 6 4.5 .462
CLSD .35 3 5.88 .177
BSQR .35 13 2.36 1.924
AESE .35 1 1.75 .200
XELB .34 2 1.63 .416
HWCC .34 1 5.3 .064
LMFA .33 4 3.96 .332
HNP .33 2 20.71 .030
GTS .33 1 35.36 .009
BHTG .33 1 1.4 .235
VBLT .32 2 2.01 .318
TAL .32 2 4.41 .144
SPCB .32 2 0.993 .644
MINM .32 2 1.85 .344
IMMP .32 3 3.99 .240
DRN .32 2 22.51 .028
BKYI .32 1 3.41 .093
YPF .31 1 4.53 .068
WINT .31 3 2 .465
ULBI .31 2 7.08 .086
PYPL .31 13 259 .013
PIRS .31 5 5.17 .295
FENC .31 1 9.28 .033
EXPR .31 4 5.11 .240
DMAC .31 2 4.04 .152
D .31 8 74.35 .032
AEY .31 1 2.36 .131
OXBR .30 5 2.8 .535
LC .30 6 26.75 .066
HAPP .30 1 0.9522 .315
HUSN .29 4 2.5 .464
AXLA .29 1 3 .096
OBSV .28 3 3.1 .270
NKLA .28 14 10.61 .364
MITO .28 1 1.35 .207
IMMR .28 2 6.8 .082
ALTO .28 3 4.76 .174
NAOV .27 11 1.98 1.496
ENVB .27 3 2.1 .384
PPBT .26 1 4.52 .057
PME .26 1 0.7655 .339
GSM .26 6 8.16 .186
ATOS .26 4 3.15 .328
PBLA .25 1 2.18 .114
MTL .25 3 3.86 .192
RAIL .24 4 4.52 .212
IKT .24 1 1.91 .125
GBR .24 1 4.08 .058
MOGO .23 3 4.38 .156
KDMN .23 2 8.73 .052
ACHV .23 1 8.62 .026
THTX .22 1 3.8 .057
SSKN .22 1 1.83 .120
JFU .22 3 1.74 .378
GENE .22 2 3.16 .138
DYNT .22 5 1.46 .750
XELA .21 6 1.86 .672
VIEW .21 1 5.19 .040
TENX .21 1 1.7 .123
PFE .21 6 43.53 .024
OCG .21 4 3.8 .220
KXIN .21 5 2.75 .380
ALAC .21 2 11.32 .036
ZNGA .20 2 7.55 .052
PHUN .20 5 0.9449 1.055
ENSV .20 1 1.4 .142
EKSO .20 1 4.3 .046
SBS .19 3 7.1 .078
NBEV .19 1 1.38 .137
VSH .18 3 20.28 .024
TEO .18 1 4.95 .036
TELL .18 5 3.75 .240
OSMT .18 3 2.82 .189
ET .18 2 9.58 .036
PPC .17 2 29.55 .010
LIVX .17 2 2.98 .114
IRCP .17 1 2.91 .058
GMTX .17 1 4.14 .041
FCEL .17 129 6.57 3.225
SNES .16 2 1.51 .210
RAVN .16 2 57.61 .004
MOMO .16 2 10.44 .030
ME .16 2 8.53 .036
INFI .16 4 3.35 .188
HFBL .16 1 18.75 .008
SSL .15 9 18.07 .072
OXY .15 25 30.03 .100
IMV .15 2 1.68 .178
GRUB .15 3 14.99 .030
CHNG .15 2 21.15 .014
SYKE .14 3 54 .006
OEG .14 1 2.98 .046
INM .14 1 1.82 .076
IEC .14 1 15.33 .009
EDU .14 1 1.85 .075
SVBI .13 1 12.47 .010
LMRK .13 1 16.38 .007
ESXB .13 1 11.25 .011
CRON .13 4 5.6 .092
SBBP .12 2 2 .120
RIG .12 2 3.79 .062
PSTX .12 1 7.09 .016
GSAT .12 2 1.61 .148
CHNR .12 4 1.24 .384
VERB .11 6 1.74 .378
SNMP .11 2 1.14 .192
MRO .11 11 13.79 .077
MOHO .11 3 0.575 .573
MFGP .11 2 5.49 .040
GBS .11 1 2.26 .048
FENG .11 2 1.28 .170
CPG .11 2 4.55 .048
CALA .11 1 2.12 .051
AGEN .11 8 5.24 .160
XLK .10 3 150.4 0
SLHG .10 1 2.52 .039
PBR .10 5 10.38 .045
EDTK .10 2 1.24 .160
DBVT .10 5 4.74 .105
CNFR .10 2 2.75 .072
AEMD .10 2 3.87 .050
WTER .09 2 1.53 .116
TEDU .09 2 1.36 .132
SELF .09 1 4.99 .018
PRPO .09 3 2.78 .096
NOK .09 2 5.43 .032
BIOC .09 2 3.86 .046
AEI .09 2 2.38 .074
MBII .08 1 0.9224 .086
MARK .08 2 1.06 .150
CLDR .08 1 15.98 .005
BQ .08 2 2.25 .070
NEPT .07 2 0.6002 .232
ITRO .07 1 1.27 .055
ITRN .07 3 25.6 .006
XBIO .06 8 2 .240
WYNN .06 3 83.63 0
PSP .06 2 14.99 .008
OCG .06 13 3.8 .195
MSTR .06 118 566.32 0
FRO .06 9 9.03 .054
ULTA .05 12 378.35 0
MDNA .05 8 2.56 .152
FRBK .05 1 3.11 .016
WYNN .04 4 83.63 0
VTGN .04 3 2.72 .042
PBT .04 2 5.6 .014
CXP .04 1 19.01 .002
AVGR .04 7 0.742 .371
VCAR .03 1 11.5889 .002
SNDL .03 1 0.6761 .044
SIC .03 1 14.43 .002
SHOP .03 88 1346.55 0
DFP .03 1 28.5 .001
NWHM .02 1 8.99 .002
KIN .02 2 9.25 .004
IACB .02 2 9.92 .004
DSE .02 1 9.49 .002
BLNK .02 11 27.95 0
BEST .02 2 1.65 .024
XPDI .01 3 10.06 0
SLVO .01 2 4.92 .004
PMD .01 1 8.355 .001
INFL .01 2 29.41 0
WMPN 0 4 12.35 0
GSKY 0 1 11.31 0
RTLR -.01 7 11.73 0
EIC -.08 1 17.59 -.004
NSYS -.12 1 11.3292 -.010
