EJH 5.21 6 2.43 12.864
LAIX 1.72 4 0.8652 7.948
SCPS 3.34 7 4.13 5.656
EEIQ 4.33 5 3.9 5.550
NEGG 3.07 20 13.22 4.640
AACG 2.67 4 2.37 4.504
NVOS 1.65 5 1.86 4.435
CPOP 2.34 5 2.76 4.235
FCEL .17 129 6 3.612
VRPX 1.77 9 4.47 3.555
DPW 1.56 5 2.35 3.315
AUVI 2.56 8 6.18 3.312
JZXN 1.63 4 2.19 2.976
JAN 3.24 5 6.22 2.600
NRXP 3.86 6 9.2 2.514
EYES 1.22 6 3.01 2.430
JG 1.96 2 1.62 2.418
AAME 2.47 4 4.18 2.360
SIEB 1.53 5 3.28 2.330
KOSS 5.35 7 16.1 2.324
CEMI .75 7 2.39 2.191
BSQR .35 13 2.2 2.067
SGOC 1.48 8 5.73 2.064
NURO 1.69 10 9.14 1.840
AMC 1.23 55 36.77 1.815
TYME .45 4 1 1.800
INDP 2.52 5 7.28 1.730
TAOP 1.35 3 2.46 1.644
NAOV .27 11 1.81 1.639
RMED 1.60 3 2.94 1.632
GRTS 3.14 5 9.78 1.605
CSCW .39 2 0.5179 1.506
BTBT 1.39 8 7.59 1.464
SAVA 3.02 26 54.31 1.430
HGSH 1.16 2 1.63 1.422
BIDU 1.78 117 146.39 1.404
GME 2.99 82 171.36 1.394
SJ 1.24 4 3.6025 1.376
SPRT .81 20 11.8 1.360
CARV 3.92 6 17.29 1.356
AREC .72 4 2.13 1.352
IRNT 3.52 5 12.99 1.350
EVK .60 6 2.68 1.338
BBIG .49 16 5.89 1.328
WAVE 2.15 4 6.61 1.300
NCTY 2.63 5 10.15 1.295
MRIN 2.01 5 7.81 1.285
AUUD .54 5 2.21 1.220
FTEK 1.03 2 1.71 1.204
ALYA 1.03 3 2.6 1.188
SPCE 1.14 23 22.73 1.150
YJ .40 2 0.7 1.142
PHUN .20 5 0.881 1.135
AGRI .76 3 2.01 1.134
NMRD 1.66 4 5.94 1.116
PMCB 1.11 3 3.05 1.089
BNTC 1.24 3 3.43 1.083
PBTS 1.24 1 1.15 1.078
CETX 1.20 1 1.12 1.071
OCGN 1.45 5 6.75 1.070
SSY .91 3 2.58 1.056
NIO .48 75 33.4 1.050
XPEV .46 80 34.11 1.040
CTIB .64 3 1.88 1.020
NVFY .73 3 2.16 1.011
IGC .49 3 1.46 1.005
CHCI 1.54 3 4.65 .993
LHDX 1.58 4 6.38 .988
MTSL 1.08 3 3.37 .960
BB .84 11 9.6 .957
WAFU 1.94 3 6.124 .948
CNET 1.11 1 1.17 .948
PTIX .84 2 1.78 .942
LMNL .65 3 2.09 .933
SNAP .58 112 71.23 .896
DLPN 2.68 4 12.09 .884
BBBY 1.07 13 15.7 .884
EBET 3.45 6 23.57 .876
PALI .71 3 2.43 .876
SYPR 1.65 2 3.77 .874
WHLM 1.59 3 5.52 .864
UPC .73 3 2.53 .864
WORX .44 4 2.03 .864
ACRS 2.12 7 17.16 .861
RETO .66 1 0.7675 .859
ANPC 1.24 2 2.93 .846
NVDA 1.23 141 197.32 .846
ASM .69 1 0.82 .841
PRFX .77 3 2.78 .828
CRTD .66 3 2.4 .825
VVOS .78 4 3.79 .820
DYNT .22 5 1.36 .805
BLIN .41 8 4.07 .800
EYEG 1.45 1 1.82 .796
SNOA 1.43 3 5.42 .789
ADGI 3.21 7 28.63 .784
BNGO .36 11 5.06 .781
LGHL 1.46 1 1.89 .772
IDEX .36 4 1.87 .768
TPST 2.19 5 14.28 .765
HOFV .98 2 2.56 .764
ENOB 1.70 3 6.71 .759
WEI .57 1 0.7503 .759
IMPL 2.05 4 10.83 .756
OSAT 1.82 2 4.92 .738
MOXC 1.77 3 7.2 .735
ANVS 3.73 6 30.35 .732
TSLA 4.22 145 781.53 .725
RIDE .85 5 5.85 .725
XELA .21 6 1.74 .720
AVXL 2.41 5 17.3 .695
NVAX 13.77 9 178.27 .693
ANY .38 11 5.99 .693
LODE 1.63 1 2.4 .679
SCKT 1.43 3 6.31 .678
NBRV .76 1 1.12 .678
KALV 1.65 7 17.15 .672
SPCB .32 2 0.96 .666
OPAD 1.25 4 7.51 .664
SPI 1.60 2 4.82 .662
EVOL 1.45 1 2.19 .662
ZCMD 1.01 1 1.56 .647
CANF 1.04 1 1.62 .641
CBAT .70 2 2.22 .630
DTST .84 3 4.04 .621
VERY 1.85 3 9.05 .612
MNOV 1.12 2 3.67 .610
STAF .58 2 1.92 .604
HGEN 1.21 3 6.07 .597
AEHR .47 17 13.08 .595
MVIS 1.51 4 10.3 .584
TERN 1.53 4 10.54 .580
SOS .61 2 2.1 .580
BABA .88 96 139.63 .576
MBRX 1.60 1 2.78 .575
MOHO .11 3 0.5765 .570
COHN 2.68 4 19.26 .556
OBLN .56 3 3.05 .549
ALEC 2.10 6 22.87 .546
ORPH .73 3 4.01 .546
MEDS .53 5 4.83 .545
HOOD 1.85 12 40.93 .540
DBGI .48 3 2.67 .537
FULC 2.86 5 26.49 .535
ZEV 1.49 3 8.33 .534
LIZI .40 4 2.99 .532
JCS 1.40 3 7.94 .528
TQQQ .54 132 119.04 .528
ZKIN .71 2 2.72 .522
MVST 1.01 4 7.76 .520
IPHA .78 4 5.98 .520
HUSN .29 4 2.23 .520
GTEC 1.57 2 6.06 .518
ATXI .74 1 1.43 .517
OXBR .30 5 2.89 .515
LEDS 1.87 2 7.3 .512
GOVX .35 6 4.08 .510
KNBE 2.69 4 21.15 .508
LWAC 2.17 4 16.98 .508
XTLB 1.09 2 4.3 .506
OPTT 1.10 1 2.18 .504
VTNR .51 6 6.07 .504
ATNF .90 3 5.42 .498
HTBX 1.46 2 5.88 .496
APTO .55 2 2.23 .492
ADMA .54 1 1.15 .469
XELB .34 2 1.47 .462
ERYP 1.39 2 6.18 .448
WINT .31 3 2.08 .447
DTSS .87 1 1.95 .446
FGEN 1.47 3 9.93 .444
GRVI .74 3 5.01 .441
GLSI 3.27 5 36.76 .440
BILI 1.28 22 61.99 .440
AMBO .61 1 1.39 .438
SLGG 1.26 1 2.91 .432
ENVB .27 3 1.87 .432
DQ 3.36 7 54.79 .427
AQMS .43 2 2.01 .426
DWSN .96 1 2.28 .421
CERE 2.11 6 29.95 .420
KXIN .21 5 2.49 .420
GEG .90 1 2.16 .416
RSLS 1.08 1 2.6 .415
NRBO .49 2 2.37 .412
RAPT 2.15 6 31.52 .408
JFU .22 3 1.61 .408
BCRX .78 7 13.31 .406
NNOX 2.21 4 22.09 .400
CHNR .12 4 1.2 .400
LEXX .84 3 6.3 .399
AVGR .04 7 0.6924 .399
TRCH .98 2 4.95 .394
AFRM 4.66 9 107.93 .387
LIFE 1.69 2 8.73 .386
APRE 2.02 1 5.29 .381
NEXT .37 3 2.91 .381
NKLA .28 14 10.17 .378
KMPH 1.70 2 9.01 .376
WATT .77 1 2.05 .375
WHLR .54 2 2.9 .372
OTLK .78 1 2.11 .369
ACOR .41 4 4.43 .368
WNW 1.34 1 3.66 .366
NNVC .75 2 4.08 .366
AYRO 1.18 1 3.24 .364
WPRT .58 2 3.21 .360
HX .78 1 2.17 .359
WISH .58 3 4.85 .357
GALT .44 3 3.69 .357
RCON 1.01 1 2.84 .355
GDEV .87 3 7.37 .354
MINM .32 2 1.8 .354
ALF 1.08 2 6.13 .352
PME .26 1 0.743201 .349
ENG .53 2 3.03 .348
IPA 1.04 2 5.99 .346
ADMP .36 1 1.04 .346
ARAV 1.21 1 3.6 .336
TATT .65 3 5.8 .336
ATOS .26 4 3.06 .336
TIGR .66 5 9.83 .335
ONCS .68 1 2.05 .331
MTP .56 1 1.69 .331
DDD 1.09 8 26.09 .328
QFIN .76 8 18.27 .328
BTCM .72 4 8.68 .328
ARPO .72 1 2.2 .327
PSTV .60 1 1.83 .327
RHE 1.27 2 7.78 .326
ENTX .77 2 4.72 .326
VBLT .32 2 1.97 .324
PIRS .28 6 5.16 .324
SKLZ .97 3 9 .321
MRNA 3.75 29 325.84 .319
HAPP .30 1 0.938 .319
PLG .61 1 1.93 .316
NVCR 3.93 9 109.43 .315
IMNM 1.42 4 18.19 .312
ENZ .54 2 3.46 .312
GEVO .49 4 6.23 .312
SLS .91 3 8.8 .309
VOXX 1.74 2 11.24 .308
ACY .91 18 52.57 .306
LJPC .62 2 4.03 .306
TRIT .58 3 5.68 .306
CRIS 1.20 2 7.85 .304
BNTX 6.26 12 248.9 .300
LMFA .33 4 4.4 .300
DDS 6.22 9 185.15 .297
GNLN .36 2 2.42 .296
DARE .47 1 1.6 .293
ENSC .72 1 2.47 .291
DYAI .51 3 5.24 .291
BPTH 1.44 1 5 .288
PLUG .89 8 24.32 .288
KBSF .46 2 3.19 .288
LOOP 1.57 2 11.07 .282
LAZR 1.40 3 14.83 .282
VERB .11 6 2.31 .282
UAVS .83 1 2.96 .280
OBSV .28 3 2.98 .279
CAN .43 4 6.28 .272
FLGT 4.22 5 77.39 .270
GRU 1.18 1 4.4 .268
UFAB .46 2 3.42 .268
NNDM .48 3 5.38 .267
BHTG .33 1 1.24 .266
BON 2.06 1 7.75 .265
IMTX 1.15 3 12.95 .264
ORMP .50 11 20.28 .264
EXPR .31 4 4.69 .264
RNXT .73 2 5.6 .260
KODK 1.72 1 6.67 .257
LYEL 1.69 2 13.11 .256
XBIO .06 8 1.84 .256
TSP 1.75 5 34.19 .255
IMMP .32 3 3.79 .252
KULR .52 1 2.07 .251
HUGE .37 1 1.47 .251
BTX 1.13 2 8.99 .250
SDC .64 2 5.08 .250
BNR 1.96 2 15.77 .248
ALDX 1.09 2 8.77 .248
FCX .45 19 32.71 .247
BYSI 1.25 3 15.07 .246
CMMB 1.24 2 10.15 .244
DOCS 3.04 6 75.01 .240
EXPI 1.84 5 38.17 .240
IGIC .70 3 8.65 .240
FLGC .64 2 5.32 .240
NEPT .07 2 0.58 .240
RKDA .49 1 2.05 .239
ADIL .45 2 3.76 .238
TELL .18 5 3.82 .235
RLMD 1.57 4 26.82 .232
SQBG .73 2 6.24 .232
KSS 1.63 7 48.96 .231
VIVE .52 1 2.26 .230
AVCT .60 1 2.61 .229
APOP .84 5 18.59 .225
ZM 4.40 14 259.58 .224
ONCT .45 2 4.01 .224
OCG .21 4 3.75 .224
OVID .38 2 3.43 .220
RAIL .24 4 4.34 .220
STG 1.13 1 5.15 .219
GPN 4.22 8 156.22 .216
CARA 1.57 2 14.44 .216
MRKR .36 1 1.66 .216
MESO 1.26 1 5.88 .214
AAPL .40 107 139.14 .214
SNES .16 2 1.49 .214
AMTX 1.20 3 16.72 .213
AKTX .36 1 1.69 .213
W 7.31 7 239.49 .210
VNET 1.13 3 16.01 .210
VERU .59 3 8.37 .210
UONE .59 3 8.38 .210
HUYA .53 3 7.56 .210
CLSD .35 3 4.97 .210
SKT 1.76 2 16.77 .208
OCUP 1.04 1 4.99 .208
COTY .43 4 8.14 .208
OCG .06 13 3.75 .208
EOSE 1.39 2 13.41 .206
CRDF 1.40 1 6.81 .205
SE 5.62 12 317.9 .204
TASK 2.03 6 59.52 .204
FB .87 102 326.23 .204
HOL .84 3 12.35 .204
OCX .70 1 3.42 .204
MARA .59 12 33.63 .204
CLPS .56 1 2.74 .204
CLPS .56 1 2.74 .204
CVV .46 2 4.49 .204
MITO .28 1 1.37 .204
GSM .27 7 9.24 .203
AESE .35 1 1.74 .201
ZLAB 3.42 6 102.5 .198
JFIN .36 2 3.61 .198
PRTA 2.01 7 71.7 .196
VTSI 1.97 1 10.01 .196
CHMA .37 2 3.76 .196
INFI .16 4 3.23 .196
UPST 4.49 13 289.77 .195
TTD 2.55 5 66.03 .190
AGEN .12 9 5.47 .189
NTEC .46 4 9.63 .188
SNMP .11 2 1.17 .188
AMZN 8.18 93 3189.78 .186
GPS .75 6 23.89 .186
IMV .15 2 1.63 .184
CELC 1.58 2 17.24 .182
ZG 3.17 5 85.68 .180
OSMT .18 3 3 .180
FENG .11 2 1.22 .180
MARK .08 2 0.88 .180
WIMI .69 1 3.86 .178
SCR 2.08 3 34.83 .177
MTL .25 3 4.22 .177
SQ 1.96 22 226.25 .176
ISEE 1.48 2 16.66 .176
RBLX 2.77 5 77.8 .175
OSTK 2.20 6 73.8 .174
KURA 1.66 2 19 .174
CLII .84 3 14.36 .174
GTT .41 1 2.36 .173
EDSA 1.24 1 7.17 .172
BLUW .83 2 9.63 .172
EVGN .43 1 2.49 .172
BODY .47 2 5.51 .170
BWAY 1.35 1 7.98 .169
ZY .78 3 13.73 .168
BGFV .70 6 24.42 .168
CLF .48 7 19.83 .168
MOGO .23 3 4.05 .168
AZYO 1.08 1 6.57 .164
BGI .47 1 2.85 .164
VIR 1.85 3 34.04 .162
OLB .65 1 3.99 .162
M .64 6 22.89 .162
ALTO .28 3 5.15 .162
GSAT .12 2 1.47 .162
EDTK .10 2 1.22 .162
IRDM 1.55 4 38.54 .160
MOSY .76 1 4.77 .159
GRTX 1.18 1 7.5 .157
SCYX .79 1 5.02 .157
ASTR .41 3 7.78 .156
ARVN 1.91 7 84.9 .154
DMAC .31 2 4.02 .154
AMD 1.77 9 100.34 .153
OPNT 1.39 3 26.85 .153
NIU 1.17 3 22.64 .153
ACB .36 3 7.04 .153
GIII 1.11 4 29.14 .152
TEDU .09 2 1.17 .152
VLDR .86 1 5.68 .151
CELH 2.77 5 90.62 .150
LI 1.94 2 25.58 .150
FIGS 1.12 5 36.18 .150
CTSO .41 3 8.08 .150
VCVC 1.46 1 9.85 .148
AFMD .87 1 5.84 .148
ORGS .70 1 4.7 .148
TAL .32 2 4.29 .148
FUV 1.54 1 10.45 .147
RRD .40 2 5.47 .146
SPLK 4.15 5 140.28 .145
FSTX 1.04 1 7.17 .145
BCLI .46 1 3.16 .145
DPZ 7.66 9 470.91 .144
DLO 1.91 4 52 .144
NLS 1.33 1 9.19 .144
TLRY .52 3 10.74 .144
TVTX 1.79 2 24.93 .142
IAC 3.78 5 133.6 .140
KR .42 14 39.63 .140
GENE .22 2 3.14 .140
ARMP .49 1 3.52 .139
MAT 1.28 2 18.35 .138
SOHU .47 6 20.05 .138
IRIX .35 3 7.57 .138
NBEV .19 1 1.38 .137
NETE 1.05 1 7.69 .136
GTIM .74 1 5.41 .136
LTHM .39 8 22.81 .136
AAL .38 8 21.39 .136
ORCL .37 34 89.26 .136
MDNA .05 8 2.85 .136
DNUT .63 3 13.93 .135
FBRX .40 1 2.96 .135
SIF 1.16 1 8.63 .134
SRNE .85 1 6.35 .133
AEY .31 1 2.32 .133
JWN 1.19 3 26.83 .132
ENPH 3.89 5 145.03 .130
SEMR 1.48 2 22.44 .130
VIH 1.31 1 10.05 .130
JRJC .70 1 5.36 .130
FLWS 1.34 3 31.04 .129
RUN 1.35 4 40.99 .128
SAM 9.40 7 503.77 .126
MAXR 1.20 3 28.39 .126
CIEN .40 18 51.73 .126
PDD 2.15 5 85.08 .125
THCB 1.25 1 10 .125
PBLA .25 1 2 .125
RIOT 1.57 2 25.25 .124
GMBL .80 1 6.45 .124
IKT .24 1 1.95 .123
HJLI 1.27 1 10.38 .122
ACHL .89 1 7.35 .121
SBBP .12 2 1.97 .120
WTER .09 2 1.5 .120
ENSV .20 1 1.69 .118
REGN 7.44 9 555.42 .117
EDIT 1.47 3 37.29 .117
CYTK 1.42 3 36.39 .117
DLTR 2.91 4 98.37 .116
STX 2.52 4 84.14 .116
NGM 1.25 2 21.54 .116
SSKN .22 1 1.9 .115
LIVE 1.37 3 36.01 .114
MTTR 1.03 2 18.01 .114
CCJ .84 3 21.85 .114
TESS .64 1 5.62 .113
DE 4.88 8 338.44 .112
RGEN 4.41 7 272.9 .112
CREE 2.28 4 79.12 .112
GH 1.57 8 105.97 .112
LIVX .17 2 3.01 .112
VSCO 1.95 3 52.36 .111
LEGN 1.93 3 50.96 .111
RMBL 2.04 2 37.06 .110
TENX .21 1 1.91 .109
MSGE 1.88 4 69.17 .108
HCM .93 4 33.52 .108
SSNT .66 1 6.07 .108
MSFT .47 108 283.11 .108
FRD 1.28 1 11.86 .107
CPSH .51 1 4.77 .106
GP .49 3 13.86 .105
STEM .47 5 22.24 .105
MDB 5.88 8 444.97 .104
SHEN 1.68 2 32.29 .104
DKS 1.67 8 121.49 .104
APXT 1.27 1 12.11 .104
OXY .14 26 31.81 .104
ABSI 1.13 1 10.88 .103
NFLX .70 103 603.35 .103
GRVY 1.55 6 87.62 .102
AEO 1.32 2 25.74 .102
DDL 1.22 2 23.5 .102
GURE .46 1 4.48 .102
LBPH .92 1 9.05 .101
LAD 6.41 5 314.57 .100
DAL 1.14 4 44.96 .100
ENLV .49 2 9.73 .100
ATIF .43 1 4.28 .100
AXLA .29 1 2.88 .100
DBVT .10 5 4.93 .100
CAH 1.64 3 49.53 .099
PRPL .70 3 21.05 .099
PRPO .09 3 2.68 .099
DASH 2.82 7 197.68 .098
CSIQ 1.59 2 31.9 .098
APPS 2.24 3 69.36 .096
BTWN .95 1 9.81 .096
CCL .63 4 25.34 .096
DELL 2.08 5 105.24 .095
CLSK 1.17 1 12.21 .095
ZIM 2.07 2 43.86 .094
MFNC 2.04 1 21.5 .094
LYFT 1.70 3 53.68 .093
HPQ .88 3 28.08 .093
BBY 2.48 4 105.49 .092
UAA .97 2 20.74 .092
FFHL .44 2 9.4 .092
CRON .13 4 5.49 .092
TWST 1.37 7 100.66 .091
BKYI .32 1 3.48 .091
XLNX 2.75 5 148.02 .090
ACI .57 5 30.1 .090
VNE .55 6 36.19 .090
BKE 1.86 2 42.1 .088
ARCE 1.78 1 20.1 .088
JD 2.03 3 69.41 .087
PINS 1.45 3 49.62 .087
CHRA .40 1 4.56 .087
ULBI .31 2 7.05 .086
SITM 3.41 5 199.84 .085
ABNB 2.80 5 164.5 .085
XBI 2.65 4 123.22 .084
AN 2.58 4 120.25 .084
SPT 2.41 4 111.73 .084
DIS 2.12 7 173.46 .084
VRNT 1.94 2 45.23 .084
JPM 1.20 12 166.95 .084
MS 1.19 7 97.15 .084
PATI .50 2 11.65 .084
RRGB 1.93 1 23.12 .083
EQ .53 1 6.33 .083
INM .14 1 1.67 .083
ATAI 1.09 1 13.28 .082
MBII .08 1 0.9657 .082
AA 1.37 3 49.18 .081
LAW 1.23 3 44.51 .081
CLNE .67 1 8.18 .081
UWMC .55 1 6.73 .081
ANIX .38 1 4.64 .081
SBS .19 3 6.9 .081
LLY 3.67 5 224.85 .080
LOW 3.28 5 204.51 .080
CAT 3.14 5 193.13 .080
RL 2.38 4 117.36 .080
AMEH 1.50 5 89.89 .080
TJX 1.32 4 65.86 .080
YEXT .91 1 11.28 .080
AUTL .51 1 6.37 .080
IMMR .28 2 6.84 .080
AEI .09 2 2.22 .080
ABCL 1.31 1 16.43 .079
USB 1.60 3 60.53 .078
CLOV .56 1 7.14 .078
MRO .11 11 14.83 .077
UBER 1.78 2 45.72 .076
JRVR 1.48 2 38.25 .076
SFIX 1.46 2 38.19 .076
WFC .91 4 47.02 .076
SEDG 3.89 5 255.27 .075
ZS 3.84 5 251.86 .075
TSN 1.98 3 78.08 .075
SONO .50 5 31.82 .075
DKNG 1.84 2 48.46 .074
PFGC 1.82 2 48.78 .074
KZIA .41 2 10.88 .074
EOLS .55 1 7.53 .073
UNH 3.25 9 387.01 .072
SNOW 2.91 8 294.68 .072
VMW 2.68 4 148.52 .072
CTRN 1.79 3 74.46 .072
CRMT 1.18 8 119.32 .072
BAC 1.08 3 43.34 .072
CGC .94 1 12.93 .072
MDIA .39 2 10.59 .072
MRTN .38 3 15.22 .072
CNFR .10 2 2.75 .072
BQ .08 2 2.22 .072
TBLA .70 1 9.85 .071
EDU .14 1 1.95 .071
BIIB 4.00 5 278.32 .070
WSM 2.54 5 170.09 .070
TDC 1.99 2 56.41 .070
EAT 1.81 2 50.91 .070
FISV 1.58 5 108.26 .070
HOG 1.32 2 36.99 .070
APP 1.06 5 71.88 .070
COP 1.03 5 71.49 .070
CSCO .56 7 54.23 .070
SSL .14 10 19.38 .070
NEWR 1.67 3 70.58 .069
EVGO .55 1 7.95 .069
MDT 2.17 4 125.05 .068
FL 1.59 2 46.59 .068
CRNC 1.55 4 86.92 .068
C 1.23 4 71.29 .068
BZUN 1.12 1 16.6 .067
SIVB 7.73 6 649.35 .066
FLOW 1.65 3 73.64 .066
DFH 1.18 1 17.85 .066
PLTR .77 2 23.17 .066
STRO .65 2 19.21 .066
SBH .56 2 16.72 .066
UPS 2.33 5 178.42 .065
AMAT 1.73 5 125.2 .065
CRCT 1.61 1 24.41 .065
CHKP 1.48 5 113.63 .065
IMAB 1.00 5 72.37 .065
TME .45 1 6.87 .065
YPF .31 1 4.72 .065
DUOT .40 1 6.24 .064
HWCC .34 1 5.3 .064
IRCP .17 1 2.63 .064
ASML 5.22 9 712.94 .063
QCOM 1.18 7 126.68 .063
YMM .89 1 14 .063
VIPS .66 1 10.47 .063
SILK .52 7 53.76 .063
FATE 1.76 2 56.41 .062
SLV 1.32 1 20.98 .062
DXC 1.11 2 34.71 .062
FUBO .74 2 23.25 .062
KIRK 1.21 1 19.8 .061
SNPS 3.67 5 289.25 .060
ADSK 3.38 5 272.93 .060
PKG 2.16 4 139.4 .060
FANG 2.09 3 103.38 .060
TSCO 2.05 6 196 .060
ASAN 2.05 3 99.85 .060
NTAP 1.88 3 89.54 .060
LPX 1.87 2 61.14 .060
LOGI 1.76 3 87.34 .060
YETI 1.72 3 84.51 .060
DOMO 1.26 4 79.3 .060
INTC .68 5 53.47 .060
T .56 3 27.25 .060
THTX .22 1 3.65 .060
RIG .12 2 3.97 .060
TTCF 1.07 1 18.03 .059
PPBT .26 1 4.36 .059
VMEO 1.70 1 29.23 .058
PSTG .74 2 24.87 .058
XONE .67 2 22.49 .058
HAS 1.73 3 86.65 .057
TNA 1.63 3 84.46 .057
GS 2.81 8 374.15 .056
KMB 1.88 4 132.15 .056
ROLL 1.78 7 216.35 .056
TWTR 1.66 2 58.39 .056
CLDX 1.59 2 56.27 .056
SUPN 1.50 1 26.66 .056
BYND 1.46 4 101.23 .056
APPN 1.29 4 86.66 .056
JKS 1.26 2 43.61 .056
GT 1.09 1 19.24 .056
SMLP 1.07 2 37.99 .056
WMT .67 14 135.73 .056
SBTX .57 1 10.05 .056
GGAL .57 1 10.15 .056
K .51 8 64.53 .056
AEMD .10 2 3.45 .056
LIN 3.50 5 294.65 .055
RKT .84 1 15.26 .055
CALA .11 1 1.98 .055
ITRO .07 1 1.27 .055
CM 2.09 3 113.27 .054
VLO 2.03 2 75.02 .054
MYGN 1.67 1 30.91 .054
A 1.50 6 152.36 .054
ATVI 1.42 3 77.18 .054
DOCN 1.41 3 78.01 .054
ECOM 1.37 1 25.3 .054
FITB .82 3 43.51 .054
SJM .75 9 120.97 .054
SPTN .60 2 22.14 .054
AZN .38 9 60.54 .054
ZNGA .20 2 7.23 .054
FRO .06 9 9.2 .054
RSI 1.01 1 18.72 .053
LL 1.01 1 18.78 .053
IBM 2.00 4 144.11 .052
ACMR 1.37 4 104.5 .052
MNSO .82 1 15.69 .052
ORGO .35 2 13.05 .052
FTCH 1.88 1 36.63 .051
TTC 1.75 3 98.95 .051
MNST 1.59 3 88.5 .051
STT 1.48 3 86.12 .051
CHPT .93 1 18.01 .051
ROKU 3.09 5 296.86 .050
WDAY 2.61 5 249.68 .050
AMGN 2.27 5 211.44 .050
TAP 1.23 2 47.61 .050
SKX 1.05 2 41.74 .050
MRVL .61 5 57.59 .050
KO .56 5 52.99 .050
KDMN .23 2 8.98 .050
IWM 2.66 4 220.26 .048
NXPI 2.35 4 188.95 .048
PTON 2.02 2 82.35 .048
TMUS 2.01 3 125.46 .048
GWRE 1.92 3 113.12 .048
BHVN 1.74 4 142.93 .048
CVS 1.40 3 83.81 .048
ABT 1.40 4 115.53 .048
BBWI .53 6 63.39 .048
VXX .46 3 27.57 .048
OEG .14 1 2.91 .048
FA .96 1 20.41 .047
AMRS .60 1 12.75 .047
GBR .24 1 5.01 .047
GBS .11 1 2.32 .047
SNDL .03 1 0.6304 .047
JBL 1.39 2 59.09 .046
SWI .79 1 17.16 .046
WOOF .51 2 21.33 .046
BIOC .09 2 3.87 .046
LMT 1.95 9 345.99 .045
CI 1.83 5 199.45 .045
ANF 1.79 1 39.72 .045
HD 1.71 9 326.47 .045
ROST 1.70 3 110.21 .045
ADI 1.48 5 164.26 .045
COUR 1.39 1 30.81 .045
PG 1.37 5 138.79 .045
QADB 1.34 3 87.39 .045
LUV .83 3 55.06 .045
ARMK .56 3 35.91 .045
EKSO .20 1 4.39 .045
PBR .10 5 10.81 .045
HON 2.39 4 214.21 .044
OTIS 1.81 2 81.91 .044
ESTC 1.65 4 142.32 .044
BZ 1.59 1 36.09 .044
MU .79 4 70.62 .044
GNOG .78 1 17.49 .044
EPU .58 2 26.33 .044
AGNC .36 2 16.07 .044
GMTX .17 1 3.8 .044
CPG .11 2 4.89 .044
SLHG .10 1 2.24 .044
ADBE 4.10 6 558.49 .042
LH 2.18 6 275.04 .042
MOS 1.62 1 38.27 .042
MMM 1.40 6 176.04 .042
OLLI 1.29 2 59.53 .042
ALLO 1.04 1 24.27 .042
NKE 1.02 7 147.14 .042
PDCO .67 2 31.57 .042
TBIO .53 3 37.36 .042
FLO .52 2 24.14 .042
LC .18 7 27.55 .042
VTGN .04 3 2.68 .042
AMKR 1.03 1 24.82 .041
MA 2.96 5 344.2 .040
EL 2.69 5 306.2 .040
ON 1.84 1 44.89 .040
INCY 1.38 2 66.32 .040
MO .93 2 46.5 .040
SANA .82 1 20.04 .040
XLE .48 5 54.72 .040
MFGP .11 2 5.4 .040
SI 1.88 3 135.9 .039
QDEL 1.84 3 137.36 .039
PLD 1.66 3 126.83 .039
RF .86 1 21.82 .039
BLFS 1.55 1 40.56 .038
SCHW 1.41 2 73.23 .038
ATHM .86 2 45.01 .038
BEKE .69 1 17.85 .038
LZB .64 2 32.67 .038
VIEW .21 1 5.44 .038
ME .16 2 8.15 .038
FCBP 1.08 1 29.1 .037
APG .76 1 20.29 .037
ERJ .66 1 17.61 .037
HNST .37 1 9.76 .037
MCD 2.26 4 243.08 .036
V 2.19 4 224.73 .036
TTWO 1.42 4 157.13 .036
UHS 1.30 4 135.91 .036
RCUS 1.22 1 33.7 .036
TGT 1.11 9 225.89 .036
KNL .92 1 25.04 .036
ACH .67 1 18.22 .036
XOM .40 6 61.72 .036
HRL .39 4 41.24 .036
ALAC .21 2 11.33 .036
TEO .18 1 4.95 .036
BLK 6.24 5 825.56 .035
COST 3.33 5 440.14 .035
MQ .74 1 20.84 .035
SRNG .41 1 11.42 .035
LITE 1.46 2 82.26 .034
WGO 1.39 2 78.55 .034
TGTX 1.11 1 32.21 .034
SLB 1.08 1 30.88 .034
EGRX 1.01 2 56.18 .034
SPWH .61 1 17.65 .034
FENC .31 1 9.11 .034
ET .18 2 10.08 .034
AXP 2.00 3 172.66 .033
BLDR 1.77 1 52.58 .033
PLCE .92 3 82.43 .033
BKNG 10.17 8 2459.52 .032
LII 2.41 4 296.02 .032
COIN 2.04 4 229.31 .032
ATKR 1.43 2 88.84 .032
ABBV .93 4 108.73 .032
FOE .67 1 20.39 .032
HNP .33 2 19.82 .032
D .31 8 73.35 .032
NOK .09 2 5.47 .032
AVIR 1.41 1 44.59 .031
OKE 1.82 1 60.06 .030
COF 1.82 3 166.11 .030
AKAM 1.62 2 102.56 .030
CROX 1.41 3 136.07 .030
KHC 1.11 1 36.89 .030
CRM 1.02 10 270.86 .030
MOMO .16 2 10.16 .030
UAL 1.50 1 51.3 .029
CTKB .66 1 22.02 .029
DD 1.98 1 70.18 .028
GLD .80 7 165.36 .028
BP .79 1 28.01 .028
LEN .73 4 92.29 .028
DRN .32 2 22.35 .028
GOOG 4.33 27 2675.3 .027
UHAL 1.98 9 651.33 .027
STZ 1.94 3 213.02 .027
AAP 1.93 3 207.17 .027
DG 1.89 3 206.19 .027
UTHR 1.84 3 185.37 .027
HRI 1.71 3 171.66 .027
ALXN 1.66 3 182.5 .027
J 1.23 3 131.36 .027
GRUB .15 3 15.03 .027
MPC 1.66 1 63.02 .026
KYMR 1.63 1 60.83 .026
GM 1.42 1 53.98 .026
RTX 1.21 2 87.69 .026
CHGG .96 2 69.07 .026
VZ .73 2 54.5 .026
BIG .59 2 42.8 .026
TRIL .47 1 17.64 .026
CNC 1.57 1 62.53 .025
HHR 1.26 1 48.98 .025
CRTO .90 1 35.91 .025
PCVX .65 1 25.5 .025
ACHV .23 1 8.99 .025
NEE 1.91 1 79.36 .024
PEP 1.88 2 150.2 .024
GIS 1.53 1 61.45 .024
STE 1.42 4 206.02 .024
SNA 1.40 4 213.5 .024
TSM 1.36 2 109.02 .024
WM 1.31 3 148.83 .024
SPG 1.12 3 132.25 .024
B 1.08 1 43.49 .024
CL .61 3 75.06 .024
PFE .21 6 42.42 .024
VSH .18 3 20.27 .024
BEST .02 2 1.6 .024
EA 1.67 2 143.16 .022
RY 1.12 2 100.31 .022
PKI 1.33 3 171.09 .021
CLX 1.16 3 163.73 .021
AZO 4.70 10 1642.51 .020
ANTM 2.14 4 370.2 .020
IYC 1.62 1 77.31 .020
NUAN 1.13 1 55.13 .020
IRBO .83 1 41.07 .020
AIT 1.83 1 92.89 .019
FAST 1.02 1 51.3 .019
CNA .83 1 42.4 .019
AMOM .66 1 34.233 .019
GPK .37 1 19.18 .019
DUK 1.84 1 100.76 .018
JNJ 1.48 2 159.22 .018
PSTX .12 1 6.74 .017
SELF .09 1 5.12 .017
INTU 2.18 4 525.35 .016
STMP 1.59 4 329.61 .016
LANC 1.43 2 172.45 .016
MRK .72 2 83.1 .016
FRBK .05 1 3.12 .016
HCA 1.27 3 244.38 .015
HRC .84 3 150.25 .015
PYPL .80 5 255.01 .015
DEN .42 3 74.59 .015
TNET 1.38 1 96.89 .014
CHNG .15 2 21.04 .014
KMX 1.64 1 122.54 .013
PAYX 1.56 1 115.01 .013
CAI .78 1 55.93 .013
PYPL .31 13 255.01 .013
KEYS 1.04 2 161.16 .012
RACE .92 3 207.24 .012
PNRG .79 1 64.9699 .012
GE .40 4 104.9 .012
PBT .04 2 6.2 .012
INOV .46 1 40.34 .011
ESXB .13 1 11.48 .011
XLV .71 2 125.39 .010
ECHO .49 1 47.75 .010
PPC .17 2 29.33 .010
SVBI .13 1 12.46 .010
XLP .63 1 68.8 .009
GTS .33 1 35.16 .009
IEC .14 1 15.34 .009
TDG 1.87 4 644.01 .008
MSTR .94 8 607.25 .008
HFBL .16 1 18.6 .008
PSP .06 2 14.86 .008
BURL .32 7 277.24 .007
LMRK .13 1 16.42 .007
SYKE .14 3 54 .006
ITRN .07 3 25.4 .006
VOOV .73 1 141.92 .005
CLDR .08 1 15.98 .005
SAFM .85 1 186.19 .004
RAVN .16 2 57.72 .004
KIN .02 2 9.25 .004
IACB .02 2 9.93 .004
SPY 1.31 1 428.64 .003
CXP .04 1 19.05 .002
VCAR .03 1 11.4999 .002
SIC .03 1 14.42 .002
NWHM .02 1 8.99 .002
DSE .02 1 9.49 .002
SLVO .01 2 5.165 .002
ULTA .62 1 369.92 .001
DFP .03 1 28.62 .001
PMD .01 1 8.32 .001
SHOP .67 5 1314.9 0
BURL .15 15 277.24 0
XLK .10 3 148.06 0
WYNN .06 3 83.56 0
MSTR .06 118 607.25 0
ULTA .05 12 369.92 0
WYNN .04 4 83.56 0
SHOP .03 88 1314.9 0
BLNK .02 11 26.62 0
XPDI .01 3 10.15 0
INFL .01 2 29.36 0
WMPN 0 4 12.15 0
GSKY 0 1 11.04 0
RTLR -.01 7 12.04 0
EIC -.08 1 17.6097 -.004
NSYS -.12 1 11.65 -.010
