EJH 5.21 6 1.65 18.942
SCPS 3.34 7 2 11.690
LAIX 1.72 4 0.6948 9.900
AACG 2.14 5 1.19 8.990
CPOP 2.34 5 1.64 7.130
EEIQ 4.33 5 3.17 6.825
NVOS 1.65 5 1.38 5.975
NEGG 3.07 20 11.48 5.340
DPW 1.56 5 1.6 4.875
JZXN 1.63 4 1.53 4.260
VRPX 1.77 9 3.76 4.230
NRXP 2.89 8 5.52 4.184
AUVI 2.32 9 5.09 4.095
IRNT 3.02 6 4.52 4.008
JAN 2.73 6 4.2 3.900
EYES 1.22 6 1.91 3.828
HX 1.40 6 2.24 3.750
JG 1.30 3 1.06 3.678
FCEL .18 130 6.41 3.640
VVOS 1.65 6 2.73 3.624
SIEB 1.53 5 2.21 3.460
AAME 1.97 5 3.124 3.150
ADGI 2.56 12 10.29 2.976
KOSS 5.35 7 12.61 2.968
NURO 1.47 11 5.74 2.816
NAOV .27 11 1.07 2.772
RMED .72 6 1.6 2.700
CEMI .60 8 1.8 2.664
TYME .45 4 0.7081 2.540
BSQR .35 13 1.82 2.496
ANPC 1.24 2 1.01 2.454
OCGN 1.04 12 5.14 2.424
AMC 1.19 60 30.3 2.340
CARV 3.92 6 10.17 2.310
MRIN 2.01 5 4.38 2.290
AGRI .95 5 2.11 2.250
PBTS 1.24 1 0.559 2.218
BTBT 1.45 10 6.87 2.110
INDP 2.52 5 6 2.100
SPCE 1.26 24 14.6 2.064
BBIG .30 21 3.24 1.932
PHUN .35 16 3.07 1.824
JCS 1.40 3 2.32 1.809
SAVA 2.73 29 43.67 1.798
TAOP 1.35 3 2.28 1.776
DWAC 22.11 4 50.63 1.744
LMNL .65 3 1.12 1.740
SGOC 1.19 9 6.2 1.719
MARK .46 4 1.07 1.716
WAVE 1.72 5 5.04 1.705
NCTY 2.63 5 7.98 1.645
TPST 2.19 5 6.71 1.630
SSY .91 3 1.68 1.623
RNXT 1.96 4 4.92 1.592
CTIB .40 5 1.28 1.560
CSCW .39 2 0.5014 1.554
AREC .62 5 2.01 1.540
BIDU 1.88 118 143.46 1.534
EVK .60 6 2.4 1.500
AUUD .41 7 1.93 1.484
PRFX .57 4 1.54 1.480
GME 2.99 82 158.12 1.476
WAFU 1.50 4 4.1 1.460
MOXC 1.18 5 4.05 1.455
ERYP .79 4 2.2 1.436
BLIN .41 8 2.31 1.416
RETO .72 2 1.03 1.398
FTEK .69 3 1.5 1.380
YJ .40 2 0.58 1.378
BNTC 1.24 3 2.71 1.371
CETX 1.20 1 0.8793 1.364
SPRT .81 20 11.8 1.360
NMRD 1.66 4 4.89 1.356
SNAP .57 113 46.77 1.356
WORX .44 4 1.3 1.352
NIO .53 77 30.16 1.309
BNGO .36 12 3.29 1.308
UPC .73 3 1.68 1.302
BYSI 1.25 5 4.84 1.290
PMCB 1.11 3 2.59 1.284
SYPR .80 4 2.49 1.284
STAF .58 2 0.9098 1.274
IGC .49 3 1.16 1.266
SOS .61 2 0.9719 1.254
DLPN 2.14 5 8.63 1.235
GRTS 2.25 7 12.75 1.232
SNOA 1.51 4 4.93 1.224
ALYA .77 4 2.52 1.220
PALI .71 3 1.75 1.215
SPCB .32 2 0.5302 1.206
LODE .56 3 1.4 1.200
ANY .21 20 3.46 1.200
RIDE .68 7 3.97 1.197
NVFY .73 3 1.86 1.176
EBET 3.45 6 18.04 1.146
CRTD .39 7 2.38 1.141
NBRV .76 1 0.668 1.137
HOFV .98 2 1.76 1.112
ANVS 3.73 6 20.34 1.098
PTIX .84 2 1.59 1.056
DYNT .22 5 1.04 1.055
IDEX .36 4 1.37 1.048
CHCI 1.54 3 4.43 1.041
HOOD 1.41 14 18.93 1.036
SJ 1.24 4 4.84 1.024
KTTA 1.49 1 1.47 1.013
MVIS 1.17 5 5.78 1.010
TERN 1.53 4 6.11 1.000
CNET 1.11 1 1.1207 .990
MEDS .53 5 2.7 .980
OSAT 1.21 3 3.74 .969
ACRS 2.12 7 15.27 .966
HGSH 1.16 2 2.41 .962
HGEN 1.21 3 3.78 .960
MTSL 1.08 3 3.37 .960
BB .74 12 9.25 .960
ZKIN .71 2 1.48 .958
WHLM 1.20 4 5.02 .956
HCWB 1.14 2 2.48 .918
LHDX 1.58 4 6.89 .916
ALF 1.08 2 2.36 .914
BBBY .90 16 15.77 .912
LIZI .40 4 1.78 .896
GFAI .51 2 1.16 .878
SPI .89 4 4.06 .876
DBGI .42 5 2.39 .875
IMPL 1.70 5 9.81 .865
CANF .63 2 1.46 .862
FULC 2.54 6 17.77 .852
AQMS .39 3 1.37 .852
ASM .69 1 0.8161 .845
VERY 1.39 4 6.59 .840
CBAT .50 3 1.78 .840
XPEV .46 84 43.77 .840
TIGR .50 8 4.8 .832
VTNR .37 10 4.43 .830
KALV 1.44 8 13.91 .824
ZEV 1.17 4 5.83 .800
MNOV .74 3 2.79 .795
MBRX .81 2 2.04 .794
XTLB 1.09 2 2.75 .792
ATXI .74 1 0.9501 .778
ORPH .57 4 2.94 .772
LGHL .30 4 1.56 .768
PPSI .67 9 7.87 .765
DTST .84 3 3.31 .759
LEDS 1.24 3 4.91 .756
WEI .57 1 0.76 .750
EXPR .47 5 3.13 .750
ACIU 1.91 2 5.13 .744
APTO .28 4 1.5 .744
EYEG 1.45 1 1.95 .743
NVAX 9.84 14 183.3 .742
HTBX 1.46 2 3.93 .742
VYGR 1.06 2 2.88 .736
ENVB .27 3 1.1 .735
MOHO .11 3 0.448 .735
CHNR .12 4 0.666 .720
OPAD 1.25 4 7.04 .708
OLB .77 3 3.25 .708
GROM .76 2 2.15 .706
GNLN .36 2 1.02 .704
VERB .12 8 1.38 .688
KXIN .17 6 1.49 .684
NTRB 1.15 2 3.39 .678
ACOR .41 4 2.44 .672
RFL .71 5 5.32 .665
WBX 4.49 2 13.55 .662
EVOL .74 2 2.23 .662
AYRO .60 2 1.84 .652
RCON .51 2 1.56 .652
NVDA 1.25 162 290.75 .648
BKKT 2.95 2 9.18 .642
TRIT .34 5 2.65 .640
LCID 1.90 13 38.02 .637
COHN 1.95 5 15.32 .635
NRBO .49 2 1.55 .632
GOVX .36 7 3.99 .630
SCKT .74 4 4.71 .628
ATNF .66 4 4.18 .628
AMBO .61 1 0.97 .628
APRE .69 3 3.3 .627
ALDX 1.09 2 3.5 .622
AVXL 2.41 5 19.33 .620
IPHA .78 4 5.02 .620
JFU .22 3 1.07 .615
OPTT 1.10 1 1.79 .614
UAVS .36 3 1.77 .609
WINT .31 3 1.55 .600
ONCS .68 1 1.14 .596
LEXX .63 4 4.25 .592
ENG .30 3 1.52 .591
SYTA 1.89 1 3.2 .590
BABA .82 98 122.98 .588
XELA .09 7 1.06 .588
GLSI 3.27 5 27.76 .585
MARA 1.03 20 34.43 .580
MVST .61 6 6.35 .576
BILI 1.28 23 49.31 .575
DQ 3.36 7 40.9 .574
GALT .44 3 2.3 .573
WNW 1.34 1 2.35 .570
ENOB .94 5 8.23 .570
FLGC .19 6 1.98 .570
ADMP .36 1 0.6378 .564
WHLR .54 2 1.92 .562
TQQQ .68 140 161.64 .560
ATOS .21 5 1.86 .560
MINM .32 2 1.15 .556
XELB .34 2 1.23 .552
ZCMD 1.01 1 1.83 .551
OBLN .56 3 3.05 .549
KNBE 1.80 7 23 .546
HAPP .30 1 0.5499 .545
RSLS .27 4 1.98 .544
ALEC 2.10 6 23.28 .540
AVGR .04 7 0.5174 .539
PSTV .60 1 1.12 .535
UONE .37 7 4.84 .532
GRVI .74 3 4.18 .531
DTSS .87 1 1.65 .527
OTLK .38 2 1.44 .526
PENN 2.65 10 50.66 .520
BGFV .97 10 18.32 .520
DBVT .06 12 1.39 .516
ENSC .55 3 3.24 .507
LWAC 1.73 5 16.98 .505
ENTX .77 2 3.06 .502
SLGG .64 2 2.58 .496
WATT .32 2 1.29 .496
CRIS 1.20 2 4.88 .490
LYEL 1.21 3 7.4 .489
WISH .58 3 3.54 .489
OSMT .13 4 1.06 .488
BFRI 1.28 4 10.5 .484
ISPC 1.00 7 14.29 .483
RHE 1.27 2 5.25 .482
NKLA .31 15 9.4 .480
GEG .90 1 1.88 .478
LIFE .93 4 7.78 .476
SDC .64 2 2.69 .474
WPRT .58 2 2.44 .474
MQ 1.18 7 17.52 .469
PIRS .23 7 3.42 .469
ARAV 1.21 1 2.61 .463
RKDA .49 1 1.06 .462
SLS .69 4 5.99 .460
MTP .56 1 1.22 .459
GTEC .80 4 6.96 .456
UFAB .46 2 2.02 .454
BTX 1.13 2 4.98 .452
NNOX 1.69 5 18.62 .450
AUPH 1.04 10 22.69 .450
BCRX .62 10 13.48 .450
SGBX .32 3 2.17 .441
MRNA 3.13 40 268.14 .440
BPTH .95 2 4.32 .438
EYPT 5.86 1 13.6 .430
DOCS 2.62 8 48.76 .424
MRAM 1.52 3 10.84 .420
NEXT .29 4 2.76 .420
HUSN .29 4 2.75 .420
ADMA .54 1 1.29 .418
ORMP .35 19 15.38 .418
BODY .47 2 2.28 .412
GMBL .88 2 4.28 .410
BTCM .72 4 7.04 .408
ABUS .22 8 4.29 .408
ARDS 1.12 1 2.78 .402
AVIR 1.14 3 8.56 .399
ACY .99 19 46.85 .399
BON .62 3 4.6442 .399
TRCH .98 2 4.95 .394
BHTG .33 1 0.837 .394
PME .26 1 0.6601 .393
EFOI .71 2 3.61 .392
GEVO .49 4 4.95 .392
CTSO .42 4 4.28 .392
M .58 17 24.87 .391
PLG .24 3 1.85 .387
RELI 1.87 1 4.84 .386
LGVN 1.37 5 17.66 .385
DWSN .44 2 2.3 .382
IFRX .58 3 4.56 .381
UPST 2.99 19 149.48 .380
NEPT .07 2 0.37 .378
VIVE .26 2 1.38 .376
DDD .70 12 22.31 .372
ASTR .62 5 8.27 .370
ZG 3.19 7 60.78 .364
CERE 1.78 7 33.78 .364
IMNM 1.42 4 15.51 .364
BNR 1.30 3 10.74 .363
VNET 1.13 3 9.34 .360
IPA 1.04 2 5.75 .360
MDIA .50 3 4.14 .360
MRKR .36 1 0.9984 .360
RAPT 1.77 7 34.54 .357
CLSD .35 3 2.93 .357
HUGE .37 1 1.06 .349
DYAI .51 3 4.36 .348
NNDM .48 3 4.12 .348
LAZR 1.16 5 16.7 .345
KMPH 1.03 3 8.9 .345
EVGO .45 8 10.3 .344
SE 4.12 19 227.93 .342
BNTX 3.02 31 271.46 .341
EZFL .57 1 1.67 .341
ONCT .45 2 2.64 .340
WIMI .27 4 3.16 .340
GRTX .50 3 4.41 .339
ENZ .54 2 3.18 .338
VOXX 1.16 3 10.32 .336
SOFI .73 7 14.97 .336
IMMR .33 6 5.86 .336
AGEN .10 12 3.52 .336
KODK .86 2 5.14 .334
CAN .43 4 5.18 .332
PEAR 2.37 1 7.14 .331
TSP 1.90 6 34.25 .330
ADIL .45 2 2.72 .330
IMMP .16 7 3.39 .329
EOSE 1.39 2 8.44 .328
ATAI 1.29 2 7.83 .328
SNMP .11 2 0.67 .328
XBIO .06 8 1.44 .328
ARPO .72 1 2.2 .327
MITO .28 1 0.86 .325
SPLK 6.20 6 114.04 .324
AFRM 1.88 18 101.07 .324
NNVC .44 3 4.09 .321
LMFA .35 5 5.39 .320
GRU 1.51 1 4.725 .319
CMMB 1.24 2 7.8 .316
BBLG 1.14 1 3.6 .316
APOP .84 5 13.17 .315
ZY .78 3 7.41 .315
QFIN .77 9 21.45 .315
VBLT .21 3 2 .315
TELL .11 9 3.06 .315
TSLA 2.87 157 1008.87 .314
CCXI 3.66 3 35.16 .312
FIGS 1.33 6 25.25 .312
SNES .16 2 1.03 .310
GDEV .87 3 8.39 .309
TATT .65 3 6.31 .309
ZIM 1.48 11 52.12 .308
RSKD 1.24 2 8.05 .308
SKLZ .67 4 8.69 .308
VTSI .56 4 7.18 .308
APPS 3.13 6 61.3 .306
JRJC .67 3 6.6 .303
GSM .27 7 6.22 .301
NVCR 2.63 10 85.06 .300
FGEN 1.47 3 14.64 .300
IMTX .98 4 12.93 .300
KBSF .46 2 3.05 .300
AEI .09 2 0.5965 .300
OCX .70 1 2.34 .299
RLMD 1.57 4 20.96 .296
VLDR .76 2 5.11 .296
ZLAB 2.93 7 69.23 .294
ME .34 6 6.86 .294
ALTO .29 5 4.94 .290
SBEA 1.45 2 10.05 .288
HUYA .53 4 7.35 .288
JFIN .36 2 2.5 .288
ALZN .21 3 2.18 .288
MTL .05 18 3.1 .288
GPN 3.54 11 134.84 .286
ZM 3.91 15 199.42 .285
ABSI 1.25 2 8.81 .282
OSTK 2.60 7 64.02 .280
KSS 1.41 10 48.89 .280
IONQ .65 7 16.18 .280
VERU .45 4 6.34 .280
PBR .30 10 10.57 .280
PLUG .92 9 28.96 .279
AMTX 1.20 3 12.97 .276
LJPC .62 2 4.48 .276
OBSV .10 6 2.17 .276
AMD 1.61 25 144.25 .275
FCX .45 25 40.14 .275
MOGO .24 4 3.52 .272
OCUP .51 2 3.77 .270
MTTR .44 15 23.2 .270
IGIC .70 3 7.81 .267
CLPS .57 1 2.13 .267
CLPS .57 1 2.13 .267
KURA 1.04 4 15.55 .264
NLS .84 2 6.33 .264
MESO .65 2 4.92 .264
W 6.04 9 204.54 .261
BRLT .96 4 14.94 .256
CARA 1.57 2 12.29 .254
SPRB .53 2 4.17 .254
FENG .11 2 0.8601 .254
DOCN 1.90 11 79.24 .253
AMEH 2.05 9 71.32 .252
LAC .62 12 29.24 .252
CLF .43 12 20.18 .252
INFI .16 4 2.55 .248
EVGN .43 1 1.75 .245
MOSY .55 2 4.5 .244
RAIL .24 4 3.92 .244
GNFT .43 3 5.3 .243
SI 4.55 8 147.75 .240
AVCT .30 2 2.5 .240
AEHR .17 30 19.07 .240
TASK 1.74 7 50.6 .238
TLRY .47 4 7.85 .236
DARE .47 1 2 .235
AKTX .36 1 1.53 .235
NIU .93 4 15.89 .232
SQBG .73 2 6.24 .232
MDNA .05 8 1.72 .232
SHOP 28.96 11 1370.11 .231
DDS 5.48 11 250.69 .231
CPE 1.54 7 46.5 .231
ORGS .70 1 3.03 .231
CCJ .47 11 22.25 .231
OVID .38 2 3.28 .230
SALM .13 5 2.8 .230
EXPI 1.38 6 35.94 .228
OXBR .30 5 6.63 .225
RBLX 1.49 16 102.59 .224
STG 1.13 1 5.04 .224
FOSL 1.09 2 9.69 .224
CVV .46 2 4.09 .224
BIOC .22 4 3.87 .224
CELC 1.05 3 14.1 .222
CRDF .45 3 6.01 .222
DLO 1.53 5 34.43 .220
NVTS 1.62 2 14.75 .218
GPS .54 7 17.18 .217
SQ 1.68 24 170.47 .216
CGC .68 3 9.37 .216
BLPH .62 1 2.86 .216
DNUT .39 9 15.85 .216
LOOP .55 5 12.55 .215
CHGG 2.17 3 30.4 .213
EDSA 1.24 1 5.82 .213
CIFR .35 3 4.87 .213
AXLA .26 2 2.44 .212
CPIX .24 4 4.47 .212
ABNB 3.59 10 169.29 .210
XAIR 1.97 1 9.44 .208
VIR 1.13 8 43.37 .208
IMV .15 2 1.44 .208
EDTK .10 2 0.955 .208
DUOL 7.27 3 106.2 .204
HOL .84 3 12.35 .204
STEM .68 6 19.65 .204
MSTR 14.75 8 569.99 .200
DELL 1.42 8 55.45 .200
ENSV .20 1 0.997 .200
FSTX 1.04 1 5.22 .199
PRTA 1.04 9 47.03 .198
DKNG .99 6 29.57 .198
HHR .98 11 52.28 .198
CHMA .37 2 3.76 .196
ERJ .24 14 16.66 .196
GSAT .12 2 1.22 .196
EQOS .46 1 2.36 .194
PUBM 6.66 1 34.48 .193
SIF 1.16 1 5.99 .193
CELH 1.96 7 70.33 .189
AMZN 6.99 94 3420.74 .188
JWN .98 4 20.71 .188
NTEC .46 4 9.63 .188
JD 1.27 11 73.41 .187
TWTR 1.40 6 44.36 .186
GIII 1.02 5 27.05 .185
BLU .51 3 8.26 .183
AESE .35 1 1.91 .183
FUV .77 2 8.39 .182
AEY .31 1 1.7 .182
PDD 2.15 5 58.44 .180
SKT 1.17 3 19.43 .180
RIOT .73 6 24.05 .180
ACB .36 3 5.95 .180
SCYX .31 4 6.77 .180
ACHL .89 1 4.97 .179
FUBO 1.01 3 16.96 .177
GENE .13 3 2.2 .177
DMAC .31 2 3.5 .176
TOST 3.31 2 37.64 .174
RUN 1.04 6 34.82 .174
CLII .84 3 14.36 .174
FBRX .40 1 2.29 .174
RIG .09 6 3.08 .174
GTT .41 1 2.36 .173
DDL 1.22 2 14.07 .172
LBPH .92 1 5.32 .172
BLUW .83 2 9.63 .172
TENX .21 1 1.22 .172
BQ .08 2 0.93 .172
SFIX 1.08 3 18.93 .171
AUTL .30 3 5.21 .171
HOG 1.23 5 35.25 .170
GTIM .74 1 4.34 .170
BKYI .19 2 2.22 .170
IAC 3.19 7 130.57 .168
BYND 2.00 6 70.23 .168
SOHU .47 6 16.57 .168
HIPO .25 2 2.95 .168
LYFT 1.43 5 42.46 .165
SEMR 1.11 3 19.91 .165
BWAY .42 3 7.51 .165
NBEV .19 1 1.15 .165
DKS 1.01 18 104.74 .162
MAT .55 6 20.32 .162
ASAN .80 16 79.33 .160
MITQ .36 1 2.24 .160
KULR .06 8 3 .160
AZYO 1.08 1 6.79 .159
NETE 1.04 2 13.09 .158
CALA .11 1 0.694 .158
NEWR 2.93 6 108.68 .156
ENLV .49 2 6.21 .156
PRPO .09 3 1.7 .156
SSKN .22 1 1.42 .154
DPST 2.33 3 45.67 .153
TGTX .93 3 17.96 .153
PFE .59 17 59.55 .153
AAL .32 9 18.12 .153
ARVN 1.55 8 78.07 .152
CPG .09 8 4.64 .152
LI .76 6 30.4 .150
HNST .41 3 8.11 .150
PRPL .32 6 12.6 .150
AFMD .29 3 5.71 .150
TISI .17 1 1.13 .150
VCVC 1.46 1 9.85 .148
ISEE .62 4 16.49 .148
TAL .32 2 4.27 .148
EDIT 1.47 3 29.82 .147
SRNE .85 1 5.82 .146
SSNT .34 2 4.64 .146
IKT .24 1 1.64 .146
NXTP .14 1 0.9546 .146
SCR 1.05 5 35.58 .145
U 3.60 6 145.84 .144
IRDM 1.55 4 42.62 .144
LUV .99 6 40.87 .144
LC .31 12 24.19 .144
UWMC .23 4 6.3 .144
COTY .19 8 10.12 .144
DE 4.88 11 349.81 .143
ATIF .43 1 3 .143
APP 1.38 10 93.83 .140
JKS 1.23 5 43.1 .140
ALLO 1.11 2 15.64 .140
PBLA .25 1 1.78 .140
PETZ .17 4 4.81 .140
CRON .12 5 4.27 .140
WTER .09 2 1.28 .140
DNA 1.58 1 11.31 .139
VIH 1.31 1 9.36 .139
FRD 1.28 1 9.22 .138
SONO .70 6 30.11 .138
CYAD .56 1 4.04 .138
NGM 1.25 2 18.22 .136
GAME .43 1 3.15 .136
CLOV .28 2 4.09 .136
VSCO 1.29 5 47.57 .135
TDC 1.17 5 43.12 .135
OMER 1.00 1 7.38 .135
BIGC 2.58 2 38.38 .134
YMM .58 2 8.58 .134
BCLI .46 1 3.41 .134
FLGT 2.27 6 102.5 .132
FLWS .75 4 22.62 .132
AA .65 12 56.79 .132
OCG .16 4 4.75 .132
CMTL 3.13 1 24 .130
DASH 2.11 10 151.61 .130
DAL 1.02 5 38.52 .130
OCG .05 13 4.75 .130
RL 1.89 8 111.97 .128
FENC .27 2 4.21 .128
SAM 9.40 7 521.87 .126
CRM 2.49 14 252.8 .126
GRVY 1.33 7 70.73 .126
LEGN 1.04 6 49.08 .126
BKE .89 6 40.49 .126
BRTX .58 1 4.57 .126
GP .49 3 11.55 .126
MRO .12 18 16.04 .126
THCB 1.25 1 10 .125
EQ .53 1 4.23 .125
ANIX .38 1 3.06 .124
SHEN 1.11 3 26.45 .123
JRVR 1.10 3 26.46 .123
BGI .19 3 4.62 .123
AEMD .09 3 2.19 .123
HJLI 1.27 1 10.38 .122
CPSH .51 1 4.17 .122
ASML 5.51 20 792.12 .120
ACMR 1.83 5 75.71 .120
AN 1.67 8 110.89 .120
CLDX 1.61 3 39.35 .120
GH 1.57 8 99.49 .120
LIVE 1.37 3 33.4161 .120
PTON .78 6 37.78 .120
CRCT .70 4 22.6 .120
FTCH .67 6 32.22 .120
KZR .60 3 14.7 .120
PATI .50 2 8.2 .120
IRIX .18 4 5.86 .120
SBBP .12 2 2 .120
GMTX .17 2 2.85 .118
DLTR 1.90 9 136.52 .117
TVTX 1.19 3 30.47 .117
MSFT .54 117 327.29 .117
TESS .30 3 7.56 .117
RRGB .96 2 16.49 .116
BZUN .80 2 13.67 .116
AEO 1.32 2 23.06 .114
IMAB .96 6 48.1 .114
WMT .87 19 139.62 .114
RGEN 4.41 7 269.67 .112
CAT 2.86 8 198.31 .112
JPM 1.29 14 156.7 .112
CHPT .53 4 18.62 .112
AAPL .32 112 175.64 .112
ORCL .28 37 91.51 .111
MBII .08 1 0.7182 .111
LAD 6.41 5 286.29 .110
DPZ 5.62 11 529.96 .110
FFHL .44 2 7.95 .110
LIVX .17 2 3.07 .110
SBS .08 10 6.98 .110
AMRS .60 1 5.46 .109
REGN 7.44 9 606.81 .108
MSGE 1.88 4 68.4 .108
DIS 1.86 9 151.05 .108
RMBL 1.41 3 38.9 .108
COUR 1.32 2 24.14 .108
MAXR .83 4 29.86 .108
CYTK .80 6 44.02 .108
FB .65 108 330.45 .108
UAA .56 4 20.5 .108
GT .37 6 20.13 .108
ACI .27 12 29.84 .108
RCAT .10 2 1.83 .108
TEDU .09 2 1.66 .108
TMX 1.58 3 44.33 .105
TWST 1.37 7 86.12 .105
BZ 1.22 3 34.67 .105
MRUS 1.10 3 31.06 .105
NFLX .76 105 604.92 .105
CCL .45 5 21.25 .105
ROKU 3.14 8 231.77 .104
VLO 1.86 4 71.3 .104
CAH 1.34 4 49.72 .104
APXT 1.27 1 12.11 .104
SKX 1.09 4 41.11 .104
PINS 1.00 4 37.26 .104
TTCF .86 2 16.5 .104
KZIA .41 2 7.79 .104
CLNE .67 1 6.49 .103
TJX 1.31 6 74.12 .102
LAW 1.23 3 35.75 .102
KR .30 17 43.87 .102
CREE 1.64 5 79.12 .100
FL .84 5 41.59 .100
MOS .76 5 37.33 .100
ULBI .31 2 6.09 .100
DRN .29 10 26.83 .100
PYPL 2.14 9 189.14 .099
KMB 1.62 9 139.22 .099
CREX .15 1 1.51 .099
ESTC 1.83 7 122.56 .098
FANG 1.55 7 104.9 .098
BBY 1.45 7 97.37 .098
BFLY .72 1 7.33 .098
XPDI .08 14 10.55 .098
GKOS 4.45 1 45.65 .097
GURE .46 1 4.7 .097
DOMO 1.26 4 51.42 .096
EAT 1.21 3 36.74 .096
PTGX 1.05 3 32.24 .096
BTWN .95 1 9.8 .096
UBER .71 6 43.02 .096
KIRK .48 3 14.94 .096
INM .14 1 1.47 .095
LTHM .12 19 23.79 .095
SMLP 1.07 2 22.64 .094
MFNC 1.02 2 21.5 .094
IS .76 1 8.08 .094
XM 1.10 3 35.17 .093
OVV 1.01 3 31.97 .093
CALT .80 3 25.79 .093
SPTN .59 4 24.81 .092
ZNGA .15 4 6.38 .092
BIIB 3.16 7 234.65 .091
CM 1.53 7 113.15 .091
GBR .24 1 2.63 .091
MDB 5.57 9 538.46 .090
SNOW 3.29 10 358.1 .090
LLY 2.51 10 266.5 .090
XBI 1.75 6 116.58 .090
FISV 1.64 6 105.26 .090
INMD 1.31 5 71.39 .090
VMW 1.17 9 115.88 .090
USB 1.06 5 55.84 .090
VMEO .85 2 18.55 .090
COP .72 9 71.08 .090
HCM .66 5 35.33 .090
ARCE .63 3 20.58 .090
VNE .55 6 34.96 .090
FFIE .22 2 4.79 .090
VSTM .07 3 2.28 .090
KRYS 6.33 1 71.46 .088
FATE 1.44 4 63.3 .088
BJ .71 8 63.89 .088
ARMP .49 1 5.52 .088
SBTX .57 1 6.55 .087
YEXT .91 1 10.54 .086
STRO .65 2 14.99 .086
CHRA .40 1 4.62 .086
CNFR .10 2 2.3073 .086
CNC 1.49 5 84.37 .085
ABCL 1.31 1 15.4 .085
C 1.06 5 59.38 .085
VALN 1.03 5 57.39 .085
CYTH .34 1 4 .085
FRO .04 17 7.11 .085
CRNC 1.55 4 72.24 .084
XLNX 1.30 14 206.43 .084
DXC .90 3 31.35 .084
HPQ .53 6 37.02 .084
SILK .52 7 42.65 .084
CIEN .33 21 75.73 .084
BLNK .18 14 27.84 .084
EOLS .55 1 6.67 .082
BLDR 2.17 3 78.69 .081
PFGC 1.21 3 43.75 .081
MDT .94 9 101.34 .081
ERF .27 3 9.74 .081
SIVB 7.01 8 665.26 .080
ZS 2.76 10 319.42 .080
PKG 2.17 5 130.73 .080
BHVN 2.12 5 132.4 .080
PLCE 1.60 4 76.71 .080
A 1.31 10 153.96 .080
PLTR .77 2 18.9 .080
OPNT .73 4 35.3 .080
TTD .56 16 93.53 .080
CDEV .10 5 6.13 .080
VTGN .03 5 1.87 .080
MNSO .82 1 10.32 .079
IWM 2.93 6 218.18 .078
QDEL 2.32 6 166.24 .078
BCYC 1.49 3 57.21 .078
SPT 1.25 6 93.82 .078
WFC .66 6 47.81 .078
VIPS .66 1 8.37 .078
SLV .56 3 20.77 .078
SLB .41 6 29.45 .078
ET .11 6 8.21 .078
LMT 2.51 11 343.14 .077
MRK .54 11 75.54 .077
CSCO .48 11 61.03 .077
APT .45 1 5.82 .077
GDYN 3.03 1 39.72 .076
ROST 2.08 4 109.03 .076
CTRN 1.11 5 73.23 .075
QCOM 1.05 15 179.58 .075
PSTG .50 5 32.95 .075
GBS .11 1 1.46 .075
RVI .24 2 6.38 .074
XMTR 3.46 1 46.89 .073
ADBE 3.38 12 557.52 .072
SEDG 2.57 8 281.1 .072
ENPH 1.82 8 189.33 .072
WYNN 1.62 4 86.32 .072
SPG 1.55 8 155.53 .072
APPN 1.29 4 71.1 .072
SCHW 1.01 6 83.19 .072
MYGN .98 2 26.63 .072
CSIQ .58 4 31.86 .072
ORGO .35 2 9.61 .072
THTX .22 1 3.03 .072
IRCP .04 4 2.19 .072
TBLA .70 1 9.85 .071
EL 3.86 7 352.75 .070
SNPS 3.62 7 359.07 .070
MA 3.58 7 350.74 .070
SITM 2.97 7 278.84 .070
TTC 1.42 5 97.14 .070
STX .84 10 109.22 .070
GNOG .78 1 10.99 .070
MS .74 10 97.77 .070
INTC .54 7 50.97 .070
K .49 10 62.65 .070
TME .45 1 6.38 .070
EKSO .11 2 3.11 .070
SLHG .10 1 1.42 .070
SM .68 3 28.98 .069
MRTN .38 3 16.37 .069
YPF .09 3 3.89 .069
MO .84 4 47.77 .068
T .42 4 24.47 .068
DUOT .40 1 5.87 .068
WSM 1.97 6 167.93 .066
LOGI .99 6 84.1 .066
ROIV .83 1 12.46 .066
VIEW .13 2 3.84 .066
SSL .06 22 15.97 .066
MFGP .06 6 5.03 .066
UNH 2.55 13 487.21 .065
HRI 2.10 5 154.49 .065
RACE 1.48 13 249.02 .065
JBL .90 5 67 .065
VRNT .69 5 50.5 .065
EDU .14 1 2.13 .065
THC 4.91 1 76.21 .064
CFLT 2.29 2 69.5 .064
KMX 2.23 4 136.99 .064
CVS 1.62 4 100.9 .064
SUPN .95 2 29.68 .064
GM .91 4 56.08 .064
RSI .55 2 16.74 .064
VXX .35 4 21.66 .064
HWCC .34 1 5.3 .064
GGAL .16 4 9.49 .064
CCMP 11.86 1 186.42 .063
GS 2.93 9 380.32 .063
WDAY 2.57 7 278.86 .063
BIG .91 3 42.85 .063
KO .46 9 57.77 .063
WOOF .43 3 19.59 .063
BEKE .61 2 19.35 .062
PPBT .26 1 4.14 .062
OXY .06 31 28.6 .062
RNG 11.84 1 194.06 .061
DFH 1.18 1 19.07 .061
COIN 1.63 10 247.69 .060
LOW 1.46 12 246.98 .060
V 1.32 10 217.96 .060
YETI 1.27 4 82.66 .060
CHKP 1.25 6 113.7 .060
TSN 1.03 5 85.27 .060
ABT .90 10 135.27 .060
IBM .88 10 128.97 .060
ATVI .81 5 63.59 .060
AMKR .70 2 22.6 .060
FLXN .55 1 9.12 .060
BAC .47 6 44.28 .060
XOM .38 10 60.99 .060
SBH .38 3 18.44 .060
ON .35 12 64.79 .060
KHC .35 6 35 .060
FLO .28 6 27.06 .060
MOMO .19 3 9.11 .060
SWN .07 4 4.49 .060
RRD .07 10 10.73 .060
LL 1.01 1 17.24 .058
FITB .82 3 42.51 .057
SPWH .22 3 11.23 .057
OEG .14 1 2.43 .057
INTU 4.61 8 621.07 .056
COST 2.35 14 549.67 .056
ROLL 1.78 7 202.17 .056
HON 1.76 7 201.67 .056
KYMR 1.69 2 59.54 .056
ECOM 1.37 1 24.4 .056
UAL 1.24 2 43.93 .056
AMAT 1.16 8 151.42 .056
TGT 1.08 14 217.74 .056
TMUS 1.01 7 121.1 .056
SJM .63 14 133.14 .056
PDCO .41 4 28.12 .056
GWRE 1.30 5 112.74 .055
SWI .79 1 14.29 .055
RDUS .38 1 6.9 .055
ITRO .07 1 1.27 .055
LII 2.97 6 313.52 .054
AMGN 2.19 6 221.53 .054
DG 2.15 6 221.72 .054
CI 2.12 6 220.24 .054
TSCO 1.52 9 223.04 .054
OLLI 1.29 2 46.68 .054
TAP 1.23 2 44.54 .054
WM 1.04 9 160.03 .054
FA .96 1 17.72 .054
HAS .94 6 96.62 .054
GE .86 6 93.06 .054
CRMT .72 9 103.53 .054
MRVL .60 9 88.29 .054
RKT .41 2 14.82 .054
EQT .39 3 21.19 .054
AHPI .17 2 6.18 .054
HITI .25 1 4.66 .053
CAR 6.00 2 225.37 .052
COF 1.87 4 143.73 .052
TRI 1.63 4 116.6 .052
TSC 1.55 1 29.41 .052
SANA .82 1 15.72 .052
CUE .62 1 11.72 .052
TTM .13 13 30.38 .052
NFE 1.27 1 24.86 .051
WGO 1.15 3 66.51 .051
EPU .48 3 28.23 .051
KEYS 2.15 5 197.58 .050
EA 1.35 5 132.17 .050
OTIS .91 5 84.31 .050
TNA .83 5 79.95 .050
XONE .67 2 26.7 .050
APG .62 2 24.64 .050
XLE .28 10 54.87 .050
ADSK 2.04 7 280.42 .049
PWR 2.69 2 111.52 .048
NXPI 1.35 8 224.37 .048
LPX 1.24 3 76.29 .048
NTAP 1.16 4 89.9 .048
ALC .68 6 84.31 .048
ACH .67 1 13.85 .048
RF .52 2 21.32 .048
ATHM .49 3 28.89 .048
AZN .21 16 56.94 .048
AGNC .19 4 15.16 .048
SNDL .03 1 0.6251 .047
STE 2.26 5 231.21 .045
SNA 1.89 5 208.51 .045
LIN 1.72 9 332.89 .045
JNJ 1.64 5 167.21 .045
LH 1.59 9 304.22 .045
STT 1.48 3 92.59 .045
OKE .92 3 57.91 .045
ANF .52 3 33.97 .045
PKI 2.16 4 189.04 .044
DAVA 1.77 4 154.1 .044
EVA 1.62 2 70.78 .044
MT 1.44 1 32.06 .044
MNST 1.05 4 93.48 .044
GLD .70 11 167.02 .044
NPTN .67 1 15.14 .044
PG .66 11 159.32 .044
ARMK .42 4 35.44 .044
PANW 23.18 1 537.63 .043
LSI 3.13 2 145.62 .042
MMM 1.20 7 172.92 .042
NEE .65 6 90.45 .042
TBIO .53 3 37.36 .042
BBWI .53 6 68.39 .042
HRL .31 7 47.7 .042
BURL 1.68 8 282.49 .040
BLFS 1.55 1 38.24 .040
ADI 1.48 5 172.08 .040
UHS 1.30 4 127.7 .040
AKAM 1.27 4 116.06 .040
HD .95 20 395.64 .040
XLK .83 10 169.76 .040
DD .80 4 76.49 .040
DEN .72 4 71.95 .040
RY .56 8 103.31 .040
GPK .38 2 18.97 .040
KDMN .10 4 9.5 .040
CTKB .66 1 16.66 .039
GRUB .15 3 10.73 .039
LESL .44 2 23.01 .038
HMHC .31 2 16.23 .038
PCTY 8.94 1 237.59 .037
FCBP 1.08 1 29.1 .037
DVAX .53 1 14.04 .037
ANTM 2.99 6 446.49 .036
AAP 1.46 6 229.57 .036
J 1.33 4 134.24 .036
LITE 1.30 3 103.8 .036
AXP 1.07 6 160.91 .036
EGRX 1.01 2 54.35 .036
UPS .93 9 207.1 .036
KNL .92 1 25.04 .036
ABBV .83 6 129.95 .036
XLP .28 12 74.61 .036
GIS .25 12 65.06 .036
NOK .04 6 5.97 .036
TTWO 1.26 5 179.44 .035
CLX 1.20 5 171.16 .035
VGR .61 1 17.14 .035
LEN .58 7 112.35 .035
SRNG .41 1 11.42 .035
BP .21 5 26.43 .035
LZB .64 2 35.89 .034
HOLI .43 1 12.52 .034
ALAC .21 2 11.7 .034
CROX .44 11 139.78 .033
BRG .30 3 26.7 .033
BKNG 10.17 8 2385.18 .032
HCA 2.20 4 247.03 .032
MPC .54 4 63.1 .032
TEO .08 2 4.98 .032
ENIC .06 1 1.87 .032
RMD 8.09 1 257.63 .031
IRTC 3.69 1 115.5 .031
FOE .67 1 21.59 .031
BLK 6.24 5 911.54 .030
XLY 1.32 5 196.82 .030
PEP 1.13 5 168.92 .030
RTX .88 3 83.68 .030
NKE .63 10 166.63 .030
OLN .56 3 55 .030
XLF .40 3 38.44 .030
CORT .32 2 20.54 .030
MU .30 10 90.68 .030
BEST .01 3 0.9488 .030
RCUS 1.22 1 40.85 .029
SMH 4.39 2 305.63 .028
GOOG 3.73 28 2884.41 .028
FLOW .63 4 85.96 .028
DUK .45 7 103.02 .028
ACHV .11 2 7.56 .028
PAYX 1.21 3 133.41 .027
PCVX .65 1 23.5 .027
ATKR 1.43 2 103.93 .026
VZ .73 2 52.77 .026
CLSK .30 1 11.39 .026
GSKY .15 2 11.24 .026
LPTX .04 2 2.92 .026
TRIL .47 1 18.44 .025
AZO 5.11 12 1990.37 .024
ALXN 1.24 4 182.5 .024
MCD .98 8 264.94 .024
AZPN .96 4 149.04 .024
STN .44 3 54.52 .024
CL .38 6 82.46 .024
HNP .33 2 26.07 .024
VSH .18 3 20.79 .024
UNIT .11 3 13.09 .024
SLVO .03 4 4.94 .024
VRTX 5.31 1 222.77 .023
B 1.08 1 45.88 .023
CRTO .90 1 37.69 .023
SPB 2.21 1 98.14 .022
NUAN 1.13 1 55.2 .020
PLD .67 5 160.79 .020
IRBO .83 1 41.6 .019
CNA .83 1 43.18 .019
UHAL 1.98 9 718.14 .018
AIT .91 2 100.25 .018
AMOM .66 1 35.61 .018
D .17 9 77.15 .018
PSTX .12 1 6.85 .017
SPY 2.27 4 463.06 .016
STMP 1.59 4 329.61 .016
LANC 1.43 2 161.5 .016
STZ 1.17 4 241.32 .016
UTHR .86 4 205.12 .016
IYC .39 4 81.39 .016
XLV .31 8 137.13 .016
CSPR .11 1 6.69 .016
SELF .09 1 5.44 .016
INCY .27 5 73.68 .015
VCLO .25 1 16.48 .015
AXON 2.25 1 156.7 .014
TNET 1.38 1 93.83 .014
CHNG .15 2 21.05 .014
ADMS .06 2 8.22 .014
CAI .78 1 56 .013
FRBK .05 1 3.69 .013
TDG 1.87 4 609.29 .012
PNRG .79 1 65.41 .012
TSM .54 3 117.44 .012
HRC .42 6 155.96 .012
EPAY .28 3 56.56 .012
MGTX .27 1 22.45 .012
PPC .17 2 27.9 .012
HDGE .12 3 25.23 .012
SAFM .97 2 187.97 .010
ECHO .49 1 48.24 .010
INOV .22 2 41.06 .010
ESXB .06 2 11.3 .010
HALO .39 1 39.18 .009
GTS .33 1 35.66 .009
IEC .14 1 15.34 .009
SVBI .13 1 13.63 .009
RTLR .02 9 10.66 .009
ANET 1.23 1 139.53 .008
LMRK .07 2 16.49 .008
PBT .04 2 9.2 .008
HFBL .16 1 20.382 .007
ROG 1.67 1 270.88 .006
SYKE .14 3 54 .006
FAST .11 6 62.04 .006
ITRN .07 3 26.01 .006
PSP .04 3 14.87 .006
JQUA .26 1 44.64 .005
VRS .14 1 26.82 .005
CXM .09 1 15.05 .005
CLDR .08 1 15.99 .005
VOOV .73 1 148.44 .004
CONE .25 2 89.53 .004
TAAG .09 1 20.9494 .004
CPLG .07 1 15.62 .004
KIN .02 2 9.25 .004
RAVN .10 3 58.08 .003
IACB .01 3 7.95 .003
CXP .04 1 19.28 .002
SIC .03 1 14.49 .002
NWHM .02 1 8.99 .002
EIC .02 2 17.27 .002
DSE .02 1 9.49 .002
ULTA .62 1 378.27 .001
VCAR .03 1 15.21 .001
PMD .01 1 7.3 .001
ULTA .05 12 378.27 0
INFL .01 2 30.23 0
DFP .01 3 27.53 0
WMPN 0 4 12.06 0
QQC 0 2 32.66 0
QADB 0 4 87.54 0
PAE 0 1 9.91 0
ONON 0 1 51.42 0
NLSP 0 1 1.31 0
LHAA 0 1 9.82 0
HWBK 0 1 24.58 0
DVD 0 1 3.61 0
APWC 0 1 2.99 0
NSYS -.12 1 9.85 -.012
