GOVX 56.89 2 5.64
SQBG 46.89 1 7.86
SAM 41.05 1 699.01
MSTR 38.02 1 630.07
BKNG 36.56 1 2209.57
SPG 28.40 1 129.58
AZO 25.65 2 1520.65
EEIQ 20.56 1 3.77
EBET 20.52 1 33.36
REGN 18.91 3 680.96
IAC 17.92 1 132.05
ACRS 16.90 1 17.22
EJH 15.96 2 3.73
JAN 15.89 1 6.84
VRPX 15.31 2 18.31
GLSI 15.30 1 43.75
MDB 15.16 1 401.65
BNTX 14.94 3 334.06
NVAX 14.88 8 252.06
SE 14.48 4 340.08
DPZ 14.41 5 515.4
ZLAB 14.08 1 135.91
NVCR 14.03 2 137.58
ROKU 13.43 1 479.39
OCG 13.26 1 5.06
TPST 13.17 1 14.4
LII 12.44 1 327.32
RAPT 11.74 1 35.76
KALV 11.62 1 20.76
EL 11.21 1 6.41
ASML 10.95 2 857.88
ANTM 10.86 1 383.57
SEDG 10.82 1 293.07
ADSK 10.81 1 310.13
TWST 10.36 1 117.04
AUVI 10.36 2 6.84
LAD 10.32 1 371.73
RGEN 10.02 1 234.73
NTLA 10.00 7 164.04
UPST 9.72 6 226.81
KOSS 9.72 4 18.18
SNPS 9.69 1 315.57
UHAL 9.66 3 638.16
DE 9.42 4 6.47
IMPL 9.30 1 20.82
WDAY 9.24 1 269.21
NNOX 9.05 1 25.18
INTU 8.87 1 563.13
LWAC 8.69 1 16.98
AMGN 8.68 1 228.8
WAVE 8.60 1
TDG 8.49 2 624.0
CARV 8.41 3 19.3
COIN 8.34 2 256.35
NVOS 8.25 1 1.82
NRXP 8.25 3 16
ROST 8.24 1 117.53
ROLL 8.24 1 229.49
W 8.07 5 279.07
AMZN 8.07 92 3479
TSCO 7.96 1 180.9
BURL 7.92 1 318.09
GPN 7.69 3 162.51
MRNA 7.68 19 397.66
COHN 7.64 2 22.54
BLK 7.59 1 880.67
CRMT 7.58 2 132.01
SNOW 7.57 4 301.02
ZS 7.55 1 282.2
SIVB 7.54 1 570.17
DASH 7.45 2 187.61
FLGT 7.33 3 92.36
SPG 7.10 4 129.58
GH 7.05 1 131.51
CPOP 7.05 2 4.07
MA 6.96 3 349.57
LAIX 6.87 1 1.12
LHDX 6.82 1 8.59
TERN 6.81 1 12.33
AAP 6.68 1 207.57
VERV 6.63 3 70.7
RLMD 6.56 1 24.04
KEYS 6.46 1 168.72
KMB 6.35 1 135.82
PKI 6.30 1 172.11
VIR 6.18 1 47.5
ANVS 6.15 4 37.12
SCPS 6.13 4 6.05
SCR 5.96 1 35.58
UTHR 5.88 1 205.43
LANC 5.87 1 179.98
ENPH 5.87 2 176.43
CELH 5.86 1 73.31
SITM 5.79 3 203.99
DQ 5.79 4 60.96
LOW 5.78 3 206.15
LH 5.76 2 73.31
VERY 5.74 1 9.15
SI 5.73 1 22.26
HRI 5.63 1 129.75
COST 5.45 3 456.52
LLY 5.39 3 257.4
GWRE 5.32 1 118.44
DOCS 5.31 2 98.21
SPLK 5.11 4 158.11
APPN 5.04 2 108.07
APP 5.03 1 74.3
SJ 4.97 1 4.69
AAME 4.94 2 4.35
LIN 4.89 3 313.88
V 4.88 1 224.18
AXP 4.88 1 173.12
HON 4.87 2 229.27
FULC 4.87 3 28.06
YETI 4.85 1 100.11
ZM 4.83 12 295.09
ZG 4.83 3 98.32
GRTS 4.83 3 9.55
PLCE 4.81 1 100.58
HAS 4.75 1 103.98
ABNB 4.71 3 156.59
HCA 4.67 1 249.32
GRVY 4.67 2 100.71
EDIT 4.67 1 56.48
LAZR 4.65 1 17.15
ADI 4.60 1 165.78
TSLA 4.57 141 734.09
STZ 4.57 1 234.27
RACE 4.57 1 212.51
GOOG 4.55 25 2916.84
WSM 4.52 3 183.25
TTWO 4.51 1 159.92
PRTA 4.43 2 69.88
CI 4.39 2 217.12
CAT 4.36 2 207.96
DOCN 4.31 1 64.15
DDS 4.31 5 196.74
IMAB 4.28 1 76.16
NEWR 4.27 1 82.6
RL 4.24 2 118.94
COF 4.22 1 159.96
CLDX 4.17 1 53.83
ALEC 4.17 3 27.17
IMNM 4.16 1 14.94
APPS 4.16 1 60.05
AN 4.16 2 9.96
SNA 4.15 1 221.53
VMW 4.12 3 146.86
STE 3.98 1 218.07
SPT 3.95 1 105.63
EAT 3.93 1 50.92
SAVA 3.92 20 51.96
SIEB 3.89 2 3.88
FANG 3.89 1 80.54
AFRM 3.85 3 98.99
BNTC 3.84 1 3.98
VRNT 3.78 1 45.15
SHEN 3.71 1 61.1
OCGN 3.71 2 7.52
BHVN 3.71 2 117.28
KZIA 3.69 1 10.7
PKG 3.68 2 139.12
DLO 3.68 2 68.92
CTRN 3.67 2 88.64
STX 3.65 2 87.19
AMEH 3.61 2 111.1
LAW 3.60 1 54.38
PDD 3.58 4 106.83
QDEL 3.57 1 136.97
DLPN 3.56 3 13.95
AACG 3.56 3 2.8
ADBE 3.51 5 665.89
UHS 3.49 2 157.9
SKT 3.49 1 16.82
GME 3.48 75 212.97
TVTX 3.46 1 21.79
TDC 3.44 1 54.66
OTIS 3.43 1 89.2
SFIX 3.41 1 39.29
RBLX 3.40 4 84.45
FIGS 3.34 2 44.33
EA 3.34 1 145.4
NMRD 3.33 2 7.64
ISCG 3.33 1 51.8
MCD 3.30 2 238.15
BIIB 3.26 3 335.57
UNH 3.25 9 417.35
KURA 3.24 1 19.39
QADB 3.23 3 86.56
ESTC 3.23 2 163.71
OPNT 3.16 1 17.9
BYND 3.16 2 130.32
BKE 3.14 1 41.56
NURO 3.12 6 11.9
MSGE 3.10 3 81.43
VSCO 3.09 2 67.79
PTON 3.08 1 104.35
OLLI 3.08 1 72.58
XLNX 3.06 4 154.47
MS 3.05 2 92.62
KMPH 3.04 1 9.1
CLX 3.04 2 165.71
CREE 3.02 3 84.73
NEGG 3.00 20 16.89
DOMO 3.00 2 85.98
J 2.97 1 55.27
UBER 2.96 1 43.03
SEMR 2.96 1 26.4
ARVN 2.96 3 85.34
JRVR 2.95 1 36.75
TSM 2.93 1 117.82
FATE 2.92 1
DKS 2.90 4 142.43
LOOP 2.88 1 9.49
JCS 2.88 1 6.765
WGO 2.86 1 72.49
LITE 2.84 1 80.24
HTBX 2.80 1 7.44
WAFU 2.79 2 7.21
MOXC 2.78 2 7.49
IRDM 2.75 2 45.93
ABT 2.75 2 127.4
SLS 2.74 1 9.49
PFGC 2.74 1 42.96
MNST 2.74 1 97.8
TNA 2.70 2 95.07
NXPI 2.70 3 211.5
MVIS 2.70 2 14.5
AKAM 2.70 1 112.41
KNBE 2.69 4 23.88
XBI 2.65 4 135.08
AESE 2.65 1 1.99
PEP 2.63 1 153.0
NCTY 2.63 5 16.03
DTST 2.61 1 3.92
DPW 2.61 3 2.56
GS 2.60 6 414.5
RMBL 2.58 1 37.21
BYSI 2.56 1 28.48
TTD 2.55 5 79.51
DEN 2.54 1 70.22
LPX 2.53 1 55.27
FL 2.53 1 58.17
DDL 2.53 1 26.14
CLII 2.53 1 14.36
NTAP 2.52 2 86.98
JBL 2.52 1 61.09
HOL 2.52 1 12.35
LEXX 2.49 1 6.21
ALXN 2.49 2 182.5
LOGI 2.48 2 107.98
BBY 2.48 4 116.78
CRNC 2.46 2 116.64
TGT 2.44 7 246.37
QADB 2.42 0 86.56
PYPL 2.42 4 286.75
AMAT 2.42 3 133.46
TASK 2.41 3 65.45
AVXL 2.41 5 19.97
CM 2.39 2 12.0
PLD 2.38 2 128.07
PATI 2.38 1 12.5594
PATI 2.38 1 12.5594
GIII 2.35 2 32.56
UPS 2.33 5 196.4
SKX 2.32 1 54.16
CYTK 2.32 2 33.52
AGRI 2.32 1 5.53
CHCI 2.31 2 5.83
PRFX 2.29 1 3.01
ATKR 2.27 1 83.82
IWM 2.25 3 226.16
SQBG 2.23 0 7.86
SQ 2.23 21 268.25
RTX 2.23 1 88.2
DLTR 2.23 2 92.59
TSP 2.22 4 44.39
TJX 2.22 3 72.08
STT 2.22 2 79.72
LMT 2.22 8 356.66
CHGG 2.22 1 85.0
FGEN 2.21 2 12.39
AMD 2.21 7 109.99
OSTK 2.20 6 70.67
DXC 2.19 1 38.72
XTLB 2.18 1 4.77
TSN 2.17 2 78.35
MDT 2.17 4 134.17
SMLP 2.15 1 34
STMP 2.14 3 328.83
EXPI 2.14 3 49.255
INCY 2.13 1 77.95
IGIC 2.12 1 9.48
BBWI 2.11 2 65.62
WM 2.10 2 226.16
CERE 2.10 5 34.83
DELL 2.08 5 97.07
ROST 2.06 4 117.53
BON 2.06 1 10.595
ALDX 2.06 1 9.51
MFNC 2.04 1 21.21
BTX 2.04 1 12.12
VLO 2.03 2 66.35
JD 2.03 3 76.25
FLWS 2.02 2 30.4
APRE 2.02 1 4.78
MRIN 2.01 5 6.35
IBM 2.00 4 139.3
KSS 1.99 5 57.35
DD 1.98 1 97.71
VTSI 1.97 1 8.33
JG 1.96 2 2.36
BNR 1.96 2 19.79
NGM 1.94 1 20.95
LI 1.94 2 30.47
RRGB 1.93 1 20.52
LEGN 1.93 3 49.0
BTBT 1.92 7 12.72
BIDU 1.92 115 165.18
NEE 1.91 1 77.22
ZIM 1.89 1 45.51
FTCH 1.88 1 38.67
LEDS 1.87 2 10.21
HOOD 1.85 12 44.57
ON 1.84 1 104.35
DUK 1.84 1 107.72
DKNG 1.84 2 60.21
AIT 1.83 1 89.31
OSAT 1.82 2 5.97
OKE 1.82 1 51.72
DIS 1.79 6 181.86
ANF 1.79 1 35.78
ARCE 1.78 1 24.04
TTC 1.75 3 108.48
VOXX 1.74 2 11.02
CSIQ 1.74 1 37.41
PG 1.72 4 143.84
KODK 1.72 1 7.16
IMTX 1.72 2 13.67
CHKP 1.71 4 125.09
VMEO 1.70 1 35.94
SILK 1.70 3 60.17
LYFT 1.70 3 49.3
ENOB 1.70 3 7.5
BLDR 1.70 1 47.31
MYGN 1.67 1 34.8
TWTR 1.66 2 68.65
MPC 1.66 1 54.55
SYPR 1.65 2 3.72
FLOW 1.65 3 80.83
MMM 1.64 4 193.44
KMX 1.64 1 127.34
CRM 1.64 9 268.32
CAH 1.64 3 50.63
LODE 1.63 1 2.98
KYMR 1.63 1
JZXN 1.63 4 3.35
MOS 1.62 1 31.27
IYC 1.62 1 79.94
TMUS 1.61 2 137.74
CRCT 1.61 1 40.58
USB 1.60 3 57.13
SPI 1.60 2 5.34
RMED 1.60 3 3.26
MBRX 1.60 1 3.09
WHLM 1.59 3 6.26
BZ 1.59 1 34.13
A 1.59 5 175.45
FISV 1.58 5 118.34
CELC 1.58 2 22.1
RIOT 1.57 2 32.89
GTEC 1.57 2 6.68
CNC 1.57 1 70.47
CARA 1.57 2 15.74
SPTN 1.56 1 21.52
PAYX 1.56 1 113.62
ENTX 1.55 1 5.16
BLFS 1.55 1 60.5
SSY 1.54 2 2.65
HGEN 1.54 2 16.71
FUV 1.54 1 11.04
GIS 1.53 1 60.91
UAL 1.50 1 46.19
SUPN 1.50 1 27.68
ENLV 1.50 1 12.05
DG 1.50 3 222.69
ZEV 1.49 3 8.9
SGOC 1.48 8 9.17
JNJ 1.48 2 173.74
VCVC 1.46 1 9.85
LGHL 1.46 1 1.49
PINS 1.45 3 56.88
EYEG 1.45 1 1.85
EVOL 1.45 1 2.22
BPTH 1.44 1 5.55
SNOA 1.43 3 6.25
SCKT 1.43 3 6.71
GM 1.42 1 52.85
ATVI 1.42 3 82.3
SCHW 1.41 2 73.2
AVIR 1.41 1 25.0
CVS 1.40 3 85.71
ERYP 1.39 2 6.47
EOSE 1.39 2 13.61
COUR 1.39 1 40.91
TNET 1.38 1 79.86
NVDA 1.38 136 224.41
LIVE 1.37 3 48.99
ECOM 1.37 1 26.54
ATNF 1.36 2 6.23
APOP 1.36 2 5.15
TAOP 1.35 3 3.33
BWAY 1.35 1 7.97
WNW 1.34 1 5.05
NLS 1.33 1 13.62
AMC 1.33 52 43.69
SLV 1.32 1 22.37
HOG 1.32 2 40.12
AESE 1.32 0 1.99
AEO 1.32 2 27
VIH 1.31 1 9.95
SPY 1.31 1 451.8
SJM 1.30 6 121.99
AA 1.30 2 23.83
SPCE 1.29 22 26.79
RUN 1.28 3 47
MAT 1.28 2 21.54
LEN 1.28 3 107.52
FRD 1.28 1 12.23
XLV 1.27 1 135.25
RHE 1.27 2 9.03
HJLI 1.27 1 7.76
APXT 1.27 1 12.11
SLGG 1.26 1 4.17
MESO 1.26 1 6.05
JKS 1.26 2 51.62
HHR 1.26 1 42.84
THCB 1.25 1 10
NNVC 1.25 1 3.92
PBTS 1.24 1 1.52
HCM 1.24 3 40.62
EDSA 1.24 1 6.12
CMMB 1.24 2 14.34
ANPC 1.24 2 3.5
TAP 1.23 2 86.98
C 1.23 4 151.7
RCUS 1.22 1 31.55
EYES 1.22 6 3.79
BBBY 1.22 12 27.74
KIRK 1.21 1 18.26
ARAV 1.21 1 4.27
STEM 1.20 4 25.7
MAXR 1.20 3 31.97
JPM 1.20 12 159.72
CRIS 1.20 2 8.77
CETX 1.20 1 1.26
AMTX 1.20 3 11.75
PALI 1.19 2 2.67
JWN 1.19 3 28.41
GSM 1.19 1 9.08
QCOM 1.18 7 146.45
PFE 1.18 3 46.04
GRU 1.18 1 4.3001
GRU 1.18 0 4.3001
GRTX 1.18 1 8.23
DFH 1.18 1 20.98
AYRO 1.18 1 4.05
NIU 1.17 3 24.33
CLSK 1.17 1 11.69
SIF 1.16 1 8.4
HGSH 1.16 2 1.87
MARA 1.14 7 41.18
DAL 1.14 4 38.52
VNET 1.13 3 20.52
STG 1.13 1 6.66
NUAN 1.13 1 55.18
ABSI 1.13 1 22.26
RY 1.12 2 105.72
QFIN 1.12 6 23.7
MNOV 1.12 2 4.13
BZUN 1.12 1 19.14
TGTX 1.11 1 29.46
PMCB 1.11 3 3.45
CNET 1.11 1 1.44
BCRX 1.11 5 15.91
OPTT 1.10 1 2.21
HD 1.09 9 323.64
GT 1.09 1 16.16
DDD 1.09 8 31.85
ATAI 1.09 1 16.83
SLB 1.08 1 28.43
RSLS 1.08 1 3.34
MTSL 1.08 3 3.37
FCBP 1.08 1 29.1
BAC 1.08 3 37.85
B 1.08 1 47.09
AZYO 1.08 1 8.175
ALF 1.08 2 8.71
XLE 1.07 3 47.69
TTCF 1.07 1 17.03
LC 1.07 4 31.12
NETE 1.05 1 10
OCUP 1.04 1 5.28
IPA 1.04 2 7.31
FSTX 1.04 1 7.71
CANF 1.04 1 1.845
ALLO 1.04 1 24.78
FTEK 1.03 2 1.85
COP 1.03 5 54.65
BJ 1.03 5 56.65
AMKR 1.03 1 23.53
ALYA 1.03 3 2.84
FAST 1.02 1 53.15
ZCMD 1.01 1 1.69
RCON 1.01 1 3.28
MVST 1.01 4 9.08
LL 1.01 1 97.33
EGRX 1.01 2 47.73
BGFV .99 5 32.03
TRCH .98 2 9.88
NFLX .98 101 582.07
HOFV .98 2 3.35
UAA .97 2 23.83
SKLZ .97 3 12.21
FA .96 1 22.05
DWSN .96 1 1.98
BTWN .95 1 9.81
CGC .94 1 19.19
MO .93 2 12.92
CHPT .93 1 21.23
ABBV .93 4 112.27
LBPH .92 1 10
KNL .92 1 25.04
YEXT .91 1 13.86
WFC .91 4 43.13
GEG .90 1 2.34
YMM .89 1 17.95
PLUG .89 8 26.93
CEMI .89 6 2.7
ACHL .89 1 6.81
HPQ .88 3 29.22
BABA .88 96 173.28
GLD .87 5 169.7
DTSS .87 1 2.07
AFMD .87 1 7.15
VLDR .86 1 6.73
RF .86 1 19.1
ATHM .86 2 40.22
SRNE .85 1
SAFM .85 1 193.28
RIDE .85 5 6.54
HNP .85 1 20.89
CRTO .85 1 36.5
RKT .84 1 19.21
PTIX .84 2 2.09
HRC .84 3 145.06
BB .84 11 11.25
UUU .83 2 6.25
UAVS .83 1 3.45
SPRT .83 15 24.1
LUV .83 3 49.55
IRBO .83 1 45.26
CSCO .83 5 59.04
CNA .83 1 43.9
SANA .82 1 23.14
MNSO .82 1 16.96
FITB .82 3 38.47
CLF .81 5 24.03
GMBL .80 1 9.07
COTY .80 2 9.73
SWI .79 1 10.88
SCYX .79 1 6.36
PNRG .79 1 50
MU .79 4 73.99
BP .79 1 25.64
AEHR .79 8 7.05
ZY .78 3 10.33
VVOS .78 4 5.06
OTLK .78 1 2.66
K .78 5 63.29
HX .78 1 1.82
GNOG .78 1 22.01
CAI .78 1 55.99
WATT .77 1 2.44
PLTR .77 2 26.2
EXPR .77 3 5.77
WOOF .76 1 21.52
NBRV .76 1 1.08
APG .76 1 22.92
GP .75 2 15.19
SHOP .74 5 1539.03
PSTG .74 2 25.97
MQ .74 1 27.85
GTIM .74 1 5.37
GRVI .74 3 5.81
FUBO .74 2 29.56
ATXI .74 1 1.8
VZ .73 2 55.96
VOOV .73 1 145.98
UPC .73 3 2.31
ORPH .73 3 5.11
ORMP .73 9 18.45
NVFY .73 3 2.31
MRK .72 2 16.16
ENSC .72 1 3.178
BTCM .72 4 9.35
ARPO .72 1 2.2
AREC .72 4 2.23
ZKIN .71 2 3.86
TBLA .70 1 9.85
SONO .70 4 40.51
PRPL .70 3 27.32
ORGS .70 1 5.21
OCX .70 1 4.24
NKE .70 5 163.67
JRJC .70 1 4.53
CBAT .70 2 3.12
WIMI .69 1 4.37
BEKE .69 1 20.52
ASM .69 1 1.03
ONCS .68 1 2.34
BBIG .68 11 9.42
XONE .67 2 24.61
WMT .67 14 147.78
FOE .67 1 20.97
CLNE .67 1 7.92
BODY .67 1 7.56
VIPS .66 1 14.26
TIGR .66 5 14.63
SSNT .66 1 7.19
RETO .66 1 0.9402
ERJ .66 1 15.28
CTKB .66 1 20.85
CRTD .66 3 3.39
AMOM .66 1 37.07
TATT .65 3 5.89
STRO .65 2 22.3
SOHU .65 4 24.24
PDCO .65 2 30.11
PCVX .65 1 26.92
OLB .65 1 4.18
LMNL .65 3 2.7
TESS .64 1 6.2
M .64 5 22.54
LZB .64 2 34.29
GPS .64 5 26.45
FLGC .64 2 9.32
CTIB .64 3 2.15
ANY .64 6 6.63
ACY .64 16 27.34
XLP .63 1 72.64
DNUT .63 3 16.85
CCL .63 4 23.51
ULTA .62 1 388.74
LJPC .62 2 4.05
SPWH .61 1 17.79
SOS .61 2 2.89
SNAP .61 110 73.92
PLG .61 1 2.6
MRVL .61 5 60.72
GNLN .61 1 2.53
CL .61 3 78.52
BIOC .61 1 3.67
AMBO .61 1 1.54
PSTV .60 1 1.9
EVK .60 6 3.08
AVCT .60 1 4.23
AMRS .60 1 15
VERU .59 3 8.89
UONE .59 3 7.75
BIG .59 2 48.46
ACI .59 4 30.18
WPRT .58 2 3.95
WISH .58 3 7.38
TRIT .58 3 5.31
STAF .58 2 2.11
LTHM .58 4 25.49
EPU .58 2 26.49
WEI .57 1 0.9
TQQQ .57 129 150.1
T .56 3 27.19
SBH .56 2 18.53
OBLN .56 3 3.05
MTP .56 1 1.82
KO .56 5 56.47
INTC .56 5 53.73
CLPS .56 1 3.39
CLPS .56 1 3.39
CLOV .56 1 8.47
ARMK .56 3 35.02
VNE .55 6 36.38
UWMC .55 1 7.46
EVGO .55 1 12.44
EOLS .55 1 10.33
APTO .55 2 2.9
WHLR .54 2 3.39
ENZ .54 2 3.77
AUUD .54 5 2.97
ADMA .54 1 1.33
TBIO .53 3 37.52
MEDS .53 5 5.14
HUYA .53 3 11.28
EQ .53 1 6.03
ENG .53 2 2.13
VIVE .52 1 2.59
TLRY .52 3 13.57
KULR .52 1 2.15
HRL .52 3 43.57
FLO .52 2 24.65
XBIO .51 7 2.86
VTNR .51 6 7.42
KR .51 9 45.74
DYAI .51 3 6.21
CPSH .51 1 5.94
AUTL .51 1 7.15
NKE .50 7 163.67
RKDA .49 1 2.32
NRBO .49 2 4.17
IGC .49 3 1.61
ARMP .49 1 3.553
XPEV .48 79 40.79
XOM .48 5 53.77
PBR .48 3 10.77
NNDM .48 3 6.33
NIO .48 75 39.08
NEXT .48 2 3.47
DBGI .48 3 2.9
TRIL .47 1 17.39
DARE .47 1 1.79
D .47 6 78.89
BGI .47 1 2.85
VXX .46 3 24.82
UFAB .46 2 2.84
NTEC .46 4 9.63
KBSF .46 2 4.15
INOV .46 1 36.87
GURE .46 1 4.1595
CVV .46 2 5.24
CIEN .46 16 56.88
BCLI .46 1 3.55
TYME .45 4 1.12
TME .45 1 8.92
ONCT .45 2 4.42
ME .45 1 8.74
BLIN .45 7 5.06
ADIL .45 2 4.13
WORX .44 4 2.8
GALT .44 3 3.9
FFHL .44 2 9.5
ENVB .44 1 2.1
FCX .43 16 35.89
EVGN .43 1 3.45
CAN .43 4 9.15
ATIF .43 1 3.73
AQMS .43 2 2.38
OBSV .42 2 3.04
VSH .41 2 22.71
GTT .41 1 2.36
CTSO .41 3 9.66
ASTR .41 3 11.66
ACOR .41 4 4.37
YJ .40 2 0.8242
RRD .40 2 4.89
LIZI .40 4 4.25
GE .40 4 103.66
FBRX .40 1 29.92
DUOT .40 1 5.85
CHRA .40 1 4.69
AAPL .40 107 152.51
OXBR .39 4 3.21
MOMO .39 1 12.92
MDIA .39 2 8.49
CSCW .39 2 1.08
BLUW .39 1 7.32
OVID .38 2 3.58
MRTN .38 3 15.37
ANIX .38 1 5.31
AAL .38 8 19.64
HUGE .37 1 1.8
HNST .37 1 13.83
GPK .37 1 18.91
CHMA .37 2 3.76
MRKR .36 1 1.96
JFIN .36 2 4.46
IDEX .36 4 2.46
BNGO .36 11 5.89
AKTX .36 1 1.82
AGNC .36 2 16.18
ADMP .36 1 1.11
ACB .36 3 7.2
MFGP .35 1 6
IRIX .35 3 7.16
CLSD .35 3 6.71
BSQR .35 13 2.6
XELB .34 2 1.82
HWCC .34 1 5.24
AZN .34 6 59.59
LMFA .33 4 5.05
GTS .33 1 35.53
BHTG .33 1 1.43
VBLT .32 2 2.34
TAL .32 2 5.32
SPCB .32 2 1.2
MINM .32 2 2.18
IMMP .32 3 4.07
BKYI .32 1 3.16
WINT .31 3 1.98
ULBI .31 2 8.24
PIRS .31 5 5.36
FENC .31 1 7.86
DMAC .31 2 4.29
AEY .31 1 2.71
HAPP .30 1 1.12
HUSN .29 4 2.79
AXLA .29 1 3.53
MITO .28 1 1.45
IMMR .28 2 7.53
ALTO .28 3 5.04
SSL .27 3 15.1
NAOV .27 11 2.52
PPBT .26 1 4.98
PME .26 1 0.683
NKLA .26 14 10.66
ATOS .26 4 3.76
PBLA .25 1 2.4
RAIL .24 4 5.25
IKT .24 1 2.42
GEVO .24 3 6.15
GBR .24 1 4.03
MOGO .23 3 5.54
ACHV .23 1 8.19
THTX .22 1 3.75
SSKN .22 1 1.4
OXY .22 22 26.58
JFU .22 3 1.91
GENE .22 2 3.38
DYNT .22 5 1.34
XELA .21 6 2.57
VIEW .21 1 5.24
TENX .21 1 1.62
SBS .21 1 7.11
KXIN .21 5 3.16
ALAC .21 2 11.23
ZNGA .20 2 8.11
PHUN .20 5 1.11
ENSV .20 1 1.24
EKSO .20 1 4.78
NBEV .19 1 2.27
AGEN .19 4 6.17
TELL .18 5 3.05
OSMT .18 3 3.7
ET .18 2 9.11
DBVT .18 3 5.6
PPC .17 2 27.98
MRO .17 6 11.26
LIVX .17 2 2.94
IRCP .17 1 2.97
FCEL .17 126 6.42
SNES .16 2 1.68
RAVN .16 2 58.1
INFI .16 4 3.59
HFBL .16 1 18.42
IMV .15 2 1.72
GRUB .15 3 18.25
CHNG .15 2 22.06
SYKE .14 3 54
OEG .14 1 3.04
INM .14 1 2.34
IEC .14 1 15.305
EDU .14 1 2.35
SVBI .13 1 12.4
LMRK .13 1 16.21
ESXB .13 1 11.18
SBBP .12 2 2.24
RIG .12 2 3.5
PSTX .12 1 8.55
CHNR .12 4 1.28
VERB .11 6 2.03
SNMP .11 2 1.06
MOHO .11 3 0.7155
GBS .11 1 3.41
FENG .11 2 1.28
CALA .11 1 2.43
XLK .10 3 158.9
SLHG .10 1 2.9712
MSFT .10 107 301.83
EDTK .10 2 1.6
AEMD .10 2 3.71
WTER .09 2 1.79
TEDU .09 2 1.61
PRPO .09 3 3.31
NOK .09 2 6.12
AEI .09 2 2.02
MDNA .08 7 2.39
MBII .08 1 1.2
MARK .08 2 1.16
CRON .08 4 6.92
CLDR .08 1 15.93
BQ .08 2 2.76
NEPT .07 2 0.657
ITRN .07 3 26.1
WYNN .06 3 96.15
PSP .06 2 16.38
ITRO .06 1 1.27
FRO .06 5 7.77
ULTA .05 12 388.74
SELF .05 1 5.4
FRBK .05 1 3.35
CNFR .05 2 3.91
WYNN .04 4 96.15
VTGN .04 3 3.06
SHOP .04 88 1539.03
PBT .04 2 5.25
GMTX .04 1 5.08
AVGR .04 7 0.8921
VCAR .03 1 12.1883
SNDL .03 1 0.76
SIC .03 1 14.3
FB .03 93 382.05
DFP .03 1 29.39
NWHM .02 1 8.97
KIN .02 2 9.25
IACB .02 2 9.84
FB .02 100 382.05
DSE .02 1 9.49
BLNK .02 11 32.94
BEST .02 2 1.06
SLVO .01 2 5.51
PMD .01 1 7.75
INFL .01 2 30.52
WMPN 0 4 12.16
BILI 0 21 84.56
RTLR -.01 7 10.94
EIC -.08 1 16.24
NSYS -.12 1 12.8
