EIC -.08 1 16.24
RTLR -.01 7 10.99
202PENN %:
INFL .01 2 30.3
SLVO .01 2 5.34
BLNK .02 11 34.09
NWHM .02 1 8.93
SIC .03 1 14.22
SNDL .03 1 0.76
GMTX .04 1 4.15
IACB .04 1 9.84
CNFR .05 2 3.14
NEPT .07 2 0.6913
CRON .09 4 6.92
MDNA .09 6 2.18
NOK .09 2 6.12
EDTK .10 2 1.69
SLHG .10 1 3.38
MOHO .11 3 0.669
SNMP .11 2 1.44
CHNR .12 4 1.35
RIG .12 2 3.5
IEC .14 1 15.27
SYKE .14 3 53.85
CHNG .15 2 21.35
IMV .15 2 1.65
INFI .16 4 3.13
RAVN .16 2 58.05
SNES .16 2 1.5401
ET .17 2 9.11
IRCP .17 1 2.37
OSMT .18 3 4.19
FRO .19 3 7.49
NBEV .19 1 2.27
PRPO .19 1 3.16
RAIL .20 3 5.69
XELA .21 6 2.96
GENE .22 2 3.32
JFU .22 3 1.68
IKT .24 1 2.02
PPBT .26 1 4.72
SONO .26 3 37.38
BBIG .28 6 3.19
HUSN .29 4 3.2
FENC .31 1 7.14
PPC .31 1 22.68
ULBI .31 2 8.37
IMMP .32 3 3.66
MINM .32 2 2.2
NAOV .32 6 2.89
SPCB .32 2 1.23
SPRT .32 9 7.94
M .35 3 19.3
SSL .35 2 14.79
CHMA .37 2 3.76
GPK .37 1 18.91
HNST .37 1 13.83
XOM .37 4 57.35
MRTN .38 3 15.37
MDIA .39 2 8.9
OXBR .39 4 4.08
GE .40 4 106.52
LIZI .40 4 4.46
RRD .40 2 6.11
YJ .40 2 1.03
CLSD .41 2 5.57
VSH .41 2 22.71
OBSV .42 2 2.79
FFHL .44 2 10.18
GALT .44 3 3.55
VZ .44 2 55.96
WORX .44 4 3
CAN .45 4 9.22
ME .45 1 1.4
NKLA .45 13 9.95
INOV .46 1 36.87
KBSF .46 2 3.77
NTEC .46 4 9.63
BGI .47 1 2.84
D .47 6 77.36
DBGI .48 3 3.76
FCX .48 13 38.39
NIO .48 75 42.47
PBR .48 3 11.26
IGC .49 3 1.69
NRBO .49 2 3.62
RKDA .49 1 2.38
LMNL .50 3 2.67
DYAI .51 3 4.87
KR .51 9 42.64
XBIO .51 7 3.65
BLIN .52 6 5.06
HRL .52 3 45.39
IRIX .53 2 6.6
MEDS .53 5 4.9
TBIO .53 3 37.75
ENZ .54 2 3.16
BTCM .55 2 7.72
EVGO .55 1 12.44
CLOV .56 1 9.01
INTC .56 5 53.54
SBH .56 2 19.48
T .56 3 28.02
TQQQ .56 129 135.78
TAL .57 1 6.41
EPU .58 2 26.55
STAF .58 2 2.38
WPRT .58 2 4.72
CCL .59 3 23.36
VERU .59 3 7.44
CVV .61 1 5.21
SOS .61 2 2.88
LJPC .62 2 4.11
CTIB .64 3 1.89
PDCO .65 2 29.74
ERJ .66 1 15.28
MU .66 4 70.25
BODY .67 1 8.69
EVK .68 5 4.09
PRPL .70 3 27.32
MRK .72 2 76.19
CLF .73 3 25.72
NVFY .73 3 2.27
FUBO .74 2 31.56
GRVI .74 3 5.73
GP .75 2 15.19
PLTR .77 2 24.89
OTLK .78 1 2.53
ZY .78 3 10.33
BP .79 1 25.64
SWI .79 1 10.88
VNET .79 3 19.05
WISH .80 2 9.41
VNE .81 4 37.13
FITB .82 3 38.88
CNA .83 1 43.9
PTIX .84 2 1.93
RKT .84 1 19.21
CRTO .85 1 37.67
RF .86 1 19.1
GLD .87 5 164.04
VTNR .87 4 8.54
K .88 4 64.41
CEMI .89 6 2.66
COP .89 4 57.04
PLUG .89 8 26.41
YMM .89 1 18.6
FB .90 100 362.65
NFLX .90 99 510.72
VOOV .91 1 146.75
WNW .91 1 5.12
CRM .93 8 248.39
MO .93 2 47.72
UAA .93 2 23.83
CGC .94 1 19.19
RIDE .94 4 5.74
HOFV .98 2 2.86
ENSC .99 1 3.47
FLO .99 1 24.34
EGRX 1.01 2 47.73
LL 1.01 1 2.88
RCON 1.01 1 3.23
FAST 1.02 1 53.15
IPA 1.04 2 7.29
OCUP 1.04 1 5.28
TTCF 1.07 1 17.03
XLE 1.07 3 50.01
BAC 1.08 3 37.85
MTSL 1.08 3 3.37
RSLS 1.08 1 3.45
SLB 1.08 1 28.43
GT 1.09 1 16.87
DDD 1.10 7 33.27
BGFV 1.11 3 23.83
QFIN 1.12 6 19.37
WHLR 1.13 1 2.82
HGSH 1.16 2 2.03
QCOM 1.18 7 147.15
MAXR 1.20 3 32.17
STEM 1.20 4 24.26
BBBY 1.22 12 28.98
EYES 1.22 6 3.83
GPS 1.22 2 30
TAP 1.23 2 49.23
HCM 1.24 3 41.55
LEN 1.24 2 107.4
HHR 1.26 1 42.84
HJLI 1.27 1 6.78
RUN 1.28 3 49.9
BCRX 1.30 4 16.64
HOG 1.32 2 40.12
WYNN 1.32 4 96.15
NLS 1.33 1 13.62
MVST 1.34 3 11.14
TAOP 1.35 3 3.53
COUR 1.39 1 40.91
EOSE 1.39 2 14.42
ERYP 1.39 2 5.62
CVS 1.40 3 85.14
LUV 1.41 2 50.99
SCHW 1.41 2 75.42
GM 1.42 1 52.85
EYEG 1.45 1 1.73
PINS 1.45 3 56.76
WHLM 1.47 2 5.88
JNJ 1.48 2 175.2
GIS 1.53 1 60.91
SPCE 1.53 18 25.94
HGEN 1.54 2 17.52
ENTX 1.55 1 5.53
CNC 1.57 1 70.47
RIOT 1.57 2 32.89
BZ 1.59 1 34.13
CRTD 1.60 3 3.18
CRCT 1.61 1 40.58
BJ 1.62 2 51.59
MMM 1.64 4 201.43
FLOW 1.65 3 79.09
MPC 1.66 1 54.55
DIS 1.67 5 179.29
MYGN 1.67 1 34.8
BLDR 1.70 1 47.31
LYFT 1.70 3 53.82
VOXX 1.70 2 11.81
CHKP 1.71 4 122.46
IMTX 1.72 2 12.08
PG 1.72 4 142.95
CAH 1.74 3 50.63
CSIQ 1.74 1 41.6
BILI 1.76 18 79.94
WYNN 1.76 3 96.15
BIDU 1.80 114 159.63
OSAT 1.82 2 5.71
NEE 1.91 1 77.22
CTSO 1.93 1 8
CTSO 1.93 1 8
LEGN 1.93 3 49.0
LI 1.94 2 30.11
BNR 1.96 2 21.93
BTBT 1.97 6 14.79
IBM 2.03 4 143.07
ZEV 2.05 2 10
WM 2.10 2 145.74
INCY 2.13 1 77.95
EXPI 2.14 3 53.66
STMP 2.14 3 327.14
FGEN 2.21 2 12.59
CHGG 2.22 1 85.0
LMT 2.22 8 359.75
STT 2.22 2 79.72
RTX 2.23 1 88.2
TGT 2.27 5 261.88
PRFX 2.29 1 2.665
CYTK 2.32 2 32.43
SKX 2.32 1 54.16
VLO 2.36 2 66.35
PLD 2.38 2 128.07
PYPL 2.42 4 274.59
LOGI 2.48 2 107.98
LEXX 2.49 1 5.59
JBL 2.52 1 60.29
MRIN 2.52 4 5.67
LPX 2.53 1 55.27
BYSI 2.56 1 23.18
HOOD 2.63 7 48.1
PEP 2.63 1 153.0
WSM 2.64 2 163.5
MVIS 2.70 2 14.81
NXPI 2.70 3 214.53
UBER 2.78 1 43.03
WAFU 2.79 2 6.83
XBI 2.80 4 126.79
LOOP 2.88 1 10.12
SEMR 2.96 1 20.63
CRNC 2.97 2 116.64
J 2.97 1 15.28
CLX 3.04 2 165.71
NURO 3.12 6 13.79
BYND 3.16 2 130.32
OPNT 3.16 1 16.02
UNH 3.25 9 405.96
BIIB 3.26 3 340.68
MCD 3.30 2 236.67
FIGS 3.34 2 42.01
CERE 3.37 3 25.43
LC 3.44 3 28.91
LC 3.44 3 28.91
QDEL 3.57 1 136.97
UPS 3.57 3 193.64
GS 3.61 5 415
SAVA 3.61 17 120.3
UHS 3.64 2 157.9
STX 3.65 2 90.83
PKG 3.68 2 139.12
BHVN 3.71 2 117.28
SHEN 3.71 1 61.1
GOOG 3.78 24 2767.79
XLNX 3.82 3 145.95
FANG 3.89 1 80.54
SPT 3.95 1 105.63
SNA 4.15 1 221.53
IMNM 4.16 1 14.23
CLDX 4.17 1 45.16
COF 4.22 1 159.96
RL 4.24 2 124.21
NEWR 4.27 1 82.6
DDS 4.31 5 191.48
NEGG 4.54 13 18.5
RACE 4.57 1 212.51
STZ 4.57 1 234.27
EDIT 4.67 1 56.48
HCA 4.67 1 249.32
UONE 4.81 2 7.13
ZG 4.83 3 101.32
HON 4.87 2 229.27
VSCO 5.01 1 69.09
NKE 5.24 7 170.64
LLY 5.39 3 263.47
UTHR 5.48 1 205.43
SI 5.73 1 26.9
LH 5.76 2 73.31
SITM 5.79 3 203.99
CELH 5.86 1 73.31
ENPH 5.87 2 181.29
SCR 5.96 1 33.69
SPLK 6.11 2 147.62
COST 6.51 1 445.36
W 6.85 5 316.57
SPG 6.89 4 129.58
FULC 6.92 2 22.45
MA 6.96 3 361.98
FLGT 7.33 3 99.1
NKE 7.33 5 170.64
BLK 7.59 1 880.67
CI 7.65 1 206.05
GPN 7.69 3 167.84
ROLL 8.24 1 226.61
NRXP 8.25 3 15.41
COIN 8.34 2 256.35
UPST 9.72 6 178.12
MRNA 9.78 15 391.42
RGEN 10.02 1 234.73
UHAL 10.15 3 638.16
LAD 10.32 1 371.73
SEDG 10.82 1 293.07
CARV 11.81 2 17.99
NVAX 13.55 7 247.24
NVCR 14.03 2 142
CPOP 14.11 1 59.65
DASH 14.59 1 194.84
NTLA 16.26 4 160.28
SE 18.06 2 306.24
BNTX 20.64 2 446.24
REGN 21.12 2 608
WFC 22.66 2 43.13
SPG 27.56 1 129.58
USB 29.88 2 57.13
C 35.26 2 27.33
BKNG 36.56 1 2209.57
SAM 41.05 1 699.01
MS 48.78 2 92.62
