NVAX 13.77 9 161.89 .765
BKNG 10.17 8 2448.2 .032
SAM 9.40 7 525.5 .119
AMZN 8.18 93 3262.01 .186
REGN 7.44 9 546.57 .117
W 7.31 7 240.68 .210
SIVB 6.76 7 659.85 .070
AZO 6.70 11 1663.81 .044
LAD 6.41 5 310.47 .100
DUOL 6.32 1 141.45 .044
BNTX 6.26 12 236.14 .312
BLK 6.24 5 837.55 .035
DDS 6.22 9 193.41 .288
MDB 5.88 8 466.24 .096
SE 5.62 12 315.34 .204
DPZ 5.62 11 482.66 .121
KOSS 5.35 7 15.22 2.457
ASML 5.22 9 732.5 .063
EJH 5.21 6 2.17 14.400
DE 4.88 8 338.4 .112
SI 4.86 4 162.71 .116
AFRM 4.66 9 133.7 .306
UPST 4.49 13 307.7 .182
RGEN 4.41 7 267.94 .112
ZM 4.40 14 253.65 .238
GOOG 4.33 27 2747.08 .027
EEIQ 4.33 5 4.5 4.810
TSLA 4.22 145 782.75 .725
FLGT 4.22 5 77.72 .270
SPLK 4.15 5 146.46 .140
ADBE 4.10 6 570.31 .042
BIIB 4.00 5 283.55 .070
NVCR 3.93 9 110.62 .315
CARV 3.92 6 16.9 1.386
SEDG 3.89 5 260.42 .070
ENPH 3.89 5 153.58 .125
NRXP 3.86 6 8.46 2.736
ZS 3.84 5 264.25 .070
BCYC 3.83 1 41.7 .091
IAC 3.78 5 131.68 .140
MRNA 3.75 29 302.42 .348
ANVS 3.73 6 25.67 .870
SNPS 3.69 6 294.57 .072
LLY 3.67 5 227.85 .080
IRNT 3.52 5 12.99 1.350
LIN 3.50 5 296.05 .055
EBET 3.45 6 21.84 .942
GPN 3.44 10 158.55 .210
ZLAB 3.42 6 101.74 .198
SITM 3.41 5 213.99 .075
ADSK 3.38 5 277.42 .060
DQ 3.36 7 56.44 .413
SCPS 3.34 7 4.08 5.726
COST 3.33 5 449.34 .035
LOW 3.28 5 204 .080
GLSI 3.27 5 36.84 .440
UNH 3.25 9 394.25 .072
JAN 3.24 5 6.26 2.585
ADGI 3.21 7 30.97 .721
ZG 3.17 5 88.66 .175
GRTS 3.14 5 9.67 1.620
CAT 3.14 5 191.86 .080
ROKU 3.09 5 321.69 .045
NEGG 3.07 20 13.87 4.420
IWM 3.04 5 219.87 .065
DOCS 3.04 6 86.15 .210
SAVA 3.02 26 52.51 1.482
GME 2.99 82 171.07 1.394
LII 2.97 6 297.02 .054
MA 2.96 5 348.69 .040
SNOW 2.91 8 309.62 .072
DLTR 2.90 5 97.11 .145
DASH 2.82 7 205.26 .091
GS 2.81 8 388.05 .056
ABNB 2.80 5 167.25 .080
RBLX 2.77 5 73.7 .185
CELH 2.77 5 94.46 .145
XLNX 2.75 5 153.84 .085
NCTY 2.63 5 11.33 1.160
WDAY 2.61 5 256.33 .050
INTU 2.61 5 534.61 .020
AUVI 2.56 8 5.25 3.896
TTD 2.55 5 68.29 .185
WSM 2.54 5 166.86 .075
FULC 2.54 6 25.41 .594
INDP 2.52 5 7.19 1.750
AVXL 2.41 5 16.93 .710
CPOP 2.34 5 2.75 4.250
UPS 2.33 5 180.7 .060
VMW 2.32 5 151.4 .075
NXPI 2.32 5 190.9 .060
XBI 2.27 5 122.29 .090
V 2.27 5 226.51 .050
AMGN 2.27 5 209.98 .050
OSTK 2.20 6 74.33 .174
TPST 2.19 5 14.82 .735
PKG 2.17 5 141.21 .075
VLO 2.15 3 75.37 .084
PDD 2.15 5 89.32 .120
DLPN 2.14 5 13.38 .795
AACG 2.14 5 2.22 4.815
DIS 2.12 7 175.48 .084
ACRS 2.12 7 17.2 .861
EL 2.10 6 313.55 .036
ALEC 2.10 6 23.74 .528
TSCO 2.08 7 196.65 .070
RFL 2.08 1 34.12 .060
DELL 2.08 5 105.5 .095
KNBE 2.06 5 23.53 .435
BBY 2.06 5 105.77 .095
DAVA 2.04 1 144.86 .014
TASK 2.03 6 62.49 .192
HON 2.02 5 216.86 .045
TMUS 2.01 3 124.6 .048
MRIN 2.01 5 7.9 1.270
IBM 2.00 4 142.36 .056
AXP 2.00 3 173.4 .033
TDC 1.99 2 55.08 .072
APPS 1.99 4 74.92 .104
UHAL 1.98 9 670.2 .018
TSN 1.98 3 78.62 .075
DD 1.98 1 69.8 .028
VTSI 1.97 1 10.51 .187
AAME 1.97 5 4.48 2.195
SQ 1.96 22 239.12 .176
SPT 1.96 5 116.62 .080
JG 1.96 2 1.61 2.434
BNR 1.96 2 15.93 .246
VSCO 1.95 3 50.77 .114
RL 1.95 5 115.27 .080
MDT 1.95 5 126.09 .075
LMT 1.95 9 349.99 .045
COHN 1.95 5 20.48 .475
WAFU 1.94 3 6.27 .927
VRNT 1.94 2 45.48 .084
STZ 1.94 3 211.62 .027
LI 1.94 2 27.39 .140
RRGB 1.93 1 22.72 .084
LEGN 1.93 3 52.48 .108
AAP 1.93 3 211.3 .027
GWRE 1.92 3 116.86 .048
NEE 1.91 1 81.18 .023
DLO 1.91 4 58.58 .128
ARVN 1.91 7 82.54 .161
DG 1.89 3 207.12 .027
PEP 1.88 2 154.96 .024
NTAP 1.88 3 90.16 .060
MSGE 1.88 4 71.53 .104
KMB 1.88 4 133.05 .056
FTCH 1.88 1 35.08 .053
ANTM 1.88 5 370.08 .025
TDG 1.87 4 650.59 .008
LPX 1.87 2 60.81 .060
LEDS 1.87 2 7.67 .486
BKE 1.86 2 40.41 .092
VIR 1.85 3 33.53 .165
VERY 1.85 3 9.0056 .615
HOOD 1.85 12 42.06 .516
COIN 1.85 5 250.38 .035
UTHR 1.84 3 191.77 .027
QDEL 1.84 3 135.24 .039
ON 1.84 1 44.7 .041
EXPI 1.84 5 40.65 .225
DUK 1.84 1 101.85 .018
DKNG 1.84 2 48.99 .074
CI 1.83 5 203.25 .045
AIT 1.83 1 92.7 .019
ACMR 1.83 5 114.98 .075
PFGC 1.82 2 48.58 .074
OSAT 1.82 2 5.07 .716
OKE 1.82 1 60.1 .030
COF 1.82 3 167.87 .030
OTIS 1.81 2 82.87 .042
EAT 1.81 2 50.34 .070
TVTX 1.79 2 25.32 .140
CTRN 1.79 3 74.84 .069
ANF 1.79 1 37.75 .047
UBER 1.78 2 47.01 .074
ROLL 1.78 7 214.22 .056
CERE 1.78 7 30.92 .399
BIDU 1.78 117 149.36 1.287
ASAN 1.78 4 108.19 .064
ARCE 1.78 1 20.46 .086
VRPX 1.77 9 4.34 3.663
RAPT 1.77 7 30.21 .406
MOXC 1.77 3 7.26 .729
BLDR 1.77 1 53.14 .033
AMD 1.77 9 103.64 .153
SKT 1.76 2 16.45 .212
LOGI 1.76 3 87.42 .060
FATE 1.76 2 57.12 .060
TTC 1.75 3 98.76 .051
TSP 1.75 5 36.48 .235
STX 1.75 6 80.61 .126
VOXX 1.74 2 11.15 .312
BHVN 1.74 4 141.24 .048
LWAC 1.73 5 16.98 .505
HAS 1.73 3 87.91 .057
AMAT 1.73 5 126.52 .065
YETI 1.72 3 85.55 .060
WAVE 1.72 5 6.5 1.320
LAIX 1.72 4 0.8652 7.948
KODK 1.72 1 6.71 .256
ZIM 1.71 3 44.12 .114
HRI 1.71 3 167.89 .030
HD 1.71 9 330.36 .045
VMEO 1.70 1 28.16 .060
ROST 1.70 3 105.88 .048
LYFT 1.70 3 54.16 .093
KMPH 1.70 2 8.74 .388
IMPL 1.70 5 9.81 .865
ENOB 1.70 3 6.93 .735
CM 1.70 4 114.43 .056
QADB 1.69 3 87.3 .057
PTON 1.69 3 83.76 .060
NURO 1.69 10 8.62 1.960
NNOX 1.69 5 22.3 .375
LIFE 1.69 2 8.53 .396
SHEN 1.68 2 31.99 .104
MCD 1.68 5 247.1 .030
NEWR 1.67 3 73.95 .066
MYGN 1.67 1 30.76 .054
EA 1.67 2 134.07 .024
DKS 1.67 8 117.6 .112
TWTR 1.66 2 61.29 .054
PLD 1.66 3 127.79 .036
NMRD 1.66 4 5.96 1.112
MPC 1.66 1 62.86 .026
KURA 1.66 2 18.8 .176
ALXN 1.66 3 182.5 .027
SYPR 1.65 2 3.66 .900
NVOS 1.65 5 1.8 4.580
FLOW 1.65 3 73.85 .066
ESTC 1.65 4 147.53 .044
KMX 1.64 1 129.27 .012
CREE 1.64 5 79.12 .100
CAH 1.64 3 48.66 .099
A 1.64 7 153.65 .070
TNA 1.63 3 84.02 .057
LODE 1.63 1 2.42 .673
KYMR 1.63 1 61.81 .026
KSS 1.63 7 45.93 .245
JZXN 1.63 4 1.92 3.392
AN 1.63 6 115.15 .084
MOS 1.62 1 38.36 .042
IYC 1.62 1 78.02 .020
AKAM 1.62 2 103.56 .030
CRCT 1.61 1 24.91 .064
USB 1.60 3 61.45 .078
SPI 1.60 2 4.36 .732
RMED 1.60 3 3.01 1.593
MBRX 1.60 1 2.69 .594
FANG 1.60 4 104.11 .060
WHLM 1.59 3 5.43 .876
STMP 1.59 4 329.61 .016
MNST 1.59 3 90.1 .051
LH 1.59 7 275.41 .035
FL 1.59 2 46.04 .068
CSIQ 1.59 2 31.79 .100
CLDX 1.59 2 53.4 .058
BZ 1.59 1 33.34 .047
LHDX 1.58 4 6.38 .988
FISV 1.58 5 108.48 .070
CELC 1.58 2 16.71 .188
RLMD 1.57 4 25.58 .244
RIOT 1.57 2 26.61 .118
LOOP 1.57 2 11.1 .282
GTEC 1.57 2 5.95 .526
GH 1.57 8 106.34 .112
CNC 1.57 1 63.04 .024
CARA 1.57 2 13.75 .228
PAYX 1.56 1 118.04 .013
DPW 1.56 5 2.31 3.375
IRDM 1.55 4 37.54 .164
CRNC 1.55 4 85.19 .072
BLFS 1.55 1 39.8 .038
FUV 1.54 1 10.26 .150
CHCI 1.54 3 4.47 1.032
TERN 1.53 4 10.35 .588
SIEB 1.53 5 3.19 2.395
GIS 1.53 1 62.13 .024
MVIS 1.51 4 10.54 .572
UAL 1.50 1 50.22 .029
SUPN 1.50 1 26.44 .056
ZEV 1.49 3 7.99 .558
STT 1.48 3 88.47 .048
SGOC 1.48 8 6.26 1.888
SEMR 1.48 2 23.98 .122
JRVR 1.48 2 38.72 .076
JNJ 1.48 2 159.91 .018
ISEE 1.48 2 17.32 .170
ADI 1.48 5 166.05 .040
FGEN 1.47 3 10.2 .432
EDIT 1.47 3 37.54 .117
VCVC 1.46 1 9.85 .148
SFIX 1.46 2 35.4 .082
LITE 1.46 2 81.85 .034
LGHL 1.46 1 2.19 .666
HTBX 1.46 2 5.85 .498
BYND 1.46 4 101.32 .056
PINS 1.45 3 50.36 .084
OCGN 1.45 5 6.8 1.065
EYEG 1.45 1 1.79 .810
EVOL 1.45 1 2.24 .647
KALV 1.44 8 16.95 .672
BPTH 1.44 1 5.09 .282
SNOA 1.43 3 5.28 .810
SCKT 1.43 3 6.23 .687
LANC 1.43 2 174.96 .016
ATKR 1.43 2 87.19 .032
TTWO 1.42 4 165.44 .032
STE 1.42 4 212.2 .024
IMNM 1.42 4 18.26 .308
GM 1.42 1 53.93 .026
CYTK 1.42 3 36.12 .117
ATVI 1.42 3 77.29 .054
SCHW 1.41 2 75.71 .036
RMBL 1.41 3 36.58 .114
DOCN 1.41 3 82.39 .051
CROX 1.41 3 138.31 .030
AVIR 1.41 1 39.87 .035
SNA 1.40 4 216.11 .024
MMM 1.40 6 178.4 .042
LAZR 1.40 3 14.91 .279
JCS 1.40 3 8.06 .519
CVS 1.40 3 83.15 .048
CRDF 1.40 1 6.7 .208
ABT 1.40 4 116.49 .048
WGO 1.39 2 75.78 .036
OPNT 1.39 3 27.22 .153
JBL 1.39 2 61.28 .044
ERYP 1.39 2 5.91 .470
EOSE 1.39 2 11.96 .232
COUR 1.39 1 31.03 .044
TNET 1.38 1 98.93 .013
INCY 1.38 2 65.82 .040
TWST 1.37 7 96.55 .098
PG 1.37 5 141.19 .045
LIVE 1.37 3 36.55 .111
JD 1.37 4 71.87 .076
ECOM 1.37 1 25.83 .053
AA 1.37 3 47.05 .087
TSM 1.36 2 109.34 .024
AMEH 1.36 7 84.91 .112
TAOP 1.35 3 2.52 1.605
RUN 1.35 4 40.9 .132
BWAY 1.35 1 7.94 .170
WNW 1.34 1 3.57 .375
FLWS 1.34 3 30.69 .129
PKI 1.33 3 170.25 .021
NLS 1.33 1 9.31 .142
GRVY 1.33 7 87.33 .105
TJX 1.32 4 64.33 .080
SLV 1.32 1 20.96 .062
HOG 1.32 2 36 .072
AEO 1.32 2 24.15 .108
WM 1.31 3 151.28 .024
VIH 1.31 1 10 .131
SPY 1.31 1 434.9 .003
ABCL 1.31 1 15.55 .084
UHS 1.30 4 132.44 .036
BTBT 1.30 9 11.22 1.035
OLLI 1.29 2 59.3 .042
APPN 1.29 4 89.57 .056
MAT 1.28 2 18.85 .134
FRD 1.28 1 12.1 .105
BILI 1.28 22 64.27 .418
RHE 1.27 2 7.66 .330
HJLI 1.27 1 10.38 .122
HCA 1.27 3 239.53 .015
APXT 1.27 1 12.11 .104
SLGG 1.26 1 3 .420
MESO 1.26 1 5.55 .227
JKS 1.26 2 45.84 .054
HHR 1.26 1 53.28 .023
DOMO 1.26 4 81.34 .060
THCB 1.25 1 10 .125
OPAD 1.25 4 7.65 .652
NGM 1.25 2 21.11 .118
CHKP 1.25 6 114.72 .060
BYSI 1.25 3 14.81 .252
SJ 1.24 4 3.76 1.316
PBTS 1.24 1 1.21 1.024
EDSA 1.24 1 7.15 .173
CMMB 1.24 2 9.52 .260
BNTC 1.24 3 3.44 1.080
ANPC 1.24 2 2.94 .842
TAP 1.23 2 47.32 .050
NVDA 1.23 141 207 .705
LAW 1.23 3 45.45 .081
J 1.23 3 132.24 .027
C 1.23 4 72.42 .064
AMC 1.23 55 36.83 1.815
RCUS 1.22 1 33.68 .036
EYES 1.22 6 2.94 2.484
DDL 1.22 2 23.71 .102
RTX 1.21 2 89.27 .026
LYEL 1.21 3 11.57 .312
KIRK 1.21 1 20.03 .060
HGEN 1.21 3 5.98 .606
ARAV 1.21 1 3.59 .337
MAXR 1.20 3 27.42 .129
JPM 1.20 12 169.02 .084
CRIS 1.20 2 7.6 .314
CETX 1.20 1 1.04 1.153
AMTX 1.20 3 17.4 .204
MS 1.19 7 99.1 .084
JWN 1.19 3 26.26 .135
QCOM 1.18 7 128.06 .063
PRTA 1.18 8 70.94 .128
GRU 1.18 1 4.34 .271
GRTX 1.18 1 7.78 .151
DFH 1.18 1 16.32 .072
AYRO 1.18 1 2.9 .406
NIU 1.17 3 24.37 .144
CLSK 1.17 1 13.45 .086
SIF 1.16 1 8.645 .134
HGSH 1.16 2 1.61 1.440
CLX 1.16 3 165.17 .021
IMTX 1.15 3 13.66 .252
SPCE 1.14 23 22.98 1.127
DAL 1.14 4 44.02 .100
VNET 1.13 3 16.65 .201
STG 1.13 1 4.67 .241
NUAN 1.13 1 55.01 .020
BTX 1.13 2 8.64 .260
ABSI 1.13 1 11.54 .097
SPG 1.12 3 132.61 .024
RY 1.12 2 101.15 .022
MNOV 1.12 2 3.66 .612
FIGS 1.12 5 37.5 .145
BZUN 1.12 1 17.14 .065
TGTX 1.11 1 31.14 .035
TGT 1.11 9 226.83 .036
PMCB 1.11 3 3.06 1.086
KHC 1.11 1 37.35 .029
GIII 1.11 4 27.49 .160
DXC 1.11 2 34.34 .064
CNET 1.11 1 1.15 .965
OPTT 1.10 1 1.99 .552
XTLB 1.09 2 3.82 .570
GT 1.09 1 18.37 .059
DDD 1.09 8 25.78 .336
ATAI 1.09 1 13 .083
ALDX 1.09 2 8.33 .260
SLB 1.08 1 29.94 .036
RSLS 1.08 1 2.45 .440
MTSL 1.08 3 3.37 .960
FCBP 1.08 1 29.1 .037
BAC 1.08 3 44.24 .072
B 1.08 1 43.31 .024
AZYO 1.08 1 6.22 .173
ALF 1.08 2 5.97 .360
TTCF 1.07 1 18.07 .059
SMLP 1.07 2 36.75 .058
BBBY 1.07 13 14.42 .962
APP 1.06 5 77 .065
SKX 1.05 2 41.62 .050
SCR 1.05 5 33.99 .150
NETE 1.05 1 7.36 .142
OCUP 1.04 1 4.46 .233
KEYS 1.04 2 161.15 .012
IPA 1.04 2 5.93 .350
FSTX 1.04 1 7.08 .146
CANF 1.04 1 1.51 .688
ALLO 1.04 1 23.97 .043
MTTR 1.03 2 18.26 .112
FTEK 1.03 2 1.67 1.232
COP 1.03 5 71.81 .070
AMKR 1.03 1 25.2 .040
ALYA 1.03 3 2.72 1.134
NKE 1.02 7 148.8 .042
MFNC 1.02 2 21.5 .094
FAST 1.02 1 51.99 .019
CRM 1.02 10 275.27 .030
ZCMD 1.01 1 1.58 .639
RSI 1.01 1 20.04 .050
RCON 1.01 1 2.45 .412
PYPL 1.01 5 264.06 .015
MVST 1.01 4 7.42 .544
LL 1.01 1 18.68 .054
EGRX 1.01 2 55.44 .036
IMAB 1.00 5 72.46 .065
ACY .99 19 58 .323
TRCH .98 2 4.95 .394
HOFV .98 2 2.6 .752
UAA .97 2 20.62 .094
SKLZ .97 3 8.52 .339
FA .96 1 21.28 .045
DWSN .96 1 2.13 .450
CHGG .96 2 69.6 .026
BTWN .95 1 9.81 .096
MSTR .94 8 673.81 .008
CGC .94 1 13.18 .071
MO .93 2 46.45 .040
HCM .93 4 33.2 .112
CHPT .93 1 17.92 .051
ABBV .93 4 109.32 .032
RACE .92 3 207.58 .012
PLCE .92 3 81.4 .033
LBPH .92 1 9.07 .101
KNL .92 1 25.04 .036
YEXT .91 1 11.42 .079
WFC .91 4 47.87 .076
SSY .91 3 2.54 1.074
SLS .91 3 8.44 .321
GEG .90 1 2.16 .416
CRTO .90 1 35.96 .025
ATNF .90 3 5.39 .498
YMM .89 1 15.05 .059
PLUG .89 8 24.6 .288
ACHL .89 1 7.88 .112
HPQ .88 3 27.75 .093
BABA .88 96 144.1 .576
GDEV .87 3 8.19 .318
FB .87 102 333.64 .204
DTSS .87 1 1.89 .460
AFMD .87 1 5.69 .152
VLDR .86 1 5.73 .150
RF .86 1 21.7 .039
ATHM .86 2 46.01 .036
SRNE .85 1 6.36 .133
SAFM .85 1 186.97 .004
RIDE .85 5 5.07 .835
RKT .84 1 15.25 .055
PTIX .84 2 1.84 .912
LEXX .84 3 6.31 .399
HRC .84 3 151.25 .015
HOL .84 3 12.35 .204
ERJ .84 2 17.11 .098
DTST .84 3 4.19 .600
CLII .84 3 14.36 .174
CCJ .84 3 21.67 .114
BB .84 11 9.36 .979
APOP .84 5 17.57 .235
UAVS .83 1 2.71 .306
LUV .83 3 54.45 .045
IRBO .83 1 41.76 .019
CNA .83 1 44.09 .018
BLUW .83 2 9.63 .172
SANA .82 1 20.34 .040
MNSO .82 1 15.15 .054
FITB .82 3 43.74 .054
SPRT .81 20 11.8 1.360
GMBL .80 1 6.31 .126
GLD .80 7 165.03 .028
SWI .79 1 18.19 .043
SCYX .79 1 4.94 .159
PNRG .79 1 61.84 .012
MU .79 4 69.94 .044
BP .79 1 28.11 .028
ZY .78 3 11.68 .198
VVOS .78 4 3.84 .812
OTLK .78 1 2.09 .373
IPHA .78 4 5.85 .532
GNOG .78 1 17.66 .044
CAI .78 1 55.93 .013
BCRX .78 7 13.53 .399
WATT .77 1 2 .385
PRFX .77 3 2.72 .849
PLTR .77 2 23.58 .064
ENTX .77 2 4.48 .342
QFIN .76 8 18.38 .328
NBRV .76 1 1.08 .703
MOSY .76 1 5 .152
APG .76 1 20.6 .036
AGRI .76 3 1.8 1.266
NNVC .75 2 4.32 .346
GPS .75 6 23.22 .192
CEMI .75 7 2.41 2.177
PSTG .74 2 25.72 .056
MQ .74 1 21.73 .034
GTIM .74 1 5.53 .133
GRVI .74 3 4.88 .453
FUBO .74 2 24.13 .060
ATXI .74 1 1.3 .569
VZ .73 2 54.53 .026
VOOV .73 1 143.04 .005
UPC .73 3 2.45 .891
SQBG .73 2 6.24 .232
RNXT .73 2 5.91 .246
ORPH .73 3 3.84 .570
NVFY .73 3 2.16 1.011
LEN .73 4 93.25 .028
MRK .72 2 80.66 .016
ENSC .72 1 2.52 .285
DEN .72 4 72.09 .036
CRMT .72 9 117.71 .054
BTCM .72 4 9.55 .300
ARPO .72 1 2.2 .327
AREC .72 4 1.94 1.484
ZKIN .71 2 2.79 .508
XLV .71 2 125.91 .010
PALI .71 3 2.41 .882
TBLA .70 1 9.85 .071
PRPL .70 3 21.71 .096
ORGS .70 1 4.79 .146
OCX .70 1 3.43 .204
JRJC .70 1 5.25 .133
IGIC .70 3 8.6 .243
CBAT .70 2 2.13 .656
BGFV .70 6 24.45 .168
WIMI .69 1 4.04 .170
NFLX .69 104 639.1 .104
BEKE .69 1 17.8 .038
ASM .69 1 0.8016 .860
APRE .69 3 5.01 .411
ONCS .68 1 1.89 .359
INTC .68 5 53.98 .060
XONE .67 2 22.44 .058
WMT .67 14 137.62 .056
SJM .67 10 123.18 .050
SHOP .67 5 1349.88 0
PDCO .67 2 32.33 .040
FOE .67 1 20.35 .032
CLNE .67 1 7.85 .085
ACH .67 1 18.46 .036
VIPS .66 1 10.47 .063
TIGR .66 5 10.01 .325
SSNT .66 1 6.03 .109
RETO .66 1 0.7801 .846
CTKB .66 1 22.11 .029
CRTD .66 3 2.28 .867
AMOM .66 1 34.4147 .019
TATT .65 3 6.06 .321
STRO .65 2 18.36 .070
PCVX .65 1 23.94 .027
OLB .65 1 4.27 .152
LMNL .65 3 1.95 .999
TESS .64 1 5.51 .116
SDC .64 2 6.75 .188
M .64 6 22.56 .168
LZB .64 2 33 .038
FLGC .64 2 5.1 .250
CTIB .64 3 2.06 .930
XLP .63 1 69.82 .009
DNUT .63 3 13.8 .135
CCL .63 4 24.9 .100
ULTA .62 1 368.21 .001
LJPC .62 2 3.97 .312
BON .62 3 6.81 .273
SPWH .61 1 17.61 .034
SOS .61 2 2.15 .566
PLG .61 1 2.02 .301
MRVL .61 5 63.75 .045
CL .61 3 75.1 .024
AMBO .61 1 1.39 .438
SPTN .60 2 22.63 .052
PSTV .60 1 1.76 .340
EVK .60 6 2.55 1.410
AVCT .60 1 2.5627 .234
AMRS .60 1 12.03 .049
VERU .59 3 8.28 .213
UONE .59 3 8.25 .213
MARA .59 12 38.96 .180
BIG .59 2 44.17 .026
WPRT .58 2 3.12 .370
WISH .58 3 4.9 .354
TRIT .58 3 5.71 .303
STAF .58 2 1.76 .658
SNAP .58 112 73.13 .784
EPU .58 2 26.48 .042
WEI .57 1 0.7389 .771
SBTX .57 1 10.39 .054
GGAL .57 1 10.23 .055
T .56 3 27.31 .060
SBH .56 2 16.11 .068
OBLN .56 3 3.05 .549
MTP .56 1 1.68 .333
KO .56 5 53.71 .050
CSCO .56 7 53.94 .070
CLPS .56 1 2.72 .205
CLPS .56 1 2.72 .205
CLOV .56 1 7.36 .076
ARMK .56 3 36.5 .045
VNE .55 6 35.6 .090
UWMC .55 1 6.64 .082
EVGO .55 1 7.85 .070
EOLS .55 1 7.1 .077
APTO .55 2 2.23 .492
WHLR .54 2 2.84 .380
TQQQ .54 132 126.06 .528
ENZ .54 2 3.56 .302
AUUD .54 5 2.26 1.190
ADMA .54 1 1.12 .482
TBIO .53 3 37.36 .042
MEDS .53 5 4.75 .555
HUYA .53 3 8.18 .192
EQ .53 1 6.83 .077
ENG .53 2 2.5 .424
BBWI .53 6 62.38 .048
VIVE .52 1 2.14 .242
TLRY .52 3 10.79 .144
SILK .52 7 56.4 .063
KULR .52 1 2.03 .256
FLO .52 2 24.73 .042
WOOF .51 2 21.41 .046
K .51 8 64.4 .056
DYAI .51 3 5.11 .297
CPSH .51 1 4.68 .108
AUTL .51 1 6.08 .083
SONO .50 5 31.11 .080
PATI .50 2 11.35 .088
ORMP .50 11 21.58 .253
MDIA .50 3 8.58 .174
RKDA .49 1 2.1 .233
NRBO .49 2 2.1 .466
IGC .49 3 1.4399 1.020
GP .49 3 12.98 .111
GEVO .49 4 6.15 .316
ENLV .49 2 9.66 .100
ECHO .49 1 48.14 .010
BBIG .49 16 5.01 1.552
ARMP .49 1 3.45 .142
XLE .48 5 54.46 .040
NNDM .48 3 5.52 .258
NIO .48 75 33.66 1.050
DBGI .48 3 2.76 .519
CLF .48 7 20.07 .161
TRIL .47 1 17.62 .026
STEM .47 5 21.56 .105
SOHU .47 6 20.62 .132
MSFT .47 108 293.11 .108
DARE .47 1 1.58 .297
BODY .47 2 5.23 .178
BGI .47 1 2.96 .158
AEHR .47 17 13.61 .578
XPEV .46 80 35.75 .960
VXX .46 3 26.21 .051
UFAB .46 2 3.13 .292
NTEC .46 4 9.63 .188
KBSF .46 2 2.91 .316
INOV .46 1 40.52 .011
GURE .46 1 4.59 .100
CVV .46 2 4.6 .200
BCLI .46 1 3.07 .149
TYME .45 4 0.9808 1.832
TME .45 1 7.05 .063
ONCT .45 2 4.09 .220
FCX .45 19 31.71 .266
ADIL .45 2 3.87 .232
ACI .45 6 28.38 .090
WORX .44 4 1.99 .884
GALT .44 3 3.58 .366
FFHL .44 2 9.44 .092
VTNR .43 7 5.1 .588
EVGN .43 1 2.49 .172
COTY .43 4 8.16 .208
CAN .43 4 6.65 .256
ATIF .43 1 4.67 .092
AQMS .43 2 1.98 .434
KR .42 14 39.55 .140
HX .42 2 2.61 .320
VYGR .41 1 3.87 .105
SRNG .41 1 11.42 .035
KZIA .41 2 10.68 .076
GTT .41 1 2.36 .173
CTSO .41 3 7.98 .153
BLIN .41 8 3.86 .848
ASTR .41 3 7.66 .159
ACOR .41 4 4.13 .396
YJ .40 2 0.675 1.184
XOM .40 6 60.49 .036
RRD .40 2 5.31 .150
LIZI .40 4 3.02 .528
GE .40 4 104.33 .012
FBRX .40 1 2.74 .145
DUOT .40 1 6.185 .064
CIEN .40 18 51.9 .126
CHRA .40 1 4.56 .087
AAPL .40 107 142 .214
PYPL .39 13 264.06 .013
LTHM .39 8 23.2 .128
HRL .39 4 41.81 .036
CSCW .39 2 0.496 1.572
OVID .38 2 3.44 .220
MRTN .38 3 15.41 .072
AZN .38 9 59.86 .054
ANIX .38 1 4.44 .085
AAL .38 8 20.54 .144
ORCL .37 34 91.34 .136
NEXT .37 3 3.01 .366
HUGE .37 1 1.46 .253
HNST .37 1 9.52 .038
GPK .37 1 19.33 .019
CHMA .37 2 3.76 .196
MRKR .36 1 1.65 .218
JFIN .36 2 3.76 .190
IDEX .36 4 1.87 .768
GNLN .36 2 2.3 .312
BNGO .36 11 4.96 .792
ANY .36 12 6.9 .624
AKTX .36 1 1.65 .218
AGNC .36 2 15.95 .044
ADMP .36 1 1.01 .356
ACB .36 3 7.35 .144
ORGO .35 2 13.05 .052
IRIX .35 3 7.8 .132
GOVX .35 6 3.89 .534
CLSD .35 3 4.91 .213
BSQR .35 13 2.22 2.041
AESE .35 1 1.77 .197
XELB .34 2 1.34 .506
HWCC .34 1 5.3 .064
LMFA .33 4 4.73 .276
HNP .33 2 20.33 .032
GTS .33 1 35.39 .009
BHTG .33 1 1.25 .264
VBLT .32 2 2 .320
TAL .32 2 4.6 .138
SPCB .32 2 0.9501 .672
MINM .32 2 1.72 .372
IMMP .32 3 3.64 .261
DRN .32 2 22.48 .028
BURL .32 7 270.56 .007
BKYI .32 1 3.37 .094
YPF .31 1 4.81 .064
WINT .31 3 2.06 .450
ULBI .31 2 7.12 .086
FENC .31 1 9.36 .033
EXPR .31 4 4.41 .280
DMAC .31 2 3.92 .158
D .31 8 74.17 .032
AEY .31 1 2.36 .131
OXBR .30 5 2.9 .515
HAPP .30 1 0.8997 .333
HUSN .29 4 2.44 .472
AXLA .29 1 2.85 .101
PIRS .28 6 4.83 .342
OBSV .28 3 2.73 .306
NKLA .28 14 10.21 .378
MITO .28 1 1.37 .204
IMMR .28 2 6.61 .084
ALTO .28 3 5.06 .165
NAOV .27 11 1.63 1.815
GSM .27 7 8.09 .231
ENVB .27 3 1.82 .444
PPBT .26 1 4.45 .058
PME .26 1 0.73 .356
ATOS .26 4 3.05 .340
PBLA .25 1 1.96 .127
MTL .25 3 4.03 .186
RAIL .24 4 4.14 .228
IKT .24 1 1.75 .137
GBR .24 1 4.01 .059
MOGO .23 3 4.57 .150
KDMN .23 2 8.81 .052
ACHV .23 1 8.14 .028
THTX .22 1 3.55 .061
SSKN .22 1 1.9 .115
JFU .22 3 1.66 .396
GENE .22 2 3 .146
DYNT .22 5 1.47 .745
XELA .21 6 1.7 .738
VIEW .21 1 5.09 .041
TENX .21 1 1.89 .111
PFE .21 6 42.02 .024
OCG .21 4 3.95 .212
KXIN .21 5 2.26 .460
ALAC .21 2 11.3329 .036
ZNGA .20 2 7.29 .054
PHUN .20 5 0.8902 1.120
ENSV .20 1 1.41 .141
EKSO .20 1 4.27 .046
SBS .19 3 6.73 .084
NBEV .19 1 1.4 .135
VSH .18 3 20.23 .024
TEO .18 1 4.95 .036
TELL .18 5 3.39 .265
OSMT .18 3 3.06 .174
LC .18 7 28.61 .042
PPC .17 2 29.03 .010
LIVX .17 2 3.07 .110
IRCP .17 1 2.61 .065
GMTX .17 1 3.69 .046
FCEL .17 129 6.07 3.612
SNES .16 2 1.52 .210
RAVN .16 2 57.78 .004
MOMO .16 2 10.46 .030
ME .16 2 8 .040
INFI .16 4 2.91 .216
HFBL .16 1 18.5001 .008
IMV .15 2 1.615 .184
GRUB .15 3 15.24 .027
CHNG .15 2 21.03 .014
BURL .15 15 270.56 0
SYKE .14 3 54 .006
SSL .14 10 19.56 .070
OXY .14 26 32 .104
OEG .14 1 2.8 .050
INM .14 1 1.51 .092
IEC .14 1 15.34 .009
ET .14 3 9.42 .042
EDU .14 1 2.13 .065
SVBI .13 1 12.6 .010
LMRK .13 1 16.44 .007
ESXB .13 1 11.31 .011
CRON .13 4 5.47 .092
SBBP .12 2 2 .120
RIG .12 2 3.73 .064
PSTX .12 1 6.55 .018
GSAT .12 2 1.51 .158
CHNR .12 4 1.21 .396
AGEN .12 9 5.64 .189
SNMP .11 2 1.16 .188
MRO .11 11 15.09 .077
MOHO .11 3 0.55 .600
MFGP .11 2 5.21 .042
GBS .11 1 2.35 .046
FENG .11 2 1.26 .174
CPG .11 2 4.85 .044
CALA .11 1 1.97 .055
XLK .10 3 151.15 0
SLHG .10 1 2.06 .048
PBR .10 5 10.68 .045
EDTK .10 2 1.21 .164
DBVT .10 5 4.69 .105
CNFR .10 2 2.61 .076
AEMD .10 2 3.52 .056
WTER .09 2 1.57 .114
VERB .09 7 2.24 .280
TEDU .09 2 1.08 .166
SELF .09 1 5.28 .017
PRPO .09 3 2.53 .105
NOK .09 2 5.65 .030
BIOC .09 2 3.8 .046
AEI .09 2 2.04 .088
MBII .08 1 0.9 .088
MARK .08 2 0.8748 .182
CLDR .08 1 15.98 .005
BQ .08 2 2.44 .064
NEPT .07 2 0.5709 .244
ITRO .07 1 1.27 .055
ITRN .07 3 24.85 .006
XBIO .06 8 1.86 .256
WYNN .06 3 84.25 0
PSP .06 2 14.9069 .008
OCG .06 13 3.95 .195
MSTR .06 118 673.81 0
FRO .06 9 9.16 .054
ULTA .05 12 368.21 0
MDNA .05 8 2.79 .136
FRBK .05 1 3.06 .016
WYNN .04 4 84.25 0
VTGN .04 3 2.64 .045
PBT .04 2 6.24 .012
CXP .04 1 19.09 .002
AVGR .04 7 0.6926 .399
VCAR .03 1 11.6278 .002
SNDL .03 1 0.6345 .047
SIC .03 1 14.46 .002
SHOP .03 88 1349.88 0
DFP .03 1 28.38 .001
NWHM .02 1 8.99 .002
KIN .02 2 9.25 .004
IACB .02 2 9.91 .004
DSE .02 1 9.49 .002
BLNK .02 11 27.07 0
BEST .02 2 1.85 .020
XPDI .01 3 10.24 0
SLVO .01 2 5.16 .002
RTLR .01 8 11.65 0
PMD .01 1 8.21 .001
INFL .01 2 29.71 0
WMPN 0 4 12.25 0
GSKY 0 1 11.4 0
EIC -.08 1 18.08 -.004
NSYS -.12 1 11.38 -.010

