SHOP 32.80 7 1474 .154
DWAC 30.01 3 58.3 1.542
MSTR 14.75 8 816.34 .144
CAR 12.01 1 253.88 .047
RNG 11.84 1 281.64 .042
NVAX 10.57 12 164.19 .768
BKNG 10.17 8 2569.78 .024
SAM 9.40 7 470.46 .133
WBX 8.99 1 17.51 .513
AMZN 8.18 93 3482.05 .186
REGN 7.44 9 622.2 .099
DUOL 7.27 3 148.06 .147
SIVB 7.01 8 741.92 .072
W 6.80 8 240.93 .224
AZO 6.70 11 1881.42 .033
PUBM 6.66 1 35.03 .190
LAD 6.41 5 318.47 .100
BLK 6.24 5 959.21 .030
DDS 6.22 9 296 .189
MDB 5.88 8 554.96 .080
DPZ 5.62 11 495.15 .121
DE 5.37 10 352.61 .150
KOSS 5.35 7 15.86 2.359
EJH 5.21 6 2.54 12.306
SE 5.17 14 335.3 .210
SI 5.04 5 188.73 .130
THC 4.91 1 79.93 .061
BKKT 4.57 1 25.45 .179
BIGC 4.50 1 59.74 .075
GKOS 4.45 1 50.7 .087
RGEN 4.41 7 263.7 .112
ZM 4.40 14 251.26 .238
EEIQ 4.33 5 4.09 5.290
TSLA 4.28 152 1067.95 .608
SPLK 4.15 5 164.41 .125
ADBE 4.10 6 647.5 .036
CFLT 4.09 1 89.61 .045
BIIB 4.00 5 266.93 .070
ASML 3.98 12 817.85 .048
CARV 3.92 6 14.82 1.584
EL 3.86 7 345.11 .077
ZG 3.78 6 64.18 .348
BNTX 3.78 20 235.4 .320
GOOG 3.73 28 2932.52 .028
ANVS 3.73 6 30.31 .738
SNPS 3.69 6 337.66 .060
CCXI 3.66 3 37.99 .288
EVA 3.59 1 66.47 .054
SEDG 3.56 6 343.3 .060
GPN 3.54 11 132.48 .286
MA 3.51 6 357.94 .054
EBET 3.45 6 31.01 .666
ZLAB 3.42 6 87.82 .228
PWR 3.42 1 116.04 .029
DQ 3.36 7 65.45 .357
SCPS 3.34 7 3.57 6.545
TOST 3.31 2 50.01 .132
NRXP 3.30 7 6.06 3.808
GLSI 3.27 5 36.65 .445
DPST 3.25 1 58.21 .055
JAN 3.24 5 5.93 2.730
ADGI 3.21 7 19.81 1.134
IAC 3.19 7 139.58 .154
CMTL 3.13 1 26.89 .116
APPS 3.13 6 68.74 .270
ENPH 3.10 6 231.48 .078
UNH 3.07 11 459.9 .066
NEGG 3.07 20 15.36 3.980
GDYN 3.03 1 35.88 .084
IRNT 3.02 6 10.77 1.680
GME 2.99 82 199.19 1.230
ANTM 2.99 6 424.94 .042
SITM 2.97 7 228.36 .091
LII 2.97 6 309.28 .054
ADSK 2.96 6 320.53 .054
NEWR 2.93 6 118.27 .144
IWM 2.93 6 237.35 .072
MRNA 2.92 34 228.96 .408
SNOW 2.91 8 361.08 .064
DLTR 2.90 5 111.62 .125
ZS 2.89 6 337.11 .048
ROKU 2.89 7 274.6 .070
CAT 2.86 8 206.67 .104
UPST 2.84 18 256.59 .198
GS 2.81 8 399.12 .056
AFRM 2.75 14 133.53 .280
SAVA 2.72 28 69.4 1.092
DOCS 2.72 7 72.01 .259
LMT 2.70 10 337.63 .070
PENN 2.65 10 56.26 .470
GRTS 2.64 6 11.27 1.404
NVCR 2.63 10 102.93 .250
NCTY 2.63 5 11.11 1.180
WDAY 2.61 5 291.01 .040
INTU 2.61 5 603.98 .020
OSTK 2.60 7 96.23 .189
AUVI 2.56 8 5.18 3.952
WSM 2.54 5 201.4 .060
FULC 2.54 6 19.03 .798
KEYS 2.52 4 183.61 .052
INDP 2.52 5 7.28 1.730
CNC 2.42 3 75.06 .096
AVXL 2.41 5 21.34 .560
NXPI 2.38 6 214.22 .066
CPOP 2.34 5 2.86 4.090
LIN 2.33 6 336.62 .036
LLY 2.28 7 264.65 .056
XBI 2.27 5 126.19 .085
FLGT 2.27 6 79.47 .168
AMGN 2.27 5 213.21 .050
STE 2.26 5 231.96 .045
FOSL 2.25 1 13.84 .162
VMW 2.23 6 124.95 .102
ABNB 2.23 7 192.22 .077
HCA 2.20 4 245.27 .032
TPST 2.19 5 11.66 .935
PKG 2.17 5 135.45 .080
CHGG 2.17 3 30.15 .213
PKI 2.16 4 175.88 .048
PDD 2.15 5 86.51 .120
PYPL 2.14 9 204.64 .090
DLPN 2.14 5 10.03 1.065
AACG 2.14 5 2.2 4.860
BHVN 2.12 5 119.93 .085
ACRS 2.12 7 15.86 .931
ALEC 2.10 6 24.83 .504
V 2.08 7 215.56 .063
ROST 2.08 4 118.67 .068
BBY 2.06 5 131.25 .075
CELH 2.05 6 93.89 .126
RBLX 2.04 9 95.26 .189
DG 2.03 4 220.77 .036
MRIN 2.01 5 6.03 1.665
BYND 2.00 6 94.48 .126
UHAL 1.98 9 735.43 .018
AAME 1.97 5 4.18 2.355
RNXT 1.96 4 8.16 .960
KMB 1.96 6 134.71 .084
MDT 1.95 5 122.41 .075
COHN 1.95 5 18.44 .525
DOCN 1.92 6 107.69 .102
ARVN 1.91 7 86.97 .147
COST 1.90 8 505.51 .024
MSGE 1.88 4 76.74 .096
DASH 1.88 9 214.24 .072
TDG 1.87 4 677.25 .008
COF 1.87 4 156.28 .044
VLO 1.86 4 76.86 .096
DIS 1.86 9 174.45 .090
LOW 1.83 7 232.55 .049
CI 1.83 5 217.84 .040
ACMR 1.83 5 101.69 .085
DKS 1.82 13 130.08 .169
AAP 1.82 4 234.77 .028
KNBE 1.80 7 26.29 .476
ROLL 1.78 7 236.1 .049
CERE 1.78 7 38.67 .322
BIDU 1.78 117 161.56 1.287
VRPX 1.77 9 3.8 4.185
TSCO 1.77 8 217.26 .064
RAPT 1.77 7 38.06 .322
DAVA 1.77 4 163.01 .040
CTRN 1.77 4 83.15 .084
HON 1.76 7 225.41 .049
TSP 1.75 5 38.51 .225
DELL 1.75 7 56.62 .210
TASK 1.74 7 58.16 .203
COIN 1.74 8 328.6 .040
TMUS 1.73 6 119.55 .084
SQ 1.73 23 227.21 .161
LWAC 1.73 5 16.98 .505
WAVE 1.72 5 7 1.225
LAIX 1.72 4 0.8667 7.936
IMPL 1.70 5 11.53 .735
TWTR 1.69 5 52.33 .160
RL 1.69 6 126.27 .078
NNOX 1.69 5 23.89 .350
KYMR 1.69 2 63.84 .052
TTD 1.68 9 88.66 .162
BURL 1.68 8 292.63 .040
ROG 1.67 1 269.19 .006
AN 1.67 8 124.45 .104
XM 1.66 2 41.09 .080
NMRD 1.66 4 5.86 1.132
NVOS 1.65 5 1.62 5.090
ESTC 1.65 4 174.09 .036
FISV 1.64 6 100.25 .096
CREE 1.64 5 79.12 .100
A 1.64 7 159.28 .070
KSS 1.63 7 58.25 .189
JZXN 1.63 4 2.28 2.856
LEGN 1.61 5 48 .165
CLDX 1.61 3 45.71 .105
TTC 1.60 4 100.45 .060
STMP 1.59 4 329.61 .016
LH 1.59 7 283.84 .035
LHDX 1.58 4 6.19 1.020
ALC 1.58 2 82.64 .038
RLMD 1.57 4 24.86 .252
GTEC 1.57 2 5.665 .554
GH 1.57 8 103.77 .120
CARA 1.57 2 16.56 .188
DPW 1.56 5 2.08 3.750
TSC 1.55 1 30.08 .051
IRDM 1.55 4 41.34 .148
CRNC 1.55 4 101.76 .060
BLFS 1.55 1 49.61 .031
FUV 1.54 1 11.49 .134
CHCI 1.54 3 4.79 .963
TERN 1.53 4 8.97 .680
SIEB 1.53 5 3.19 2.395
FANG 1.53 5 107.16 .070
DLO 1.53 5 45.56 .165
CLX 1.52 4 165.44 .036
SNOA 1.51 4 5.53 1.092
OVV 1.51 2 35.03 .086
LCID 1.51 6 40.75 .222
GRU 1.51 1 4.61 .327
EA 1.51 4 139.28 .040
WAFU 1.50 4 5.95 1.008
SUPN 1.50 1 32.98 .045
BCYC 1.49 3 56.06 .078
STT 1.48 3 97.55 .045
SEMR 1.48 2 23.85 .124
JRVR 1.48 2 28.7 .102
JNJ 1.48 2 164.27 .018
ADI 1.48 5 180.86 .040
NURO 1.47 11 7.99 2.013
FGEN 1.47 3 12.16 .360
EDIT 1.47 3 37.89 .114
VCVC 1.46 1 9.85 .148
SFIX 1.46 2 33.57 .086
LITE 1.46 2 91.33 .030
HTBX 1.46 2 5.16 .564
APP 1.46 9 95.73 .135
SBEA 1.45 2 10.09 .286
EYEG 1.45 1 1.95 .743
BTBT 1.45 10 11.72 1.230
KALV 1.44 8 17.97 .640
LYFT 1.43 5 54.6 .130
LANC 1.43 2 162.15 .016
ATKR 1.43 2 101.13 .028
TSN 1.42 4 82.54 .068
IMNM 1.42 4 18.56 .304
RMBL 1.41 3 44.17 .093
HOOD 1.41 14 34.49 .560
SNA 1.40 4 218.09 .024
JCS 1.40 3 3.7 1.134
HX 1.40 6 3.71 2.262
CVS 1.40 3 92.96 .045
CRDF 1.40 1 5.63 .248
WGO 1.39 2 73.17 .036
VERY 1.39 4 7.75 .716
KURA 1.39 3 17.88 .231
JBL 1.39 2 63.66 .042
EOSE 1.39 2 10.91 .254
TNET 1.38 1 105.47 .013
EXPI 1.38 6 41.83 .192
TWST 1.37 7 118.85 .077
LIVE 1.37 3 34.26 .117
JKS 1.37 4 54.93 .096
ECOM 1.37 1 27.02 .050
SM 1.36 1 34.11 .039
FATE 1.36 3 56.51 .072
TAOP 1.35 3 3.39 1.194
WNW 1.34 1 3.3 .406
OLN 1.34 1 59.46 .022
CM 1.34 5 119.28 .055
CAH 1.34 4 50.3 .104
MOXC 1.33 4 5.71 .928
LAZR 1.33 4 18.9 .280
GRVY 1.33 7 103.52 .084
FIGS 1.33 6 38.98 .204
ABT 1.33 6 127.82 .060
TJX 1.32 4 68.96 .076
TDC 1.32 3 48.28 .081
COUR 1.32 2 34.41 .076
AEO 1.32 2 25.97 .100
VIH 1.31 1 9.36 .139
SPY 1.31 1 463.62 .002
RACE 1.31 9 252.98 .045
ABCL 1.31 1 14.14 .092
UHS 1.30 4 129.37 .040
PPSI 1.30 4 6.79 .764
JG 1.30 3 1.47 2.652
GWRE 1.30 5 124.96 .050
BNR 1.30 3 13.9 .279
BKE 1.30 3 48.38 .078
WM 1.29 6 162.08 .042
OLLI 1.29 2 67.75 .038
LI 1.29 3 29.64 .129
ATAI 1.29 2 14.85 .172
APPN 1.29 4 91.56 .056
AMD 1.29 14 139.87 .126
VSCO 1.28 4 49.64 .100
FRD 1.28 1 13.73 .093
BILI 1.28 22 81.31 .330
YETI 1.27 4 103.2 .048
RHE 1.27 2 7.19 .352
NFE 1.27 1 27.76 .045
HJLI 1.27 1 10.38 .122
CPE 1.27 5 59.59 .105
APXT 1.27 1 12.11 .104
TTWO 1.26 5 182.75 .030
SPCE 1.26 24 20.26 1.488
MESO 1.26 1 6.18 .203
DOMO 1.26 4 85.17 .056
USB 1.25 4 60.49 .080
THCB 1.25 1 10 .125
SPT 1.25 6 133.73 .054
OPAD 1.25 4 7.24 .688
NGM 1.25 2 20.48 .122
CHKP 1.25 6 117.3 .060
BYSI 1.25 3 14.69 .255
ABSI 1.25 2 12.89 .192
UAL 1.24 2 51.77 .046
SJ 1.24 4 6.15 .804
PBTS 1.24 1 1.24 1.000
LPX 1.24 3 64.16 .057
LEDS 1.24 3 6.95 .534
KMX 1.24 2 151.95 .016
EDSA 1.24 1 7.17 .172
CMMB 1.24 2 9.4805 .260
BNTC 1.24 3 3.41 1.089
ANPC 1.24 2 1.57 1.578
ALXN 1.24 4 182.5 .024
TAP 1.23 2 46.04 .052
LAW 1.23 3 50.62 .072
J 1.23 3 145.52 .024
C 1.23 4 68.21 .072
RCUS 1.22 1 38.96 .031
EYES 1.22 6 2.7 2.706
DDL 1.22 2 33.37 .072
VIR 1.21 5 32.24 .185
RTX 1.21 2 90.18 .026
PFGC 1.21 3 48.54 .072
OSAT 1.21 3 5.16 .702
MQ 1.21 6 25.11 .288
LYEL 1.21 3 12.05 .300
HGEN 1.21 3 6.19 .585
HD 1.21 12 368.58 .036
EAT 1.21 3 43.6 .081
ARAV 1.21 1 3.79 .319
AMC 1.21 57 38.29 1.767
WHLM 1.20 4 5.75 .832
MMM 1.20 7 182.42 .042
JPM 1.20 12 167.62 .084
IBM 1.20 8 120.22 .072
CRIS 1.20 2 5.97 .402
CETX 1.20 1 1.24 .967
AMTX 1.20 3 20.13 .177
AKAM 1.20 3 109.79 .030
TVTX 1.19 3 29.69 .120
SGOC 1.19 9 6.29 1.701
JWN 1.19 3 33.72 .105
PRTA 1.18 8 56.09 .168
ENOB 1.18 4 9.75 .484
DFH 1.18 1 16.65 .070
ZEV 1.17 4 8.74 .532
STZ 1.17 4 222.34 .020
SKT 1.17 3 19.56 .177
NIU 1.17 3 25.2 .138
MVIS 1.17 5 8.71 .670
CLSK 1.17 1 20.32 .057
VOXX 1.16 3 12.62 .273
TRI 1.16 3 120.38 .027
SIF 1.16 1 7.83 .148
NTAP 1.16 4 91.42 .048
MAT 1.16 3 22.56 .153
LOGI 1.16 5 78.64 .070
INMD 1.16 2 89.12 .026
HGSH 1.16 2 2.2314 1.038
GT 1.16 2 23.07 .100
AMEH 1.16 8 97.72 .088
AMAT 1.16 8 150.4 .056
ZIM 1.15 6 48.05 .138
UPS 1.15 7 211.64 .035
NVDA 1.15 152 294.59 .456
NTRB 1.15 2 5.52 .416
JD 1.15 6 77.74 .084
BZ 1.15 2 34.66 .066
ATVI 1.15 4 66.66 .068
TGT 1.14 10 254.05 .040
HCWB 1.14 2 2.9 .786
BBLG 1.14 1 4.16 .274
AVIR 1.14 3 10.67 .318
VNET 1.13 3 16.37 .207
STG 1.13 1 4.63 .244
SCHW 1.13 4 80.75 .052
PEP 1.13 5 164.04 .030
NUAN 1.13 1 55.02 .020
HAS 1.13 5 97.65 .055
BTX 1.13 2 8.09 .278
MNOV 1.12 2 3.54 .632
BZUN 1.12 1 16.95 .066
TGTX 1.11 1 33.25 .033
SHEN 1.11 3 28.49 .114
PMCB 1.11 3 2.81 1.185
GIII 1.11 4 32.32 .136
DXC 1.11 2 33.58 .066
CNET 1.11 1 1.42 .781
ALLO 1.11 2 18.96 .116
RUN 1.10 5 53.96 .100
OPTT 1.10 1 2.06 .533
MRUS 1.10 3 28.28 .114
XTLB 1.09 2 3.66 .594
SKX 1.09 4 47.44 .088
LIFE 1.09 3 8.31 .393
ALDX 1.09 2 9.09 .238
MTSL 1.08 3 3.37 .960
FCBP 1.08 1 29.1 .037
B 1.08 1 44.21 .024
AZYO 1.08 1 5.9 .183
ALF 1.08 2 4.65 .464
SMLP 1.07 2 31.1 .068
VYGR 1.06 2 3.51 .602
SPI 1.06 3 4.89 .648
CRM 1.06 11 299.67 .033
BAC 1.06 4 47.23 .088
SCR 1.05 5 35.58 .145
RIOT 1.05 4 36.49 .112
PTGX 1.05 3 36.1 .087
PLD 1.05 4 148.77 .028
MNST 1.05 4 91.98 .044
CELC 1.05 3 17.8 .174
OCUP 1.04 1 4.04 .257
OCGN 1.04 12 8.53 1.452
NETE 1.04 2 13.09 .158
IPA 1.04 2 6.05 .342
FSTX 1.04 1 6.27 .165
CANF 1.04 1 1.42 .732
KMPH 1.03 3 9.1 .339
BLDR 1.03 2 66.92 .030
MFNC 1.02 2 21.5 .094
DAL 1.02 5 43.71 .115
BBBY 1.02 14 21.79 .644
AXP 1.02 5 181.39 .025
ZCMD 1.01 1 1.81 .558
LL 1.01 1 17.55 .057
FUBO 1.01 3 25.47 .117
EGRX 1.01 2 51.71 .038
PINS 1.00 4 45.86 .084
MO 1.00 3 44.75 .066
IMAB 1.00 5 60 .080
DKNG .99 6 41.08 .144
ACY .99 19 45.4 .399
VTSI .98 2 7.83 .250
TRCH .98 2 4.95 .394
MYGN .98 2 31.37 .062
MCD .98 8 253.13 .024
IMTX .98 4 11.05 .352
HOFV .98 2 2.23 .878
UBER .97 5 43.38 .110
RRGB .96 2 21.35 .088
HRI .96 4 190.48 .020
FA .96 1 20.56 .046
CYTK .96 5 39.5 .120
AZPN .96 4 155.5 .024
QDEL .95 4 125.77 .028
PG .95 8 146.82 .048
NEE .95 2 85.2 .022
BTWN .95 1 9.97 .095
BPTH .95 2 4.6807 .404
AGRI .95 5 2.22 2.135
PAYX .94 2 123.11 .014
FTCH .94 2 37.61 .048
CGC .94 1 13.12 .071
INCY .93 4 65.39 .056
HCM .93 4 30.02 .120
PLUG .92 9 40.18 .198
PLCE .92 3 95.94 .027
OKE .92 3 62.86 .042
LBPH .92 1 6.27 .146
KNL .92 1 25.04 .036
FL .92 4 54 .068
BGFV .92 9 38.58 .207
YEXT .91 1 11.8 .077
WFC .91 4 50.36 .072
SSY .91 3 2.41 1.131
SLS .91 3 8.89 .306
AIT .91 2 103.84 .016
HOG .90 4 37.16 .096
GEG .90 1 1.87 .481
CRTO .90 1 40.32 .022
ATNF .90 3 4.07 .663
NKE .89 8 168.26 .040
ERYP .89 3 2.3 1.158
ARCE .89 2 17.97 .098
ACHL .89 1 6.68 .133
XLNX .88 10 197.89 .040
OTIS .88 4 83.36 .040
KHC .88 2 37.49 .046
GMBL .88 2 5.7 .308
CROX .88 6 174.18 .030
GM .87 3 59.27 .042
GDEV .87 3 8.15 .318
DTSS .87 1 2.15 .404
ASAN .87 11 129.67 .066
UTHR .86 4 202.5 .016
TTCF .86 2 17.23 .098
RF .86 1 24.17 .035
KODK .86 2 6.92 .248
VMEO .85 2 23.94 .070
SRNE .85 1 6.4 .132
SAFM .85 1 188.01 .004
LUV .85 5 49.69 .085
ABBV .85 5 116.75 .035
PTIX .84 2 2.04 .822
NLS .84 2 8.46 .198
LEXX .84 3 6.5 .387
HOL .84 3 12.35 .204
DTST .84 3 4.07 .618
CLII .84 3 14.36 .174
BB .84 11 10.48 .880
APOP .84 5 13.17 .315
TNA .83 5 104.59 .035
MAXR .83 4 30.5 .108
IRBO .83 1 45.95 .018
CNA .83 1 45.68 .018
BLUW .83 2 9.63 .172
SANA .82 1 20.94 .039
MS .82 9 97.77 .072
MNSO .82 1 16.14 .050
FITB .82 3 44.03 .054
SPRT .81 20 11.8 1.360
SOFI .81 6 20.42 .234
ON .81 7 56.82 .098
MBRX .81 2 2.47 .654
GE .81 5 108.96 .035
CRTD .81 6 3.12 1.554
SYPR .80 4 3.28 .972
DD .80 4 79.97 .040
SWI .79 1 16.48 .047
SLV .79 2 22.87 .068
SCYX .79 1 5.67 .139
RIDE .79 6 5.56 .852
PNRG .79 1 69.88 .011
GLD .79 10 173.15 .040
CHPT .79 2 24.52 .064
BJ .79 7 61.75 .084
ZY .78 3 10.21 .228
VVOS .78 4 3.78 .824
UAA .78 3 24.74 .093
SJM .78 12 127.61 .072
IPHA .78 4 5.41 .576
GNOG .78 1 14.82 .052
COP .78 6 73 .060
CAI .78 1 55.95 .013
BABA .78 98 163.97 .392
AA .78 10 46.17 .160
PRFX .77 3 2.4 .960
PLTR .77 2 22.52 .068
OLB .77 3 5.99 .384
LESL .77 1 23.36 .032
ENTX .77 2 3.79 .406
ALYA .77 4 2.75 1.120
VLDR .76 2 6.63 .228
STX .76 9 99.02 .063
QFIN .76 8 23.68 .256
NFLX .76 105 646.91 .105
NBRV .76 1 1.16 .655
MOS .76 5 36.08 .105
GROM .76 2 3.31 .458
QCOM .75 9 159.8 .036
GPS .75 6 24.73 .180
FLWS .75 4 33.95 .088
FB .75 106 327.64 .212
SPTN .74 3 24.4 .090
SCKT .74 4 6.34 .464
PTON .74 5 48.95 .075
PSTG .74 2 28.35 .052
LOOP .74 4 15.93 .184
GTIM .74 1 5.02 .147
GRVI .74 3 4.85 .456
EVOL .74 2 2.68 .552
ATXI .74 1 1.29 .573
VZ .73 2 52.6 .026
VOOV .73 1 149.11 .004
UPC .73 3 2.33 .939
SQBG .73 2 6.24 .232
OPNT .73 4 28.08 .100
NVFY .73 3 2.27 .963
EQT .73 1 19.64 .037
RMED .72 6 2.93 1.470
PFE .72 8 49.02 .112
ENSC .72 1 2.19 .328
DEN .72 4 85.75 .032
CRMT .72 9 126.94 .045
BTCM .72 4 8 .360
ARPO .72 1 2.2 .327
ZKIN .71 2 2.73 .520
RFL .71 5 6.85 .515
PALI .71 3 2.77 .768
MVST .71 5 9.35 .375
WMT .70 16 148.44 .064
TBLA .70 1 9.85 .071
SONO .70 6 33.84 .120
ORGS .70 1 4.18 .167
OCX .70 1 3.35 .208
INTC .70 6 50.76 .078
IGIC .70 3 8.5 .246
DDD .70 12 28.04 .288
CRCT .70 4 28.9 .096
AMKR .70 2 22.69 .060
VRNT .69 5 46.93 .070
MTTR .69 8 21.27 .256
FTEK .69 3 1.86 1.110
BEKE .69 1 22.26 .030
AUPH .69 6 29.62 .138
ASM .69 1 0.9472 .728
APRE .69 3 4.92 .420
PRPL .68 5 14.5 .230
ONCS .68 1 1.7 .400
IYC .68 3 84.99 .024
BWAY .68 2 8.25 .164
BCRX .68 9 12.73 .477
XONE .67 2 26 .050
XLK .67 5 164.53 .020
SKLZ .67 4 11.92 .224
NPTN .67 1 15.6 .042
M .67 9 29.82 .198
JRJC .67 3 6.43 .312
FOE .67 1 21.35 .031
CLNE .67 1 8.72 .076
ANF .67 2 44.99 .028
ACH .67 1 12.9 .051
VIPS .66 1 11.66 .056
SSNT .66 1 5.65 .116
RETO .66 1 1.65 .400
CTKB .66 1 23.41 .028
AMOM .66 1 37.6952 .017
TATT .65 3 6.39 .303
STRO .65 2 21.58 .060
PCVX .65 1 24.67 .026
LMNL .65 3 1.61 1.209
IONQ .65 7 18.23 .245
SLGG .64 2 3.53 .362
SDC .64 2 4.32 .296
LZB .64 2 36.35 .034
XLV .63 5 133.54 .020
HPQ .63 4 31.52 .076
FLOW .63 4 79 .028
ULTA .62 1 391.34 .001
PDCO .62 3 33.4 .054
MPC .62 3 65.52 .027
LJPC .62 2 3.99 .310
ISEE .62 4 17.03 .144
IFRX .62 2 4.67 .264
DNUT .62 5 13.37 .230
BON .62 3 6.18 .300
AREC .62 5 2.15 1.440
APG .62 2 24.02 .050
SOS .61 2 1.46 .834
RY .61 7 105.94 .035
CL .61 4 78.48 .028
AMBO .61 1 1.27 .480
SLB .60 4 32.73 .072
PSTV .60 1 1.72 .348
KIRK .60 2 25.83 .046
EVK .60 6 3.4 1.056
CEMI .60 8 2 2.400
AYRO .60 2 2.84 .422
AVCT .60 1 1.9 .315
AMRS .60 1 7.51 .079
LEN .59 5 105.07 .025
BIG .59 2 48.27 .024
YMM .58 2 15.47 .074
WPRT .58 2 2.86 .404
WISH .58 3 5.1 .339
STAF .58 2 1.67 .694
SPG .58 6 163.97 .018
CSIQ .58 4 36.26 .060
WEI .57 1 0.8997 .633
SNAP .57 113 52.88 1.130
SBTX .57 1 8.23 .069
ORPH .57 4 3.94 .576
GGAL .57 1 12.14 .046
EZFL .57 1 2.77 .205
DUK .57 5 101.62 .025
CLF .57 11 21.87 .286
TQQQ .56 137 159.07 .411
T .56 3 24.95 .066
OBLN .56 3 3.05 .549
MTP .56 1 1.675 .334
MRK .56 8 84.01 .048
LODE .56 3 2.07 .810
CLPS .56 1 3.08 .181
CLPS .56 1 3.08 .181
CLOV .56 1 7.18 .077
VNE .55 6 35.3 .090
RSI .55 2 18.67 .058
MU .55 6 73.41 .042
MOSY .55 2 5.59 .196
GIS .55 6 63.53 .048
FLXN .55 1 9.24 .059
EOLS .55 1 7.46 .073
WHLR .54 2 2.57 .420
TSM .54 3 118.2 .012
NIO .54 76 39.55 .988
LAC .54 5 33.01 .080
ENZ .54 2 3.4 .316
ADMA .54 1 1.4 .385
TBIO .53 3 37.36 .042
MEDS .53 5 3.97 .665
HUYA .53 3 9.27 .171
EQ .53 1 6.22 .085
CCJ .53 8 26.36 .160
BBWI .53 6 74.32 .042
ASTR .53 4 9.79 .216
TLRY .52 3 11.52 .135
SILK .52 7 50.8 .070
CSCO .52 8 57.77 .072
WOOF .51 2 24.81 .040
RCON .51 2 2.13 .478
MRVL .51 6 70.97 .042
KO .51 6 56.72 .048
K .51 8 63.52 .064
GFAI .51 2 1.88 .542
EVGO .51 4 15.41 .132
DYAI .51 3 3.908 .390
CPSH .51 1 4.87 .104
TIGR .50 8 6.61 .600
PATI .50 2 14.17 .070
MDIA .50 3 7.205 .207
GRTX .50 3 1.74 .861
CBAT .50 3 2.34 .639
RKDA .49 1 1.9 .257
NRBO .49 2 1.78 .550
IGC .49 3 1.38 1.065
GP .49 3 14.34 .102
GEVO .49 4 7.13 .272
ENLV .49 2 8.42 .116
ECHO .49 1 48.16 .010
ATHM .49 3 37.65 .039
ARMP .49 1 3.63 .134
STN .48 1 55.97 .008
NNDM .48 3 5.57 .258
MARA .48 19 64.84 .133
HRL .48 5 43.5 .055
HRC .48 5 155.1 .015
EPU .48 3 29.71 .048
DRN .48 4 26.52 .072
XPEV .47 81 44.33 .810
XLE .47 6 57.47 .048
TRIL .47 1 17.83 .026
STEM .47 5 24.61 .095
SOHU .47 6 20.63 .132
EXPR .47 5 4.19 .560
DARE .47 1 1.68 .279
BODY .47 2 4.69 .200
VXX .46 3 21.6 .063
UFAB .46 2 3.16 .290
NTEC .46 4 9.63 .188
MARK .46 4 1.55 1.184
KBSF .46 2 3.05 .300
GURE .46 1 6.36 .072
FLGC .46 5 4.59 .500
EQOS .46 1 5.18 .088
CVV .46 2 4.94 .186
BCLI .46 1 2.99 .153
VERU .45 4 8.37 .212
TYME .45 4 0.9484 1.896
TME .45 1 8 .056
ONCT .45 2 4.15 .216
CCL .45 5 23.49 .095
ANY .45 17 6.69 1.139
ADIL .45 2 3.29 .272
WORX .44 4 1.68 1.044
NNVC .44 3 4.62 .285
GALT .44 3 2.95 .447
FFHL .44 2 9.57 .090
DWSN .44 2 2.34 .376
CIEN .44 19 60.5 .133
EVGN .43 1 2.55 .168
CAN .43 4 9.71 .176
ATIF .43 1 3.84 .111
AFMD .43 2 5.65 .152
PHUN .42 11 3.9 1.177
FCX .42 23 37.52 .253
DBGI .42 5 3.99 .525
CTSO .42 4 6.45 .260
ARMK .42 4 38.49 .040
SRNG .41 1 11.42 .035
RKT .41 2 16.57 .048
MSFT .41 112 330.8 .112
ME .41 5 11.52 .175
KZIA .41 2 11.75 .068
HNST .41 3 8.9 .138
GTT .41 1 2.36 .173
FFIE .41 1 8.47 .048
ERJ .41 6 16.49 .144
BLIN .41 8 3.26 1.000
AUUD .41 7 2.52 1.134
ACOR .41 4 3.68 .444
YJ .40 2 0.836 .956
ORMP .40 13 27.38 .182
LIZI .40 4 2.76 .576
KR .40 15 42.47 .135
FBRX .40 1 3.23 .123
DUOT .40 1 6.59 .060
CTIB .40 5 1.845 1.080
CHRA .40 1 4.12 .097
UWMC .39 2 7.04 .110
LC .39 10 42.14 .090
FAST .39 4 58.86 .024
CSCW .39 2 0.58 1.344
AQMS .39 3 1.91 .612
APTO .39 3 2.39 .489
SBH .38 3 18.14 .060
OVID .38 2 3.5 .216
OTLK .38 2 1.98 .382
MRTN .38 3 17.27 .066
ANIX .38 1 4.68 .081
VTNR .37 9 4.61 .720
UONE .37 7 6.17 .413
ORCL .37 34 93.83 .102
HUGE .37 1 1.47 .251
HHR .37 4 56.9 .024
GPK .37 1 20.27 .018
CHMA .37 2 3.76 .196
CDEV .37 1 7.28 .050
UAVS .36 3 2.7 .399
MRKR .36 1 1.47 .244
JFIN .36 2 3.75 .192
IDEX .36 4 1.91 .752
GNLN .36 2 1.77 .406
BNGO .36 12 4.99 .864
AKTX .36 1 1.68 .214
ADMP .36 1 1.01 .356
ACB .36 3 7.1 .150
ORGO .35 2 11.01 .062
LMFA .35 5 6.6 .265
IRIX .35 3 8.88 .117
GOVX .35 6 3.94 .528
FLO .35 4 25.49 .052
CLSD .35 3 4.95 .210
CIFR .35 3 8.74 .120
BSQR .35 13 2.235 2.028
AESE .35 1 2.21 .158
XELB .34 2 1.46 .464
TRIT .34 5 6.29 .270
TESS .34 2 6.19 .108
HWCC .34 1 5.3 .064
XOM .33 9 64.19 .045
PLG .33 2 2.9 .226
KULR .33 2 3.47 .190
IMMR .33 6 6.98 .282
HNP .33 2 18.36 .034
GTS .33 1 35.78 .009
BHTG .33 1 1.24 .266
ACI .33 9 34.02 .081
WATT .32 2 1.93 .330
TAL .32 2 3.93 .162
SPCB .32 2 0.85 .752
SGBX .32 3 2.88 .333
MINM .32 2 1.505 .424
BKYI .32 1 3.07 .104
AZN .32 12 63.14 .060
AAPL .32 108 147.92 .216
AAL .32 9 21.57 .126
WINT .31 3 1.73 .537
ULBI .31 2 5.72 .108
PBR .31 8 10.03 .240
NKLA .31 15 13.84 .330
HMHC .31 2 16.5 .036
FENC .31 1 9.28 .033
DMAC .31 2 4.46 .138
D .31 8 75.68 .032
AEY .31 1 2.19 .141
OXBR .30 5 3.65 .410
LGHL .30 4 1.95 .612
HAPP .30 1 0.8756 .342
ENG .30 3 2.37 .378
BBIG .30 20 4.37 1.360
AUTL .30 3 6.57 .135
UNIT .29 2 13.68 .042
NEXT .29 4 3.68 .312
HUSN .29 4 2.3 .504
ALTO .29 5 5.9 .245
MITO .28 1 1.05 .266
BP .28 4 27.42 .040
XLP .27 5 72.89 .015
WIMI .27 4 4.91 .216
RSLS .27 4 2.53 .424
NAOV .27 11 1.39 2.134
MGTX .27 1 19.19 .014
GSM .27 7 6.53 .287
ENVB .27 3 1.77 .456
VIVE .26 2 2.1701 .238
PPBT .26 1 4.41 .058
PME .26 1 0.6899 .376
AXLA .26 2 3.14 .164
AGNC .26 3 16.02 .048
PBLA .25 1 2.02 .123
LTHM .25 13 30.54 .104
HIPO .25 2 4.07 .122
RVI .24 2 6.29 .076
RAIL .24 4 4.72 .200
MOGO .24 4 5.67 .168
IKT .24 1 2.05 .117
GBR .24 1 3.59 .066
PIRS .23 7 3.9 .406
OCG .23 4 4.56 .200
BGI .23 2 2.92 .156
THTX .22 1 3.34 .065
SSKN .22 1 1.79 .122
SPWH .22 3 17.31 .036
JFU .22 3 1.36 .483
INOV .22 2 40.77 .010
DYNT .22 5 1.5 .730
VIEW .21 1 5.63 .037
VBLT .21 3 2.44 .258
TENX .21 1 1.41 .148
ATOS .21 5 2.57 .405
ALAC .21 2 11.57 .036
SALM .20 4 4.01 .196
IMMP .20 5 4.14 .240
ENSV .20 1 1.33 .150
NBEV .19 1 1.42 .133
MOMO .19 3 12.88 .042
AEHR .19 26 22.68 .208
VSH .18 3 20.69 .024
OBSV .18 5 2.41 .370
FCEL .18 130 10.24 2.210
YPF .17 2 4.4 .076
PPC .17 2 28.04 .012
PETZ .17 4 6.11 .108
LIVX .17 2 3.07 .110
KXIN .17 6 2.04 .498
GMTX .17 1 3.31 .051
SWN .16 2 4.82 .066
SNES .16 2 1.55 .206
RRD .16 5 9.1 .085
INFI .16 4 2.54 .248
HFBL .16 1 19.25 .008
COTY .16 7 10.47 .105
ZNGA .15 4 7.73 .076
SBS .15 6 6.68 .132
IMV .15 2 1.55 .192
GSKY .15 2 11.81 .024
GRUB .15 3 13.82 .030
CHNG .15 2 21.4 .014
AGEN .15 10 4.33 .340
SYKE .14 3 54 .006
SSL .14 14 16.76 .112
OEG .14 1 2.64 .053
NXTP .14 1 1.32 .106
MRO .14 16 16.6 .128
INM .14 1 1.34 .104
IEC .14 1 15.34 .009
EDU .14 1 2.03 .068
ABUS .14 2 3.48 .080
TELL .13 7 3.8 .238
SVBI .13 1 13.63 .009
OSMT .13 4 1.85 .280
LMRK .13 1 16.29 .007
GENE .13 3 2.72 .141
ESXB .13 1 12.14 .010
VERB .12 8 1.81 .528
SBBP .12 2 2 .120
PSTX .12 1 7.02 .017
MTL .12 8 3.93 .240
GSAT .12 2 1.55 .154
CRON .12 5 5.47 .105
CHNR .12 4 1.22 .392
XPDI .11 11 12.98 .088
TTM .11 8 33.46 .024
SNMP .11 2 1.14 .192
MOHO .11 3 0.6082 .540
GBS .11 1 1.96 .056
FENG .11 2 1.48 .148
EKSO .11 2 4.13 .052
CALA .11 1 0.8318 .132
ACHV .11 2 8.16 .026
SLHG .10 1 2.35 .042
RCAT .10 2 2.6 .076
RAVN .10 3 57.92 .003
KDMN .10 4 9.5 .040
EDTK .10 2 1.43 .138
CNFR .10 2 2.68 .074
XELA .09 7 1.6 .392
WTER .09 2 1.64 .108
TEDU .09 2 0.7849 .228
TAAG .09 1 20.9494 .004
SELF .09 1 5.09 .017
RIG .09 6 3.45 .156
PRPO .09 3 2.2 .120
CPG .09 6 4.69 .114
BIOC .09 2 3.83 .046
AEMD .09 3 2.89 .093
AEI .09 2 1.83 .098
TEO .08 2 5.51 .028
MBII .08 1 0.87 .091
ET .08 5 9.08 .040
CLDR .08 1 15.99 .005
BQ .08 2 2.01 .078
OCG .07 13 4.56 .195
NEPT .07 2 0.5074 .274
ITRO .07 1 1.27 .055
ITRN .07 3 26.09 .006
FRO .07 11 8.28 .088
DBVT .07 11 3.13 .242
CPLG .07 1 15.6 .004
ALZN .07 1 2.15 .032
XBIO .06 8 1.71 .280
WYNN .06 3 92.02 0
VSTM .06 2 2.65 .044
ADMS .06 2 8.16 .014
ULTA .05 12 391.34 0
OXY .05 30 31.82 .030
MDNA .05 8 1.97 .200
FRBK .05 1 3.48 .014
WYNN .04 4 92.02 0
PSP .04 3 16.37 .006
PBT .04 2 8.25 .008
NOK .04 6 5.7 .042
IRCP .04 4 2.8 .056
CXP .04 1 19.15 .002
AVGR .04 7 0.784 .357
VTGN .03 5 2.25 .065
VCAR .03 1 16.3203 .001
VALN .03 1 50.25 0
SNDL .03 1 0.6775 .044
SIC .03 1 14.49 .002
MFGP .03 4 5.28 .020
SLVO .02 3 5.5 .009
NWHM .02 1 8.99 .002
KIN .02 2 9.25 .004
EIC .02 2 18.08 .002
DSE .02 1 9.49 .002
BLNK .02 12 32.83 0
RTLR .01 8 11.6 0
PMD .01 1 8.6 .001
INFL .01 2 31.55 0
IACB .01 3 9.9698 .003
HDGE .01 1 23.98 0
DFP .01 2 28.75 0
BEST .01 3 1.13 .024
WMPN 0 4 12.25 0
QQC 0 1 32.9 0
QADB 0 4 87.54 0
PAE 0 1 9.92 0
NLSP 0 1 2.06 0
LHAA 0 1 9.87 0
HWBK 0 1 24.45 0
EPAY 0 1 47.04 0
DVD 0 1 3.59 0
NSYS -.12 1 10.7204 -.011
