EJH 5.21 6 1.64 19.056
SCPS 3.34 7 1.94 12.047
LAIX 1.72 4 0.71 9.688
AACG 2.14 5 1.3 8.230
CPOP 2.34 5 1.67 7.005
NVOS 1.65 5 1.29 6.395
EEIQ 4.33 5 3.44 6.290
NEGG 3.07 20 11.24 5.460
AUVI 2.32 9 4.16 5.013
DPW 1.56 5 1.6 4.875
JAN 2.73 6 3.86 4.242
NRXP 2.89 8 5.45 4.240
VRPX 1.77 9 3.76 4.230
EYES 1.22 6 1.86 3.930
IRNT 3.02 6 4.66 3.888
JZXN 1.63 4 1.69 3.856
HX 1.40 6 2.24 3.750
JG 1.30 3 1.05 3.714
VVOS 1.65 6 2.67 3.702
FCEL .18 130 6.27 3.640
SIEB 1.53 5 2.22 3.445
KOSS 5.35 7 12.15 3.080
NURO 1.47 11 5.38 3.003
CEMI .60 8 1.62 2.960
AAME 1.97 5 3.42 2.880
AMC 1.19 60 24.45 2.880
NAOV .27 11 1.04 2.849
RMED .72 6 1.55 2.784
TYME .45 4 0.71 2.532
BSQR .35 13 1.8 2.522
OCGN 1.04 12 5.02 2.484
CARV 3.92 6 9.74 2.412
MRIN 2.01 5 4.33 2.320
AGRI .95 5 2.14 2.215
ANPC 1.24 2 1.12 2.214
BBIG .30 21 2.9 2.163
SPCE 1.26 24 14.3 2.112
INDP 2.52 5 6 2.100
BTBT 1.45 10 6.96 2.080
LMNL .65 3 0.9578 2.034
ADGI 2.61 11 14.18 2.024
TAOP 1.35 3 2.16 1.875
PHUN .35 16 3.04 1.840
AREC .62 5 1.74 1.780
JCS 1.40 3 2.37 1.770
MARK .46 4 1.05 1.752
PBTS 1.24 1 0.71 1.746
SAVA 2.72 28 43.59 1.736
DWAC 22.11 4 51.33 1.720
SGOC 1.19 9 6.2 1.719
WAVE 1.72 5 5.04 1.705
RETO .72 2 0.86 1.674
GME 2.99 82 144.59 1.640
CSCW .39 2 0.4817 1.618
PRFX .57 4 1.42 1.604
CTIB .40 5 1.25 1.600
TPST 2.19 5 6.89 1.585
EVK .60 6 2.3 1.560
BIDU 1.88 118 140.17 1.534
SSY .91 3 1.8 1.515
RNXT 1.96 4 5.27 1.484
NCTY 2.63 5 8.88 1.480
BYSI 1.25 5 4.24 1.470
AUUD .41 7 1.97 1.456
FTEK .69 3 1.42 1.455
CETX 1.20 1 0.837 1.433
NMRD 1.66 4 4.69 1.412
ERYP .79 4 2.25 1.404
WORX .44 4 1.26 1.396
YJ .40 2 0.5811 1.376
SYPR .80 4 2.33 1.372
SPRT .81 20 11.8 1.360
SNAP .57 113 44.7 1.356
WAFU 1.50 4 4.47 1.340
BLIN .41 8 2.47 1.320
BNTC 1.24 3 2.82 1.317
DLPN 2.14 5 8.14 1.310
NIO .53 77 30.07 1.309
BNGO .36 12 3.29 1.308
GRTS 2.25 7 12.04 1.302
SNOA 1.51 4 4.67 1.292
UPC .73 3 1.7 1.287
PMCB 1.11 3 2.63 1.266
STAF .58 2 0.9159 1.266
IGC .49 3 1.16 1.266
ALYA .77 4 2.43 1.264
MOXC 1.33 4 4.21 1.260
NBRV .76 1 0.626 1.214
ANY .21 20 3.46 1.200
SOS .61 2 1.02 1.196
RIDE .68 7 4.02 1.183
LHDX 1.58 4 5.39 1.172
ANVS 3.73 6 19.04 1.170
EBET 3.45 6 17.74 1.164
SPCB .32 2 0.5517 1.160
CRTD .39 7 2.35 1.155
PALI .71 3 1.85 1.149
NVFY .73 3 1.93 1.134
HOFV .98 2 1.73 1.132
LODE .56 3 1.51 1.110
ACRS 2.12 7 13.54 1.092
TERN 1.53 4 5.65 1.080
HOOD 1.41 14 18.14 1.078
PTIX .84 2 1.57 1.070
CHCI 1.54 3 4.32 1.068
DYNT .22 5 1.05 1.045
IDEX .36 4 1.42 1.012
BB .74 12 8.78 1.008
SJ 1.24 4 4.94 1.004
MVIS 1.17 5 5.85 1.000
ZKIN .71 2 1.42 1.000
CNET 1.11 1 1.12 .991
WHLM 1.20 4 4.94 .968
MTSL 1.08 3 3.37 .960
OSAT 1.21 3 3.81 .951
IMPL 1.70 5 8.99 .945
MEDS .53 5 2.8 .945
SPI .89 4 3.76 .944
HGSH 1.16 2 2.48 .934
FULC 2.54 6 16.46 .924
CANF 1.04 1 1.125 .924
BBBY .90 16 15.53 .912
VTNR .37 10 4.06 .910
LIZI .40 4 1.76 .908
HCWB 1.14 2 2.53 .900
GFAI .51 2 1.15 .886
KALV 1.44 8 13.15 .872
HGEN 1.21 3 4.16 .870
AQMS .39 3 1.35 .864
DBGI .42 5 2.48 .845
XPEV .46 84 42.27 .840
ASM .69 1 0.8218 .839
ORPH .57 4 2.74 .832
ISPC 1.52 6 10.97 .828
CBAT .50 3 1.83 .819
TIGR .50 8 4.87 .816
KTTA 1.49 1 1.83 .814
ALF 1.08 2 2.7 .800
EXPR .47 5 2.92 .800
MNOV .74 3 2.81 .789
MBRX .81 2 2.07 .782
VERY 1.39 4 7.1 .780
ZEV 1.17 4 6 .780
ATXI .74 1 0.956 .774
APTO .28 4 1.47 .760
ACIU 1.91 2 5.03 .758
ENVB .27 3 1.07 .756
MOHO .11 3 0.4381 .753
XTLB 1.09 2 2.91 .748
VYGR 1.06 2 2.83 .748
LEDS 1.24 3 4.97 .747
HTBX 1.46 2 3.92 .744
EYEG 1.45 1 1.95 .743
OPAD 1.25 4 6.8 .732
DTST .84 3 3.46 .726
LGHL .30 4 1.65 .724
CHNR .12 4 0.66 .724
PPSI .67 9 8.31 .720
GROM .76 2 2.13 .712
WEI .57 1 0.801 .711
NRBO .49 2 1.38 .710
AYRO .60 2 1.73 .692
RCON .51 2 1.48 .688
GOVX .36 7 3.67 .686
WBX 4.49 2 13.32 .674
AVXL 2.41 5 17.92 .670
RFL .71 5 5.28 .670
EVOL .74 2 2.21 .668
GNLN .36 2 1.08 .666
AMBO .61 1 0.9161 .665
ATNF .66 4 3.96 .664
BKKT 2.95 2 9.08 .648
VERB .12 8 1.48 .648
NVDA 1.30 161 283.87 .644
ACOR .41 4 2.56 .640
APRE .69 3 3.26 .633
SCKT .74 4 4.67 .632
UAVS .36 3 1.74 .618
COHN 1.95 5 15.74 .615
LCID 1.90 13 40.05 .611
IPHA .78 4 5.11 .608
ENOB .94 5 7.75 .605
GLSI 3.27 5 27.04 .600
OLB .77 3 3.84 .600
WHLR .54 2 1.8 .600
KXIN .17 6 1.69 .600
WINT .31 3 1.56 .594
ENG .30 3 1.52 .591
PENN 2.65 10 44.65 .590
BABA .82 98 120.25 .588
NVAX 8.92 13 194.92 .585
FLGC .19 6 1.94 .582
MARA 1.03 20 35.51 .580
ALEC 2.10 6 21.75 .576
BILI 1.28 23 50.08 .575
ADMP .36 1 0.6256 .575
DQ 3.36 7 40.79 .574
GALT .44 3 2.3 .573
OPTT 1.10 1 1.94 .567
XELA .09 7 1.11 .567
ONCS .68 1 1.2 .566
ZCMD 1.01 1 1.785 .565
DTSS .87 1 1.54 .564
JFU .22 3 1.17 .564
WISH .58 3 3.11 .558
WNW 1.34 1 2.41 .556
TQQQ .69 139 153.14 .556
LEXX .63 4 4.53 .556
XELB .34 2 1.22 .556
SYTA 1.89 1 3.4 .555
TRIT .34 5 3.04 .555
ATOS .21 5 1.9 .550
OBLN .56 3 3.05 .549
UONE .37 7 4.74 .546
AVGR .04 7 0.511 .546
KNBE 1.80 7 23.21 .539
OTLK .38 2 1.41 .538
GRTX .50 3 2.79 .537
CRIS 1.20 2 4.47 .536
MINM .32 2 1.2 .532
HAPP .30 1 0.5713 .525
SLGG .64 2 2.45 .522
AUPH 1.04 10 19.67 .520
BGFV .97 10 18.35 .520
MQ 1.18 7 15.76 .518
ENTX .77 2 2.99 .514
WPRT .58 2 2.25 .514
PSTV .60 1 1.17 .512
BCRX .62 10 11.93 .510
MVST .61 6 7.14 .510
RSLS .27 4 2.11 .508
LWAC 1.73 5 16.98 .505
ENSC .55 3 3.27 .504
SDC .64 2 2.54 .502
GRVI .74 3 4.45 .498
NKLA .31 15 9.32 .495
GTEC .80 4 6.46 .492
UFAB .46 2 1.88 .488
OSMT .13 4 1.06 .488
MTP .56 1 1.15 .486
PIRS .23 7 3.3 .483
NNOX 1.69 5 17.45 .480
WATT .32 2 1.35 .474
RHE 1.27 2 5.38 .472
TSLA 2.87 157 926.92 .471
RKDA .49 1 1.04 .471
BTX 1.13 2 4.82 .468
LIFE .93 4 7.96 .464
NTRB 1.15 2 4.97 .462
GEG .90 1 1.96 .459
BPTH .95 2 4.14 .458
ACY .99 19 41.1 .456
SLS .69 4 6.01 .456
ADMA .54 1 1.2 .450
SGBX .32 3 2.13 .450
ABUS .22 8 3.89 .448
ARAV 1.21 1 2.72 .444
BTCM .72 4 6.48 .444
MRAM 1.52 3 10.3 .441
ORMP .35 19 14.7 .437
GMBL .88 2 4.06 .432
TEDU .09 2 0.417 .430
MRNA 3.13 39 282.02 .429
EFOI .71 2 3.31 .428
IFRX .58 3 4.07 .426
BODY .47 2 2.2 .426
LGVN 1.37 5 15.97 .425
DOCS 2.62 8 49.32 .424
EYPT 5.86 1 13.95 .420
CERE 1.78 7 29.21 .420
PEAR 2.37 1 5.73 .413
AVIR 1.14 3 8.32 .411
LYEL 1.21 3 8.95 .405
KMPH 1.03 3 7.6 .405
GEVO .49 4 4.84 .404
UPST 2.99 19 140.64 .399
RAPT 1.77 7 30.65 .399
VNET 1.13 3 8.49 .399
DDD .70 12 20.77 .396
HUSN .29 4 2.92 .396
TRCH .98 2 4.95 .394
BHTG .33 1 0.837 .394
M .58 17 24.27 .391
BON .62 3 4.79 .387
DYAI .51 3 3.95 .387
LAZR 1.16 5 14.91 .385
DWSN .44 2 2.28 .384
CTSO .42 4 4.34 .384
VIVE .26 2 1.36 .382
MDIA .50 3 3.93 .381
IPA 1.04 2 5.45 .380
NEXT .29 4 3.04 .380
ZG 3.19 7 58.03 .378
PLG .24 3 1.89 .378
AFRM 2.19 17 99.24 .374
BFRI .85 3 6.9 .369
NEPT .07 2 0.3803 .368
BNR 1.30 3 10.6 .366
NNDM .48 3 3.95 .363
PME .26 1 0.7171 .362
SE 4.12 19 214.52 .361
APPS 3.13 6 51.51 .360
ONCT .45 2 2.5 .360
MRKR .36 1 0.998 .360
AGEN .10 12 3.32 .360
SOFI .73 7 14.27 .357
CMMB 1.24 2 6.93 .356
AVCT .30 2 1.68 .356
ASTR .62 5 8.66 .355
TSP 1.90 6 31.76 .354
ADIL .45 2 2.54 .354
IMMR .33 6 5.59 .354
EOSE 1.39 2 7.89 .352
CLSD .35 3 2.98 .351
KODK .86 2 5 .344
WIMI .27 4 3.12 .344
XBIO .06 8 1.37 .344
FIGS 1.33 6 22.94 .342
VOXX 1.16 3 10.09 .342
IMNM 1.42 4 16.59 .340
ATAI 1.29 2 7.58 .340
SKLZ .67 4 7.83 .340
ENZ .54 2 3.17 .340
MITO .28 1 0.828 .338
SPLK 6.20 6 108.91 .336
EVGO .45 8 10.57 .336
IMMP .16 7 3.3 .336
QFIN .77 9 20.51 .333
HUGE .37 1 1.11 .333
TELL .11 9 2.94 .333
RLMD 1.57 4 18.84 .332
NNVC .44 3 3.99 .330
AEHR .17 30 15.26 .330
GRU 1.51 1 4.585 .329
GSM .27 7 5.67 .329
ZY .78 3 7.14 .327
ARPO .72 1 2.2 .327
RSKD 1.24 2 7.57 .326
MTL .06 17 3.11 .323
ALDX 1.09 2 6.77 .322
CCXI 3.66 3 33.94 .321
IMTX .98 4 12.14 .320
ZIM 1.48 11 49.76 .319
OCX .70 1 2.2 .318
SNMP .11 2 0.688 .318
CAN .43 4 5.42 .316
ZM 3.91 15 182.4 .315
FGEN 1.47 3 14 .315
APOP .84 5 13.17 .315
BBLG 1.14 1 3.63 .314
KURA 1.04 4 13.19 .312
BNTX 3.02 31 283.68 .310
NVCR 2.63 10 82.3 .310
TATT .65 3 6.27 .309
ZLAB 2.93 7 66.26 .308
VTSI .56 4 7.2 .308
JRJC .67 3 6.55 .306
LMFA .35 5 5.66 .305
SNES .16 2 1.05 .304
KSS 1.41 10 46.83 .300
HUYA .53 4 7.06 .300
KBSF .46 2 3.05 .300
ALTO .29 5 4.76 .300
GPN 3.54 11 126.88 .297
GDEV .87 3 8.75 .297
CLF .57 11 20.54 .297
VBLT .21 3 2.12 .297
MTTR .48 14 22.1 .294
AEI .09 2 0.6096 .294
VLDR .76 2 5.18 .292
VERU .45 4 6.13 .292
MOGO .24 4 3.26 .292
LJPC .62 2 4.27 .290
EZFL .57 1 1.97 .289
SBEA 1.45 2 10.1 .286
DBVT .07 11 2.65 .286
ME .34 6 7.16 .282
OSTK 2.60 7 64.4 .280
IONQ .65 7 16.06 .280
W 6.04 9 189.51 .279
PLUG .92 9 29.65 .279
JFIN .36 2 2.58 .278
SALM .20 4 2.88 .276
FCX .45 25 38.28 .275
OCUP .51 2 3.74 .272
AMEH 2.05 9 67.73 .270
PBR .30 10 11.11 .270
OBSV .10 6 2.19 .270
CLPS .57 1 2.12 .268
CLPS .57 1 2.12 .268
IGIC .70 3 7.81 .267
TASK 1.74 7 44.74 .266
ABSI 1.25 2 9.35 .266
AMD 1.78 22 138.64 .264
MESO .65 2 4.96 .262
DDS 6.58 10 248.92 .260
BRLT .96 4 14.74 .260
MOSY .55 2 4.21 .260
ERJ .39 10 14.48 .260
AMTX 1.20 3 13.9 .258
NLS .84 2 6.48 .258
CARA 1.57 2 12.18 .256
DARE .47 1 1.83 .256
INFI .16 4 2.505 .252
FENG .11 2 0.8708 .252
SI 4.55 8 143.96 .248
MDNA .05 8 1.61 .248
EXPI 1.38 6 33.44 .246
CELC 1.05 3 12.79 .246
ORGS .70 1 2.89 .242
OVID .38 2 3.13 .242
DOCN 1.74 10 71.01 .240
RBLX 1.49 16 95.21 .240
LAC .69 10 28.75 .240
CRDF .45 3 5.57 .240
AKTX .36 1 1.51 .238
TLRY .47 4 7.88 .236
EVGN .43 1 1.82 .236
RAIL .24 4 4.06 .236
DLO 1.53 5 32.35 .235
CHGG 2.17 3 27.69 .234
EDSA 1.24 1 5.31 .233
NIU .93 4 15.95 .232
SQBG .73 2 6.24 .232
SHOP 28.96 11 1326.88 .231
CCJ .47 11 21.73 .231
SQ 1.73 23 165.88 .230
STG 1.13 1 4.93 .229
FOSL 1.09 2 9.55 .228
CPIX .24 4 4.19 .228
IMV .15 2 1.32 .226
LOOP .55 5 12.18 .225
OXBR .30 5 6.55 .225
CPE 1.54 7 46.94 .224
GPS .54 7 16.47 .224
BIOC .22 4 3.88 .224
STEM .68 6 18.19 .222
CVV .46 2 4.14 .222
AAPL .35 111 172.26 .222
CGC 1.01 2 9.14 .220
AXLA .26 2 2.37 .218
NVTS 1.62 2 14.88 .216
DKNG .99 6 26.98 .216
FSTX 1.04 1 4.82 .215
DUOL 7.27 3 102.92 .210
CELH 1.96 7 63.71 .210
ACHL .89 1 4.22 .210
CIFR .35 3 4.97 .210
HHR .98 11 50.43 .209
MSTR 14.75 8 566.94 .208
PRTA 1.04 9 43.35 .207
HOL .84 3 12.35 .204
ENSV .20 1 0.9792 .204
EDTK .10 2 0.99 .202
TOST 3.31 2 32.85 .200
DELL 1.42 8 54.99 .200
CHMA .37 2 3.76 .196
GSAT .12 2 1.22 .196
XAIR 1.97 1 10.1 .195
GIII 1.02 5 25.91 .195
GENE .13 3 2 .195
PUBM 6.66 1 34.28 .194
TENX .21 1 1.08 .194
TWTR 1.40 6 43.13 .192
JWN .98 4 20.05 .192
DNUT .38 8 15.59 .192
LYFT 1.43 5 37.46 .190
BLU .51 3 7.98 .189
AMZN 6.99 94 3377.42 .188
NTEC .46 4 9.63 .188
HIPO .25 2 2.64 .188
EQOS .46 1 2.45 .187
SKT 1.17 3 18.71 .186
FUBO 1.01 3 16.29 .186
FBRX .40 1 2.14 .186
ACB .36 3 5.72 .186
PDD 2.15 5 57.09 .185
AESE .35 1 1.91 .183
BYND 2.00 6 66.15 .180
DDL 1.22 2 13.5 .180
DKS 1.01 18 99.91 .180
RIOT .73 6 23.88 .180
RIG .09 6 2.92 .180
NBEV .19 1 1.06 .179
FUV .77 2 8.59 .178
SFIX 1.08 3 18.13 .177
ARVN 1.55 8 68.8 .176
ASAN .80 16 67.24 .176
IAC 3.19 7 125.14 .175
SIF 1.16 1 6.6249 .175
NEWR 2.93 6 100.27 .174
TGTX .93 3 15.82 .174
CLII .84 3 14.36 .174
PRPL .32 6 10.9 .174
GTT .41 1 2.36 .173
BLUW .83 2 9.63 .172
SCYX .31 4 7.09 .172
SEMR 1.11 3 19.27 .171
AAL .32 9 16.52 .171
AEY .31 1 1.81 .171
JD 1.28 10 72.68 .170
GTIM .74 1 4.4 .168
DRN .57 8 26.67 .168
SOHU .47 6 16.54 .168
DMAC .31 2 3.68 .168
AZYO 1.08 1 6.49 .166
BKYI .19 2 2.28 .166
HOG 1.23 5 37.01 .165
RUN 1.10 5 33.19 .165
AUTL .30 3 5.45 .165
ISEE .62 4 14.83 .164
MITQ .36 1 2.19 .164
ENLV .49 2 6.02 .162
HNST .41 3 7.51 .162
APP 1.38 10 83.75 .160
KULR .06 8 2.98 .160
BWAY .42 3 7.81 .159
NETE 1.04 2 13.09 .158
CALA .11 1 0.6921 .158
SSKN .22 1 1.4 .157
U 3.60 6 133.74 .156
IRDM 1.55 4 38.93 .156
EDIT 1.47 3 27.83 .156
MAT .55 6 20.73 .156
SSNT .34 2 4.35 .156
AFMD .29 3 5.48 .156
PRPO .09 3 1.71 .156
DE 4.88 11 348.29 .154
ASML 6.23 19 755 .152
COTY .19 8 9.7 .152
CPG .09 8 4.7 .152
BQ .08 2 1.05 .152
DNA 1.58 1 10.48 .150
ALLO 1.11 2 14.8 .150
LUV .99 6 39.53 .150
LBPH .92 1 6.13 .150
LI .76 6 29.99 .150
TAL .32 2 4.25 .150
IKT .24 1 1.6 .150
ALZN .19 2 2.53 .150
CRON .12 5 3.99 .150
VCVC 1.46 1 9.85 .148
SCR 1.05 5 35.58 .145
DPST 2.33 3 47.73 .144
FLGT 2.27 6 91.29 .144
LEGN 1.04 6 42.16 .144
SONO .70 6 28.925 .144
AA .65 12 52.59 .144
LTHM .24 16 24.11 .144
OCG .16 4 4.34 .144
NXTP .14 1 0.9687 .144
SRNE .85 1 5.93 .143
OCG .05 13 4.34 .143
FRD 1.28 1 8.99 .142
NGM 1.25 2 17.55 .142
OMER 1.00 1 7.06 .141
BCLI .46 1 3.26 .141
BIGC 2.58 2 36.68 .140
DASH 2.11 10 144.44 .140
DAL 1.02 5 35.8 .140
CLOV .28 2 3.98 .140
TISI .17 1 1.21 .140
PETZ .17 4 4.79 .140
WTER .09 2 1.28 .140
VIH 1.31 1 9.36 .139
CPSH .51 1 3.66 .139
GAME .43 1 3.1 .138
PBLA .25 1 1.8 .138
FLWS .75 4 21.99 .136
UWMC .23 4 6.68 .136
JKS 1.23 5 44.51 .135
TDC 1.17 5 41.93 .135
CMTL 3.13 1 23.23 .134
CYAD .56 1 4.17 .134
FENC .27 2 4.02 .134
GRVY 1.33 7 67.22 .133
ATIF .43 1 3.21 .133
CLDX 1.61 3 36 .132
FTCH .67 6 29.73 .132
AEMD .09 3 2.03 .132
VSCO 1.29 5 49.06 .130
KZR .60 3 13.83 .129
GP .49 3 11.26 .129
RL 1.89 8 114.42 .128
GH 1.57 8 97.75 .128
SAM 9.40 7 510.83 .126
CRM 2.49 14 253.12 .126
RRGB .96 2 15.2 .126
CYTK .80 6 36.52 .126
PFE .57 14 61.25 .126
TESS .30 3 7.08 .126
MRO .12 18 15.36 .126
ACMR 1.83 5 71.02 .125
THCB 1.25 1 10 .125
CCL .45 5 17.57 .125
ANIX .38 1 3.05 .124
LIVE 1.37 3 32.81 .123
TVTX 1.19 3 28.47 .123
SHEN 1.11 3 26.62 .123
JRVR 1.10 3 26.27 .123
BGI .19 3 4.6 .123
HJLI 1.27 1 10.38 .122
LC .28 11 23.87 .121
MAXR .83 4 27 .120
TTD .70 15 87.11 .120
AMRS .60 1 5 .120
GMTX .17 2 2.81 .120
SBBP .12 2 2 .120
RGEN 4.41 7 256.86 .119
TWST 1.37 7 77.58 .119
BZUN .80 2 13.35 .118
DLTR 1.90 9 138.09 .117
MSGE 1.88 4 62.86 .116
AEO 1.32 2 22.72 .116
CRCT .70 4 23.67 .116
EQ .53 1 4.54 .116
MSFT .51 116 324.9 .116
PATI .50 2 8.6 .116
IRIX .18 4 6.08 .116
RMBL 1.41 3 36.23 .114
IMAB .96 6 49 .114
PTON .78 6 39.81 .114
YMM .58 2 10.14 .114
FFHL .44 2 7.6 .114
ROKU 3.14 8 219.01 .112
ESTC 1.83 7 114.28 .112
AN 1.67 8 116.11 .112
JPM 1.29 14 160.41 .112
PINS 1.00 4 34.93 .112
ULBI .31 2 5.46 .112
MBII .08 1 0.7138 .112
LAD 6.41 5 284.52 .110
DPZ 5.62 11 532.2 .110
LIVX .17 2 3.07 .110
SBS .08 10 7.01 .110
VLO 1.86 4 68.75 .108
DIS 1.86 9 148.75 .108
FATE 1.44 4 51.63 .108
CAH 1.34 4 49.44 .108
COUR 1.32 2 24.05 .108
MRUS 1.10 3 30.33 .108
PTGX 1.05 3 28.94 .108
BKE .89 6 47.05 .108
UBER .71 6 37.7 .108
FB .65 108 334.9 .108
CHPT .53 4 19.13 .108
GT .37 6 19.71 .108
ORCL .35 36 103.22 .108
CLNE .67 1 6.23 .107
GKOS 4.45 1 41.93 .106
KZIA .41 2 7.62 .106
LAW 1.23 3 34.73 .105
NFLX .76 105 591.06 .105
CAT 2.86 8 206.17 .104
TMX 2.30 2 43.7 .104
APXT 1.27 1 12.11 .104
DOMO 1.26 4 46.75 .104
SKX 1.09 4 41.69 .104
TTCF .86 2 16.53 .104
BFLY .72 1 6.87 .104
UAA .56 4 21.37 .104
CREX .15 1 1.43 .104
EAT 1.21 3 34.93 .102
XM 1.10 3 31.73 .102
KR .30 17 45.91 .102
SNOW 3.29 10 324.98 .100
CREE 1.64 5 79.12 .100
MOS .76 5 36.47 .100
ARMP .49 1 4.9 .100
REGN 7.44 9 631.74 .099
MDB 5.57 9 481.02 .099
PYPL 2.14 9 188.75 .099
KMB 1.62 9 141.82 .099
FANG 1.55 7 105.3 .098
BBY 1.45 7 100.22 .098
XPDI .08 14 10.55 .098
INM .14 1 1.44 .097
BZ 1.22 3 37.26 .096
BTWN .95 1 9.81 .096
KIRK .48 3 14.97 .096
GURE .46 1 4.75 .096
ACI .27 12 30.63 .096
ABCL 1.31 1 13.69 .095
FL .84 5 42.15 .095
IS .76 1 7.98 .095
HCM .66 5 33.92 .095
MFNC 1.02 2 21.5 .094
VMEO .85 2 18 .094
EOLS .55 1 5.83 .094
OVV 1.01 3 32.09 .093
GBR .24 1 2.57 .093
SPTN .59 4 25.05 .092
ZNGA .15 4 6.43 .092
BIIB 3.16 7 235.52 .091
ENPH 2.57 7 190.85 .091
SILK .52 7 39.32 .091
KRYS 6.33 1 69.77 .090
BHVN 2.12 5 114.25 .090
XBI 1.75 6 110.34 .090
FISV 1.64 6 104.82 .090
SPT 1.25 6 82.04 .090
VMW 1.17 9 114.42 .090
USB 1.06 5 57.43 .090
WMT .78 18 143.34 .090
COP .72 9 71.7 .090
SBTX .57 1 6.31 .090
VNE .55 6 34.78 .090
CHRA .40 1 4.41 .090
FFIE .22 2 4.79 .090
RCAT .10 2 2.19 .090
VSTM .07 3 2.29 .090
ROIV .83 1 9.26 .089
OPNT .73 4 33.06 .088
YEXT .91 1 10.38 .087
SMLP 1.07 2 24.52 .086
STRO .65 2 15.03 .086
CYTH .34 1 3.935 .086
CNC 1.49 5 83 .085
C 1.06 5 61.07 .085
VALN 1.03 5 58.95 .085
VTGN .03 5 1.76 .085
BLDR 2.17 3 77.25 .084
CRNC 1.55 4 72.85 .084
PFGC 1.21 3 42.89 .084
TJX 1.03 6 73.47 .084
DXC .90 3 31.43 .084
VIR .79 6 54.03 .084
ARCE .63 3 21.87 .084
HPQ .53 6 36.7 .084
CIEN .33 21 72.95 .084
BLNK .18 14 28.39 .084
PLTR .77 2 18.34 .082
CNFR .10 2 2.39 .082
BCYC 1.49 3 53.56 .081
MNSO .82 1 10.11 .081
XLE .53 9 55.5 .081
ERF .27 3 9.79 .081
SIVB 7.01 8 682.29 .080
XMTR 3.46 1 42.76 .080
GDYN 3.03 1 37.5 .080
PKG 2.17 5 134.5 .080
WYNN 1.62 4 80.56 .080
PLCE 1.60 4 77.82 .080
A 1.31 10 150.8 .080
MDT 1.05 8 102.21 .080
MYGN .98 2 24.13 .080
STX .84 10 104.61 .080
BJ .71 8 65.27 .080
GNOG .78 1 9.78 .079
IWM 2.93 6 213.18 .078
TGT 1.43 13 224.78 .078
WFC .66 6 50.3 .078
SLV .56 3 20.79 .078
SLB .41 6 29.7 .078
SITM 2.97 7 252.26 .077
LMT 2.51 11 344.84 .077
SPG 1.69 7 151.66 .077
VIPS .66 1 8.47 .077
MRK .54 11 75.91 .077
CSCO .48 11 60.31 .077
CFLT 2.29 2 59.98 .076
ROST 2.08 4 109.27 .076
APPN 1.29 4 66.21 .076
CSIQ .58 4 30.21 .076
ORGO .35 2 9.07 .076
CTRN 1.11 5 69.81 .075
PSTG .50 5 31.84 .075
RVI .24 2 6.34 .074
EKSO .11 2 2.94 .074
APT .45 1 6.13 .073
CM 1.42 6 114.07 .072
SCHW 1.01 6 83.89 .072
SM .68 3 27.74 .072
ET .11 6 8.49 .072
IRCP .04 4 2.15 .072
TBLA .70 1 9.85 .071
TME .45 1 6.29 .071
EL 3.86 7 362.68 .070
SNPS 3.62 7 352.92 .070
MA 3.58 7 352.92 .070
TTC 1.42 5 99.34 .070
MS .74 10 100.3 .070
RSI .55 2 15.36 .070
INTC .54 7 50.83 .070
K .49 10 65.78 .070
SLHG .10 1 1.42 .070
MRTN .38 3 16.48 .069
YPF .09 3 3.91 .069
INMD 1.10 4 63.78 .068
T .42 4 23.71 .068
THTX .22 1 3.22 .068
DUOT .40 1 5.9637 .067
GBS .11 1 1.64 .067
RNG 11.84 1 177.8 .066
WSM 1.97 6 164.98 .066
KYMR 1.69 2 49.91 .066
LOGI .99 6 82.62 .066
SUPN .95 2 28.29 .066
BEKE .61 2 18.31 .066
WOOF .43 3 19.2 .066
VIEW .13 2 3.91 .066
SSL .06 22 15.59 .066
THC 4.91 1 74.55 .065
COST 3.00 13 552.63 .065
UNH 2.55 13 492.86 .065
RACE 1.48 13 256.58 .065
XLNX 1.11 13 199.78 .065
JBL .90 5 64.45 .065
ATVI .81 5 61.49 .065
VRNT .69 5 50.95 .065
EDU .14 1 2.15 .065
LLY 2.39 8 279.04 .064
CVS 1.62 4 101.22 .064
DFH 1.18 1 18.16 .064
AMKR .70 2 21.71 .064
VXX .35 4 21.29 .064
HWCC .34 1 5.3 .064
PPBT .26 1 4.04 .064
GGAL .16 4 9.75 .064
CCMP 11.86 1 186.31 .063
GS 2.93 9 397.37 .063
SEDG 2.70 7 287.03 .063
ZS 2.27 9 295.25 .063
V 1.65 9 214.37 .063
ABNB 1.11 9 156.38 .063
MO 1.00 3 47.35 .063
BIG .91 3 42.24 .063
KO .46 9 58.65 .063
MOMO .19 3 9.04 .063
OXY .06 31 28.38 .062
ADBE 3.38 12 566.09 .060
KMX 2.82 3 137.4 .060
COIN 1.63 10 247.17 .060
YETI 1.27 4 81.05 .060
CHKP 1.25 6 114.74 .060
UAL 1.24 2 40.05 .060
IBM .88 10 125.93 .060
SJM .78 12 138.91 .060
FLXN .55 1 9.12 .060
BAC .47 6 45 .060
XOM .38 10 61.37 .060
SBH .38 3 18.32 .060
ON .35 12 60.84 .060
FLO .28 6 27.24 .060
SWN .07 4 4.55 .060
RRD .07 10 10.7 .060
ECOM 1.37 1 23.18 .059
LL 1.01 1 16.87 .059
FA .96 1 16.8 .057
OEG .14 1 2.44 .057
INTU 4.61 8 633.96 .056
ROLL 1.78 7 198.93 .056
HON 1.76 7 209.61 .056
NFE 1.27 1 22.61 .056
AMAT 1.16 8 146.7 .056
ABT 1.14 7 136.09 .056
TMUS 1.01 7 120.58 .056
SWI .79 1 13.92 .056
PDCO .41 4 27.91 .056
GWRE 1.30 5 113.83 .055
TSN 1.03 5 86.2 .055
TNA .83 5 74.92 .055
CUE .62 1 11.08 .055
RDUS .38 1 6.89 .055
ITRO .07 1 1.27 .055
MFGP .05 5 4.38 .055
CAR 6.00 2 216.26 .054
LII 2.97 6 324.93 .054
WDAY 2.46 6 272.23 .054
AMGN 2.19 6 222.58 .054
DG 2.15 6 225.66 .054
TSCO 1.52 9 233.06 .054
OLLI 1.29 2 47.65 .054
TAP 1.23 2 45 .054
WM 1.04 9 166.04 .054
HAS .94 6 101.24 .054
GE .86 6 92.53 .054
FITB .82 3 43.53 .054
CRMT .72 9 105.23 .054
EQT .39 3 21.4 .054
KHC .35 6 36 .054
SPWH .22 3 11.78 .054
TRI 1.63 4 116.97 .052
NTAP 1.16 4 88.15 .052
APG .62 2 23.32 .052
RKT .41 2 15.58 .052
TSC 1.55 1 29.83 .051
EPU .48 3 27.78 .051
KEYS 2.15 5 198.59 .050
EA 1.35 5 129.39 .050
OTIS .91 5 86.51 .050
SANA .82 1 16.39 .050
XONE .67 2 26.7 .050
ACH .67 1 13.32 .050
SNDL .03 1 0.5885 .050
ADSK 2.04 7 269.61 .049
PWR 2.69 2 111.35 .048
COF 1.87 4 148.02 .048
DAVA 1.77 4 143.99 .048
BURL 1.68 8 271.38 .048
NXPI 1.35 8 217.95 .048
LPX 1.24 3 75.62 .048
ALC .68 6 84.18 .048
ATHM .49 3 28.89 .048
ARMK .42 4 33.34 .048
AZN .21 16 57.09 .048
AGNC .19 4 15.12 .048
BLFS 1.55 1 32.99 .046
RF .52 2 21.96 .046
STE 2.26 5 230.9 .045
LIN 1.72 9 340.01 .045
LH 1.59 9 310.13 .045
STT 1.48 3 92.69 .045
OKE .92 3 58.31 .045
NKE .92 9 162.72 .045
ANF .52 3 33.12 .045
PANW 23.18 1 523.71 .044
PKI 2.16 4 187.77 .044
EVA 1.62 2 71.59 .044
MT 1.44 1 32.2 .044
LOW 1.24 11 253.24 .044
MNST 1.05 4 91.62 .044
GLD .70 11 168.16 .044
NPTN .67 1 15.07 .044
PG .66 11 161.11 .044
TTM .13 11 31.63 .044
LSI 3.13 2 144.63 .042
MMM 1.20 7 178.31 .042
GM .87 3 58.39 .042
QCOM .66 14 178.15 .042
TBIO .53 3 37.36 .042
BBWI .53 6 69.49 .042
HRL .31 7 49.19 .042
GRUB .15 3 10.22 .042
PCTY 8.94 1 217.15 .041
SNA 1.89 5 216.88 .040
CI 1.83 5 218.67 .040
ADI 1.48 5 172.6 .040
WGO 1.39 2 67.87 .040
UHS 1.30 4 128.3 .040
AKAM 1.27 4 116.83 .040
DD .80 4 78.71 .040
LESL .44 2 21.5 .040
GIS .32 10 68.86 .040
HMHC .31 2 15.1 .040
KDMN .10 4 9.5 .040
EGRX 1.01 2 51.98 .038
VGR .61 1 15.72 .038
FCBP 1.08 1 29.1 .037
CTKB .66 1 17.4 .037
IRTC 3.69 1 99.97 .036
ANTM 2.99 6 447.88 .036
AAP 1.46 6 239.16 .036
J 1.33 4 138.17 .036
LITE 1.30 3 102.76 .036
AXP 1.07 6 163 .036
KNL .92 1 25.04 .036
ABBV .83 6 131.78 .036
DEN .72 4 74.26 .036
GPK .38 2 20.23 .036
CORT .32 2 17.7 .036
ALAC .21 2 11.6401 .036
NOK .04 6 6.06 .036
TTWO 1.26 5 172.74 .035
UPS 1.15 7 207.97 .035
XLK .85 7 169.01 .035
RY .61 7 102.9 .035
LEN .58 7 108.46 .035
HOLI .43 1 12 .035
SRNG .41 1 11.42 .035
BP .21 5 26.73 .035
LZB .64 2 36 .034
BEST .01 3 0.88 .033
BKNG 10.17 8 2164.91 .032
HCA 2.20 4 253.98 .032
CLX 1.52 4 178.17 .032
MPC .54 4 62.77 .032
MRVL .37 8 83.59 .032
ACHV .11 2 6.84 .032
TEO .08 2 4.99 .032
RMD 8.09 1 253.77 .031
LPTX .08 1 2.55 .031
BLK 6.24 5 921.55 .030
RCUS 1.22 1 39.36 .030
PEP 1.13 5 171.82 .030
RTX .88 3 82.7 .030
FOE .67 1 21.68 .030
PCVX .65 1 21.22 .030
NEE .59 5 92.23 .030
CROX .51 10 139.56 .030
AHPI .17 1 5.6 .030
ENIC .06 1 1.96 .030
GOOG 3.73 28 2896.77 .028
XLY 1.50 4 196.63 .028
FLOW .63 4 85.94 .028
XLF .58 2 39.46 .028
MU .33 9 82.69 .027
ATKR 1.43 2 107.91 .026
VZ .73 2 52.75 .026
HNP .33 2 24.73 .026
TRIL .47 1 18.44 .025
CLSK .30 1 11.57 .025
VRTX 5.31 1 212.61 .024
AZO 5.11 12 2011.22 .024
ALXN 1.24 4 182.5 .024
JNJ 1.20 4 173.01 .024
B 1.08 1 44.87 .024
MCD .98 8 265.55 .024
AZPN .96 4 149.59 .024
QDEL .95 4 152.39 .024
OLN .67 2 55.68 .024
STN .44 3 54.94 .024
CL .38 6 83.95 .024
VSH .18 3 20.24 .024
GSKY .15 2 11.76 .024
UNIT .11 3 12.83 .024
CDEV .04 4 6.08 .024
SLVO .03 4 5 .024
SPB 2.21 1 97.59 .022
CRTO .90 1 40.15 .022
NUAN 1.13 1 55.09 .020
HRI .96 4 161.19 .020
IRBO .83 1 40.89 .020
PLD .67 5 163.25 .020
AMOM .66 1 34.3659 .019
UHAL 1.98 9 713.17 .018
CNA .83 1 44.41 .018
HD .51 18 399.53 .018
DUK .41 6 104.54 .018
D .17 9 78.57 .018
PSTX .12 1 6.32 .018
STMP 1.59 4 329.61 .016
LANC 1.43 2 162.54 .016
STZ 1.17 4 241.61 .016
AIT .91 2 101.28 .016
UTHR .86 4 195.86 .016
IYC .39 4 80.89 .016
XLV .31 8 138.89 .016
CSPR .11 1 6.66 .016
SELF .09 1 5.38 .016
AXON 2.25 1 142.11 .015
TNET 1.38 1 91.81 .015
INCY .27 5 72 .015
VCLO .25 1 15.75 .015
PAYX .94 2 124.65 .014
CHNG .15 2 20.89 .014
ADMS .06 2 8.22 .014
FRBK .05 1 3.56 .014
CAI .78 1 56 .013
MGTX .27 1 19.9 .013
TDG 1.87 4 576.64 .012
PNRG .79 1 65 .012
TSM .54 3 116.57 .012
HRC .42 6 155.96 .012
PPC .17 2 28.08 .012
HDGE .12 3 25.69 .012
SPY 2.43 2 466.45 .010
ECHO .49 1 48.24 .010
HALO .39 1 35.64 .010
INOV .22 2 41.06 .010
ESXB .06 2 11.3 .010
GTS .33 1 35.66 .009
IEC .14 1 15.34 .009
SVBI .13 1 13.63 .009
RTLR .02 9 10.63 .009
XLP .13 8 76.51 .008
LMRK .07 2 16.44 .008
PBT .04 2 8.94 .008
HFBL .16 1 20.382 .007
ROG 1.67 1 270.2 .006
SYKE .14 3 54 .006
FAST .11 6 63.46 .006
CXM .09 1 14.27 .006
ITRN .07 3 24.74 .006
PSP .04 3 15.408 .006
JQUA .26 1 44.69 .005
CLDR .08 1 15.99 .005
SAFM .85 1 190.05 .004
VOOV .73 1 149.71 .004
CONE .25 2 89.58 .004
TAAG .09 1 20.9494 .004
CPLG .07 1 15.52 .004
KIN .02 2 9.25 .004
RAVN .10 3 58.08 .003
IACB .01 3 7.95 .003
CXP .04 1 19.28 .002
VCAR .03 1 14.78 .002
SIC .03 1 14.49 .002
NWHM .02 1 8.99 .002
EIC .02 2 16.86 .002
DSE .02 1 9.49 .002
ULTA .62 1 385.17 .001
PMD .01 1 7.1 .001
ULTA .05 12 385.17 0
EPAY .02 2 48.92 0
INFL .01 2 30.34 0
DFP .01 3 27.43 0
WMPN 0 4 12.11 0
QQC 0 2 32.5843 0
QADB 0 4 87.54 0
PAE 0 1 9.91 0
ONON 0 1 51.42 0
NLSP 0 1 1.2453 0
LHAA 0 1 9.8 0
HWBK 0 1 24.28 0
FRO 0 16 6.72 0
DVD 0 1 3.61 0
CALT 0 1 22.93 0
APWC 0 1 2.99 0
NSYS -.12 1 10.39 -.011
