EJH 5.21 6 2.61 11.976
LAIX 1.72 4 0.8907 7.724
SCPS 3.34 7 4.1 5.698
EEIQ 4.33 5 3.94 5.490
NEGG 3.07 20 13.61 4.500
AACG 2.67 4 2.4 4.448
NVOS 1.65 5 1.87 4.410
CPOP 2.34 5 2.97 3.935
VRPX 1.77 9 4.59 3.465
FCEL .17 129 6.43 3.354
DPW 1.56 5 2.47 3.155
AUVI 2.56 8 6.78 3.016
JZXN 1.63 4 2.34 2.784
NRXP 3.86 6 8.73 2.652
JAN 3.24 5 6.65 2.435
JG 1.96 2 1.66 2.360
AAME 2.47 4 4.21 2.344
SIEB 1.53 5 3.27 2.335
EYES 1.22 6 3.15 2.322
KOSS 5.35 7 16.48 2.268
CEMI .75 7 2.42 2.163
SGOC 1.48 8 5.89 2.008
BSQR .35 13 2.37 1.911
TYME .45 4 1.02 1.764
NURO 1.69 10 9.82 1.720
AMC 1.23 55 38.46 1.705
INDP 2.52 5 7.79 1.615
NAOV .27 11 1.84 1.606
RMED 1.60 3 3.01 1.593
TAOP 1.35 3 2.58 1.569
AREC .72 4 1.86 1.548
HGSH 1.16 2 1.5518 1.494
GRTS 3.14 5 10.84 1.445
CSCW .39 2 0.54 1.444
BTBT 1.39 8 8.07 1.376
SPRT .81 20 11.8 1.360
CARV 3.92 6 17.29 1.356
EVK .60 6 2.71 1.326
GME 2.99 82 176.91 1.312
BIDU 1.78 117 151.58 1.287
SAVA 3.02 26 60.52 1.274
WAVE 2.15 4 6.74 1.272
BBIG .49 16 6.14 1.264
IRNT 3.52 5 14.08 1.250
SJ 1.24 4 3.97 1.248
NCTY 2.63 5 10.9 1.205
ALYA 1.03 3 2.575 1.200
FTEK 1.03 2 1.75 1.176
MRIN 2.01 5 8.57 1.170
AUUD .54 5 2.36 1.140
YJ .40 2 0.7136 1.120
NMRD 1.66 4 5.99 1.108
SPCE 1.14 23 23.83 1.081
PHUN .20 5 0.9228 1.080
PBTS 1.24 1 1.17 1.059
BNTC 1.24 3 3.54 1.050
PMCB 1.11 3 3.18 1.047
CETX 1.20 1 1.15 1.043
SSY .91 3 2.62 1.041
OCGN 1.45 5 6.98 1.035
AGRI .76 3 2.215 1.029
IGC .49 3 1.47 .999
CTIB .64 3 1.93 .993
NIO .48 75 35.38 .975
LGHL 1.46 1 1.5 .973
NVFY .73 3 2.25 .972
CHCI 1.54 3 4.76 .969
MTSL 1.08 3 3.37 .960
XPEV .46 80 35.46 .960
SYPR 1.65 2 3.47 .950
CNET 1.11 1 1.17 .948
BB .84 11 9.7 .946
WAFU 1.94 3 6.18 .939
LHDX 1.58 4 6.89 .916
PTIX .84 2 1.88 .892
UPC .73 3 2.45 .891
LMNL .65 3 2.2 .885
DLPN 2.68 4 12.27 .872
PALI .71 3 2.49 .855
ACRS 2.12 7 17.35 .854
RETO .66 1 0.7873 .838
ASM .69 1 0.826 .835
BBBY 1.07 13 16.58 .832
ANPC 1.24 2 3 .826
WHLM 1.59 3 5.8 .822
PRFX .77 3 2.83 .816
BLIN .41 8 3.99 .816
WORX .44 4 2.19 .800
DYNT .22 5 1.37 .800
ADGI 3.21 7 27.98 .798
SNAP .58 112 75.25 .784
VVOS .78 4 4.04 .772
CRTD .66 3 2.6 .759
SNOA 1.43 3 5.67 .756
ENOB 1.70 3 6.8 .750
BNGO .36 11 5.22 .748
HOFV .98 2 2.66 .736
WEI .57 1 0.7744 .736
IDEX .36 4 1.95 .736
KALV 2.12 6 17.33 .732
OSAT 1.82 2 4.96 .732
TSLA 4.22 145 775.22 .725
TPST 2.19 5 15.1 .725
EYEG 1.45 1 2.02 .717
NVDA 1.23 141 207.42 .705
ANVS 3.73 6 31.74 .702
IMPL 2.05 4 11.73 .696
ANY .38 11 5.97 .693
MOXC 1.77 3 7.73 .684
NVAX 13.77 9 181.6 .675
AVXL 2.41 5 17.95 .670
SCKT 1.43 3 6.41 .669
EBET 3.45 6 31.33 .660
XELA .21 6 1.9 .660
EVOL 1.45 1 2.22 .653
RIDE .85 5 6.53 .650
SPCB .32 2 0.994 .642
SPI 1.60 2 4.99 .640
NBRV .76 1 1.19 .638
CANF 1.04 1 1.64 .634
LODE 1.63 1 2.58 .631
AEHR .47 17 12.6 .629
ZCMD 1.01 1 1.62 .623
VERY 1.85 3 9.01 .615
HGEN 1.21 3 5.88 .615
CBAT .70 2 2.29 .610
STAF .58 2 1.95 .594
OPAD 1.25 4 8.45 .588
DTST .84 3 4.31 .582
MNOV 1.12 2 3.85 .580
BABA .88 96 144.2 .576
MBRX 1.60 1 2.8 .571
TERN 1.53 4 10.73 .568
SOS .61 2 2.15 .566
MVIS 1.51 4 10.82 .556
MOHO .11 3 0.5975 .552
OBLN .56 3 3.05 .549
COHN 2.68 4 19.52 .548
JCS 1.40 3 7.76 .540
VTNR .51 6 5.66 .540
MEDS .53 5 4.94 .535
HOOD 1.85 12 41.9 .528
TQQQ .54 132 126.84 .528
ALEC 2.50 5 23.7 .525
ORPH .73 3 4.16 .525
IPHA .78 4 5.94 .524
ZEV 1.49 3 8.65 .516
OXBR .30 5 2.94 .510
LWAC 2.17 4 16.98 .508
LIZI .40 4 3.15 .504
FULC 2.86 5 28.41 .500
GTEC 1.57 2 6.3 .498
ATNF .90 3 5.42 .498
DBGI .48 3 2.89 .498
GOVX .35 6 4.18 .498
XTLB 1.09 2 4.4081 .494
MVST 1.01 4 8.15 .492
ATXI .74 1 1.52 .486
KNBE 2.69 4 22.07 .484
HTBX 1.46 2 6.01 .484
OPTT 1.10 1 2.27 .484
HUSN .29 4 2.42 .476
LEDS 1.87 2 7.87 .474
ZKIN .71 2 3.01 .470
APTO .55 2 2.36 .466
XELB .34 2 1.48 .458
ERYP 1.39 2 6.12 .454
GRVI .74 3 4.88 .453
ADMA .54 1 1.19 .453
WINT .31 3 2.08 .447
AMBO .61 1 1.42 .429
FGEN 1.47 3 10.34 .426
DTSS .87 1 2.04 .426
GLSI 3.27 5 38.6 .420
BILI 1.28 22 64.88 .418
AQMS .43 2 2.05 .418
DWSN .96 1 2.33 .412
GEG .90 1 2.18 .412
CERE 2.11 6 30.79 .408
SLGG 1.26 1 3.09 .407
DQ 3.36 7 57.91 .406
APRE 2.02 1 4.975 .406
RAPT 2.15 6 31.98 .402
CHNR .12 4 1.21 .396
LIFE 1.69 2 8.56 .394
TRCH .98 2 4.95 .394
LEXX .84 3 6.38 .393
NEXT .37 3 2.81 .393
ENVB .27 3 2.06 .393
BCRX .78 7 13.73 .392
NRBO .49 2 2.5 .392
RSLS 1.08 1 2.77 .389
JFU .22 3 1.7 .387
NNOX 2.21 4 22.87 .384
GDEV .87 3 6.75 .384
KXIN .21 5 2.76 .380
AVGR .04 7 0.7301 .378
WHLR .54 2 2.91 .370
WATT .77 1 2.1 .366
MRNA 4.59 28 341.09 .364
KMPH 1.70 2 9.29 .364
NKLA .28 14 10.62 .364
OTLK .78 1 2.15 .362
ADMP .36 1 1.01 .356
HX .78 1 2.2 .354
WPRT .58 2 3.29 .352
ACOR .41 4 4.64 .352
AFRM 4.66 9 117.85 .351
PME .26 1 0.74 .351
AYRO 1.18 1 3.39 .348
RCON 1.01 1 2.9 .348
WNW 1.34 1 3.88 .345
GALT .44 3 3.8 .345
MINM .32 2 1.85 .344
IPA 1.04 2 6.05 .342
ALF 1.08 2 6.32 .340
NNVC .75 2 4.4 .340
VERB .11 6 1.95 .336
BTCM .72 4 8.58 .332
ENG .53 2 3.18 .332
TATT .65 3 5.89 .330
ARAV 1.21 1 3.68 .328
ARPO .72 1 2.2 .327
MTP .56 1 1.71 .327
RHE 1.27 2 7.81 .324
WISH .58 3 5.35 .324
ENTX .77 2 4.79 .320
ATOS .26 4 3.25 .320
PIRS .28 6 5.21 .318
ONCS .68 1 2.15 .316
TIGR .66 5 10.42 .315
HAPP .30 1 0.95 .315
DDD 1.09 8 27.67 .312
ENZ .54 2 3.46 .312
PSTV .60 1 1.94 .309
VBLT .32 2 2.07 .308
QFIN .76 8 19.85 .304
KBSF .46 2 3.02 .304
LJPC .62 2 4.08 .302
VOXX 1.74 2 11.53 .300
SLS .91 3 9.1 .300
SKLZ .97 3 9.73 .297
CRIS 1.20 2 8.07 .296
PLG .61 1 2.06 .296
GEVO .49 4 6.6 .296
LMFA .33 4 4.52 .292
TRIT .58 3 5.96 .291
BNTX 6.26 12 254.79 .288
ACY .91 18 54.8 .288
DYAI .51 3 5.29 .288
GNLN .36 2 2.5 .288
DARE .47 1 1.65 .284
IMNM 1.42 4 20.16 .280
UFAB .46 2 3.27 .280
BPTH 1.44 1 5.16 .279
LAZR 1.40 3 15.37 .273
PLUG .89 8 25.57 .272
UAVS .83 1 3.05 .272
LOOP 1.57 2 11.61 .270
OBSV .28 3 3.1 .270
CAN .43 4 6.41 .268
GRU 1.18 1 4.42 .266
BON 2.06 1 7.79 .264
EXPR .31 4 4.73 .260
IMTX 1.15 3 13.22 .258
DDS 5.75 8 175.58 .256
IGIC .70 3 8.15 .255
NNDM .48 3 5.64 .255
LYEL 1.69 2 13.29 .254
ORMP .50 11 20.93 .253
FLGT 4.22 5 84.33 .250
ENSC .72 1 2.87 .250
KODK 1.72 1 6.96 .247
FCX .45 19 32.84 .247
BTX 1.13 2 9.14 .246
RNXT .73 2 5.91 .246
BHTG .33 1 1.34 .246
IMMP .32 3 3.87 .246
TSP 1.75 5 35.15 .245
ALDX 1.09 2 8.87 .244
BYSI 1.25 3 15.39 .243
KULR .52 1 2.14 .242
HUGE .37 1 1.55 .238
NEPT .07 2 0.5929 .236
APOP .84 5 17.76 .235
RKDA .49 1 2.09 .234
RLMD 1.57 4 26.74 .232
SQBG .73 2 6.24 .232
SDC .64 2 5.5 .232
KSS 1.63 7 48.56 .231
BNR 1.96 2 16.98 .230
FLGC .64 2 5.55 .230
DOCS 3.04 6 79.39 .228
CMMB 1.24 2 10.8 .228
VIVE .52 1 2.3 .226
TELL .18 5 3.97 .225
ZM 4.40 14 267.51 .224
XBIO .06 8 2.08 .224
EXPI 1.84 5 41.32 .220
AVCT .60 1 2.72 .220
ONCT .45 2 4.13 .216
MRKR .36 1 1.67 .215
ADIL .45 2 4.17 .214
AAPL .40 107 142.65 .214
OVID .38 2 3.53 .214
OCG .21 4 3.93 .212
MESO 1.26 1 5.95 .211
AKTX .36 1 1.7 .211
STG 1.13 1 5.36 .210
UONE .59 3 8.31 .210
MITO .28 1 1.33 .210
SNES .16 2 1.51 .210
GPN 4.22 8 159.85 .208
SKT 1.76 2 16.82 .208
COTY .43 4 8.18 .208
RAIL .24 4 4.57 .208
VERU .59 3 8.46 .207
SE 5.62 12 319.56 .204
CARA 1.57 2 15.25 .204
FB .87 102 343.01 .204
HOL .84 3 12.35 .204
MARA .59 12 33.17 .204
OCX .70 1 3.44 .203
NVCR 2.99 8 116.11 .200
OCUP 1.04 1 5.19 .200
CVV .46 2 4.6 .200
ZLAB 3.42 6 102.75 .198
VNET 1.13 3 16.92 .198
HUYA .53 3 7.92 .198
JFIN .36 2 3.63 .198
AGEN .12 9 5.32 .198
CLPS .56 1 2.83 .197
CLPS .56 1 2.83 .197
W 7.31 7 253.07 .196
CHMA .37 2 3.76 .196
SNMP .11 2 1.12 .196
UPST 4.49 13 298.77 .195
OCG .06 13 3.93 .195
EOSE 1.39 2 14.2 .194
AESE .35 1 1.8 .194
VTSI 1.97 1 10.18 .193
CRDF 1.40 1 7.24 .193
NTEC .46 4 9.63 .188
INFI .16 4 3.36 .188
AMZN 8.18 93 3283.26 .186
GPS .75 6 23.57 .186
CLSD .35 3 5.7 .183
MTL .25 3 4.06 .183
RBLX 2.77 5 75.59 .180
PRTA 2.60 5 70.74 .180
TTD 2.55 5 70.42 .180
TASK 2.03 6 66.22 .180
AMTX 1.20 3 19.7 .180
EDSA 1.24 1 6.9 .179
CELC 1.58 2 17.72 .178
OSMT .18 3 3.05 .177
SQ 1.96 22 239.29 .176
ISEE 1.48 2 16.65 .176
SCR 2.08 3 35.65 .174
CLII .84 3 14.36 .174
BGFV .70 6 24.11 .174
IMV .15 2 1.71 .174
GTT .41 1 2.36 .173
KURA 1.66 2 19.13 .172
BLUW .83 2 9.63 .172
FENG .11 2 1.27 .172
ZG 3.17 5 91.4 .170
CLF .48 7 19.66 .168
GSM .26 6 9.26 .168
WIMI .69 1 4.13 .167
BODY .47 2 5.64 .166
BWAY 1.35 1 8.23 .164
BGI .47 1 2.85 .164
EVGN .43 1 2.61 .164
ARVN 2.31 6 85.21 .162
OSTK 2.20 6 78.97 .162
ZY .78 3 14.19 .162
M .64 6 22.89 .162
ALTO .28 3 5.11 .162
AZYO 1.08 1 6.7 .161
OLB .65 1 4.02 .161
EDTK .10 2 1.25 .160
VIR 1.85 3 34.35 .159
OPNT 1.39 3 26.18 .159
MOSY .76 1 4.81 .158
MOGO .23 3 4.4 .156
MARK .08 2 1.02 .156
GSAT .12 2 1.54 .154
TEDU .09 2 1.16 .154
AMD 1.77 9 102.45 .153
NIU 1.17 3 22.9 .153
IRDM 1.55 4 40 .152
GIII 1.11 4 29.13 .152
SCYX .79 1 5.17 .152
CTSO .41 3 8.11 .150
ACB .36 3 7.08 .150
VCVC 1.46 1 9.85 .148
RRD .40 2 5.39 .148
DMAC .31 2 4.17 .148
LI 1.94 2 26.29 .146
CELH 2.77 5 94.19 .145
GRTX 1.18 1 8.11 .145
FIGS 1.12 5 37.91 .145
DPZ 7.66 9 475.07 .144
ASTR .41 3 8.45 .144
MDNA .05 8 2.76 .144
VLDR .86 1 6 .143
TVTX 1.79 2 25.02 .142
ORGS .70 1 4.9 .142
AFMD .87 1 6.16 .141
BCLI .46 1 3.26 .141
SPLK 4.15 5 145.14 .140
NLS 1.33 1 9.49 .140
FSTX 1.04 1 7.38 .140
KR .42 14 39.14 .140
TLRY .52 3 11.15 .138
IRIX .35 3 7.51 .138
GTIM .74 1 5.39 .137
DLO 1.91 4 55.38 .136
FUV 1.54 1 11.3 .136
MAT 1.28 2 18.71 .136
SIF 1.16 1 8.52 .136
AAL .38 8 21.65 .136
ORCL .37 34 89.74 .136
GENE .22 2 3.19 .136
ENSV .20 1 1.47 .136
IAC 3.78 5 135.5 .135
ARMP .49 1 3.62 .135
FBRX .40 1 2.97 .134
NBEV .19 1 1.41 .134
GH 2.07 7 107.51 .133
FLWS 1.34 3 30.26 .132
JWN 1.19 3 26.87 .132
DNUT .63 3 14.22 .132
SOHU .47 6 20.54 .132
TAL .32 2 4.82 .132
JRJC .70 1 5.33 .131
VIH 1.31 1 10.07 .130
AEY .31 1 2.37 .130
LTHM .39 8 23.71 .128
NETE 1.05 1 8.22 .127
SAM 9.40 7 508.94 .126
CIEN .40 18 52.23 .126
ENPH 3.89 5 155.36 .125
THCB 1.25 1 10 .125
SEMR 1.48 2 23.83 .124
SRNE .85 1 6.82 .124
PBLA .25 1 2.01 .124
MAXR 1.20 3 28.84 .123
IKT .24 1 1.94 .123
HJLI 1.27 1 10.38 .122
NGM 1.25 2 20.48 .122
PDD 2.15 5 88.15 .120
RIOT 1.57 2 26.1 .120
RUN 1.35 4 44.55 .120
REGN 7.44 9 570.79 .117
GMBL .80 1 6.8 .117
DLTR 2.91 4 97.98 .116
STX 2.52 4 84.41 .116
SSKN .22 1 1.89 .116
TENX .21 1 1.8 .116
SBBP .12 2 2.06 .116
TWST 2.44 5 105.5 .115
LEGN 1.93 3 50.21 .114
CYTK 1.42 3 36.74 .114
LIVE 1.37 3 36.05 .114
ACHL .89 1 7.79 .114
WTER .09 2 1.56 .114
DE 4.88 8 342.2 .112
CREE 2.28 4 79.12 .112
TESS .64 1 5.69 .112
CCJ .84 3 22.11 .111
MTTR 1.03 2 18.64 .110
EDIT 1.47 3 39.91 .108
MSFT .47 108 289.1 .108
FRD 1.28 1 11.93 .107
RMBL 2.04 2 37.8 .106
LIVX .17 2 3.16 .106
VSCO 1.95 3 54.56 .105
MSGE 1.88 4 70.34 .104
SHEN 1.68 2 32.2 .104
DKS 1.67 8 121.72 .104
APXT 1.27 1 12.11 .104
HCM .93 4 35.23 .104
SSNT .66 1 6.3 .104
NFLX .70 103 613.15 .103
CPSH .51 1 4.94 .103
DDL 1.22 2 23.71 .102
ENLV .49 2 9.49 .102
GURE .46 1 4.49 .102
ATIF .43 1 4.18 .102
LBPH .92 1 9.08 .101
LAD 6.41 5 317.67 .100
GRVY 1.86 5 91.69 .100
AEO 1.32 2 26.14 .100
DAL 1.14 4 45.38 .100
OXY .15 25 31.15 .100
DBVT .10 5 4.78 .100
PRPL .70 3 21.2 .099
GP .49 3 14.46 .099
MDB 5.88 8 474.51 .096
CAH 1.64 3 50.01 .096
BTWN .95 1 9.81 .096
CCL .63 4 26.09 .096
AXLA .29 1 3 .096
PRPO .09 3 2.77 .096
DELL 2.08 5 105.78 .095
ACI .57 5 29.77 .095
STEM .47 5 24.63 .095
MFNC 2.04 1 21.5 .094
APPS 2.24 3 71.04 .093
CLSK 1.17 1 12.53 .093
HPQ .88 3 28.07 .093
BBY 2.48 4 105.31 .092
CSIQ 1.59 2 34.42 .092
UAA .97 2 20.79 .092
CRON .13 4 5.64 .092
DASH 2.82 7 203.99 .091
RGEN 5.32 5 281.6 .090
XLNX 2.75 5 151.87 .090
BKE 1.86 2 40.51 .090
LYFT 1.70 3 55.48 .090
ABSI 1.13 1 12.42 .090
VNE .55 6 34.55 .090
FFHL .44 2 9.76 .090
BKYI .32 1 3.56 .089
PATI .50 2 11.61 .086
CHRA .40 1 4.63 .086
ULBI .31 2 7.1 .086
XBI 2.65 4 126.17 .084
AN 2.58 4 119.42 .084
DIS 2.12 7 176.01 .084
JD 2.03 3 70.02 .084
VRNT 1.94 2 45.14 .084
JPM 1.20 12 167.13 .084
MS 1.19 7 99.05 .084
ZIM 2.07 2 49.55 .082
ARCE 1.78 1 21.55 .082
EQ .53 1 6.45 .082
INM .14 1 1.7 .082
MBII .08 1 0.9722 .082
PINS 1.45 3 52.62 .081
AA 1.37 3 49.77 .081
SITM 3.41 5 208.55 .080
LOW 3.28 5 203.7 .080
CAT 3.14 5 194.33 .080
ABNB 2.80 5 173.01 .080
RL 2.38 4 114.79 .080
RRGB 1.93 1 24.06 .080
AMEH 1.50 5 89.42 .080
CLNE .67 1 8.33 .080
ANIX .38 1 4.75 .080
IMMR .28 2 6.96 .080
USB 1.60 3 60.76 .078
ATAI 1.09 1 13.86 .078
UWMC .55 1 7 .078
SBS .19 3 7.18 .078
CRMT 1.35 7 118.66 .077
MRO .11 11 14.24 .077
SPT 2.41 4 125.84 .076
TJX 1.32 4 66.61 .076
ABCL 1.31 1 17.2 .076
WFC .91 4 47.02 .076
AUTL .51 1 6.7 .076
AEI .09 2 2.35 .076
LLY 3.67 5 229.59 .075
TSN 1.98 3 78.31 .075
LAW 1.23 3 48.9 .075
BAC 1.08 3 43.08 .075
YEXT .91 1 12.07 .075
SONO .50 5 32.26 .075
PFGC 1.82 2 48.84 .074
UBER 1.78 2 47.05 .074
JRVR 1.48 2 38.98 .074
CLOV .56 1 7.47 .074
MDIA .39 2 10.53 .074
UNH 3.25 9 392.43 .072
SNOW 2.91 8 303.72 .072
DKNG 1.84 2 50.56 .072
CTRN 1.79 3 73.25 .072
KZIA .41 2 11.14 .072
MRTN .38 3 15.56 .072
TBLA .70 1 9.85 .071
EOLS .55 1 7.73 .071
BIIB 4.00 5 283.94 .070
SEDG 3.89 5 272.12 .070
ZS 3.84 5 263.16 .070
WSM 2.54 5 174.9 .070
FISV 1.58 5 109.78 .070
SFIX 1.46 2 41.15 .070
HOG 1.32 2 36.83 .070
APP 1.06 5 74.78 .070
COP 1.03 5 70.1 .070
CGC .94 1 13.41 .070
CSCO .56 7 55.14 .070
SSL .14 10 18.74 .070
CNFR .10 2 2.83 .070
VMW 2.68 4 151.91 .068
MDT 2.17 4 127.31 .068
TDC 1.99 2 57.86 .068
EAT 1.81 2 52.21 .068
FL 1.59 2 46.65 .068
C 1.23 4 71.18 .068
IRCP .17 1 2.5 .068
BQ .08 2 2.29 .068
NEWR 1.67 3 72.97 .066
FLOW 1.65 3 73.9 .066
DFH 1.18 1 17.85 .066
STRO .65 2 19.32 .066
EVGO .55 1 8.28 .066
YPF .31 1 4.67 .066
EDU .14 1 2.09 .066
AMAT 1.73 5 129.13 .065
BZUN 1.12 1 17.11 .065
IMAB 1.00 5 71.73 .065
CRNC 1.55 4 91.28 .064
SBH .56 2 17.09 .064
DUOT .40 1 6.2201 .064
HWCC .34 1 5.3 .064
ASML 5.22 9 741.81 .063
FANG 2.09 3 98.86 .063
SLV 1.32 1 20.83 .063
QCOM 1.18 7 128.71 .063
TME .45 1 7.13 .063
DXC 1.11 2 34.73 .062
YMM .89 1 14.28 .062
PLTR .77 2 24.33 .062
RIG .12 2 3.82 .062
KIRK 1.21 1 19.65 .061
SNPS 3.67 5 302.49 .060
UPS 2.33 5 181.49 .060
PKG 2.16 4 139.15 .060
TSCO 2.05 6 201.36 .060
ASAN 2.05 3 101.87 .060
NTAP 1.88 3 90.58 .060
YETI 1.72 3 85.98 .060
CRCT 1.61 1 26.71 .060
CHKP 1.48 5 113.95 .060
FUBO .74 2 24.41 .060
INTC .68 5 53.86 .060
VIPS .66 1 10.92 .060
T .56 3 27.16 .060
LC .30 6 28 .060
LPX 1.87 2 62.56 .058
FATE 1.76 2 59.5 .058
GT 1.09 1 18.6 .058
THTX .22 1 3.76 .058
LOGI 1.76 3 88.51 .057
HAS 1.73 3 89.09 .057
TTCF 1.07 1 18.49 .057
GS 2.81 8 380 .056
KMB 1.88 4 132.18 .056
ROLL 1.78 7 214.36 .056
VMEO 1.70 1 30.24 .056
CLDX 1.59 2 55.88 .056
DOMO 1.26 4 84.96 .056
SMLP 1.07 2 37.49 .056
PSTG .74 2 25.71 .056
XONE .67 2 23.27 .056
WMT .67 14 137.05 .056
K .51 8 63.87 .056
PPBT .26 1 4.58 .056
SIVB 7.78 5 664.53 .055
LIN 3.50 5 297.85 .055
ADSK 3.38 5 284.06 .055
SUPN 1.50 1 27.22 .055
SILK .63 5 54.46 .055
GGAL .57 1 10.24 .055
ITRO .07 1 1.27 .055
CM 2.09 3 112.43 .054
VLO 2.03 2 73.62 .054
TNA 1.63 3 86.86 .054
ATVI 1.42 3 78.53 .054
LL 1.01 1 18.52 .054
FITB .82 3 43.66 .054
SPTN .60 2 22.03 .054
AZN .38 9 59.68 .054
GBR .24 1 4.38 .054
FRO .06 9 9.65 .054
ECOM 1.37 1 25.68 .053
RSI 1.01 1 19.03 .053
CALA .11 1 2.06 .053
IBM 2.00 4 143.32 .052
MYGN 1.67 1 31.89 .052
TWTR 1.66 2 61.98 .052
BYND 1.46 4 105.09 .052
APPN 1.29 4 94.68 .052
JKS 1.26 2 47.37 .052
TAP 1.23 2 47.13 .052
RKT .84 1 15.86 .052
MNSO .82 1 15.58 .052
ZNGA .20 2 7.49 .052
AEMD .10 2 3.75 .052
TTC 1.75 3 98.21 .051
MNST 1.59 3 89.88 .051
STT 1.48 3 86.41 .051
DOCN 1.41 3 81.07 .051
VXX .46 3 26.82 .051
WDAY 2.61 5 254.55 .050
AMGN 2.27 5 213.92 .050
FTCH 1.88 1 37.5 .050
A 1.59 5 155.99 .050
MRVL .61 5 59.83 .050
KO .56 5 53.02 .050
ORGO .35 2 13.5 .050
KDMN .23 2 8.87 .050
NXPI 2.35 4 192.89 .048
GWRE 1.92 3 118.47 .048
CVS 1.40 3 84.07 .048
ACMR 1.37 4 107.49 .048
SKX 1.05 2 42.49 .048
CHPT .93 1 19.31 .048
SJM .81 8 119.69 .048
SBTX .57 1 11.67 .048
BBWI .53 6 64 .048
SWI .79 1 16.75 .047
PTON 2.02 2 86.71 .046
ANF 1.79 1 38.78 .046
JBL 1.39 2 59.4 .046
FA .96 1 20.43 .046
WOOF .51 2 21.61 .046
GBS .11 1 2.37 .046
CPG .11 2 4.74 .046
AZO 9.12 9 1672.28 .045
ROKU 3.09 5 314.46 .045
TMUS 2.01 3 126.76 .045
LMT 1.95 9 347.8 .045
CI 1.83 5 202.6 .045
HD 1.71 9 329.86 .045
ROST 1.70 3 111.09 .045
PG 1.37 5 139.58 .045
QADB 1.34 3 87.25 .045
LUV .83 3 54.35 .045
ARMK .56 3 35.78 .045
OEG .14 1 3.07 .045
PBR .10 5 10.74 .045
IWM 2.66 4 222.28 .044
HON 2.39 4 215.65 .044
BHVN 1.74 4 145.78 .044
ABT 1.40 4 117.21 .044
MU .79 4 70.99 .044
AGNC .36 2 15.9 .044
BIOC .09 2 4 .044
SNDL .03 1 0.6701 .044
BZ 1.59 1 36.76 .043
COUR 1.39 1 31.95 .043
AMRS .60 1 13.91 .043
ADBE 4.10 6 577.47 .042
BURL 2.25 6 284.94 .042
LH 2.18 6 279.48 .042
SI 1.88 3 128.05 .042
OTIS 1.81 2 82.5 .042
MOS 1.62 1 37.8 .042
MMM 1.40 6 176.68 .042
OLLI 1.29 2 59.93 .042
ALLO 1.04 1 24.52 .042
NKE 1.02 7 147.06 .042
GNOG .78 1 18.25 .042
PDCO .67 2 31.28 .042
EPU .58 2 26.4 .042
TBIO .53 3 37.36 .042
FLO .52 2 23.81 .042
EKSO .20 1 4.7 .042
GMTX .17 1 4 .042
VTGN .04 3 2.69 .042
AMKR 1.03 1 25.1 .041
SLHG .10 1 2.39 .041
MA 2.96 5 360.18 .040
EL 2.69 5 310.68 .040
ON 1.84 1 45.61 .040
ESTC 1.65 4 151.06 .040
ADI 1.48 5 167.37 .040
INCY 1.38 2 68.21 .040
MO .93 2 45.86 .040
XLE .48 5 53.84 .040
QDEL 1.84 3 134.33 .039
PLD 1.66 3 126.43 .039
RF .86 1 21.74 .039
SANA .82 1 21.29 .038
LZB .64 2 32.77 .038
MFGP .11 2 5.55 .038
FCBP 1.08 1 29.1 .037
BEKE .69 1 18.62 .037
MCD 2.26 4 242.93 .036
V 2.19 4 230.46 .036
BLFS 1.55 1 42.58 .036
SCHW 1.41 2 74.42 .036
UHS 1.30 4 138.83 .036
TGT 1.11 9 228.42 .036
KNL .92 1 25.04 .036
ATHM .86 2 47.23 .036
ERJ .66 1 18.11 .036
XOM .40 6 60.93 .036
HRL .39 4 40.89 .036
HNST .37 1 10.22 .036
ALAC .21 2 11.3299 .036
TEO .18 1 5 .036
ET .18 2 9.75 .036
BLK 6.24 5 841.89 .035
COST 3.33 5 448.33 .035
SLB 1.08 1 30.36 .035
APG .76 1 21.19 .035
ACH .67 1 18.62 .035
SRNG .41 1 11.42 .035
VIEW .21 1 5.85 .035
LITE 1.46 2 85.37 .034
WGO 1.39 2 78 .034
RCUS 1.22 1 35.23 .034
EGRX 1.01 2 56.9 .034
SPWH .61 1 17.7 .034
ME .16 2 8.89 .034
AXP 2.00 3 173.94 .033
BLDR 1.77 1 52.96 .033
AVIR 1.41 1 42.01 .033
PLCE .92 3 81.31 .033
MQ .74 1 21.89 .033
FENC .31 1 9.32 .033
BKNG 10.17 8 2455.87 .032
LII 2.41 4 297.39 .032
COIN 2.04 4 231.15 .032
ATKR 1.43 2 89.27 .032
TTWO 1.42 4 158.54 .032
TGTX 1.11 1 33.71 .032
ABBV .93 4 109.09 .032
FOE .67 1 20.37 .032
D .31 8 72.29 .032
NOK .09 2 5.46 .032
OKE 1.82 1 59.45 .030
COF 1.82 3 166.54 .030
AKAM 1.62 2 105.48 .030
KHC 1.11 1 36.68 .030
CRM 1.02 10 275.26 .030
CTKB .66 1 21.38 .030
HNP .33 2 21.07 .030
MOMO .16 2 10.54 .030
GRUB .15 3 14.9 .030
UAL 1.50 1 51.34 .029
DD 1.98 1 69.13 .028
GLD .80 7 164.59 .028
BP .79 1 27.6 .028
LEN .73 4 93.7 .028
DRN .32 2 22.34 .028
GOOG 4.33 27 2729.25 .027
UHAL 1.98 9 655.33 .027
STZ 1.94 3 213.48 .027
AAP 1.93 3 208 .027
DG 1.89 3 209.21 .027
UTHR 1.84 3 185.9 .027
HRI 1.71 3 171.08 .027
ALXN 1.66 3 182.5 .027
KYMR 1.63 1 60.22 .027
CROX 1.41 3 141.13 .027
J 1.23 3 134.66 .027
ACHV .23 1 8.45 .027
MPC 1.66 1 63.56 .026
GM 1.42 1 53.13 .026
RTX 1.21 2 87.48 .026
CHGG .96 2 68.62 .026
VZ .73 2 54.3 .026
BIG .59 2 42.77 .026
TRIL .47 1 17.64 .026
GIS 1.53 1 60.62 .025
HHR 1.26 1 49.72 .025
B 1.08 1 42.97 .025
NEE 1.91 1 79.21 .024
PEP 1.88 2 150.95 .024
CNC 1.57 1 63.05 .024
STE 1.42 4 207.6 .024
SNA 1.40 4 209.42 .024
TSM 1.36 2 111.56 .024
WM 1.31 3 149.84 .024
SPG 1.12 3 133.14 .024
PCVX .65 1 26.23 .024
CL .61 3 75.58 .024
PFE .21 6 42.93 .024
VSH .18 3 20.47 .024
CRTO .90 1 37.75 .023
EA 1.67 2 143.59 .022
RY 1.12 2 99.82 .022
BEST .02 2 1.67 .022
PKI 1.33 3 173.6 .021
CLX 1.16 3 164.52 .021
ANTM 2.14 4 375.93 .020
IYC 1.62 1 78.19 .020
NUAN 1.13 1 55.17 .020
AIT 1.83 1 91.79 .019
FAST 1.02 1 51.68 .019
IRBO .83 1 42.36 .019
CNA .83 1 42.59 .019
GPK .37 1 19.14 .019
DUK 1.84 1 98.46 .018
JNJ 1.48 2 160.47 .018
AMOM .66 1 34.9874 .018
PSTX .12 1 7.05 .017
SELF .09 1 5.07 .017
INTU 2.18 4 543.97 .016
STMP 1.59 4 329.6 .016
LANC 1.43 2 169.78 .016
MRK .72 2 81.4 .016
FRBK .05 1 3.1 .016
HCA 1.27 3 247.79 .015
HRC .84 3 150.05 .015
PYPL .80 5 264.65 .015
DEN .42 3 73.93 .015
TNET 1.38 1 96.54 .014
CHNG .15 2 21.12 .014
PAYX 1.56 1 115.15 .013
PNRG .79 1 59.4 .013
CAI .78 1 55.92 .013
PYPL .31 13 264.65 .013
KMX 1.64 1 127.18 .012
KEYS 1.04 2 165.42 .012
RACE .92 3 209.19 .012
GE .40 4 105.82 .012
PBT .04 2 5.92 .012
INOV .46 1 40.27 .011
ESXB .13 1 11.44 .011
XLV .71 2 127.33 .010
ECHO .49 1 47.64 .010
PPC .17 2 29.29 .010
SVBI .13 1 12.48 .010
XLP .63 1 69.02 .009
GTS .33 1 35.12 .009
IEC .14 1 15.33 .009
TDG 1.87 4 652.93 .008
MSTR .94 8 612.46 .008
HFBL .16 1 18.75 .008
LMRK .13 1 16.42 .007
SYKE .14 3 54 .006
ITRN .07 3 25.76 .006
PSP .06 2 15.06 .006
VOOV .73 1 142.54 .005
CLDR .08 1 15.99 .005
SAFM .85 1 187.1 .004
RAVN .16 2 57.62 .004
KIN .02 2 9.25 .004
IACB .02 2 9.94 .004
SPY 1.31 1 434.24 .003
CXP .04 1 19.03 .002
VCAR .03 1 11.6201 .002
SIC .03 1 14.42 .002
NWHM .02 1 8.99 .002
DSE .02 1 9.49 .002
SLVO .01 2 5.13 .002
ULTA .62 1 368.03 .001
DFP .03 1 28.62 .001
PMD .01 1 8.36 .001
SHOP .67 5 1350.76 0
XLK .10 3 151.57 0
WYNN .06 3 87.21 0
MSTR .06 118 612.46 0
ULTA .05 12 368.03 0
WYNN .04 4 87.21 0
SHOP .03 88 1350.76 0
BLNK .02 11 28.28 0
XPDI .01 3 10.17 0
INFL .01 2 29.43 0
WMPN 0 4 12.25 0
GSKY 0 1 11.22 0
RTLR -.01 7 11.94 0
EIC -.08 1 17.58 -.004
NSYS -.12 1 11.8 -.010
