DWAC 30.01 3 59.9 1.503
SHOP 29.01 9 1656.5 .153
AXON 16.36 1 167.41 .097
MSTR 14.75 8 795 .144
CAR 12.01 1 273.91 .043
RNG 11.84 1 265.12 .044
NVAX 10.57 12 172.45 .732
BKNG 10.17 8 2405.01 .032
SAM 9.40 7 472.99 .133
WBX 8.99 1 15.95 .563
AMZN 8.18 93 3545.68 .186
RMD 8.01 1 262.37 .030
REGN 7.44 9 647.73 .099
DUOL 7.27 3 140.48 .153
SIVB 7.01 8 747.99 .072
W 6.80 8 253.53 .208
AZO 6.70 11 1911.84 .033
PUBM 6.66 1 38.3 .173
LAD 6.41 5 325.38 .095
BLK 6.24 5 953.24 .030
DDS 6.22 9 342.13 .162
SE 6.16 15 343.02 .255
SPLK 5.99 6 137.38 .258
MDB 5.88 8 561.89 .080
EYPT 5.86 1 14.3 .409
DPZ 5.62 11 517.32 .110
DE 5.37 10 361.15 .140
KOSS 5.35 7 15.95 2.345
U 5.21 2 197.55 .052
EJH 5.21 6 2.38 13.134
THC 4.91 1 80.23 .061
BIGC 4.50 1 57.27 .078
GKOS 4.45 1 49 .090
RGEN 4.41 7 261.45 .112
ZM 4.40 14 263.71 .224
EEIQ 4.33 5 4.05 5.345
SI 4.14 6 208 .114
ADBE 4.10 6 659.73 .036
TSLA 4.09 154 1013.39 .616
CFLT 4.09 1 80 .051
BIIB 4.00 5 271.82 .070
ASML 3.98 12 856.72 .048
CARV 3.92 6 14.88 1.578
EL 3.86 7 348.07 .077
ZG 3.78 6 63.6 .354
BNTX 3.78 20 250.48 .300
GOOG 3.73 28 2987.76 .028
ANVS 3.73 6 27.89 .798
SNPS 3.69 6 345.75 .060
CCXI 3.66 3 39.76 .276
EVA 3.59 1 66.98 .053
SEDG 3.56 6 368.33 .054
GPN 3.54 11 131.79 .286
MA 3.51 6 361.36 .054
XMTR 3.46 1 53.06 .065
EBET 3.45 6 33.1 .624
ZLAB 3.42 6 85.96 .234
PWR 3.42 1 118.68 .028
DQ 3.36 7 71.13 .329
SCPS 3.34 7 3.52 6.636
TOST 3.31 2 47.97 .138
NRXP 3.30 7 6.2 3.724
GLSI 3.27 5 35.11 .465
DLTR 3.27 6 129.23 .150
DPST 3.25 1 59.56 .054
JAN 3.24 5 5.83 2.775
ADGI 3.21 7 20.35 1.099
IAC 3.19 7 133.8 .161
CMTL 3.13 1 26.81 .116
APPS 3.13 6 66.43 .282
ENPH 3.10 6 244.71 .072
UNH 3.07 11 450.8 .066
NEGG 3.07 20 19.21 3.180
GDYN 3.03 1 39.51 .076
IRNT 3.02 6 10.55 1.716
GME 2.99 82 209.14 1.148
ANTM 2.99 6 434.39 .036
SITM 2.97 7 259.24 .077
LII 2.97 6 314.64 .054
ADSK 2.96 6 326.39 .054
BKKT 2.95 2 21.51 .274
NEWR 2.93 6 121.17 .144
IWM 2.93 6 238.55 .072
MRNA 2.92 34 235.07 .408
SNOW 2.91 8 393.7 .056
ZS 2.89 6 345.8 .048
ROKU 2.89 7 274.79 .070
CAT 2.86 8 207.71 .104
UPST 2.84 18 233.78 .216
GS 2.81 8 404.81 .048
SAVA 2.72 28 60.51 1.232
LMT 2.70 10 340.92 .070
PENN 2.65 10 56.28 .470
GRTS 2.64 6 11.24 1.404
NVCR 2.63 10 112.42 .230
NCTY 2.63 5 13.55 .970
DOCS 2.62 8 70.77 .296
WDAY 2.61 5 295.6 .040
INTU 2.61 5 626.14 .020
OSTK 2.60 7 106.89 .168
AUVI 2.56 8 5.25 3.896
WSM 2.54 5 212 .055
FULC 2.54 6 17.86 .852
KEYS 2.52 4 188.19 .052
INDP 2.52 5 6.75 1.865
CNC 2.42 3 75.1 .096
AVXL 2.41 5 21.5 .560
NXPI 2.38 6 215.68 .066
CPOP 2.34 5 2.81 4.160
RBLX 2.33 10 108.06 .210
LIN 2.33 6 334.01 .036
MRAM 2.30 2 12.2 .376
LLY 2.28 7 258.43 .056
XBI 2.27 5 123.89 .090
FLGT 2.27 6 93.44 .144
AMGN 2.27 5 207.4 .050
STE 2.26 5 232.38 .045
AFRM 2.25 15 147.99 .225
VMW 2.23 6 124.66 .102
SPB 2.21 1 104.77 .021
HCA 2.20 4 242.56 .036
TPST 2.19 5 11.03 .990
PKG 2.17 5 134.82 .080
CHGG 2.17 3 29.31 .222
BRLT 2.17 2 18.79 .230
PKI 2.16 4 183.36 .044
PDD 2.15 5 91.37 .115
PYPL 2.14 9 212.54 .090
DLPN 2.14 5 9.79 1.090
AACG 2.14 5 2.16 4.950
BHVN 2.12 5 118 .085
ACRS 2.12 7 14.54 1.015
DASH 2.11 10 242.72 .080
ALEC 2.10 6 21.91 .570
LCID 2.09 7 44.88 .322
V 2.08 7 212.3 .063
ROST 2.08 4 115.45 .072
BBY 2.06 5 132.36 .075
AMEH 2.04 9 119.12 .153
MRIN 2.01 5 6.03 1.665
BYND 2.00 6 83.82 .138
UHAL 1.98 9 745.33 .018
XAIR 1.97 1 14.73 .133
AAME 1.97 5 4.27 2.305
RNXT 1.96 4 8.06 .972
KMB 1.96 6 134.78 .084
CELH 1.96 7 77.77 .175
MDT 1.95 5 117.58 .080
COHN 1.95 5 18.245 .530
ARVN 1.91 7 82.97 .161
ACIU 1.91 2 5.78 .660
COST 1.90 8 519.89 .024
MSGE 1.88 4 76 .096
TDG 1.87 4 653.74 .008
COF 1.87 4 156.36 .044
VLO 1.86 4 77.35 .096
DIS 1.86 9 158.43 .099
CI 1.83 5 215.53 .040
ACMR 1.83 5 110.29 .080
DKS 1.82 13 134.44 .169
AAP 1.82 4 241.91 .028
COIN 1.81 9 345.36 .045
KNBE 1.80 7 25.25 .497
ROLL 1.78 7 229.64 .049
CERE 1.78 7 38.78 .315
BIDU 1.78 117 168.67 1.170
VRPX 1.77 9 4.31 3.690
TSCO 1.77 8 222.89 .056
RAPT 1.77 7 37.86 .322
DAVA 1.77 4 166.38 .040
CTRN 1.77 4 88.02 .080
HON 1.76 7 222.47 .049
TSP 1.75 5 39.98 .215
DELL 1.75 7 56.7 .210
TASK 1.74 7 63.96 .189
TMUS 1.73 6 117.77 .084
SQ 1.73 23 233.02 .161
LWAC 1.73 5 16.98 .505
WAVE 1.72 5 6.79 1.265
LAIX 1.72 4 0.8749 7.860
ABNB 1.72 8 207.21 .064
RSKD 1.71 2 17.68 .192
IMPL 1.70 5 10.96 .775
TWTR 1.69 5 52.95 .155
RL 1.69 6 125.03 .078
NNOX 1.69 5 23.22 .360
KYMR 1.69 2 61.3 .054
BURL 1.68 8 270.66 .048
ROG 1.67 1 269.83 .006
AN 1.67 8 129.02 .096
XM 1.66 2 37.96 .086
NMRD 1.66 4 5.71 1.160
NVOS 1.65 5 1.61 5.120
ESTC 1.65 4 182.47 .036
FISV 1.64 6 101.84 .096
CREE 1.64 5 79.12 .100
A 1.64 7 157.78 .070
KSS 1.63 7 58.36 .189
JZXN 1.63 4 2.4 2.716
CLDX 1.61 3 43.01 .111
TTC 1.60 4 101.9 .060
STMP 1.59 4 329.61 .016
LH 1.59 7 285.31 .035
LHDX 1.58 4 6.31 1.000
ALC 1.58 2 81.64 .038
RLMD 1.57 4 22.69 .276
GTEC 1.57 2 5.8 .540
GH 1.57 8 103.65 .120
CARA 1.57 2 15.64 .200
DPW 1.56 5 2.16 3.610
TSC 1.55 1 30.11 .051
LOW 1.55 8 234.92 .048
IRDM 1.55 4 42.02 .144
CRNC 1.55 4 105.66 .056
BLFS 1.55 1 49.24 .031
CHCI 1.54 3 4.9 .942
TERN 1.53 4 8.49 .720
SIEB 1.53 5 3.3 2.315
FANG 1.53 5 111.17 .065
DLO 1.53 5 46.25 .165
CLX 1.52 4 169.88 .032
SNOA 1.51 4 5.6 1.076
OVV 1.51 2 35.91 .084
GRU 1.51 1 4.65 .324
EA 1.51 4 141.28 .040
ASAN 1.51 12 136.4 .132
WAFU 1.50 4 5.81 1.032
SUPN 1.50 1 32.59 .046
BCYC 1.49 3 61.14 .072
STT 1.48 3 99.92 .042
SEMR 1.48 2 24.37 .120
JRVR 1.48 2 29.05 .100
ADI 1.48 5 185.06 .035
NURO 1.47 11 7.74 2.079
FGEN 1.47 3 12.21 .360
EDIT 1.47 3 35.99 .120
DOCN 1.47 8 119.01 .096
VCVC 1.46 1 9.85 .148
SFIX 1.46 2 32.82 .088
LITE 1.46 2 90.06 .032
HTBX 1.46 2 4.91 .594
APP 1.46 9 102.77 .126
SBEA 1.45 2 10.39 .278
EYEG 1.45 1 1.95 .743
BTBT 1.45 10 11.52 1.250
KALV 1.44 8 17.42 .656
AMD 1.44 15 146.49 .135
LYFT 1.43 5 51.66 .135
LANC 1.43 2 164.95 .016
DG 1.43 5 227 .030
ATKR 1.43 2 105.91 .026
TSN 1.42 4 84.11 .064
IMNM 1.42 4 17.78 .316
RMBL 1.41 3 45.54 .090
HOOD 1.41 14 34.96 .560
SNA 1.40 4 221.68 .024
JCS 1.40 3 4 1.050
HX 1.40 6 3.58 2.346
CVS 1.40 3 93.49 .042
CRDF 1.40 1 5.42 .258
WGO 1.39 2 74.93 .036
VERY 1.39 4 7.83 .708
KURA 1.39 3 17.46 .237
JBL 1.39 2 63.86 .042
EOSE 1.39 2 10.99 .252
TNET 1.38 1 107.32 .012
EXPI 1.38 6 44.72 .180
TWST 1.37 7 111.07 .084
LIVE 1.37 3 35.22 .114
JKS 1.37 4 59.36 .092
ECOM 1.37 1 27.18 .050
SM 1.36 1 34.75 .039
FATE 1.36 3 53.73 .075
TGTX 1.35 2 27.05 .098
TAOP 1.35 3 3.17 1.275
WNW 1.34 1 4.49 .298
OLN 1.34 1 63.73 .021
CM 1.34 5 119.28 .055
CAH 1.34 4 50.46 .104
MOXC 1.33 4 5.76 .920
LAZR 1.33 4 21.99 .240
GRVY 1.33 7 92.67 .098
FIGS 1.33 6 33.72 .234
ABT 1.33 6 129.44 .060
TJX 1.32 4 69.32 .076
TDC 1.32 3 49.11 .078
COUR 1.32 2 35.74 .072
AEO 1.32 2 27.17 .096
VIH 1.31 1 9.36 .139
SPY 1.31 1 467.43 .002
RACE 1.31 9 258.85 .045
ABCL 1.31 1 16.39 .079
UHS 1.30 4 128.68 .040
JG 1.30 3 1.48 2.634
GWRE 1.30 5 122.67 .050
BNR 1.30 3 13.75 .282
BKE 1.30 3 50.55 .075
WM 1.29 6 163 .042
OLLI 1.29 2 67.7 .038
LI 1.29 3 29.85 .129
ATAI 1.29 2 12.85 .200
APPN 1.29 4 88.24 .056
VSCO 1.28 4 51.2 .100
FRD 1.28 1 13.9755 .091
BILI 1.28 22 85.35 .308
YETI 1.27 4 102.09 .048
RHE 1.27 2 7.3 .346
NFE 1.27 1 27.1 .046
HJLI 1.27 1 10.38 .122
HD 1.27 13 371.08 .039
CPE 1.27 5 64.43 .095
APXT 1.27 1 12.11 .104
TTWO 1.26 5 177.6 .035
SPCE 1.26 24 19 1.584
DOMO 1.26 4 85.1 .056
USB 1.25 4 60.46 .080
THCB 1.25 1 10 .125
SPT 1.25 6 127.45 .054
OPAD 1.25 4 8.3 .600
NGM 1.25 2 19.94 .124
CHKP 1.25 6 116.98 .060
BYSI 1.25 3 14.82 .252
ABSI 1.25 2 11.33 .220
UAL 1.24 2 50.48 .048
SJ 1.24 4 6.79 .728
PBTS 1.24 1 1.18 1.050
LPX 1.24 3 66.81 .054
LEDS 1.24 3 7.24 .513
KMX 1.24 2 149.62 .016
EDSA 1.24 1 6.86 .180
CMMB 1.24 2 10.2 .242
BNTC 1.24 3 3.44 1.080
ANPC 1.24 2 1.63 1.520
ALXN 1.24 4 182.5 .024
TGT 1.23 11 264.33 .044
TAP 1.23 2 49.21 .048
LAW 1.23 3 51.25 .072
J 1.23 3 145.44 .024
C 1.23 4 68.74 .068
RCUS 1.22 1 38.07 .032
EYES 1.22 6 2.72 2.688
DDL 1.22 2 29.23 .082
VIR 1.21 5 32.89 .180
RTX 1.21 2 89.35 .026
PFGC 1.21 3 46.82 .075
OSAT 1.21 3 5.15 .702
LYEL 1.21 3 11.05 .327
JNJ 1.21 3 163.52 .021
HGEN 1.21 3 6.62 .546
EAT 1.21 3 41.33 .087
ARAV 1.21 1 3.96 .305
AMC 1.21 57 42.68 1.596
WHLM 1.20 4 5.95 .804
MMM 1.20 7 183.31 .042
JPM 1.20 12 166.56 .084
IBM 1.20 8 118.87 .080
CRIS 1.20 2 5.71 .420
CETX 1.20 1 1.27 .944
AMTX 1.20 3 19.82 .180
AKAM 1.20 3 108.48 .033
TVTX 1.19 3 29.37 .120
SGOC 1.19 9 6.2 1.719
JWN 1.19 3 33.22 .105
PRTA 1.18 8 57.19 .160
MQ 1.18 7 24.47 .336
ENOB 1.18 4 10.48 .448
DFH 1.18 1 18.2 .064
ZEV 1.17 4 8.9 .524
STZ 1.17 4 228.82 .020
SKT 1.17 3 20.58 .168
NIU 1.17 3 25.55 .135
MVIS 1.17 5 9.11 .640
CLSK 1.17 1 20.69 .056
VOXX 1.16 3 12.84 .270
TRI 1.16 3 120.33 .027
SIF 1.16 1 7.67 .151
NTAP 1.16 4 88.86 .052
MAT 1.16 3 22.86 .150
INMD 1.16 2 92.56 .024
HGSH 1.16 2 2.2 1.054
GT 1.16 2 22.76 .100
AMAT 1.16 8 156.27 .056
ZIM 1.15 6 49.36 .138
UPS 1.15 7 211.52 .035
NTRB 1.15 2 5.67 .404
JD 1.15 6 84.62 .078
BZ 1.15 2 39.42 .058
ATVI 1.15 4 70.43 .064
HCWB 1.14 2 2.96 .770
BBLG 1.14 1 3.81 .299
AVIR 1.14 3 11.5 .297
VNET 1.13 3 17.49 .192
STG 1.13 1 4.24 .266
SCHW 1.13 4 81.92 .052
PEP 1.13 5 163.8 .030
NUAN 1.13 1 54.98 .020
HAS 1.13 5 99.09 .055
BTX 1.13 2 8.18 .276
TTD 1.12 10 105.45 .100
MNOV 1.12 2 3.53 .634
BZUN 1.12 1 18.19 .061
SHEN 1.11 3 27.79 .117
PMCB 1.11 3 2.79 1.191
GIII 1.11 4 32.5 .136
DXC 1.11 2 33.05 .066
CNET 1.11 1 1.41 .787
ALLO 1.11 2 18.87 .116
RUN 1.10 5 57.96 .090
PPSI 1.10 5 7.75 .705
OPTT 1.10 1 2.09 .526
MRUS 1.10 3 29.66 .111
XTLB 1.09 2 3.58 .608
SKX 1.09 4 46.93 .092
LIFE 1.09 3 8.61 .378
FOSL 1.09 2 16.44 .132
ALDX 1.09 2 8.66 .250
MTSL 1.08 3 3.37 .960
FCBP 1.08 1 29.1 .037
B 1.08 1 44.2 .024
AZYO 1.08 1 6.12 .176
ALF 1.08 2 4.61 .468
SMLP 1.07 2 31.33 .068
VYGR 1.06 2 3.42 .618
SPI 1.06 3 5.64 .561
CRM 1.06 11 305.49 .033
BAC 1.06 4 47.05 .088
SCR 1.05 5 35.58 .145
PTGX 1.05 3 35.74 .087
PLD 1.05 4 150.2 .024
MNST 1.05 4 93 .044
CELC 1.05 3 17.6 .177
OCUP 1.04 1 3.95 .263
OCGN 1.04 12 8.3 1.500
NETE 1.04 2 13.09 .158
IPA 1.04 2 6.1 .340
FSTX 1.04 1 6.65 .156
CANF 1.04 1 1.35 .770
NVDA 1.03 154 300.25 .462
KMPH 1.03 3 9.17 .336
BLDR 1.03 2 67 .030
RIOT 1.02 5 42.09 .120
MFNC 1.02 2 21.5 .094
DAL 1.02 5 42.38 .120
BBBY 1.02 14 21.58 .658
AXP 1.02 5 183.13 .025
ZCMD 1.01 1 1.84 .548
LL 1.01 1 17.41 .058
KZR 1.01 1 8.41 .120
FUBO 1.01 3 24.55 .123
EGRX 1.01 2 50.98 .038
CGC 1.01 2 14.45 .138
PINS 1.00 4 47.94 .080
MO 1.00 3 45.2 .066
IMAB 1.00 5 60.79 .080
LOGI .99 6 80.04 .072
DKNG .99 6 39.36 .150
ACY .99 19 44.17 .418
VTSI .98 2 8.36 .234
TRCH .98 2 4.95 .394
MYGN .98 2 29.59 .066
MCD .98 8 252.94 .024
IMTX .98 4 11.93 .328
HOFV .98 2 2.4 .816
BGFV .97 10 35.27 .270
RRGB .96 2 20.03 .094
LEGN .96 6 49.11 .114
HRI .96 4 192.37 .016
FA .96 1 19.36 .049
CYTK .96 5 39.2 .120
AZPN .96 4 146.73 .024
QDEL .95 4 146.33 .024
PG .95 8 147.4 .048
NEE .95 2 87.34 .020
BTWN .95 1 10.01 .094
BPTH .95 2 4.66 .406
AGRI .95 5 2.35 2.020
PAYX .94 2 124.48 .014
INCY .93 4 65.19 .056
HCM .93 4 31.13 .116
PLUG .92 9 41.82 .189
OKE .92 3 63.36 .042
LBPH .92 1 6.21 .148
KNL .92 1 25.04 .036
FL .92 4 55.53 .064
YEXT .91 1 11.75 .077
WFC .91 4 51.08 .068
SSY .91 3 2.46 1.107
QFIN .91 9 26.29 .306
AIT .91 2 104.56 .016
HOG .90 4 38.67 .092
GEG .90 1 1.96 .459
CRTO .90 1 42.13 .021
ATNF .90 3 4.28 .630
NKE .89 8 168.85 .040
HHR .89 5 62.66 .070
ERYP .89 3 2.5 1.068
ARCE .89 2 18.6 .094
ACHL .89 1 5.7 .156
XLNX .88 10 215.27 .040
OTIS .88 4 84.16 .040
KHC .88 2 37.62 .046
GMBL .88 2 6.47 .272
CROX .88 6 177.5 .024
GM .87 3 62.97 .039
GDEV .87 3 8.84 .294
DTSS .87 1 2.04 .426
UTHR .86 4 205.03 .016
TTCF .86 2 16.39 .104
RF .86 1 24.24 .035
KODK .86 2 7.02 .244
VMEO .85 2 22.91 .074
SRNE .85 1 6.11 .139
SAFM .85 1 187.13 .004
LUV .85 5 49.13 .085
ABBV .85 5 116.84 .035
PTIX .84 2 1.99 .844
NLS .84 2 8.3 .202
LEXX .84 3 6.44 .390
HOL .84 3 12.35 .204
DTST .84 3 4.25 .591
CLII .84 3 14.36 .174
BB .84 11 10.82 .847
APOP .84 5 13.17 .315
TNA .83 5 106.15 .035
MAXR .83 4 31.46 .104
IRBO .83 1 46.51 .017
CNA .83 1 45.11 .018
BLUW .83 2 9.63 .172
SANA .82 1 21.45 .038
MS .82 9 100.21 .072
MNSO .82 1 16.5 .049
FITB .82 3 44.62 .054
SPRT .81 20 11.8 1.360
ON .81 7 59.2 .091
MBRX .81 2 2.38 .680
GE .81 5 106.67 .035
SYPR .80 4 3.38 .944
DD .80 4 78.77 .040
SWI .79 1 16.7 .047
SLV .79 2 23.24 .066
PNRG .79 1 67.82 .011
GLD .79 10 174.18 .040
BJ .79 7 62.42 .084
ZY .78 3 9.92 .234
VVOS .78 4 4.06 .768
UAA .78 3 25.84 .090
SJM .78 12 128.92 .072
IPHA .78 4 5.19 .600
GNOG .78 1 14.24 .054
COP .78 6 72.72 .060
CAI .78 1 55.96 .013
BABA .78 98 166.54 .392
AA .78 10 50.63 .150
PRFX .77 3 2.54 .909
PLTR .77 2 23.41 .064
OLB .77 3 6.01 .384
LESL .77 1 21.44 .035
LAC .77 6 33.56 .132
ENTX .77 2 3.78 .406
ALYA .77 4 2.93 1.048
VLDR .76 2 6.83 .222
STX .76 9 105.66 .063
NFLX .76 105 679.33 .105
NBRV .76 1 1.05 .723
MOS .76 5 37.89 .100
MESO .76 2 7.09 .214
GROM .76 2 3.38 .448
QCOM .75 9 168.51 .036
GPS .75 6 24.84 .180
FLWS .75 4 35.26 .084
SPTN .74 3 25.11 .087
SCKT .74 4 6.18 .476
PTON .74 5 47.49 .075
PSTG .74 2 28.07 .052
LOOP .74 4 15.25 .192
GTIM .74 1 4.91 .150
GRVI .74 3 5.12 .432
EVOL .74 2 2.63 .562
ATXI .74 1 1.37 .540
VZ .73 2 52.4 .026
VOOV .73 1 149.36 .004
UPC .73 3 2.32 .942
SQBG .73 2 6.24 .232
SOFI .73 7 22.92 .217
OPNT .73 4 25.5 .112
NVFY .73 3 2.23 .981
RMED .72 6 2.78 1.548
PFE .72 8 49.65 .112
ENSC .72 1 2.14 .336
DEN .72 4 85.35 .032
CRMT .72 9 126.5 .045
BTCM .72 4 7.76 .368
BFLY .72 1 7.52 .095
ARPO .72 1 2.2 .327
ZKIN .71 2 2.93 .484
UBER .71 6 43.61 .096
RFL .71 5 6.64 .530
PALI .71 3 2.69 .789
FB .71 107 347.56 .214
WMT .70 16 146.91 .064
TBLA .70 1 9.85 .071
SONO .70 6 34.52 .120
ORGS .70 1 4.06 .172
OCX .70 1 2.99 .234
INTC .70 6 50.32 .078
IGIC .70 3 8.48 .246
DDD .70 12 26.04 .312
CRCT .70 4 25.7 .108
AMKR .70 2 23.39 .058
VRNT .69 5 47.71 .070
SLS .69 4 7.47 .368
FTEK .69 3 2.14 .966
AUPH .69 6 27.03 .150
ASM .69 1 1.05 .657
APRE .69 3 4.82 .429
RIDE .68 7 5.85 .812
PRPL .68 5 13.4 .250
ONCS .68 1 1.7 .400
IYC .68 3 85.33 .021
BWAY .68 2 8.7 .156
BCRX .68 9 11.87 .513
XONE .67 2 26.7 .050
XLK .67 5 167.14 .020
SKLZ .67 4 11.8 .224
NPTN .67 1 15.4 .043
JRJC .67 3 6.79 .294
FOE .67 1 21.39 .031
CLPS .67 1 3.08 .217
CLPS .67 1 3.08 .217
CLNE .67 1 8.32 .080
ANF .67 2 46.16 .028
ACH .67 1 13.27 .050
VIPS .66 1 12.89 .051
RETO .66 1 1.84 .358
FUV .66 2 11.39 .114
CTKB .66 1 23.16 .028
AMOM .66 1 38.1132 .017
TATT .65 3 6.56 .297
STRO .65 2 19.15 .066
PCVX .65 1 26.08 .024
LMNL .65 3 1.6 1.218
IONQ .65 7 19.82 .224
SLGG .64 2 4.07 .314
SDC .64 2 4.05 .316
LZB .64 2 37.04 .034
MVST .63 6 9.29 .402
HPQ .63 4 31.35 .080
FLOW .63 4 79.66 .028
ULTA .62 1 401.73 .001
PDCO .62 3 33.67 .054
MPC .62 3 66.12 .027
LJPC .62 2 4.01 .308
ISEE .62 4 16.49 .148
FTCH .62 5 45.91 .065
CUE .62 1 17.85 .034
BON .62 3 6.39 .291
AREC .62 5 2.27 1.365
APG .62 2 24.84 .048
VGR .61 1 16.8 .036
SOS .61 2 1.5 .812
RY .61 7 105.81 .035
IFRX .61 3 4.9 .372
CL .61 4 78.3 .028
BEKE .61 2 23.12 .052
AMBO .61 1 1.27 .480
SLB .60 4 32.72 .072
PSTV .60 1 1.68 .357
KIRK .60 2 26.02 .046
EVK .60 6 3.05 1.176
CEMI .60 8 2.03 2.360
AYRO .60 2 2.65 .452
AVCT .60 1 1.85 .324
AMRS .60 1 7.87 .076
LEN .59 5 106.9 .025
BIG .59 2 49.13 .024
YMM .58 2 15.83 .072
WPRT .58 2 2.79 .414
WISH .58 3 5.18 .333
STAF .58 2 1.77 .654
SPG .58 6 166.29 .018
EQT .58 2 21.86 .052
CSIQ .58 4 39.57 .056
WEI .57 1 0.87 .655
SNAP .57 113 55.53 1.130
SBTX .57 1 8.69 .065
ORPH .57 4 3.99 .568
GGAL .57 1 11.39 .050
EZFL .57 1 2.74 .208
DUK .57 5 100.6 .025
CLF .57 11 21.72 .286
TQQQ .56 137 165.4 .411
T .56 3 24.8 .066
OBLN .56 3 3.05 .549
MTP .56 1 1.63 .343
MRK .56 8 83.69 .048
LODE .56 3 2.12 .792
VNE .55 6 35.19 .090
RSI .55 2 20.37 .054
MU .55 6 76.78 .042
MOSY .55 2 5.51 .198
GIS .55 6 63.7 .048
FLXN .55 1 9.16 .060
EOLS .55 1 7.1 .077
WHLR .54 2 2.52 .428
TSM .54 3 118.12 .012
NIO .54 76 40.57 .988
ENZ .54 2 3.38 .318
CHPT .54 3 26.93 .060
ADMA .54 1 1.55 .348
TBIO .53 3 37.36 .042
MEDS .53 5 3.95 .670
M .53 10 31.05 .170
HUYA .53 3 9.55 .165
EQ .53 1 5.61 .094
CCJ .53 8 27.13 .152
BBWI .53 6 74.81 .042
ASTR .53 4 10.56 .200
SILK .52 7 50.86 .070
CSCO .52 8 57.27 .072
WOOF .51 2 24.64 .040
RCON .51 2 2.09 .488
MRVL .51 6 72.92 .036
KO .51 6 56.62 .054
K .51 8 63.91 .056
GFAI .51 2 1.91 .534
EVGO .51 6 16.19 .186
DYAI .51 3 3.9 .390
CPSH .51 1 4.86 .104
TIGR .50 8 7.34 .544
PATI .50 2 14.7 .068
MDIA .50 3 6.99 .213
GRTX .50 3 1.68 .891
FLO .50 5 27.04 .090
DNUT .50 6 14.35 .204
CBAT .50 3 2.16 .693
RKDA .49 1 2.06 .237
NRBO .49 2 1.83 .534
IGC .49 3 1.57 .936
GP .49 3 13.96 .105
GEVO .49 4 7.24 .268
ENLV .49 2 8.21 .118
ECHO .49 1 48.18 .010
ATHM .49 3 38.7 .036
ARMP .49 1 3.42 .143
STN .48 1 56.12 .008
SCYX .48 2 6.75 .142
NNDM .48 3 5.52 .258
MARA .48 19 55.4 .152
HRL .48 5 43.43 .055
EPU .48 3 30.22 .045
DRN .48 4 27.12 .068
ACI .48 10 34.81 .130
XPEV .47 82 47.5 .738
XLE .47 6 58.03 .048
TRIL .47 1 17.97 .026
TLRY .47 4 13.03 .144
STEM .47 5 25.15 .090
SOHU .47 6 18.49 .150
EXPR .47 5 4.31 .545
DARE .47 1 1.73 .271
BODY .47 2 4.62 .202
VXX .46 3 20.12 .066
UFAB .46 2 2.964 .310
NTEC .46 4 9.63 .188
MARK .46 4 1.62 1.132
KBSF .46 2 3.05 .300
GURE .46 1 6.7 .068
FLGC .46 5 4.75 .480
EQOS .46 1 5.21 .088
CVV .46 2 5.84 .156
BCLI .46 1 3.04 .151
VERU .45 4 9.28 .192
TYME .45 4 0.9208 1.952
TME .45 1 8.41 .053
ONCT .45 2 3.86 .232
CCL .45 5 22.3 .100
ADIL .45 2 3.16 .284
XLV .44 6 132.98 .018
WORX .44 4 1.61 1.092
NNVC .44 3 4.75 .276
HOLI .44 1 16.62 .026
GALT .44 3 2.86 .459
FFHL .44 2 9.47 .092
DWSN .44 2 2.34 .376
CONE .44 1 89.45 .004
CIEN .44 19 61.55 .133
EVGN .43 1 2.45 .175
CAN .43 4 10.15 .168
ATIF .43 1 4 .107
AFMD .43 2 6.04 .142
HRC .42 6 155.36 .012
DBGI .42 5 3.51 .595
CTSO .42 4 6.13 .272
ARMK .42 4 37.97 .044
SRNG .41 1 11.42 .035
RKT .41 2 16.48 .048
KZIA .41 2 11.19 .072
HNST .41 3 9.53 .129
GTT .41 1 2.36 .173
FCX .41 24 40.86 .240
BLIN .41 8 3.35 .976
AUUD .41 7 2.47 1.155
ACOR .41 4 3.57 .456
YJ .40 2 0.8799 .908
SSNT .40 2 6.7 .118
PHUN .40 12 4.01 1.188
LIZI .40 4 2.86 .556
KR .40 15 42.66 .135
FBRX .40 1 3.33 .120
ERJ .40 8 16.79 .184
DUOT .40 1 6.875 .058
CTIB .40 5 1.825 1.095
CHRA .40 1 4.41 .090
UWMC .39 2 6.85 .112
MSFT .39 113 336.07 .113
LC .39 10 43.59 .080
FAST .39 4 60.64 .024
CSCW .39 2 0.5709 1.366
AQMS .39 3 2.1 .555
SBH .38 3 20.34 .054
OVID .38 2 3.64 .208
OTLK .38 2 1.95 .388
MRTN .38 3 17.59 .063
ANIX .38 1 4.55 .083
VTNR .37 9 4.36 .756
UONE .37 7 6.18 .413
ORCL .37 34 94.02 .102
HUGE .37 1 1.58 .234
CHMA .37 2 3.76 .196
UAVS .36 3 2.68 .402
MRKR .36 1 1.4 .257
MITQ .36 1 2.87 .125
JFIN .36 2 3.89 .184
IDEX .36 4 1.96 .732
GOVX .36 7 3.86 .651
GNLN .36 2 2 .360
BNGO .36 12 5 .864
ANY .36 18 6.76 .954
AKTX .36 1 1.65 .218
ADMP .36 1 0.9927 .362
ACB .36 3 8.11 .132
ORGO .35 2 10.8 .064
LMFA .35 5 6.61 .260
CLSD .35 3 4.83 .216
CIFR .35 3 8.68 .120
BSQR .35 13 2.32 1.950
AESE .35 1 2.14 .163
XELB .34 2 1.42 .478
TRIT .34 5 6.09 .275
TESS .34 2 6.14 .110
ME .34 6 11.17 .180
HWCC .34 1 5.3 .064
XOM .33 9 64.37 .045
MTTR .33 9 27.12 .108
IMMR .33 6 6.91 .282
HNP .33 2 17.52 .036
GTS .33 1 35.75 .009
CLOV .33 2 7.56 .086
BHTG .33 1 1.18 .279
WATT .32 2 1.87 .342
TAL .32 2 4.24 .150
SPCB .32 2 0.793 .806
SGBX .32 3 2.71 .354
ORMP .32 14 28.16 .154
MINM .32 2 1.48 .432
CDEV .32 2 7.28 .086
BKYI .32 1 3.1 .103
AAPL .32 108 150 .216
AAL .32 9 20.32 .135
WINT .31 3 1.72 .540
ULBI .31 2 6.09 .100
PBR .31 8 10.33 .240
NKLA .31 15 13.73 .330
HMHC .31 2 16.23 .038
FENC .31 1 9.65 .032
DMAC .31 2 4.03 .152
D .31 8 75.88 .032
AEY .31 1 2.03 .152
OXBR .30 5 3.99 .375
LGHL .30 4 2.06 .580
HAPP .30 1 0.8848 .339
ENG .30 3 2.36 .381
CRTD .30 7 3.13 .665
BBIG .30 20 4.27 1.400
AUTL .30 3 6.79 .132
NEXT .29 4 4.01 .288
HUSN .29 4 2.34 .492
ALTO .29 5 5.43 .265
MITO .28 1 1.01 .277
BP .28 4 27.55 .040
APTO .28 4 2.58 .432
XLP .27 5 73.19 .015
WIMI .27 4 5.04 .212
RSLS .27 4 2.21 .488
PLCE .27 4 105.08 .008
NAOV .27 11 1.44 2.057
MGTX .27 1 19.8 .013
GSM .27 7 6.8 .273
ENVB .27 3 1.8 .450
VIVE .26 2 2.11 .246
PPBT .26 1 4.48 .058
PME .26 1 0.6729 .386
AXLA .26 2 3.03 .170
AGNC .26 3 16.02 .048
PBLA .25 1 2.13 .117
LTHM .25 13 29.93 .104
IRIX .25 4 8 .124
HIPO .25 2 3.91 .126
RVI .24 2 6.07 .078
RAIL .24 4 4.68 .204
PLG .24 3 3 .240
MOGO .24 4 6.08 .156
IKT .24 1 2.06 .116
GBR .24 1 3.47 .069
AZN .24 14 59.78 .056
PIRS .23 7 3.89 .413
OCG .23 4 4.9 .184
BGI .23 2 2.85 .160
THTX .22 1 3.45 .063
SSKN .22 1 1.62 .135
SPWH .22 3 17.39 .036
JFU .22 3 1.39 .474
INOV .22 2 40.78 .010
FFIE .22 2 9.11 .048
DYNT .22 5 1.43 .765
VIEW .21 1 4.89 .042
VBLT .21 3 2.415 .258
TENX .21 1 1.39 .151
IMMP .21 6 4.26 .294
ATOS .21 5 2.57 .405
ALAC .21 2 11.58 .036
SALM .20 4 3.3 .240
ENSV .20 1 1.28 .156
NBEV .19 1 1.34 .141
MOMO .19 3 13.81 .039
COTY .19 8 10.96 .136
VSH .18 3 20.99 .024
OBSV .18 5 2.4 .375
KULR .18 3 3.75 .144
FCEL .18 130 10.77 2.080
BLNK .18 14 46.85 .042
AEHR .18 27 25.1 .189
YPF .17 2 4.25 .080
TISI .17 1 1.49 .114
PPC .17 2 29.13 .010
PETZ .17 4 5.47 .124
LIVX .17 2 3.07 .110
KXIN .17 6 2.1 .480
GMTX .17 1 3.58 .047
SWN .16 2 5.34 .058
SNES .16 2 1.57 .202
RRD .16 5 9.18 .085
INFI .16 4 2.47 .256
HFBL .16 1 19.7501 .008
ZNGA .15 4 7.44 .080
SSL .15 15 17.16 .120
IMV .15 2 1.49 .200
GSKY .15 2 11.99 .024
GRUB .15 3 13.46 .033
CHNG .15 2 20.78 .014
SYKE .14 3 54 .006
OEG .14 1 2.54 .055
NXTP .14 1 1.38 .101
MRO .14 16 16.75 .128
INM .14 1 1.34 .104
IEC .14 1 15.34 .009
EDU .14 1 2.13 .065
ABUS .14 2 3.36 .082
TTM .13 9 33.57 .027
TELL .13 7 4.09 .217
SVBI .13 1 13.63 .009
OSMT .13 4 1.95 .264
LMRK .13 1 16.26 .007
GENE .13 3 2.65 .147
ESXB .13 1 12.17 .010
VERB .12 8 1.99 .480
SBBP .12 2 2 .120
PSTX .12 1 7.29 .016
MTL .12 10 3.93 .300
GSAT .12 2 1.6 .150
CRON .12 5 5.94 .100
CHNR .12 4 1.21 .396
XPDI .11 11 13.87 .077
SNMP .11 2 1.15 .190
MOHO .11 3 0.6399 .513
GBS .11 1 1.91 .057
FENG .11 2 1.6 .136
EKSO .11 2 3.84 .056
CSPR .11 1 6.69 .016
CALA .11 1 1.01 .108
ACHV .11 2 8.1 .026
SLHG .10 1 2.22 .045
RCAT .10 2 2.57 .076
RAVN .10 3 57.86 .003
KDMN .10 4 9.5 .040
EDTK .10 2 1.47 .136
CNFR .10 2 2.54 .078
XELA .09 7 1.56 .399
WTER .09 2 1.45 .124
UNIT .09 3 13.97 .018
TEDU .09 2 0.76515 .234
TAAG .09 1 20.9494 .004
SELF .09 1 5.31 .016
RIG .09 6 3.31 .162
PRPO .09 3 2.27 .117
CPG .09 6 4.69 .114
BIOC .09 2 3.99 .044
AEMD .09 3 3.03 .087
AEI .09 2 1.92 .092
TEO .08 2 5.45 .028
SBS .08 8 6.66 .096
MBII .08 1 0.85 .094
ET .08 5 9.29 .040
CLDR .08 1 15.99 .005
BQ .08 2 2 .080
OCG .07 13 4.9 .182
NEPT .07 2 0.482 .290
ITRO .07 1 1.27 .055
ITRN .07 3 27.65 .006
FRO .07 11 7.99 .088
DBVT .07 11 3.1 .242
CPLG .07 1 15.56 .004
ALZN .07 1 2.29 .030
XBIO .06 8 1.7 .280
WYNN .06 3 98.05 0
VSTM .06 2 3.11 .038
ADMS .06 2 8.13 .014
ULTA .05 12 401.73 0
OXY .05 30 31.98 .030
MDNA .05 8 2.12 .184
FRBK .05 1 3.48 .014
WYNN .04 4 98.05 0
PSP .04 3 16.61 .006
PBT .04 2 8.41 .008
NOK .04 6 5.59 .042
IRCP .04 4 2.75 .056
CXP .04 1 19.17 .002
AVGR .04 7 0.7115 .392
AGEN .04 12 3.65 .120
VTGN .03 5 2.15 .065
VCAR .03 1 15.6814 .001
VALN .03 1 47.77 0
SNDL .03 1 0.8303 .036
SIC .03 1 14.49 .002
MFGP .03 4 5.38 .020
SLVO .02 3 5.53 .009
NWHM .02 1 8.99 .002
KIN .02 2 9.25 .004
EIC .02 2 18.09 .002
DSE .02 1 9.49 .002
RTLR .01 8 11.22 0
PMD .01 1 8.74 .001
INFL .01 2 31.79 0
IACB .01 3 9.97 .003
HDGE .01 1 24.02 0
DFP .01 2 28.76 0
BEST .01 3 1.26 .021
WMPN 0 4 12.25 0
QQC 0 1 33.36 0
QADB 0 4 87.54 0
PAE 0 1 9.92 0
NLSP 0 1 2.17 0
LHAA 0 1 9.8 0
IS 0 1 10.2 0
HWBK 0 1 25.74 0
GPK 0 2 20.94 0
EPAY 0 1 47.78 0
DVD 0 1 3.59 0
NSYS -.12 1 9.9 -.012
