SHOP 32.80 7 1466.73 .154
DWAC 30.01 3 67.75 1.326
MSTR 14.75 8 715.06 .160
NVAX 11.91 10 148.83 .800
BKNG 10.17 8 2420.78 .032
SAM 9.40 7 492.48 .133
WBX 8.99 1 15.65 .574
AMZN 8.18 93 3372.43 .186
REGN 7.44 9 639.94 .099
W 7.31 7 249.1 .203
DUOL 7.27 3 173.69 .123
SIVB 7.01 8 717.4 .072
AZO 6.70 11 1784.84 .033
LAD 6.41 5 319.22 .100
BLK 6.24 5 943.46 .030
DDS 6.22 9 231.14 .234
MDB 5.88 8 521.29 .088
DPZ 5.62 11 488.97 .121
KOSS 5.35 7 16.18 2.310
BNTX 5.27 15 278.73 .270
DE 5.25 9 342.31 .135
EJH 5.21 6 2.7 11.574
SE 5.17 14 343.57 .210
SI 5.04 5 156.62 .160
THC 4.91 1 71.66 .068
UPST 4.74 17 322.04 .238
BKKT 4.57 1 42.52 .107
RGEN 4.41 7 290.5 .105
ZM 4.40 14 274.65 .224
EEIQ 4.33 5 3.97 5.450
FLGT 4.22 5 82.92 .250
SPLK 4.15 5 164.82 .125
ASML 4.13 11 812.88 .055
ADBE 4.10 6 650.36 .036
ROKU 4.06 6 304.9 .078
BIIB 4.00 5 266.68 .070
MRNA 3.93 31 345.21 .341
CARV 3.92 6 14.76 1.590
SEDG 3.89 5 354.68 .050
NRXP 3.86 6 10.13 2.286
GOOG 3.73 28 2965.41 .028
ANVS 3.73 6 26.52 .840
SNPS 3.69 6 333.18 .066
CCXI 3.66 3 34.81 .315
AFRM 3.62 11 162.5 .242
EVA 3.59 1 66.96 .053
MA 3.51 6 335.52 .060
EBET 3.45 6 28.1 .732
GPN 3.44 10 142.99 .240
ZLAB 3.42 6 104.4 .192
SITM 3.41 5 264.89 .060
LCID 3.40 1 36.99 .091
DQ 3.36 7 77.79 .301
SCPS 3.34 7 3.38 6.916
GLSI 3.27 5 35.36 .460
DPST 3.25 1 51.05 .063
JAN 3.24 5 6.13 2.640
ADGI 3.21 7 29.24 .763
IAC 3.19 7 152.37 .140
ZG 3.17 5 105.72 .145
COST 3.15 6 491.54 .036
ENPH 3.10 6 231.63 .078
CAT 3.09 7 204.01 .105
UNH 3.07 11 460.47 .066
NEGG 3.07 20 11.8 5.200
DOCS 3.04 6 69.48 .258
SAVA 3.02 26 43.13 1.820
IRNT 3.02 6 12.4 1.458
GME 2.99 82 183.51 1.312
ANTM 2.99 6 435.13 .036
LII 2.97 6 299.28 .054
ADSK 2.96 6 317.61 .054
IWM 2.93 6 228.05 .072
SNOW 2.91 8 353.84 .064
DLTR 2.90 5 107.76 .130
ZS 2.89 6 318.86 .054
GS 2.81 8 413.35 .048
CELH 2.77 5 96.52 .140
LLY 2.73 6 254.76 .060
LMT 2.70 10 332.32 .080
TSLA 2.64 149 1114 .298
GRTS 2.64 6 10.99 1.440
NVCR 2.63 10 102.57 .250
NCTY 2.63 5 11.25 1.165
WDAY 2.61 5 289.98 .045
INTU 2.61 5 625.99 .020
OSTK 2.60 7 95.23 .189
AUVI 2.56 8 5.28 3.872
WSM 2.54 5 185.73 .065
PYPL 2.54 8 232.59 .080
FULC 2.54 6 22.14 .684
KEYS 2.52 4 180.02 .052
INDP 2.52 5 7.16 1.755
AVXL 2.41 5 18.74 .640
DASH 2.38 8 194.8 .096
RBLX 2.36 7 84.02 .196
CPOP 2.34 5 3.36 3.480
LIN 2.33 6 319.2 .042
VMW 2.32 5 151.7 .075
NXPI 2.32 5 200.86 .055
XBI 2.27 5 124.81 .090
AMGN 2.27 5 206.97 .050
HCA 2.20 4 250.46 .032
EA 2.20 3 140.25 .045
TPST 2.19 5 11.72 .930
PKG 2.17 5 137.37 .075
ASAN 2.17 8 135.8 .120
PDD 2.15 5 88.92 .120
DLPN 2.14 5 11.26 .950
AACG 2.14 5 2.27 4.710
DIS 2.12 7 169.07 .084
ACRS 2.12 7 17.35 .854
EL 2.10 6 324.33 .036
ALEC 2.10 6 21.74 .576
V 2.08 7 211.77 .063
ROST 2.08 4 113.2 .072
KNBE 2.06 5 23.38 .440
COIN 2.06 6 319.42 .036
BBY 2.06 5 122.24 .080
DG 2.03 4 221.52 .036
IONQ 2.02 1 15.04 .134
MRIN 2.01 5 6.3 1.595
UHAL 1.98 9 736.99 .018
AAME 1.97 5 4.08 2.410
SPT 1.96 5 127.68 .075
KMB 1.96 6 129.49 .090
RL 1.95 5 127.17 .075
MDT 1.95 5 119.86 .080
HON 1.95 6 218.62 .048
COHN 1.95 5 21.02 .460
ARVN 1.91 7 86.58 .154
MSGE 1.88 4 70.47 .104
TDG 1.87 4 623.82 .008
COF 1.87 4 151.03 .048
VLO 1.86 4 77.33 .096
LOW 1.83 7 233.82 .049
CI 1.83 5 213.61 .040
ACMR 1.83 5 106.17 .085
AAP 1.82 4 225.52 .032
LEGN 1.79 4 52.5 .136
TMUS 1.78 5 115.03 .075
ROLL 1.78 7 233.93 .049
CERE 1.78 7 40.65 .301
BIDU 1.78 117 162.24 1.170
VRPX 1.77 9 4.18 3.807
TSCO 1.77 8 217.17 .064
RAPT 1.77 7 31.58 .392
DAVA 1.77 4 158.46 .044
CTRN 1.77 4 77.36 .088
JKS 1.76 3 59.82 .087
TSP 1.75 5 39.12 .220
TASK 1.74 7 57.9 .210
DELL 1.74 6 109.99 .090
BHVN 1.74 4 142.32 .048
SQ 1.73 23 254.5 .138
LWAC 1.73 5 16.98 .505
WAVE 1.72 5 6.7 1.280
LAIX 1.72 4 0.91 7.560
IMPL 1.70 5 10.69 .795
CM 1.70 4 121.26 .056
TWTR 1.69 5 53.54 .155
NNOX 1.69 5 22.65 .370
KYMR 1.69 2 58.88 .056
BURL 1.68 8 276.29 .048
AN 1.67 8 121.12 .104
NMRD 1.66 4 6.35 1.044
NVOS 1.65 5 1.72 4.795
ESTC 1.65 4 173.51 .036
FISV 1.64 6 98.49 .096
CREE 1.64 5 79.12 .100
A 1.64 7 157.49 .070
KSS 1.63 7 48.53 .231
JZXN 1.63 4 2.27 2.872
TTD 1.62 7 74.91 .147
CLDX 1.61 3 42.54 .111
TTC 1.60 4 95.47 .064
STMP 1.59 4 329.61 .016
LH 1.59 7 287.02 .035
HOOD 1.59 13 34.97 .585
LHDX 1.58 4 5.83 1.084
ABNB 1.58 6 170.66 .054
RLMD 1.57 4 23.47 .264
LYFT 1.57 4 45.87 .136
GTEC 1.57 2 5.79 .542
GH 1.57 8 116.79 .104
CNC 1.57 1 71.24 .022
CARA 1.57 2 16.83 .186
XLNX 1.56 8 180 .064
PAYX 1.56 1 123.28 .012
DPW 1.56 5 2.32 3.360
TSC 1.55 1 30.05 .051
IRDM 1.55 4 40.55 .152
CRNC 1.55 4 105.13 .056
BLFS 1.55 1 53.15 .029
FUV 1.54 1 11.68 .131
CHCI 1.54 3 4.41 1.047
XM 1.53 1 46.32 .033
TERN 1.53 4 9.5 .644
SIEB 1.53 5 3.17 2.410
FANG 1.53 5 107.19 .070
DLO 1.53 5 48.51 .155
OVV 1.51 2 37.52 .080
MVIS 1.51 4 7.61 .792
GRU 1.51 1 4.4 .343
WAFU 1.50 4 6.01 .996
UAL 1.50 1 46.14 .032
SUPN 1.50 1 29.85 .050
DKS 1.50 12 124.21 .144
AMD 1.50 11 120.23 .132
BCYC 1.49 3 51.4 .084
STT 1.48 3 98.55 .045
SEMR 1.48 2 24.39 .120
JRVR 1.48 2 31.95 .092
JNJ 1.48 2 162.88 .018
CPE 1.48 4 51.73 .112
ADI 1.48 5 173.49 .040
NURO 1.47 11 8.12 1.991
FGEN 1.47 3 11.12 .396
EDIT 1.47 3 36.72 .120
VCVC 1.46 1 9.85 .148
SFIX 1.46 2 34.6 .084
RACE 1.46 6 237.17 .036
LITE 1.46 2 82.58 .034
HTBX 1.46 2 5.34 .546
BYND 1.46 5 98.98 .070
EYEG 1.45 1 1.9 .763
MRUS 1.44 2 28.05 .102
KALV 1.44 8 17.98 .640
JD 1.44 5 78.28 .090
SNOA 1.43 3 5.8 .738
LANC 1.43 2 170 .016
ATKR 1.43 2 94.53 .030
TTWO 1.42 4 181 .028
TSN 1.42 4 79.97 .068
STE 1.42 4 233.74 .024
IMNM 1.42 4 23.44 .240
ATVI 1.42 3 78.19 .054
APPS 1.42 5 86.06 .080
RMBL 1.41 3 39.01 .108
SNA 1.40 4 203.23 .024
LAZR 1.40 3 16.39 .255
JCS 1.40 3 3.8 1.104
HX 1.40 6 4.23 1.980
CVS 1.40 3 89.28 .045
CRDF 1.40 1 5.87 .238
WGO 1.39 2 67.69 .040
VERY 1.39 4 8.01 .692
OPNT 1.39 3 23.57 .174
KURA 1.39 3 16.42 .252
JBL 1.39 2 59.96 .046
EOSE 1.39 2 10.55 .262
COUR 1.39 1 34.91 .039
TNET 1.38 1 101.25 .013
INCY 1.38 2 66.98 .040
EXPI 1.38 6 51.6 .156
TWST 1.37 7 118.8 .077
LIVE 1.37 3 31.63 .129
ECOM 1.37 1 25.51 .053
FATE 1.36 3 53.8 .075
TAOP 1.35 3 3.02 1.341
IBM 1.35 6 125.1 .060
BWAY 1.35 1 8.18 .165
WNW 1.34 1 3.38 .396
OLN 1.34 1 56.98 .023
CAH 1.34 4 47.81 .112
UBER 1.33 4 43.82 .120
PKI 1.33 3 176.89 .021
NLS 1.33 1 10.23 .130
MOXC 1.33 4 6.05 .876
GRVY 1.33 7 109.32 .084
VRNT 1.32 3 46.6 .084
TJX 1.32 4 65.49 .080
TDC 1.32 3 56.56 .069
AEO 1.32 2 23.74 .110
VIH 1.31 1 9.36 .139
SPY 1.31 1 459.25 .002
ABCL 1.31 1 15.71 .083
UHS 1.30 4 124.1 .040
NEWR 1.30 4 81.16 .064
JG 1.30 3 1.47 2.652
GWRE 1.30 5 125.73 .050
BTBT 1.30 9 14.25 .819
BNR 1.30 3 14.09 .276
BKE 1.30 3 41.62 .093
AUPH 1.30 4 33.08 .156
WM 1.29 6 160.23 .048
OLLI 1.29 2 67.66 .038
LI 1.29 3 32.63 .117
DOCN 1.29 4 97.59 .052
APPN 1.29 4 99.41 .048
VSCO 1.28 4 50.47 .100
FRD 1.28 1 13.76 .093
BILI 1.28 22 73.3 .374
ABT 1.28 5 128.89 .045
YETI 1.27 4 98.33 .048
RHE 1.27 2 6.53 .388
NFE 1.27 1 30 .042
HJLI 1.27 1 10.38 .122
APXT 1.27 1 12.11 .104
SPCE 1.26 24 18.75 1.608
MQ 1.26 4 30.6 .164
MESO 1.26 1 6.05 .208
DOMO 1.26 4 88.35 .056
USB 1.25 4 60.37 .080
THCB 1.25 1 10 .125
RIOT 1.25 3 27.22 .135
OPAD 1.25 4 7.76 .644
NGM 1.25 2 18.47 .134
CHKP 1.25 6 119.6 .060
BYSI 1.25 3 13.82 .270
SJ 1.24 4 5.94 .832
PBTS 1.24 1 1.21 1.024
LPX 1.24 3 58.93 .063
LEDS 1.24 3 7.35 .504
KMX 1.24 2 136.92 .018
EDSA 1.24 1 8.22 .150
CMMB 1.24 2 10.0473 .246
BNTC 1.24 3 3.66 1.014
ANPC 1.24 2 2.54 .976
ALXN 1.24 4 182.5 .024
TAP 1.23 2 44.09 .054
NVDA 1.23 147 255.67 .588
LAW 1.23 3 57.35 .063
J 1.23 3 140.42 .024
C 1.23 4 69.16 .068
RCUS 1.22 1 33.44 .036
EYES 1.22 6 2.74 2.670
DDL 1.22 2 28.03 .086
RTX 1.21 2 88.86 .026
PFGC 1.21 3 45.23 .078
OSAT 1.21 3 5.25 .690
LYEL 1.21 3 13.94 .258
HGEN 1.21 3 7.18 .504
HD 1.21 12 371.74 .036
EAT 1.21 3 41.96 .084
ARAV 1.21 1 3.55 .340
AMC 1.21 57 35.37 1.938
WHLM 1.20 4 5.49 .872
PG 1.20 7 142.99 .056
OCGN 1.20 9 11.84 .909
MMM 1.20 7 178.68 .042
MAXR 1.20 3 26.55 .135
JPM 1.20 12 169.89 .084
CRIS 1.20 2 6.5 .368
CETX 1.20 1 1.38 .869
AMTX 1.20 3 19.9 .180
AKAM 1.20 3 105.46 .033
TVTX 1.19 3 28.81 .123
SGOC 1.19 9 6.07 1.764
JWN 1.19 3 28.73 .123
PRTA 1.18 8 55.35 .168
ENOB 1.18 4 9.32 .504
DFH 1.18 1 15.87 .074
ZEV 1.17 4 8.23 .568
STZ 1.17 4 216.81 .020
SKT 1.17 3 16.8 .207
NIU 1.17 3 26.18 .132
CYTK 1.17 4 34.91 .132
CLSK 1.17 1 20.26 .057
VOXX 1.16 3 11.31 .306
SIF 1.16 1 7.67 .151
NTAP 1.16 4 89.3 .048
MAT 1.16 3 21.81 .159
LOGI 1.16 5 83.03 .065
HGSH 1.16 2 1.83 1.266
CLX 1.16 3 163.01 .021
AMEH 1.16 8 68.63 .128
AMAT 1.16 8 136.65 .064
ZIM 1.15 6 51.22 .132
UPS 1.15 7 213.47 .035
NTRB 1.15 2 6.26 .366
IMTX 1.15 3 14.33 .240
BZ 1.15 2 35.1 .064
HCWB 1.14 2 4.47 .510
DAL 1.14 4 39.13 .116
AVIR 1.14 3 11.64 .291
VNET 1.13 3 15.68 .216
STG 1.13 1 5.08 .222
SCHW 1.13 4 82.03 .052
PEP 1.13 5 161.6 .030
NUAN 1.13 1 55.05 .020
HAS 1.13 5 95.76 .055
BTX 1.13 2 8.52 .264
ABSI 1.13 1 14.67 .077
MNOV 1.12 2 3.36 .666
FIGS 1.12 5 33.61 .165
BZUN 1.12 1 17.3 .064
TGTX 1.11 1 31.22 .035
TGT 1.11 9 259.62 .036
SHEN 1.11 3 27.64 .120
PMCB 1.11 3 2.82 1.179
GIII 1.11 4 28.66 .152
DXC 1.11 2 32.57 .068
CNET 1.11 1 1.43 .776
ALLO 1.11 2 17.24 .128
RUN 1.10 5 57.68 .095
OPTT 1.10 1 2.13 .516
XTLB 1.09 2 3.82 .570
SKX 1.09 4 46.21 .092
LIFE 1.09 3 8.59 .378
GT 1.09 1 19.12 .057
ATAI 1.09 1 14.59 .074
ALDX 1.09 2 9.1 .238
MTSL 1.08 3 3.37 .960
FCBP 1.08 1 29.1 .037
B 1.08 1 41.94 .025
AZYO 1.08 1 5.8 .186
ALF 1.08 2 4.42 .488
TTCF 1.07 1 17.97 .059
SMLP 1.07 2 31.39 .068
GFAI 1.07 1 3.05 .350
BBBY 1.07 13 14.04 .988
VYGR 1.06 2 3.62 .584
SPI 1.06 3 4.93 .645
CRM 1.06 11 299.69 .033
BAC 1.06 4 47.78 .088
SCR 1.05 5 35.58 .145
PTGX 1.05 3 31.16 .099
PLD 1.05 4 144.96 .028
NETE 1.05 1 9.29 .113
MNST 1.05 4 85 .048
CELC 1.05 3 18.1 .174
OCUP 1.04 1 3.94 .263
IPA 1.04 2 6.57 .316
FSTX 1.04 1 6.75 .154
CANF 1.04 1 1.52 .684
LUV 1.03 4 47.28 .084
KMPH 1.03 3 9.5 .324
BLDR 1.03 2 58.27 .034
ALYA 1.03 3 2.75 1.122
MFNC 1.02 2 21.5 .094
AXP 1.02 5 173.78 .025
ZCMD 1.01 1 1.67 .604
MVST 1.01 4 8.46 .476
LL 1.01 1 18.08 .055
EGRX 1.01 2 52.37 .038
PINS 1.00 4 44.64 .088
MO 1.00 3 44.11 .066
IMAB 1.00 5 61.79 .080
DKNG 1.00 5 46.59 .105
FL .99 3 47.67 .060
DD .99 2 69.6 .028
ACY .99 19 46.98 .399
VTSI .98 2 7.88 .248
TRCH .98 2 4.95 .394
MYGN .98 2 30.77 .062
MCD .98 8 245.55 .024
HOFV .98 2 2.3 .852
UAA .97 2 21.96 .088
SKLZ .97 3 11.18 .258
MS .97 8 102.78 .072
RRGB .96 2 19.87 .096
HRI .96 4 182.04 .020
FA .96 1 18.7 .051
CRCT .96 2 28.33 .066
CHGG .96 2 59.44 .032
AZPN .96 4 156.69 .024
QDEL .95 4 132.77 .028
NEE .95 2 85.33 .022
BTWN .95 1 10.07 .094
BPTH .95 2 4.74 .400
AGRI .95 5 3.05 1.555
FTCH .94 2 39.21 .046
CGC .94 1 12.63 .074
HCM .93 4 29.42 .124
CHPT .93 1 24.78 .037
PLUG .92 9 38.27 .216
PLCE .92 3 82.89 .033
OKE .92 3 63.62 .042
LBPH .92 1 7.45 .123
KNL .92 1 25.04 .036
YEXT .91 1 12.59 .072
WFC .91 4 51.16 .068
SSY .91 3 2.4 1.137
SLS .91 3 8.69 .312
MTTR .91 5 22.45 .200
AIT .91 2 97.48 .018
HOG .90 4 36.49 .096
GEG .90 1 2 .450
CRTO .90 1 33.04 .027
ATNF .90 3 5.07 .531
YMM .89 1 14.25 .062
NKE .89 8 167.29 .040
ERYP .89 3 2.9 .918
ARCE .89 2 17.05 .104
ACHL .89 1 6.14 .144
OTIS .88 4 80.31 .040
KHC .88 2 35.89 .048
GM .87 3 54.43 .045
GDEV .87 3 8.52 .306
DTSS .87 1 2.04 .426
AFMD .87 1 6.8 .127
VLDR .86 1 6.1 .140
UTHR .86 4 190.76 .016
RF .86 1 23.68 .036
KODK .86 2 6.79 .252
VMEO .85 2 33.73 .050
SRNE .85 1 6.86 .123
SAFM .85 1 189.45 .004
RIDE .85 5 5.17 .820
ABBV .85 5 114.67 .035
RKT .84 1 16.48 .050
PTIX .84 2 1.88 .892
LEXX .84 3 6.19 .405
IYC .84 2 83.91 .020
HOL .84 3 12.35 .204
DTST .84 3 4.18 .600
CLII .84 3 14.36 .174
BB .84 11 10.8 .847
APOP .84 5 13.17 .315
TNA .83 5 93.24 .040
IRBO .83 1 44.95 .018
CNA .83 1 44.86 .018
BLUW .83 2 9.63 .172
SANA .82 1 20.74 .039
MNSO .82 1 15.01 .054
FITB .82 3 43.53 .054
SPRT .81 20 11.8 1.360
MRK .81 5 88.05 .045
MBRX .81 2 2.64 .612
CRTD .81 6 3.91 1.242
APP .81 8 98.25 .064
SYPR .80 4 3.83 .832
GMBL .80 1 5.36 .149
SWI .79 1 16.1 .049
SLV .79 2 22.09 .070
SCYX .79 1 5.01 .157
PNRG .79 1 68.88 .011
GLD .79 10 166.65 .040
BJ .79 7 58.44 .091
ZY .78 3 10.6 .219
VVOS .78 4 3.63 .856
IPHA .78 4 5.8 .536
GNOG .78 1 16.87 .046
DUK .78 4 102.01 .028
COP .78 6 74.49 .060
CAI .78 1 55.93 .013
BABA .78 98 164.94 .392
PRFX .77 3 2.35 .981
PLTR .77 2 25.88 .058
ENTX .77 2 4.26 .360
STX .76 9 89.07 .072
QFIN .76 8 20.41 .296
ON .76 4 48.07 .060
NFLX .76 105 690.31 .105
NBRV .76 1 1.15 .660
GROM .76 2 3.67 .414
SJM .75 11 122.86 .066
GPS .75 6 22.69 .198
FLWS .75 4 32.12 .092
FB .75 106 323.57 .212
CEMI .75 7 2.27 2.310
SCKT .74 4 6.21 .476
PSTG .74 2 26.86 .054
LOOP .74 4 15.71 .188
GTIM .74 1 4.82 .153
GRVI .74 3 5.9 .375
FUBO .74 2 29.81 .048
EVOL .74 2 2.72 .544
ATXI .74 1 1.58 .468
VZ .73 2 52.99 .026
VOOV .73 1 147 .004
UPC .73 3 2.27 .963
SQBG .73 2 6.24 .232
RNXT .73 2 5.18 .280
NVFY .73 3 2.27 .963
EQT .73 1 19.91 .036
RMED .72 6 3 1.440
ENSC .72 1 2.2 .327
DEN .72 4 84.66 .032
CRMT .72 9 119.49 .054
BTCM .72 4 8.39 .340
ARPO .72 1 2.2 .327
ZKIN .71 2 2.75 .516
RFL .71 5 7.56 .465
PALI .71 3 2.74 .777
WMT .70 16 149.42 .064
TBLA .70 1 9.85 .071
PRPL .70 3 19.3 .108
ORGS .70 1 4.81 .145
OCX .70 1 3.28 .213
INTC .70 6 49 .084
IGIC .70 3 8.52 .246
CBAT .70 2 2.11 .662
BGFV .70 6 24.18 .168
AMKR .70 2 21.92 .062
FTEK .69 3 2.06 1.002
BEKE .69 1 18.22 .037
ASM .69 1 0.949 .727
APRE .69 3 4.95 .417
TRI .68 2 120.33 .010
ONCS .68 1 1.65 .412
DDD .68 9 28.16 .216
XONE .67 2 23.02 .058
XLK .67 5 161.53 .020
PDCO .67 2 31.26 .042
JRJC .67 3 6.15 .324
FOE .67 1 21.02 .031
CROX .67 5 161.45 .020
CLNE .67 1 9.22 .072
ANF .67 2 39.54 .032
ACH .67 1 15 .044
VIPS .66 1 11.16 .059
SSNT .66 1 5.88 .112
RETO .66 1 1.15 .573
LGHL .66 2 2 .660
CTKB .66 1 22.81 .028
BCRX .66 8 14.93 .352
AMOM .66 1 37.49 .017
TATT .65 3 6.26 .309
STRO .65 2 20.16 .064
PCVX .65 1 23.4 .027
OLB .65 1 4.59 .141
MOS .65 3 41.57 .045
LMNL .65 3 1.71 1.140
TESS .64 1 5.24 .122
SLGG .64 2 3.14 .406
SDC .64 2 5.15 .248
LZB .64 2 33.24 .038
XLV .63 5 133.82 .020
HPQ .63 4 30.33 .080
FLOW .63 4 74.71 .032
DNUT .63 3 12.75 .147
CLF .63 10 24.11 .260
CCL .63 4 22.16 .112
ULTA .62 1 367.36 .001
SOFI .62 3 20.09 .090
MPC .62 3 65.93 .027
LJPC .62 2 4.02 .308
ISEE .62 4 17.7 .140
IFRX .62 2 4.24 .292
BON .62 3 6 .309
AREC .62 5 2.34 1.320
APG .62 2 21.78 .056
AA .62 9 45.95 .117
SOS .61 2 2.25 .542
RY .61 7 104.01 .035
PLG .61 1 2.3 .265
CL .61 4 76.19 .032
AMBO .61 1 1.31 .465
SPTN .60 2 23.14 .050
SLB .60 4 32.26 .072
PSTV .60 1 1.9 .315
KIRK .60 2 22.48 .052
EVK .60 6 2.74 1.308
AYRO .60 2 2.95 .406
AVCT .60 1 2.32 .258
AMRS .60 1 14.82 .040
VERU .59 3 8.17 .216
LEN .59 5 99.93 .025
BIG .59 2 44.25 .026
WPRT .58 2 3.29 .352
WISH .58 3 5.1 .339
STAF .58 2 1.745 .664
CSIQ .58 4 41.55 .052
WEI .57 1 0.8901 .640
SNAP .57 113 52.58 1.130
SBTX .57 1 8.63 .066
ORPH .57 4 3.89 .584
GGAL .57 1 10.63 .053
EZFL .57 1 2.96 .192
TQQQ .56 137 155.16 .411
T .56 3 25.26 .066
SBH .56 2 15.26 .072
OBLN .56 3 3.05 .549
MTP .56 1 1.7 .329
LODE .56 3 2.23 .753
CLPS .56 1 3.08 .181
CLPS .56 1 3.08 .181
CLOV .56 1 7.5 .074
VNE .55 6 35.2 .090
UWMC .55 1 6.8 .080
TRIT .55 4 7.46 .292
RSI .55 2 20.13 .054
MU .55 6 69.1 .042
MOSY .55 2 6.32 .174
FLXN .55 1 9.25 .059
FLGC .55 4 4.32 .508
EVGO .55 1 9.32 .059
EOLS .55 1 7.82 .070
WHLR .54 2 2.51 .430
TSM .54 3 113.7 .012
M .54 7 26.47 .140
ENZ .54 2 3.44 .312
ADMA .54 1 1.29 .418
TBIO .53 3 37.36 .042
PHUN .53 9 4.29 1.107
MEDS .53 5 4.28 .615
HUYA .53 3 8.22 .192
GIS .53 5 61.8 .040
ERJ .53 5 15.53 .170
EQ .53 1 6.31 .083
BBWI .53 6 69.09 .042
ASTR .53 4 9.74 .216
TLRY .52 3 10.3 .150
SILK .52 7 58.71 .056
CSCO .52 8 55.97 .072
WOOF .51 2 24.73 .040
RCON .51 2 2.28 .446
MRVL .51 6 68.5 .042
KO .51 6 56.37 .054
K .51 8 61.3 .064
DYAI .51 3 4.44 .342
CPSH .51 1 5.01 .101
TIGR .50 8 6.47 .616
SONO .50 5 32.62 .075
PATI .50 2 15.33 .064
MDIA .50 3 8.38 .177
GRTX .50 3 1.87 .801
CIFR .50 2 7.86 .126
RKDA .49 1 1.95 .251
NRBO .49 2 1.77 .552
IGC .49 3 1.4 1.050
GP .49 3 14.32 .102
GEVO .49 4 7.23 .268
ENLV .49 2 8.24 .118
ECHO .49 1 48.23 .010
CCJ .49 6 24.3 .120
ATHM .49 3 39.35 .036
ARMP .49 1 3.2 .153
NNDM .48 3 5.88 .243
NIO .48 75 39.41 .900
HRL .48 5 42.32 .055
HRC .48 5 154.9 .015
EPU .48 3 30.02 .045
DRN .48 4 26.18 .072
XLE .47 6 57.47 .048
TRIL .47 1 18.11 .025
STEM .47 5 23.71 .095
SOHU .47 6 20.26 .138
QCOM .47 8 133.04 .024
EXPR .47 5 3.84 .610
DARE .47 1 1.46 .321
BODY .47 2 5.26 .178
XPEV .46 80 46.63 .720
VXX .46 3 21.44 .063
UONE .46 6 9.5 .288
UFAB .46 2 2.95 .310
NTEC .46 4 9.63 .188
MARK .46 4 2.11 .872
KBSF .46 2 3.05 .300
GURE .46 1 5.2 .088
EQOS .46 1 6.85 .067
CVV .46 2 4.82 .190
BCLI .46 1 2.895 .158
TYME .45 4 0.953 1.888
TME .45 1 7.86 .057
ONCT .45 2 3.67 .244
ME .45 4 11.59 .152
HHR .45 3 52.86 .024
ADIL .45 2 3.21 .280
WORX .44 4 1.71 1.028
NNVC .44 3 4.74 .276
GALT .44 3 3.17 .414
FFHL .44 2 9.75 .090
DWSN .44 2 2.32 .378
EVGN .43 1 2.61 .164
CAN .43 4 8.57 .200
ATIF .43 1 4.04 .106
ACI .43 8 30.95 .104
WIMI .42 3 4.92 .255
FCX .42 23 37.72 .253
DBGI .42 5 4.15 .505
CTSO .42 4 5.89 .284
ARMK .42 4 36.48 .044
SRNG .41 1 11.42 .035
MSFT .41 112 331.62 .112
KZIA .41 2 10.83 .074
GTT .41 1 2.36 .173
FLO .41 3 24.75 .048
BLIN .41 8 3.4 .960
AUUD .41 7 2.69 1.064
ACOR .41 4 4.07 .400
YJ .40 2 0.9 .888
ORMP .40 13 23.41 .221
LIZI .40 4 3.08 .516
KR .40 15 40.02 .135
GE .40 4 104.87 .012
FBRX .40 1 2.71 .147
DUOT .40 1 5.35 .074
CTIB .40 5 1.98 1.010
CIEN .40 18 54.29 .126
CHRA .40 1 4.73 .084
VTNR .39 8 4.89 .632
VIR .39 4 37.73 .040
LC .39 10 45.96 .080
FAST .39 4 57.08 .024
CSCW .39 2 0.659 1.182
AQMS .39 3 1.74 .672
APTO .39 3 2.05 .570
UNIT .38 1 14.31 .026
OVID .38 2 3.4 .222
OTLK .38 2 2.07 .366
MRTN .38 3 16.63 .066
IMMR .38 4 7.99 .188
ANIX .38 1 4.77 .079
AAL .38 8 19.2 .152
PTON .37 4 91.44 .016
ORCL .37 34 95.94 .102
HUGE .37 1 1.39 .266
HNST .37 1 9.15 .040
GPK .37 1 19.93 .018
CHMA .37 2 3.76 .196
CDEV .37 1 7.2 .051
UAVS .36 3 2.87 .375
MRKR .36 1 1.47 .244
MARA .36 15 52.24 .090
JFIN .36 2 3.8 .188
IDEX .36 4 1.98 .724
GNLN .36 2 1.71 .420
BNGO .36 12 5.08 .840
AKTX .36 1 1.66 .216
AEHR .36 23 22.62 .345
ADMP .36 1 1.05 .342
ACB .36 3 6.63 .162
ORGO .35 2 10.98 .062
LTHM .35 10 28.22 .120
LMFA .35 5 6.07 .285
IRIX .35 3 7.67 .135
GOVX .35 6 4.18 .498
CLSD .35 3 5.46 .192
BSQR .35 13 2.23 2.028
AESE .35 1 1.73 .202
XELB .34 2 1.41 .482
HWCC .34 1 5.3 .064
XOM .33 9 64.47 .045
KULR .33 2 2.97 .222
HNP .33 2 20.51 .032
GTS .33 1 35.29 .009
BP .33 3 28.79 .033
BHTG .33 1 1.19 .277
AZN .33 11 62.38 .055
WATT .32 2 1.92 .332
VBLT .32 2 2.37 .270
TAL .32 2 4.09 .156
SPCB .32 2 0.9 .710
SGBX .32 3 3.03 .315
MINM .32 2 1.79 .356
IMMP .32 3 4.28 .222
BKYI .32 1 3.17 .100
AAPL .32 108 149.8 .216
WINT .31 3 1.78 .522
ULBI .31 2 6.26 .098
PBR .31 8 9.82 .248
FENC .31 1 9.26 .033
DMAC .31 2 3.95 .156
D .31 8 75.93 .032
AUTL .31 2 5.58 .110
AEY .31 1 2.23 .139
XLP .30 4 71.25 .016
OXBR .30 5 3.3 .450
HAPP .30 1 0.9374 .320
ENG .30 3 2.24 .399
BBIG .30 20 5.07 1.180
NEXT .29 4 3.67 .316
HUSN .29 4 2.26 .512
NKLA .28 14 11.8 .322
MITO .28 1 1.13 .247
ALTO .28 3 5.32 .156
RSLS .27 4 2.72 .396
NAOV .27 11 1.44 2.057
GSM .27 7 6.63 .280
ENVB .27 3 1.76 .459
VIVE .26 2 2.13 .244
RRD .26 3 6.4 .120
PPBT .26 1 4.29 .060
PME .26 1 0.675 .385
AXLA .26 2 3.2 .162
AGNC .26 3 15.92 .048
PBLA .25 1 2.14 .116
HIPO .25 2 4.25 .116
RVI .24 2 6.26 .076
RAIL .24 4 4.19 .228
MOGO .24 4 5.49 .172
IKT .24 1 1.99 .120
GBR .24 1 3.8 .063
PIRS .23 7 4.58 .350
OCG .23 4 4.23 .216
BGI .23 2 6.8 .066
ANY .23 16 6.44 .560
ACHV .23 1 8.29 .027
THTX .22 1 3.49 .063
SSKN .22 1 1.82 .120
SPWH .22 3 17.26 .036
JFU .22 3 1.48 .444
INOV .22 2 40.79 .010
DYNT .22 5 1.43 .765
VIEW .21 1 5.34 .039
TENX .21 1 1.52 .138
SALM .21 3 3.76 .165
PFE .21 6 43.74 .024
ATOS .21 5 2.57 .405
ALAC .21 2 11.57 .036
ZNGA .20 2 7.38 .054
ENSV .20 1 1.16 .172
EKSO .20 1 4.02 .049
NBEV .19 1 1.48 .128
MOMO .19 3 12.45 .045
VSH .18 3 19.22 .027
TTM .18 7 31.58 .035
TEO .18 1 5.05 .035
OBSV .18 5 2.6 .345
ADMS .18 1 8.11 .022
YPF .17 2 4.2 .080
PPC .17 2 28.16 .012
LIVX .17 2 3.07 .110
KXIN .17 6 2.15 .474
GMTX .17 1 3.8 .044
FCEL .17 129 7.99 2.709
SWN .16 2 4.88 .064
SPG .16 4 146.58 .004
SNES .16 2 1.47 .216
INFI .16 4 2.54 .248
HFBL .16 1 18.9 .008
SBS .15 5 6.28 .115
IMV .15 2 1.64 .182
GRUB .15 3 14.29 .030
CHNG .15 2 21.53 .012
AGEN .15 10 3.84 .390
SYKE .14 3 54 .006
OEG .14 1 2.67 .052
NXTP .14 1 1.97 .071
INM .14 1 1.525 .091
IEC .14 1 15.34 .009
EDU .14 1 2.05 .068
TELL .13 7 3.92 .231
SVBI .13 1 13.63 .009
OSMT .13 4 1.78 .292
LMRK .13 1 16.47 .007
GENE .13 3 2.89 .132
ESXB .13 1 11.66 .011
CRON .13 4 5.19 .100
VERB .12 8 2.07 .456
SBBP .12 2 2 .120
PSTX .12 1 6.41 .018
MTL .12 8 4.2 .224
GSAT .12 2 1.65 .144
CHNR .12 4 1.31 .364
SNMP .11 2 1.05 .208
RIG .11 5 3.53 .155
MOHO .11 3 0.63 .522
GBS .11 1 2.04 .053
FENG .11 2 1.41 .156
CALA .11 1 1.93 .056
SSL .10 13 16.76 .065
SLHG .10 1 3.04 .032
RCAT .10 2 2.96 .066
RAVN .10 3 57.82 .003
MRO .10 14 16.32 .084
KDMN .10 4 9.45 .040
EDTK .10 2 1.37 .144
CNFR .10 2 2.71 .072
XELA .09 7 1.88 .329
WTER .09 2 1.7 .104
TEDU .09 2 0.8712 .206
TAAG .09 1 20.9494 .004
SELF .09 1 5.09 .017
PRPO .09 3 2.36 .114
CPG .09 6 5.03 .102
BIOC .09 2 3.72 .048
AEMD .09 3 3.59 .075
AEI .09 2 1.99 .090
MBII .08 1 0.8761 .091
COTY .08 5 8.48 .045
CLDR .08 1 15.99 .005
BQ .08 2 2.03 .078
OCG .07 13 4.23 .208
NEPT .07 2 0.5094 .274
MFGP .07 3 4.91 .042
ITRO .07 1 1.27 .055
ITRN .07 3 26.01 .006
FRO .07 11 8.81 .077
DBVT .07 11 3.03 .253
ALZN .07 1 2.14 .032
XBIO .06 8 1.67 .280
WYNN .06 3 89.8 0
VSTM .06 2 2.6 .046
PSP .06 2 16.4 .006
ET .06 4 9.51 .024
ABUS .06 1 4.03 .014
XPDI .05 9 12.5 .036
ULTA .05 12 367.36 0
OXY .05 29 33.53 .029
MDNA .05 8 2.25 .176
FRBK .05 1 3.1 .016
WYNN .04 4 89.8 0
PBT .04 2 8.06 .008
NOK .04 6 5.68 .042
IRCP .04 4 2.8 .056
CXP .04 1 19.17 .002
AVGR .04 7 0.704 .392
VTGN .03 5 2.29 .065
VCAR .03 1 15.73 .001
VALN .03 1 44.61 0
SNDL .03 1 0.65 .046
SIC .03 1 14.49 .002
SLVO .02 3 5.37 .009
NWHM .02 1 8.99 .002
KIN .02 2 9.25 .004
EIC .02 2 18.32 .002
DSE .02 1 9.49 .002
BLNK .02 11 31.8 0
RTLR .01 8 12.07 0
PMD .01 1 8.31 .001
INFL .01 2 31.41 0
IACB .01 3 9.97 .003
DFP .01 2 28.58 0
BEST .01 3 1.61 .018
WMPN 0 4 12.21 0
QADB 0 4 87.57 0
PAE 0 1 9.92 0
NLSP 0 1 2.16 0
GSKY 0 1 12.24 0
NSYS -.12 1 10.395 -.011
