ALAC .08 5
ALXN .82 4
CNFR .13 2
DPW 1.28 5
HGSH .61 4
HUSN .26 4
JRJC .59 3
KBSF .44 2
NETE 1.11 2
NTEC .77 4
SQBG .87 2
TRIT .36 6
XONE .76 2
ALVR .19 5 5.13 .185
AMBP .24 4 5.21 .184
NIU .67 6 5.25 .762
KOSS 5.73 11 5.27 11.957
GRU 0 4 5.31 0
CLNE .18 6 5.39 .198
CTIC -.01 34 5.41 -.034
VERU 1.05 42 5.41 8.148
ANPC 1.12 3 5.46 .615
SWN .05 38 5.6 .304
IQ .56 4 5.84 .380
UNIT .14 8 5.89 .184
HL .43 6 5.92 .432
LAW .58 5 5.94 .485
DDL 2.42 5 5.99 2.020
XAIR .33 3 6.09 .162
VNET .54 8 6.13 .704
FSTX 4.14 2 6.16 1.344
VTNR .35 29 6.19 1.624
KOS .06 27 6.2 .243
GDXD -.09 6 6.22 -.084
RRGB 3.40 4 6.36 2.136
CPG .03 40 6.67 .160
PSTX .37 6 6.69 .330
KZR .49 5 6.84 .355
VYGR 2.90 7 6.96 2.912
ALDX 2.61 6 6.98 2.238
EPM .19 3 7.03 .081
LABU .33 7 7.05 .322
FSR 2.58 3 7.08 1.092
RSLS .19 5 7.26 .130
PATI 1.33 2 7.2654 .366
NNOX .61 7 7.44 .567
RKT .31 9 7.47 .369
ICL .02 11 7.5 .022
STEM 1.15 13 7.56 1.976
IMMR .29 6 7.6 .228
FIGS 1.73 11 7.71 2.464
EOLS .61 5 7.81 .390
BLUE 1.91 4 7.86 .972
CD .80 5 7.9 .505
ENVX 2.07 6 8.05 1.542
ISIG .47 6 8.0669 .348
BLU 1.52 5 8.08 .940
DAVE 3.75 3 8.16 1.377
STRO 2.59 3 8.21 .945
HOOD .41 20 8.25 .980
GOGL .44 14 8.38 .728
EVO .33 6 8.52 .228
TAL .61 8 8.54 .568
YANG .30 18 8.57 .630
NEX .21 4 8.6 .096
TME .08 18 8.74 .162
PTON 1.95 9 8.92 1.962
AG 1.09 4 8.94 .484
BAK -.04 3 8.94 -.012
EDIT .85 4 9 .376
CHPT 1.40 10 9.01 1.550
BGFV .97 11 9.19 1.155
CCL .61 14 9.2 .924
COTY .08 17 9.2 .136
SNAP 1.26 133 9.22 18.088
CENX 1.06 3 9.32 .339
IMTX .80 7 9.44 .588
YPF .19 12 9.45 .240
ABCL .89 5 9.51 .465
YMM .61 9 9.56 .567
ATNM .39 4 9.88 .156
WOOF .51 6 9.89 .306
BTWN 0 21 9.94 0
MCW .27 2 9.95 .054
AVXL -.51 11 10 -.561
LHAA 0 5 10.08 0
XPEV -.04 116 10.11 -.348
SPWH .29 8 10.16 .224
PBR .12 37 10.28 .407
NIO .52 105 10.37 5.250
SBS .15 50 10.44 .700
DRN .30 10 10.48 .280
GDYN -.55 3 10.68 -.153
GBNY 0 3 10.7 0
UAA 2.40 7 10.75 1.561
AGNC -.19 36 10.85 -.612
PSO 0 16 10.85 0
SOXL .36 6 10.87 .198
CRGY .72 4 10.97 .260
GT .90 11 10.97 .902
NVAX 5.92 21 11.02 11.277
ASPN 1.14 2 11.11 .204
FRO -.10 53 11.13 -.424
BLNK 3.17 17 11.26 4.777
PDSB 1.23 5 11.38 .540
ORMP .05 24 11.49 .096
DKNG -.44 12 11.63 -.444
SBSW .74 15 11.66 .945
ASAN 2.95 21 11.78 5.250
FOLD 3.18 2 11.78 .538
GPS .72 13 11.78 .793
BCRX .29 23 11.82 .552
LYFT 2.65 9 11.94 1.989
GFI .20 26 11.95 .416
CFVI .73 4 12.04 .240
VTRS .09 9 12.1 .063
ET -.01 30 12.15 0
SI .14 18 12.24 .198
DB .05 18 12.44 .072
FTI .50 7 12.44 .280
DOMO 3.24 4 12.46 1.040
COGT .32 7 12.5 .175
MNSO -.63 11 12.51 -.550
F .65 17 12.58 .867
LXU 2.45 4 12.58 .776
CRK -.67 25 12.68 -1.300
MN .01 4 12.85 0
MLCO -.63 15 12.94 -.720
LESL 1.49 6 12.98 .684
ANVS 4.22 8 13.2 2.552
FA 1.68 2 13.27 .252
NINE .06 13 13.3 .052
VXX 1.74 7 13.4 .903
PLUG 1.82 15 13.41 2.025
BYND .54 14 13.79 .546
ASC -.03 9 13.83 -.018
AAL .20 14 14.18 .196
BHVN .81 10 14.43 .560
ICPT 2.48 3 14.48 .513
PSQ -.20 17 14.59 -.221
SBH .33 4 14.62 .088
GIII 1.76 9 14.72 1.071
AEO .88 10 15 .580
ARQT 2.10 4 15.01 .556
VET .24 45 15.07 .675
LBRT .13 5 15.17 .040
VIPS .79 12 15.4 .612
EURN .15 31 15.65 .279
RLAY 5.23 4 15.74 1.328
SH .01 14 15.79 0
SSL .28 54 15.88 .918
DWAC 4.31 12 15.92 3.240
SPXU .92 8 16.12 .456
NAPA .49 4 16.15 .120
ERF .13 27 16.28 .189
MYGN .44 5 16.39 .130
GME .69 107 16.46 4.387
TASK 2.42 9 16.73 1.296
HCM .09 9 16.78 .045
JWN 1.01 12 16.78 .720
PTEN 1.75 3 16.88 .309
BIG .47 6 16.89 .162
SPWR 3.82 5 17.13 1.115
ZIM .23 37 17.13 .481
SSRM .60 8 17.23 .272
FAZ .58 9 17.42 .297
TOST 6.00 7 17.43 2.408
SONO .79 11 17.55 .495
MDRX .61 4 17.6 .136
TQQQ 0 176 17.64 0
HOLI 2.10 4 17.65 .472
PAAS 2.26 5 17.74 .635
BEKE .26 16 17.8 .224
CALT -.12 11 17.97 -.066
CFLT 9.43 3 18.19 1.554
BLFS 1.19 3 18.56 .192
CLF .74 25 18.65 .975
ARRY 3.14 2 18.74 .334
LAC .31 31 18.94 .496
APG .11 4 19.08 .020
ONON 18.32 3 19.13 2.871
PLRX 5.01 4 19.19 1.044
T .16 23 19.53 .184
LTHM .37 30 19.55 .540
SBLK 1.08 15 19.6 .825
ISEE .64 11 19.76 .352
FGEN .69 4 19.79 .136
BCH .15 7 19.85 .049
UBS .10 22 19.89 .110
MAT .60 20 19.91 .600
OPNT .26 6 20.19 .072
TVTX 1.57 5 20.3 .385
VERV .45 8 20.44 .176
QQC 0 4 20.5741 0
ACI .65 22 20.81 .682
PBT .01 6 20.83 0
LI .02 43 20.93 0
JRVR .46 4 21.27 .084
SPXS .64 12 21.29 .360
ELY .51 4 21.33 .092
DAWN 1.53 4 21.34 .284
AU .27 26 21.47 .312
RFP .14 3 21.5 .018
PRVA .16 3 21.51 .021
OSH 4.63 3 21.65 .639
NOV 2.15 11 21.75 1.078
SLV 0 27 21.92 0
TECL 1.63 7 22.12 .511
M .92 32 22.13 1.312
RF 1.30 9 22.39 .522
RUN 3.01 15 22.69 1.980
WEN .56 5 22.77 .120
AEHR .03 42 22.81 .042
BULZ .50 6 22.87 .126
QFIN 2.17 13 23 1.222
ECOM 2.71 3 23.09 .351
RAPT .25 8 23.14 .080
SHLS 3.59 3 23.32 .459
HPK 1.56 2 23.4 .132
DPST 2.92 11 23.46 1.364
BZ .81 12 23.74 .408
RWM .30 10 24.17 .120
DOCN -.48 16 24.32 -.304
LZB .58 4 24.41 .092
CCJ .47 29 24.44 .551
PINS .67 17 24.46 .459
FHN .50 4 24.55 .080
HX .88 6 24.58 .210
KNBE .94 9 24.81 .333
ANF 1.65 6 25.2 .390
VRNA 6.12 3 25.27 .726
TWST -3.85 9 25.4 -1.359
NTNX 2.59 4 25.53 .404
PPC 1.15 7 25.56 .308
SDOW .39 10 25.79 .150
GH 1.20 9 25.95 .414
UBER .55 16 26.4 .320
BRG .04 11 26.6 .011
MRO .10 59 26.6 .177
IRBO .08 6 26.62 .018
PSTG .89 13 26.67 .429
AMOM .86 2 26.7189 .064
KSS .55 21 27.24 .420
AMKR .09 5 27.39 .015
VRDN .16 4 27.46 .020
CHNG .04 8 27.49 .008
ZTO 1.94 8 27.63 .560
XMTR 8.64 3 27.65 .936
DXC 1.33 7 28.17 .329
AR .95 5 28.2 .165
PDCO .40 6 28.31 .084
HDGE .14 8 28.36 .032
HPQ .34 18 28.36 .198
BILI .58 32 28.65 .640
OHI .17 9 28.66 .045
INTC -.67 17 28.73 -.391
MT .57 22 28.74 .418
SJR .11 8 28.75 .024
RBLX 2.74 19 28.88 1.786
BTU .27 38 28.89 .342
FLO 1.07 11 29.16 .396
CTRN 3.96 7 29.3 .945
BROS 2.97 7 29.53 .700
BOX .14 6 29.91 .024
WF .05 5 30.19 .005
CERE 3.51 9 30.74 1.026
INFL .64 5 31.17 .100
SU .83 23 31.37 .598
TRQ .22 12 31.41 .084
EQNR .06 21 31.86 .021
GCP 0 3 32.01 0
VSCO 1.43 9 32.44 .396
ATI 1.03 2 32.52 .062
DOG 2.00 5 32.85 .300
BERZ .62 13 32.99 .234
TZA 1.45 16 33.3 .688
TNA .58 11 33.37 .187
ARVN 2.20 11 34.05 .704
UPRO .35 8 34.07 .080
SOXS 1.73 39 34.09 1.950
SWCH .02 2 34.25 0
BP .32 34 34.46 .306
FITB 2.79 8 34.47 .640
KBH .28 3 34.55 .024
LUV .26 18 35.08 .126
GLW .71 6 35.38 .120
ATHM .57 5 35.73 .075
DAL 1.49 17 36.03 .697
CSIQ 1.32 11 36.15 .396
HRB .59 9 36.68 .144
TMX 6.06 5 37.87 .800
NFE .27 7 38 .049
NTLA 3.47 13 38.1 1.183
TCOM -.60 23 38.33 -.345
EDU .47 18 38.66 .216
PBF .42 13 39.24 .130
SUPN .52 5 39.38 .065
URTY 1.63 9 39.42 .369
FL 1.14 9 39.61 .252
DQ 1.94 18 39.76 .864
TECS 4.24 11 40.18 1.155
YETI .70 9 41.88 .144
CM .38 21 42.07 .189
VZ .14 24 42.19 .072
UAL .09 15 42.24 .030
FCX .39 41 42.28 .369
TTD 1.03 25 42.29 .600
WFC .31 27 42.8 .189
APA 1.36 17 42.89 .527
CYTK .42 10 43.15 .090
ROKU 0 15 43.6 0
CRH .07 15 43.62 .015
FUTU 4.63 9 43.62 .954
HTHT .46 4 43.69 .040
ARMK 1.13 5 43.95 .125
GLPG -.27 3 44.02 -.018
TSEM .22 4 44.2 .016
SKX 1.93 7 44.59 .301
SDS .63 15 44.63 .210
GKOS 5.32 2 45.17 .234
KR .42 45 45.74 .405
HP 1.01 3 45.8 .066
BBWI .78 10 46.12 .160
JKS -2.09 16 46.19 -.720
USB .81 13 46.31 .221
ZLAB 2.29 9 46.33 .441
AA 2.33 37 46.36 1.850
MO .34 20 46.45 .140
PCVX 2.16 4 46.65 .184
MOS .26 43 46.73 .215
HRL .57 25 46.91 .300
AYX 1.76 4 47.19 .148
FAST .48 20 47.61 .200
CTLT 2.75 2 47.66 .114
OVV .61 16 48.09 .192
CSCO .13 36 48.32 .072
STN .40 5 49.37 .040
SILK 2.53 7 50.53 .350
TAP .55 9 50.88 .090
PFE .20 34 50.92 .102
MAXR 1.40 5 51.01 .135
SRTY 1.09 13 51.18 .273
CIEN -.12 36 51.42 -.072
LVS .68 17 51.57 .221
CCXI .79 8 51.99 .120
OLLI -1.44 6 52.05 -.162
ITCI 1.03 4 52.06 .076
WPP 1.00 4 52.24 .076
SQQQ 2.05 33 52.4 1.287
NEM .70 6 52.69 .078
PRTA 2.54 10 53.64 .470
TWTR .25 22 53.7 .088
SLB -.02 37 54.5 0
NEWR 6.91 8 54.61 1.008
LITE 1.43 5 55.16 .125
SE 3.12 10 55.69 .560
CIVI 5.29 3 55.75 .282
STX 2.18 20 55.91 .760
OLN 2.68 8 56.19 .376
IYC .75 5 58.91 .060
PFGC 2.87 5 59.89 .235
IRDM 1.39 5 59.99 .115
FNGD .62 17 60.25 .170
YINN .69 10 60.92 .110
D .13 40 61.87 .080
LPX 1.39 7 61.98 .154
ON .49 36 62.47 .252
SPB 1.43 4 62.9 .088
KO -.11 27 63.4 -.027
NTAP .49 8 63.65 .056
OXY -.41 80 63.75 -.480
AMD 2.13 54 63.96 1.782
JD .30 32 64.3 .128
HAS 1.95 9 64.86 .270
SAIL .77 5 65.24 .055
KMX .72 10 65.78 .100
LOGI -.34 26 66 -.130
TSN .72 16 66.07 .160
OKE .58 10 66.57 .080
BLDR 3.40 10 67.24 .500
AXSM 5.48 4 67.99 .320
OKTA 10.37 2 68.03 .304
GBT .37 3 68.49 .015
SJIV .17 4 68.71 .008
BJ 0 11 68.82 0
SQ -.14 35 68.99 -.070
ZM 3.38 10 69.51 .480
WOLF 1.94 4 70.57 .108
AZN .35 49 70.8 .196
SIG 17.54 4 71.49 .980
VIGI .44 9 71.58 .054
ALC .22 37 71.7 .111
GE 1.42 16 71.94 .304
DUOL 2.56 5 72.08 .175
K .39 41 72.45 .205
DD .38 10 72.47 .050
XLP .07 48 75.78 0
PYPL .58 16 76.48 .112
ATVI 1.82 11 77.59 .253
TSM .53 20 78.07 .120
CAH .44 16 78.64 .080
CNC -1.95 11 78.66 -.264
SQM .51 26 79.68 .156
CL -.11 26 79.98 -.026
PVH 19.26 3 80.1 .720
STT 2.04 4 80.68 .100
MDT .41 18 80.86 .090
INCY 1.57 10 80.87 .190
OTIS .40 6 81.85 .024
TJX 1.21 16 82.72 .224
KRYS 1.22 2 82.86 .028
BBY 3.51 9 83.04 .378
AMBA 2.03 2 83.12 .048
XBI 1.23 21 83.16 .294
SPLK 8.70 8 83.36 .832
NEE 1.46 22 83.65 .374
SMCI -9.28 5 84.39 -.545
SCHW -.15 18 84.54 -.018
ORCL -.22 47 85.66 -.094
AKAM .79 7 85.85 .063
AMZN -10.68 129 86.08 -15.996
XLE .11 49 87.56 .049
GOOG -6.47 36 88.16 -2.628
ABNB 0 26 88.52 0
SLVO 0 21 88.8 0
CVS .19 28 91.6 .056
WYNN .92 18 93.57 .162
DIS .33 19 93.92 .057
PDD .29 23 95.96 .069
LSI .73 10 96.32 .070
RY .19 26 96.98 .026
COF .78 7 97.07 .056
CELH 2.72 9 97.26 .243
FISV .72 12 102.18 .084
MNST .78 12 102.43 .084
RTX .74 15 102.46 .105
STLD 1.33 6 102.69 .072
ZS 4.93 17 103.96 .799
AMAT -.23 21 104.27 -.042
TTWO .61 14 104.75 .070
DUK .14 39 105.18 .039
BABA .28 135 107.4 .270
NVCR 4.89 13 109.04 .572
XOM .55 59 110.53 .236
AN .43 14 111 .042
CROX .62 15 111.11 .075
ABT .59 30 112.33 .150
ANET .16 15 112.45 .015
MRK -1.19 22 114.84 -.220
QCOM .69 34 115.34 .170
RL 1.33 8 115.97 .088
TRI .72 15 116.68 .090
MPC .10 25 116.82 0
PAYX .55 10 117.45 .040
COP .34 56 118.23 .112
SPG .28 15 118.87 .030
ROG -7.63 5 119.35 -.315
AIT 2.93 4 120.63 .096
ROST 1.14 10 121.57 .090
WSM .77 14 123.76 .084
EA 1.13 15 123.89 .135
SNOW 3.25 25 124.06 .650
NKE .39 22 124.53 .066
XLK .72 37 124.73 .185
MMM .31 25 126.72 .050
VLO 1.84 36 127.56 .504
DKS .37 26 128.08 .052
CHKP .56 14 128.2 .056
J 1.06 5 128.51 .040
AAPL -.21 160 129.62 -.160
META .47 11 130.02 .033
XLY .85 37 132.07 .222
PKG -2.04 8 132.19 -.120
BIDU .03 158 133.06 0
PANW .61 15 134.85 .060
XLV .17 38 135.67 .038
JPM 1.52 24 137.94 .264
FANG .80 33 138.14 .165
KMB .24 34 138.45 .034
PWR 1.84 8 139.12 .104
CRM 2.44 30 140.51 .510
ARCH 1.59 10 141.5 .110
HES -1.21 6 143.7 -.048
IBM .29 31 143.7 .062
NUE .80 20 143.93 .100
CLX 1.45 14 144.44 .140
DLTR 2.19 20 145.83 .300
WMT -.02 44 146.78 0
A .67 15 147.67 .060
TMUS .53 30 148.57 .090
NVDA 1.02 210 148.59 1.260
BNTX .90 39 150.09 .195
AXP .76 22 150.17 .110
AMR 1.36 6 151.66 .048
UHS 1.42 9 151.96 .081
PG .23 35 153.92 .035
AAP .55 11 154.02 .033
JAZZ 4.82 3 158.79 .090
WM .82 25 159.49 .125
TGT .07 21 160.15 0
WDAY -2.30 13 161.14 -.182
ADI 1.13 14 165.52 .084
ABBV -.14 39 166.55 0
MDB .48 14 169.82 .028
AXON 62.01 2 170.9 .724
ESLT 0 29 171.05 0
GLD .43 29 173.71 .058
IWM .73 14 177.58 .056
UPS .68 24 178.95 .072
JNJ -.34 27 180.25 -.027
MRNA 2.83 47 180.35 .705
PEP -.14 31 181.1 0
FDX 5.82 3 185.77 .093
ADSK 2.68 9 187.19 .126
STE 4.26 9 191.75 .198
FB .77 130 196.64 .390
LOW .36 20 200.97 .020
AZPN 4.16 7 201.14 .140
ILMN 3.80 3 201.87 .054
RMD 5.92 5 208.89 .140
HON .63 15 210.27 .030
SMH .02 22 211.67 0
BA .69 12 213 .036
STZ 1.49 8 214.23 .048
V .22 22 217.75 .022
ALB 10.02 5 221.64 .225
TSCO 1.39 12 221.64 .072
BURL 2.08 9 223.91 .081
RACE 0 44 224.08 0
MSFT .64 158 224.93 .316
ENPH -8.83 24 233.65 -.888
SHW 3.86 4 235.8 .064
SIVB 2.29 13 245.79 .117
DG 2.52 12 248.56 .120
CAT 4.60 24 248.86 .432
HCA -1.37 7 254.52 -.035
EL 5.76 14 263.81 .294
MCD .37 22 269.47 .022
AMGN .93 21 275.2 .063
BIIB 3.53 17 279.25 .204
SEDG 2.84 15 281.81 .150
VRTX 7.05 9 290.21 .216
NFLX -.11 134 315.55 0
LIN .21 45 316.16 0
HD -1.48 30 317.53 -.120
SNPS 5.88 11 320.54 .198
LULU .95 10 329.26 .020
ADBE 4.47 20 332.75 .260
DIA .81 20 336.28 .040
GS 3.81 16 348.08 .160
LLY 2.53 29 362.94 .174
MA 6.23 12 367.67 .192
ARGX -1.94 14 375.81 -.070
INTU 1.98 8 386.52 .040
SPY 1.81 36 388.08 .144
DE 4.42 18 426.47 .180
LMT 4.08 28 473.24 .224
COST 1.48 30 482.87 .090
ULTA -.55 4 486.19 -.004
NRGU .61 8 488.8 .008
UNH 1.73 24 490 .072
ASML -.06 41 595.85 0
TDG 1.96 5 649.03 .015
BLK 2.70 7 738 .021
BKNG .79 15 2179.25 0
