GOVX 56.89 2 5.63
GOVX 56.89 2 5.63
SQBG 46.89 1 8.66
SAM 41.05 1
MSTR 38.02 1
BKNG 36.56 1
SPG 28.40 1
AZO 25.65 2 1537.25
EEIQ 20.56 1 3.85
EBET 20.52 1 33.38
REGN 18.91 3 679.57
IAC 17.92 1 132.06
ACRS 16.90 1 17.34
EJH 15.96 2 3.73
JAN 15.89 1 6.9
VRPX 15.31 2 17.6
GLSI 15.30 1 43.95
MDB 15.16 1 507.41
BNTX 14.94 3
NVAX 14.88 8 251.49
SE 14.48 4 353.36
DPZ 14.41 5 514.5
ZLAB 14.08 1
NVCR 14.03 2 138.55
ROKU 13.43 1 479.39
OCG 13.26 1 4.58
TPST 13.17 1 14.89
LII 12.44 1 327.32
RAPT 11.74 1 36.01
KALV 11.62 1 20.26
EL 11.21 1 17.0
ASML 10.95 2 857.88
ANTM 10.86 1 383.57
SEDG 10.82 1 293.07
ADSK 10.81 1 310.13
TWST 10.36 1 114.71
AUVI 10.36 2 7
LAD 10.32 1 371.73
RGEN 10.02 1 234.73
NTLA 10.00 7 176.78
UPST 9.72 6 247.29
KOSS 9.72 4 18.54
SNPS 9.69 1 315.57
UHAL 9.66 3 638.16
DE 9.42 4 6.47
IMPL 9.30 1 18.65
WDAY 9.24 1 269.21
NNOX 9.05 1 25.07
INTU 8.87 1 563.25
LWAC 8.69 1 16.98
AMGN 8.68 1 228.8
WAVE 8.60 1
TDG 8.49 2 624.0
CARV 8.41 3 16.5
COIN 8.34 2 256.35
NVOS 8.25 1 1.96
NRXP 8.25 3 14.91
ROST 8.24 1 115.38
ROLL 8.24 1 229.64
W 8.07 5 273.54
AMZN 8.07 92 3478.05
TSCO 7.96 1 180.9
BURL 7.92 1 318.09
GPN 7.69 3 158.01
MRNA 7.68 19 416.7
COHN 7.64 2 22.01
BLK 7.59 1 880.67
CRMT 7.58 2 132.01
SNOW 7.57 4 310
ZS 7.55 1 287.4
SIVB 7.54 1 570.17
DASH 7.45 2 187.61
FLGT 7.33 3 94
SPG 7.10 4
GH 7.05 1 131.72
CPOP 7.05 2 4.07
MA 6.96 3 340.23
LAIX 6.87 1 0.957
LHDX 6.82 1 8.92
TERN 6.81 1 12.58
AAP 6.68 1 207.57
VERV 6.63 3 71.39
RLMD 6.56 1 24.4
KEYS 6.46 1 168.72
KMB 6.35 1 135.82
PKI 6.30 1 172.11
VIR 6.18 1 48.96
ANVS 6.15 4 35.85
SCPS 6.13 4 5.67
SCR 5.96 1 35.49
UTHR 5.88 1 205.43
LANC 5.87 1 179.98
ENPH 5.87 2 173.94
CELH 5.86 1 73.31
SITM 5.79 3 203.99
DQ 5.79 4 61.75
LOW 5.78 3 205.98
LH 5.76 2 73.31
VERY 5.74 1 9.19
SI 5.73 1
HRI 5.63 1 130.74
COST 5.45 3 462.55
LLY 5.39 3 259.53
GWRE 5.32 1 123.01
DOCS 5.31 2 99.16
SPLK 5.11 4 158.44
APPN 5.04 2 113.69
APP 5.03 1 77.98
SJ 4.97 1 4.7135
AAME 4.94 2 3.99
LIN 4.89 3 313.43
V 4.88 1 225.11
AXP 4.88 1 173.12
HON 4.87 2 229.27
FULC 4.87 3 28.07
YETI 4.85 1 100.47
ZM 4.83 12 298.29
ZG 4.83 3 97.08
GRTS 4.83 3 10.97
PLCE 4.81 1 100.58
HAS 4.75 1 103.98
ABNB 4.71 3 158
HCA 4.67 1 249.32
GRVY 4.67 2 108.01
EDIT 4.67 1 56.48
LAZR 4.65 1 17.28
ADI 4.60 1 165.78
TSLA 4.57 141 733.57
STZ 4.57 1 234.27
RACE 4.57 1 212.51
GOOG 4.55 25 2895.5
WSM 4.52 3 179.21
TTWO 4.51 1 159.92
PRTA 4.43 2 71.38
CI 4.39 2 217.12
CAT 4.36 2 210.37
DOCN 4.31 1 73.46
DDS 4.31 5 201.8
IMAB 4.28 1 71.69
NEWR 4.27 1 82.6
RL 4.24 2 114.83
COF 4.22 1 159.96
CLDX 4.17 1 54.23
ALEC 4.17 3 26.64
IMNM 4.16 1 15.1
APPS 4.16 1 60.05
AN 4.16 2
SNA 4.15 1 221.53
VMW 4.12 3 145.11
STE 3.98 1 217.82
SPT 3.95 1 105.63
EAT 3.93 1 50.92
SAVA 3.92 20 50.2
SIEB 3.89 2 3.8
FANG 3.89 1 80.54
AFRM 3.85 3 93.05
BNTC 3.84 1 3.93
VRNT 3.78 1 45.07
SHEN 3.71 1 61.1
OCGN 3.71 2 7.43
BHVN 3.71 2 117.28
KZIA 3.69 1 10.4002
PKG 3.68 2 139.12
DLO 3.68 2 67.97
CTRN 3.67 2 88.64
STX 3.65 2 90.32
AMEH 3.61 2 111.1
LAW 3.60 1 59.55
PDD 3.58 4 102.23
QDEL 3.57 1 136.97
DLPN 3.56 3 13.03
AACG 3.56 3 2.77
ADBE 3.51 5 666.59
UHS 3.49 2 157.9
SKT 3.49 1 17.42
GME 3.48 75 202.75
TVTX 3.46 1 21.13
TDC 3.44 1 57.04
OTIS 3.43 1 89.2
SFIX 3.41 1 40.2
RBLX 3.40 4 82.87
FIGS 3.34 2 44.5
EA 3.34 1 146.6
NMRD 3.33 2 6.75
ISCG 3.33 1 52.04
MCD 3.30 2 238.82
BIIB 3.26 3 333.6
UNH 3.25 9 422.86
KURA 3.24 1 19
QADB 3.23 3 86.75
ESTC 3.23 2 171.49
OPNT 3.16 1 18.14
BYND 3.16 2 130.32
BKE 3.14 1 41.56
NURO 3.12 6 10.9
MSGE 3.10 3 80.62
VSCO 3.09 2 67
PTON 3.08 1 104.35
OLLI 3.08 1 72.58
XLNX 3.06 4 155.96
MS 3.05 2 92.62
KMPH 3.04 1 9.59
CLX 3.04 2 165.71
CREE 3.02 3 85.67
NEGG 3.00 20 16.89
DOMO 3.00 2 84.5
J 2.97 1 55.27
UBER 2.96 1 43.03
SEMR 2.96 1 28.24
ARVN 2.96 3 85.89
JRVR 2.95 1 36.25
TSM 2.93 1 117.82
FATE 2.92 1
DKS 2.90 4 145.19
LOOP 2.88 1 10.4
JCS 2.88 1 6.8
WGO 2.86 1 71.25
LITE 2.84 1 80.24
HTBX 2.80 1 6.53
WAFU 2.79 2 7.2
MOXC 2.78 2 7.05
IRDM 2.75 2 45.93
ABT 2.75 2 128.94
SLS 2.74 1 9.5
PFGC 2.74 1 42.96
MNST 2.74 1 97.58
TNA 2.70 2 93.79
NXPI 2.70 3 212.99
MVIS 2.70 2 14.86
AKAM 2.70 1 112.41
KNBE 2.69 4 27.4
XBI 2.65 4 134.19
AESE 2.65 1 2
PEP 2.63 1 153.0
NCTY 2.63 5 15.89
DTST 2.61 1 5.45
DPW 2.61 3 2.66
GS 2.60 6 411.31
RMBL 2.58 1 36.7
BYSI 2.56 1 26.84
TTD 2.55 5 78.2
DEN 2.54 1 72.57
LPX 2.53 1 55.27
FL 2.53 1 58.17
DDL 2.53 1 26.14
CLII 2.53 1 14.36
NTAP 2.52 2 86.98
JBL 2.52 1 62.01
HOL 2.52 1 12.35
LEXX 2.49 1 6.3
ALXN 2.49 2 182.5
LOGI 2.48 2 107.98
BBY 2.48 4 114.02
CRNC 2.46 2 116.64
TGT 2.44 7 244.31
QADB 2.42 0 86.75
PYPL 2.42 4 289.13
AMAT 2.42 3 135.83
TASK 2.41 3 70.82
AVXL 2.41 5 19.48
CM 2.39 2 39.74
PLD 2.38 2 128.07
PATI 2.38 1 12.83
PATI 2.38 1 12.83
GIII 2.35 2 32.03
UPS 2.33 5 197.34
SKX 2.32 1 54.16
CYTK 2.32 2 32.46
AGRI 2.32 1 5.53
CHCI 2.31 2 5.69
PRFX 2.29 1 2.92
ATKR 2.27 1 83.82
IWM 2.25 3 226.16
SQBG 2.23 0 8.66
SQ 2.23 21 269.74
RTX 2.23 1 88.2
DLTR 2.23 2 92.81
TSP 2.22 4 43.8
TJX 2.22 3 71.07
STT 2.22 2 79.72
LMT 2.22 8 356
CHGG 2.22 1 85.0
FGEN 2.21 2 12.4
AMD 2.21 7 109.92
OSTK 2.20 6 69.51
DXC 2.19 1 38.72
XTLB 2.18 1 4.7
TSN 2.17 2 78.23
MDT 2.17 4 134.63
SMLP 2.15 1 34.11
STMP 2.14 3 328.8
EXPI 2.14 3 49.31
INCY 2.13 1 77.95
IGIC 2.12 1 9.23
BBWI 2.11 2 65.6
WM 2.10 2 226.16
CERE 2.10 5 35.19
DELL 2.08 5 97.14
ROST 2.06 4 115.38
BON 2.06 1 10.52
ALDX 2.06 1 9.22
MFNC 2.04 1 21.5
BTX 2.04 1 11.85
VLO 2.03 2 66.35
JD 2.03 3 76.25
FLWS 2.02 2 30.4
APRE 2.02 1 4.69
MRIN 2.01 5 5.93
IBM 2.00 4 139.58
KSS 1.99 5 55.75
DD 1.98 1 97.71
VTSI 1.97 1 8.35
JG 1.96 2 2.25
BNR 1.96 2 20.51
NGM 1.94 1 21.13
LI 1.94 2 30.28
RRGB 1.93 1 20.52
LEGN 1.93 3 49.0
BTBT 1.92 7 12.97
BIDU 1.92 115 162.98
NEE 1.91 1 77.22
ZIM 1.89 1 45.51
FTCH 1.88 1 38.67
LEDS 1.87 2 9.31
HOOD 1.85 12 43.35
ON 1.84 1 104.35
DUK 1.84 1 107.72
DKNG 1.84 2 61.02
AIT 1.83 1 89.31
OSAT 1.82 2 5.89
OKE 1.82 1 51.72
DIS 1.79 6 181
ANF 1.79 1 35.78
ARCE 1.78 1 24.04
TTC 1.75 3 109.81
VOXX 1.74 2 10.5
CSIQ 1.74 1 37.12
PG 1.72 4 144.05
KODK 1.72 1 7.22
IMTX 1.72 2 13.45
CHKP 1.71 4 124.36
VMEO 1.70 1 35.94
SILK 1.70 3 65.8
LYFT 1.70 3 48.21
ENOB 1.70 3 7.76
BLDR 1.70 1 47.31
MYGN 1.67 1 34.8
TWTR 1.66 2 68.65
MPC 1.66 1 54.55
SYPR 1.65 2 3.72
FLOW 1.65 3 78.57
MMM 1.64 4 194.39
KMX 1.64 1 127.15
CRM 1.64 9 267.08
CAH 1.64 3 50.63
LODE 1.63 1 3.23
KYMR 1.63 1
JZXN 1.63 4 3.09
MOS 1.62 1 31.27
IYC 1.62 1 79.96
TMUS 1.61 2 136
CRCT 1.61 1 40.58
USB 1.60 3 57.13
SPI 1.60 2 5.11
RMED 1.60 3 3.19
MBRX 1.60 1 3.17
WHLM 1.59 3 6.07
BZ 1.59 1 34.13
A 1.59 5 179.28
FISV 1.58 5 115.66
CELC 1.58 2 21.5
RIOT 1.57 2 32.89
GTEC 1.57 2 6.86
CNC 1.57 1 70.47
CARA 1.57 2 15.24
SPTN 1.56 1 21.52
PAYX 1.56 1 113.6
ENTX 1.55 1 5.09
BLFS 1.55 1 53.26
SSY 1.54 2 2.55
HGEN 1.54 2 16.02
FUV 1.54 1 11.04
GIS 1.53 1 60.91
UAL 1.50 1 46.22
SUPN 1.50 1 27.46
ENLV 1.50 1 11.72
DG 1.50 3 222.45
ZEV 1.49 3 9.28
SGOC 1.48 8 8.1
JNJ 1.48 2 175.04
VCVC 1.46 1 9.85
LGHL 1.46 1 1.51
PINS 1.45 3 56.59
EYEG 1.45 1 1.75
EVOL 1.45 1 2.25
BPTH 1.44 1 5.56
SNOA 1.43 3 5.96
SCKT 1.43 3 7.04
GM 1.42 1 52.85
ATVI 1.42 3 81.18
SCHW 1.41 2 72.09
AVIR 1.41 1 25.0
CVS 1.40 3 87.47
ERYP 1.39 2 6.26
EOSE 1.39 2 13.69
COUR 1.39 1 40.91
TNET 1.38 1 79.86
NVDA 1.38 136 228.43
LIVE 1.37 3 41.55
ECOM 1.37 1 27.12
ATNF 1.36 2 6.35
APOP 1.36 2 6.69
TAOP 1.35 3 3.12
BWAY 1.35 1 8
WNW 1.34 1 5.06
NLS 1.33 1 13.62
AMC 1.33 52 44.02
SLV 1.32 1 22.88
HOG 1.32 2 40.12
AESE 1.32 0 2
AEO 1.32 2 26.9
VIH 1.31 1 11.16
SPY 1.31 1 453.08
SJM 1.30 6 120.61
AA 1.30 2 23.83
SPCE 1.29 22 24.28
RUN 1.28 3 45.54
MAT 1.28 2 21.51
LEN 1.28 3 105.61
FRD 1.28 1 11.89
XLV 1.27 1 136.85
RHE 1.27 2 9.06
HJLI 1.27 1 8.09
APXT 1.27 1 12.11
SLGG 1.26 1 4.13
MESO 1.26 1 6.37
JKS 1.26 2 51.62
HHR 1.26 1 42.84
THCB 1.25 1 10
NNVC 1.25 1 4.02
PBTS 1.24 1 1.49
HCM 1.24 3 42.88
EDSA 1.24 1 5.8
CMMB 1.24 2 14.65
ANPC 1.24 2 3.52
TAP 1.23 2 86.98
C 1.23 4 32.18
RCUS 1.22 1 33.42
EYES 1.22 6 3.74
BBBY 1.22 12 27.02
KIRK 1.21 1 23.39
ARAV 1.21 1 4.15
STEM 1.20 4 25.53
MAXR 1.20 3 32.05
JPM 1.20 12 159.49
CRIS 1.20 2 8.48
CETX 1.20 1 1.25
AMTX 1.20 3 12.09
PALI 1.19 2 2.73
JWN 1.19 3 27.08
GSM 1.19 1 9.37
QCOM 1.18 7 144.63
PFE 1.18 3 46.84
GRU 1.18 1 4.27
GRU 1.18 0 4.27
GRTX 1.18 1 8.08
DFH 1.18 1 20.98
AYRO 1.18 1 4
NIU 1.17 3 24.33
CLSK 1.17 1 11.69
SIF 1.16 1 8.53
HGSH 1.16 2 1.84
MARA 1.14 7 43.41
DAL 1.14 4 38.52
VNET 1.13 3 21.8
STG 1.13 1 6.18
NUAN 1.13 1 55.21
ABSI 1.13 1 22.26
RY 1.12 2 105.72
QFIN 1.12 6 25.01
MNOV 1.12 2 4.17
BZUN 1.12 1 19.14
TGTX 1.11 1 30.17
PMCB 1.11 3 3.4
CNET 1.11 1 1.48
BCRX 1.11 5 15.66
OPTT 1.10 1 2.08
HD 1.09 9 330.34
GT 1.09 1 16.31
DDD 1.09 8 31.97
ATAI 1.09 1 17.16
SLB 1.08 1 28.43
RSLS 1.08 1 3.24
MTSL 1.08 3 3.37
FCBP 1.08 1 29.1
BAC 1.08 3 37.85
B 1.08 1 47.04
AZYO 1.08 1 8.4
ALF 1.08 2 8.21
XLE 1.07 3 48.62
TTCF 1.07 1 17.03
LC 1.07 4 31.04
NETE 1.05 1 9.77
OCUP 1.04 1 5.28
IPA 1.04 2 7.22
FSTX 1.04 1 7.99
CANF 1.04 1 1.85
ALLO 1.04 1 25.47
FTEK 1.03 2 1.87
COP 1.03 5 56.24
BJ 1.03 5 59.18
AMKR 1.03 1 23.53
ALYA 1.03 3 2.885
FAST 1.02 1 53.15
ZCMD 1.01 1 1.69
RCON 1.01 1 3.21
MVST 1.01 4 10.18
LL 1.01 1 97.33
EGRX 1.01 2 47.73
BGFV .99 5 31.61
TRCH .98 2 9.88
NFLX .98 101 590.53
HOFV .98 2 3.08
UAA .97 2 23.83
SKLZ .97 3 12.1
FA .96 1 23.3
DWSN .96 1 2.08
BTWN .95 1 9.97
CGC .94 1 19.19
MO .93 2 12.92
CHPT .93 1 22.01
ABBV .93 4 111.62
LBPH .92 1 10.15
KNL .92 1 25.04
YEXT .91 1 13.03
WFC .91 4 43.13
GEG .90 1 2.38
YMM .89 1 18.31
PLUG .89 8 26.4
CEMI .89 6 2.62
ACHL .89 1 6.46
HPQ .88 3 29.86
BABA .88 96 170.3
GLD .87 5 171.06
DTSS .87 1 2.04
AFMD .87 1 6.69
VLDR .86 1 6.82
RF .86 1 19.1
ATHM .86 2 40.22
SRNE .85 1
SAFM .85 1 193.28
RIDE .85 5 6.25
HNP .85 1 22.98
CRTO .85 1 36.02
RKT .84 1 19.21
PTIX .84 2 2.16
HRC .84 3 151.68
BB .84 11 11.07
UUU .83 2 6.29
UAVS .83 1 3.42
SPRT .83 15 21.95
LUV .83 3 48.86
IRBO .83 1 45.6
CSCO .83 5 59.42
CNA .83 1 43.9
SANA .82 1 23.14
MNSO .82 1 16.96
FITB .82 3 38.51
CLF .81 5 23.91
GMBL .80 1 8.79
COTY .80 2 9.48
SWI .79 1 10.88
SCYX .79 1 6.65
PNRG .79 1 51.49
MU .79 4 73.81
BP .79 1 25.64
AEHR .79 8 8.39
ZY .78 3 10.33
VVOS .78 4 5.09
OTLK .78 1 2.6
K .78 5 63.44
HX .78 1 1.79
GNOG .78 1 22.09
CAI .78 1 56.09
WATT .77 1 2.45
PLTR .77 2 26.64
EXPR .77 3 5.39
WOOF .76 1 21.52
NBRV .76 1 1.11
APG .76 1 22.92
GP .75 2 15.19
SHOP .74 5 1554.25
PSTG .74 2 26.48
MQ .74 1 26.96
GTIM .74 1 5.32
GRVI .74 3 5.65
FUBO .74 2 29.97
ATXI .74 1 1.74
VZ .73 2 55.96
VOOV .73 1 146.35
UPC .73 3 2.3402
ORPH .73 3 5.12
ORMP .73 9 19.41
NVFY .73 3 2.27
MRK .72 2 16.16
ENSC .72 1 3.36
BTCM .72 4 12.04
ARPO .72 1 2.2
AREC .72 4 2.39
ZKIN .71 2 3.87
TBLA .70 1 9.85
SONO .70 4 40.68
PRPL .70 3 27.32
ORGS .70 1 5.1
OCX .70 1 4.2
NKE .70 5 163.29
JRJC .70 1 4.51
CBAT .70 2 3.11
WIMI .69 1 4.25
BEKE .69 1 18.98
ASM .69 1 1.06
ONCS .68 1 2.28
BBIG .68 11 7.98
XONE .67 2 24.83
WMT .67 14 149.25
FOE .67 1 21.13
CLNE .67 1 7.87
BODY .67 1 7.59
VIPS .66 1 14.26
TIGR .66 5 13.75
SSNT .66 1 6.84
RETO .66 1 0.9644
ERJ .66 1 15.28
CTKB .66 1 24.23
CRTD .66 3 3.38
AMOM .66 1 37.2423
TATT .65 3 5.81
STRO .65 2 21.73
SOHU .65 4 23.86
PDCO .65 2 31
PCVX .65 1 25.66
OLB .65 1 5.38
LMNL .65 3 2.69
TESS .64 1 5.91
M .64 5 21.72
LZB .64 2 34.29
GPS .64 5 25.11
FLGC .64 2 8.78
CTIB .64 3 2.22
ANY .64 6 6.36
ACY .64 16 28.69
XLP .63 1 72.83
DNUT .63 3 16.12
CCL .63 4 22.96
ULTA .62 1 388.74
LJPC .62 2 4.03
SPWH .61 1 17.77
SOS .61 2 2.82
SNAP .61 110 75.08
PLG .61 1 2.85
MRVL .61 5 61.51
GNLN .61 1 2.73
CL .61 3 77.91
BIOC .61 1 3.66
AMBO .61 1 1.5
PSTV .60 1 1.99
EVK .60 6 3.02
AVCT .60 1 4.52
AMRS .60 1 13.82
VERU .59 3 9.89
UONE .59 3 7.84
BIG .59 2 47.8
ACI .59 4 33.35
WPRT .58 2 3.92
WISH .58 3 7.24
TRIT .58 3 5.29
STAF .58 2 2.2
LTHM .58 4 25.33
EPU .58 2 26.77
WEI .57 1 0.875
TQQQ .57 129 151.45
T .56 3 27.56
SBH .56 2 17.68
OBLN .56 3 3.05
MTP .56 1 1.81
KO .56 5 56.47
INTC .56 5 53.51
CLPS .56 1 3.52
CLPS .56 1 3.52
CLOV .56 1 8.84
ARMK .56 3 35.02
VNE .55 6 35.5
UWMC .55 1 7.46
EVGO .55 1 12.44
EOLS .55 1 9.62
APTO .55 2 2.96
WHLR .54 2 3.22
ENZ .54 2 3.68
AUUD .54 5 2.88
ADMA .54 1 1.33
TBIO .53 3 37.38
MEDS .53 5 5.23
HUYA .53 3 11.22
EQ .53 1 6.02
ENG .53 2 2.1
VIVE .52 1 2.51
TLRY .52 3 13.59
KULR .52 1 2.24
HRL .52 3 42.81
FLO .52 2 24.65
XBIO .51 7 2.71
VTNR .51 6 7.21
KR .51 9 46.65
DYAI .51 3 6
CPSH .51 1 6.18
AUTL .51 1 7.27
NKE .50 7 163.29
RKDA .49 1 2.31
NRBO .49 2 4.18
IGC .49 3 1.62
ARMP .49 1 3.56
XPEV .48 79 39.75
XOM .48 5 54.87
PBR .48 3 10.45
NNDM .48 3 6.42
NIO .48 75 40.37
NEXT .48 2 3.31
DBGI .48 3 2.83
TRIL .47 1 17.38
DARE .47 1 1.74
D .47 6 78.38
BGI .47 1 2.6781
VXX .46 3 24.94
UFAB .46 2 2.6674
NTEC .46 4 9.63
KBSF .46 2 3.75
INOV .46 1 36.87
GURE .46 1 4.1
CVV .46 2 5.24
CIEN .46 16 56.92
BCLI .46 1 3.46
TYME .45 4 1.14
TME .45 1 8.92
ONCT .45 2 4.41
ME .45 1 8.98
BLIN .45 7 4.68
ADIL .45 2 4.35
WORX .44 4 2.78
GALT .44 3 3.85
FFHL .44 2 10.33
ENVB .44 1 2.63
FCX .43 16 36.14
EVGN .43 1 3.24
CAN .43 4 9.52
ATIF .43 1 3.93
AQMS .43 2 2.34
OBSV .42 2 3.16
VSH .41 2 22.71
GTT .41 1 2.36
CTSO .41 3 9.45
ASTR .41 3 11.66
ACOR .41 4 4.38
YJ .40 2 0.815
RRD .40 2 4.96
LIZI .40 4 4.26
GE .40 4 104.75
FBRX .40 1 5.06
DUOT .40 1 6.68
CHRA .40 1 5.03
AAPL .40 107 154.3
OXBR .39 4 3.28
MOMO .39 1 12.92
MDIA .39 2 7.82
CSCW .39 2 1.07
BLUW .39 1 7.66
OVID .38 2 3.51
MRTN .38 3 15.37
ANIX .38 1 5.43
AAL .38 8 19.37
HUGE .37 1 1.81
HNST .37 1 13.83
GPK .37 1 18.91
CHMA .37 2 3.76
MRKR .36 1 1.97
JFIN .36 2 4.46
IDEX .36 4 2.4
BNGO .36 11 5.86
AKTX .36 1 1.85
AGNC .36 2 16.18
ADMP .36 1 1.11
ACB .36 3 7.39
MFGP .35 1 5.79
IRIX .35 3 7.1
CLSD .35 3 6.6
BSQR .35 13 2.56
XELB .34 2 1.7799
HWCC .34 1 5.24
AZN .34 6 58.83
LMFA .33 4 4.9
GTS .33 1 35.68
BHTG .33 1 1.49
VBLT .32 2 2.43
TAL .32 2 5.12
SPCB .32 2 1.21
MINM .32 2 2.25
IMMP .32 3 4.39
BKYI .32 1 3.27
WINT .31 3 1.95
ULBI .31 2 8.25
PIRS .31 5 5.29
FENC .31 1 7.94
DMAC .31 2 4.1
AEY .31 1 2.69
HAPP .30 1 1.14
HUSN .29 4 2.72
AXLA .29 1 3.59
MITO .28 1 1.43
IMMR .28 2 7.66
ALTO .28 3 4.91
SSL .27 3 15.3
NAOV .27 11 2.29
PPBT .26 1 5.07
PME .26 1 0.6899
NKLA .26 14 10.46
ATOS .26 4 3.75
PBLA .25 1 2.31
RAIL .24 4 5.2
IKT .24 1 2.41
GEVO .24 3 6.11
GBR .24 1 4.16
MOGO .23 3 5.31
ACHV .23 1 8.4
THTX .22 1 3.65
SSKN .22 1 1.4
OXY .22 22 25.92
JFU .22 3 1.89
GENE .22 2 3.47
DYNT .22 5 1.35
XELA .21 6 2.59
VIEW .21 1 5.27
TENX .21 1 1.57
SBS .21 1 6.89
KXIN .21 5 3.07
ALAC .21 2 11.3
ZNGA .20 2 8.11
PHUN .20 5 1.12
ENSV .20 1 1.37
EKSO .20 1 4.76
NBEV .19 1 2.27
AGEN .19 4 6.09
TELL .18 5 3.12
OSMT .18 3 3.65
ET .18 2
DBVT .18 3 5.67
PPC .17 2 28
MRO .17 6 11.63
LIVX .17 2 2.94
IRCP .17 1 2.97
FCEL .17 126 6.12
SNES .16 2 1.69
RAVN .16 2 58.35
INFI .16 4 3.79
HFBL .16 1 18.55
IMV .15 2 1.77
GRUB .15 3 18.25
CHNG .15 2 22.12
SYKE .14 3 54
OEG .14 1 3.04
INM .14 1 2.3
IEC .14 1 15.33
EDU .14 1 2.36
SVBI .13 1 12.5
LMRK .13 1 16.36
ESXB .13 1 11.07
SBBP .12 2 2.24
RIG .12 2 3.5
PSTX .12 1 8.17
CHNR .12 4 1.25
VERB .11 6 1.98
SNMP .11 2 1.2
MOHO .11 3 0.662
GBS .11 1 3.42
FENG .11 2 1.28
CALA .11 1 2.4
XLK .10 3 159.36
SLHG .10 1 2.81
MSFT .10 107 301.14
EDTK .10 2 1.48
AEMD .10 2 3.69
WTER .09 2 1.79
TEDU .09 2 1.51
PRPO .09 3 3.25
NOK .09 2 6.12
AEI .09 2 2.1
MDNA .08 7 2.41
MBII .08 1 1.2
MARK .08 2 1.16
CRON .08 4 6.92
CLDR .08 1 15.95
BQ .08 2 2.76
NEPT .07 2 0.6377
ITRN .07 3 26.1
WYNN .06 3 96.15
PSP .06 2 16.5194
ITRO .06 1 1.27
FRO .06 5 7.67
ULTA .05 12 388.74
SELF .05 1 5.44
FRBK .05 1 3.35
CNFR .05 2 3.58
WYNN .04 4 96.15
VTGN .04 3 3.16
SHOP .04 88 1554.25
PBT .04 2 5.36
GMTX .04 1 5.28
AVGR .04 7 0.89
VCAR .03 1 12.128
SNDL .03 1 0.76
SIC .03 1 14.33
FB .03 93 376.26
DFP .03 1 29.36
NWHM .02 1 8.99
KIN .02 2 9.25
IACB .02 2 9.85
FB .02 100 376.26
DSE .02 1 9.49
BLNK .02 11 32.97
BEST .02 2 1.06
SLVO .01 2 5.63
PMD .01 1 7.86
INFL .01 2 30.53
WMPN 0 4 11.95
BILI 0 21 85.95
202PENN %:
RTLR -.01 7 11.26
EIC -.08 1 16.24
NSYS -.12 1 13.2
