NRBO 2.33 4 2.16 4.312
DAVE .38 3 0.2945 3.870
ATXI .78 4 1.67 1.868
ANVS 3.43 6 12.25 1.680
TME 1.10 5 3.97 1.385
ENVX 3.95 4 11.85 1.332
TECS 7.11 7 46.47 1.071
FSR 2.56 3 7.2 1.065
RLMD .97 5 5.96 .810
PTON .83 9 9.41 .792
KMPH 1.07 4 5.59 .764
BRLT .91 6 7.56 .720
VEEE 1.36 1 2.19 .621
ROKU 2.71 10 50.37 .530
LYFT .94 8 14.14 .528
DKNG .61 10 11.8 .510
ONON 2.88 3 17.45 .495
BEKE .55 10 11.53 .470
UAA .62 6 8.26 .450
KSS .63 19 26.85 .437
SOXS .79 31 53.06 .434
CRM 2.44 26 144.59 .416
GGR .62 2 3.14 .394
NGM .69 3 5.58 .369
PINS .53 16 22.58 .368
GT .38 10 10.32 .360
BZ .48 10 13.45 .350
PYPL 2.19 12 77.66 .336
IMTX .58 6 10.44 .330
GIII 1.02 6 18.86 .324
BFLY .20 6 3.76 .318
ABNB 1.23 24 95.46 .288
MVIS .22 4 3.25 .268
CFLT 1.84 3 20.64 .267
MRNA 4.04 10 164.04 .240
ZIM .60 10 24.63 .240
TTD 1.03 10 43.72 .230
BERZ .97 10 41.6 .230
TELL .14 5 3.05 .225
JOBY .16 6 4.32 .222
CCL .16 12 8.76 .216
GKOS 4.94 2 47.05 .208
TAL .37 3 5.36 .207
ICPT 1.55 2 15.32 .202
NKE 1.00 20 93.44 .200
LTHM .63 10 30.37 .200
CRGY .72 4 14.85 .192
BNTX 3.08 10 160.72 .190
SBSW .19 10 9.74 .190
FAZ .53 7 19.93 .182
LESL .42 6 13.9 .180
AA .21 36 41.51 .180
SPXS .69 6 23.7 .174
TTWO 1.44 13 108.4 .169
FNGD 1.74 8 80.63 .168
OVV .80 12 55.46 .168
AVXL .38 5 11.49 .165
TH .36 5 10.72 .165
BCRX .20 10 11.83 .160
EQRX .29 3 5.43 .159
CENX .38 3 7.28 .156
JD .71 10 44.51 .150
INTC .44 10 28.41 .150
BLU .26 5 8.59 .150
BROS .70 7 32.71 .147
TVTX .60 5 20.36 .145
TMX 1.09 5 37.87 .140
UAL .46 14 42.78 .140
ACI .31 10 20.85 .140
WEBR .24 4 6.84 .140
SQQQ .39 23 57.66 .138
BA 2.21 10 164.91 .130
WYNN .97 10 72.28 .130
BLDR .80 10 57.91 .130
MOS .68 10 49.92 .130
LVS .55 10 40.7 .130
CD .26 3 6 .129
GM .66 8 39.39 .128
DAL .30 16 33.36 .128
SRTY 1.29 5 52.63 .120
FLO .35 10 28.45 .120
F .33 5 13.7 .120
EVO .23 5 9.5 .120
MLCO .10 8 6.39 .120
SEDG 1.91 13 211.3 .117
FOLD .60 2 10.31 .116
HCM .24 5 10.26 .115
D .21 38 62.94 .114
YANG .21 14 24.32 .112
SIVB 2.41 10 212.91 .110
FISV 1.06 11 96.39 .110
TCOM .61 5 26.99 .110
IMVT .29 5 12.67 .110
MT .28 10 24.04 .110
COTY .16 5 6.98 .110
UWMC .09 5 3.96 .110
TMUS .63 27 149.78 .108
FA .57 2 10.37 .108
SOXL .18 6 9.59 .108
GLW .89 4 33.08 .104
CTLT 2.08 2 41.48 .100
WOLF 1.93 4 75.17 .100
RY .97 10 95.04 .100
GOOG .90 10 88.65 .100
SKX .73 5 35.73 .100
MMM .69 20 124.68 .100
SLB .59 10 54.81 .100
CNC .96 9 82.95 .099
DD .77 8 61.74 .096
FITB .45 8 35.04 .096
DKS .49 23 108.02 .092
NFLX 2.48 10 258.6 .090
CAH .80 10 80.98 .090
GDXD .70 2 15.35 .090
XBI .42 18 79.12 .090
META 1.10 8 96.72 .088
LZB .56 4 24.79 .088
VZ .18 21 37.19 .084
ATNM .34 3 12.18 .081
V 1.71 10 200.1 .080
LITE 1.44 4 70.38 .080
TSM .54 10 62.76 .080
TWTR .43 10 53.7 .080
USB .35 10 43.53 .080
MRO .27 10 33.03 .080
RTX .67 13 96.17 .078
CVS .32 26 101.18 .078
BLUE .18 3 6.81 .078
DOG .63 4 33.7 .072
ATHM .57 4 31 .072
VERV .20 8 21.75 .072
LOW 1.45 10 186.56 .070
NTNX .93 2 26.55 .070
AMAT .71 10 95.04 .070
PPC .27 7 25.31 .070
T .13 10 18.36 .070
ECOM .78 2 23.06 .066
XLV .36 33 132.21 .066
LAC .35 5 26.44 .065
MAXR .33 5 24.53 .065
BAK .41 2 12.48 .064
CAT .73 21 228.61 .063
OHI .31 7 32.66 .063
VRTX 3.28 6 303.23 .060
HTHT 1.05 2 33.96 .060
AAPL .95 10 138.92 .060
FAST .34 10 49.57 .060
MCW .27 2 8.91 .060
BOX .54 3 27.14 .057
PCVX .64 4 43.35 .056
PEP .42 28 180.21 .056
VTRS .13 5 10.97 .055
TGT .90 10 159.87 .050
ABBV .86 10 148.1 .050
PG .78 10 136.5 .050
MNST .52 10 98.9 .050
CL .40 10 73.5 .050
ARMK .38 5 35.38 .050
INFL .32 5 31.47 .050
SJR .27 5 26.5 .050
TRQ .17 10 30.84 .050
DB .10 5 9.8 .050
SNOW .36 23 129.1 .046
RMD 1.97 5 212.64 .045
IWM 1.70 5 179.49 .045
ALC .52 5 57.59 .045
EL .84 11 206.01 .044
SHW 3.32 3 221.37 .042
AXON 3.21 2 148.44 .042
HES 2.15 3 148.74 .042
CIVI 1.03 3 70.38 .042
XOM .99 5 113.64 .040
MCD .72 20 276.41 .040
CM .19 10 46.27 .040
UPS .49 19 169.13 .038
HDGE .19 6 29.64 .036
CSCO .32 5 44.55 .035
VIGI .43 5 65.75 .030
LSI .34 10 101.46 .030
ORCL .30 10 76.74 .030
ALB 2.13 4 286.49 .028
STZ 1.07 7 246.49 .028
NFE .27 7 58.69 .028
FHN .18 4 24.35 .028
KMB .22 27 124.32 .027
MRK .53 5 100.07 .025
SSRM .08 5 14.08 .025
AMOM .33 2 26.8494 .024
APG .15 3 17.68 .024
AMKR .15 4 21.64 .024
JAZZ 1.11 3 145.37 .021
TSEM .30 3 39.9 .021
KMX .24 7 64.63 .021
VLO .60 5 131.78 .020
SCHW .34 5 79.65 .020
WF .27 2 25.15 .020
LOGI .11 10 53.44 .020
HOOD .05 5 12.03 .020
UHS .32 9 113.13 .018
PRTA .15 9 55.78 .018
WM .32 5 157.35 .010
MAT .02 10 17.7 .010
FGEN .04 4 16.16 .008
BCH .03 7 18.75 .007
GBT .15 3 68.49 .006
LLY .51 5 365.07 .005
CHNG .05 5 27.49 .005
PDCO .03 5 28.01 .005
UNIT .01 5 6.97 .005
SJIV .11 3 68.86 .003
AZPN .10 7 227.39 0
ABT .08 28 99.5 0
KO .05 26 59.49 0
ANET .05 11 130.58 0
KR .04 42 46.85 0
STE .03 9 163.57 0
ARGX .03 9 362.3 0
UBER .02 15 27.69 0
SQM .02 17 98.02 0
MPC .02 10 119.5 0
KBH .02 3 28.25 0
MN .01 4 12.85 0
MDRX .01 4 16.19 0
LBRT .01 5 18.01 0
SPLX 0 5 0.0
QQC 0 4 20.75 0
IRBO 0 4 24.23 0
IBM 0 29 138.34 0
HL 0 5 4.79 0
GRU 0 3 5.495 0
GNFT 0 10 3.78 0
GBNY 0 3 10.88 0
CIEN 0 10 45.74 0
CALT 0 10 14.8 0
AYX 0 4 42.16 0
ASAX 0 3 9.93 0
A 0 10 138.03 0
INCY -.02 9 75.9 0
NVDA -.05 207 143.01 0
AN -.06 9 110.54 0
AMGN -.06 17 277.02 0
UNH -.16 23 545.02 0
LMT -.45 25 488.63 0
PBF -.12 5 47.46 -.010
AKAM -.18 7 83.86 -.014
WDAY -.42 11 136.52 -.033
AEHR -.03 36 21.32 -.036
BTU -.04 37 30.01 -.037
ASML -.76 38 483.39 -.038
BB -.03 16 4.75 -.096
