AXON 62.01 2 170.9 .724
PVH 19.26 3 80.1 .720
ONON 18.32 3 19.13 2.871
SIG 17.54 4 71.49 .980
OKTA 10.37 2 68.03 .304
ALB 10.02 5 221.64 .225
CFLT 9.43 3 18.19 1.554
SPLK 8.70 8 83.36 .832
XMTR 8.64 3 27.65 .936
VRTX 7.05 9 290.21 .216
NEWR 6.91 8 54.61 1.008
MA 6.23 12 367.67 .192
VRNA 6.12 3 25.27 .726
TMX 6.06 5 37.87 .800
TOST 6.00 7 17.43 2.408
RMD 5.92 5 208.89 .140
NVAX 5.92 21 11.02 11.277
SNPS 5.88 11 320.54 .198
FDX 5.82 3 185.77 .093
EL 5.76 14 263.81 .294
KOSS 5.73 11 5.27 11.957
AXSM 5.48 4 67.99 .320
GKOS 5.32 2 45.17 .234
CIVI 5.29 3 55.75 .282
RLAY 5.23 4 15.74 1.328
PLRX 5.01 4 19.19 1.044
ZS 4.93 17 103.96 .799
NVCR 4.89 13 109.04 .572
JAZZ 4.82 3 158.79 .090
OSH 4.63 3 21.65 .639
FUTU 4.63 9 43.62 .954
CAT 4.60 24 248.86 .432
ADBE 4.47 20 332.75 .260
DE 4.42 18 426.47 .180
DWAC 4.31 12 15.92 3.240
STE 4.26 9 191.75 .198
TECS 4.24 11 40.18 1.155
ANVS 4.22 8 13.2 2.552
AZPN 4.16 7 201.14 .140
FSTX 4.14 2 6.16 1.344
LMT 4.08 28 473.24 .224
CTRN 3.96 7 29.3 .945
SHW 3.86 4 235.8 .064
SPWR 3.82 5 17.13 1.115
GS 3.81 16 348.08 .160
ILMN 3.80 3 201.87 .054
DAVE 3.75 3 8.16 1.377
SHLS 3.59 3 23.32 .459
BIIB 3.53 17 279.25 .204
CERE 3.51 9 30.74 1.026
BBY 3.51 9 83.04 .378
NTLA 3.47 13 38.1 1.183
RRGB 3.40 4 6.36 2.136
BLDR 3.40 10 67.24 .500
ZM 3.38 10 69.51 .480
SNOW 3.25 25 124.06 .650
DOMO 3.24 4 12.46 1.040
FOLD 3.18 2 11.78 .538
BLNK 3.17 17 11.26 4.777
ARRY 3.14 2 18.74 .334
SE 3.12 10 55.69 .560
RUN 3.01 15 22.69 1.980
BROS 2.97 7 29.53 .700
ASAN 2.95 21 11.78 5.250
AIT 2.93 4 120.63 .096
DPST 2.92 11 23.46 1.364
VYGR 2.90 7 6.96 2.912
PFGC 2.87 5 59.89 .235
SEDG 2.84 15 281.81 .150
MRNA 2.83 47 180.35 .705
FITB 2.79 8 34.47 .640
CTLT 2.75 2 47.66 .114
RBLX 2.74 19 28.88 1.786
CELH 2.72 9 97.26 .243
ECOM 2.71 3 23.09 .351
BLK 2.70 7 738 .021
OLN 2.68 8 56.19 .376
ADSK 2.68 9 187.19 .126
LYFT 2.65 9 11.94 1.989
ALDX 2.61 6 6.98 2.238
STRO 2.59 3 8.21 .945
NTNX 2.59 4 25.53 .404
FSR 2.58 3 7.08 1.092
DUOL 2.56 5 72.08 .175
PRTA 2.54 10 53.64 .470
SILK 2.53 7 50.53 .350
LLY 2.53 29 362.94 .174
DG 2.52 12 248.56 .120
ICPT 2.48 3 14.48 .513
LXU 2.45 4 12.58 .776
CRM 2.44 30 140.51 .510
TASK 2.42 9 16.73 1.296
DDL 2.42 5 5.99 2.020
UAA 2.40 7 10.75 1.561
AA 2.33 37 46.36 1.850
ZLAB 2.29 9 46.33 .441
SIVB 2.29 13 245.79 .117
PAAS 2.26 5 17.74 .635
ARVN 2.20 11 34.05 .704
DLTR 2.19 20 145.83 .300
STX 2.18 20 55.91 .760
QFIN 2.17 13 23 1.222
PCVX 2.16 4 46.65 .184
NOV 2.15 11 21.75 1.078
AMD 2.13 54 63.96 1.782
HOLI 2.10 4 17.65 .472
ARQT 2.10 4 15.01 .556
BURL 2.08 9 223.91 .081
ENVX 2.07 6 8.05 1.542
SQQQ 2.05 33 52.4 1.287
STT 2.04 4 80.68 .100
AMBA 2.03 2 83.12 .048
DOG 2.00 5 32.85 .300
INTU 1.98 8 386.52 .040
TDG 1.96 5 649.03 .015
PTON 1.95 9 8.92 1.962
HAS 1.95 9 64.86 .270
ZTO 1.94 8 27.63 .560
WOLF 1.94 4 70.57 .108
DQ 1.94 18 39.76 .864
SKX 1.93 7 44.59 .301
BLUE 1.91 4 7.86 .972
VLO 1.84 36 127.56 .504
PWR 1.84 8 139.12 .104
PLUG 1.82 15 13.41 2.025
ATVI 1.82 11 77.59 .253
SPY 1.81 36 388.08 .144
GIII 1.76 9 14.72 1.071
AYX 1.76 4 47.19 .148
PTEN 1.75 3 16.88 .309
VXX 1.74 7 13.4 .903
UNH 1.73 24 490 .072
SOXS 1.73 39 34.09 1.950
FIGS 1.73 11 7.71 2.464
FA 1.68 2 13.27 .252
ANF 1.65 6 25.2 .390
URTY 1.63 9 39.42 .369
TECL 1.63 7 22.12 .511
ARCH 1.59 10 141.5 .110
TVTX 1.57 5 20.3 .385
INCY 1.57 10 80.87 .190
HPK 1.56 2 23.4 .132
DAWN 1.53 4 21.34 .284
JPM 1.52 24 137.94 .264
BLU 1.52 5 8.08 .940
STZ 1.49 8 214.23 .048
LESL 1.49 6 12.98 .684
DAL 1.49 17 36.03 .697
COST 1.48 30 482.87 .090
NEE 1.46 22 83.65 .374
TZA 1.45 16 33.3 .688
CLX 1.45 14 144.44 .140
VSCO 1.43 9 32.44 .396
SPB 1.43 4 62.9 .088
LITE 1.43 5 55.16 .125
UHS 1.42 9 151.96 .081
GE 1.42 16 71.94 .304
MAXR 1.40 5 51.01 .135
CHPT 1.40 10 9.01 1.550
TSCO 1.39 12 221.64 .072
LPX 1.39 7 61.98 .154
IRDM 1.39 5 59.99 .115
APA 1.36 17 42.89 .527
AMR 1.36 6 151.66 .048
STLD 1.33 6 102.69 .072
RL 1.33 8 115.97 .088
PATI 1.33 2 7.2654 .366
DXC 1.33 7 28.17 .329
CSIQ 1.32 11 36.15 .396
RF 1.30 9 22.39 .522
DPW 1.28 5
SNAP 1.26 133 9.22 18.088
XBI 1.23 21 83.16 .294
PDSB 1.23 5 11.38 .540
KRYS 1.22 2 82.86 .028
TJX 1.21 16 82.72 .224
GH 1.20 9 25.95 .414
BLFS 1.19 3 18.56 .192
STEM 1.15 13 7.56 1.976
PPC 1.15 7 25.56 .308
ROST 1.14 10 121.57 .090
FL 1.14 9 39.61 .252
ASPN 1.14 2 11.11 .204
EA 1.13 15 123.89 .135
ARMK 1.13 5 43.95 .125
ADI 1.13 14 165.52 .084
ANPC 1.12 3 5.46 .615
NETE 1.11 2
SRTY 1.09 13 51.18 .273
AG 1.09 4 8.94 .484
SBLK 1.08 15 19.6 .825
FLO 1.07 11 29.16 .396
J 1.06 5 128.51 .040
CENX 1.06 3 9.32 .339
VERU 1.05 42 5.41 8.148
TTD 1.03 25 42.29 .600
ITCI 1.03 4 52.06 .076
ATI 1.03 2 32.52 .062
NVDA 1.02 210 148.59 1.260
JWN 1.01 12 16.78 .720
HP 1.01 3 45.8 .066
WPP 1.00 4 52.24 .076
BGFV .97 11 9.19 1.155
LULU .95 10 329.26 .020
AR .95 5 28.2 .165
KNBE .94 9 24.81 .333
AMGN .93 21 275.2 .063
WYNN .92 18 93.57 .162
SPXU .92 8 16.12 .456
M .92 32 22.13 1.312
GT .90 11 10.97 .902
BNTX .90 39 150.09 .195
PSTG .89 13 26.67 .429
ABCL .89 5 9.51 .465
HX .88 6 24.58 .210
AEO .88 10 15 .580
SQBG .87 2
AMOM .86 2 26.7189 .064
XLY .85 37 132.07 .222
EDIT .85 4 9 .376
SU .83 23 31.37 .598
WM .82 25 159.49 .125
ALXN .82 4
USB .81 13 46.31 .221
DIA .81 20 336.28 .040
BZ .81 12 23.74 .408
BHVN .81 10 14.43 .560
NUE .80 20 143.93 .100
IMTX .80 7 9.44 .588
FANG .80 33 138.14 .165
CD .80 5 7.9 .505
VIPS .79 12 15.4 .612
SONO .79 11 17.55 .495
CCXI .79 8 51.99 .120
BKNG .79 15 2179.25 0
AKAM .79 7 85.85 .063
MNST .78 12 102.43 .084
COF .78 7 97.07 .056
BBWI .78 10 46.12 .160
WSM .77 14 123.76 .084
SAIL .77 5 65.24 .055
NTEC .77 4
FB .77 130 196.64 .390
XONE .76 2
AXP .76 22 150.17 .110
IYC .75 5 58.91 .060
SBSW .74 15 11.66 .945
RTX .74 15 102.46 .105
CLF .74 25 18.65 .975
LSI .73 10 96.32 .070
IWM .73 14 177.58 .056
CFVI .73 4 12.04 .240
XLK .72 37 124.73 .185
TSN .72 16 66.07 .160
TRI .72 15 116.68 .090
KMX .72 10 65.78 .100
GPS .72 13 11.78 .793
FISV .72 12 102.18 .084
CRGY .72 4 10.97 .260
GLW .71 6 35.38 .120
YETI .70 9 41.88 .144
NEM .70 6 52.69 .078
YINN .69 10 60.92 .110
QCOM .69 34 115.34 .170
GME .69 107 16.46 4.387
FGEN .69 4 19.79 .136
BA .69 12 213 .036
UPS .68 24 178.95 .072
LVS .68 17 51.57 .221
PINS .67 17 24.46 .459
NIU .67 6 5.25 .762
A .67 15 147.67 .060
F .65 17 12.58 .867
ACI .65 22 20.81 .682
SPXS .64 12 21.29 .360
MSFT .64 158 224.93 .316
ISEE .64 11 19.76 .352
INFL .64 5 31.17 .100
SDS .63 15 44.63 .210
HON .63 15 210.27 .030
FNGD .62 17 60.25 .170
CROX .62 15 111.11 .075
BERZ .62 13 32.99 .234
YMM .61 9 9.56 .567
TTWO .61 14 104.75 .070
TAL .61 8 8.54 .568
PANW .61 15 134.85 .060
OVV .61 16 48.09 .192
NRGU .61 8 488.8 .008
NNOX .61 7 7.44 .567
MDRX .61 4 17.6 .136
HGSH .61 4
EOLS .61 5 7.81 .390
CCL .61 14 9.2 .924
SSRM .60 8 17.23 .272
MAT .60 20 19.91 .600
JRJC .59 3
HRB .59 9 36.68 .144
ABT .59 30 112.33 .150
TNA .58 11 33.37 .187
PYPL .58 16 76.48 .112
OKE .58 10 66.57 .080
LZB .58 4 24.41 .092
LAW .58 5 5.94 .485
FAZ .58 9 17.42 .297
BILI .58 32 28.65 .640
MT .57 22 28.74 .418
HRL .57 25 46.91 .300
ATHM .57 5 35.73 .075
WEN .56 5 22.77 .120
IQ .56 4 5.84 .380
CHKP .56 14 128.2 .056
XOM .55 59 110.53 .236
UBER .55 16 26.4 .320
TAP .55 9 50.88 .090
PAYX .55 10 117.45 .040
KSS .55 21 27.24 .420
AAP .55 11 154.02 .033
VNET .54 8 6.13 .704
BYND .54 14 13.79 .546
TSM .53 20 78.07 .120
TMUS .53 30 148.57 .090
SUPN .52 5 39.38 .065
NIO .52 105 10.37 5.250
WOOF .51 6 9.89 .306
SQM .51 26 79.68 .156
ELY .51 4 21.33 .092
FTI .50 7 12.44 .280
FHN .50 4 24.55 .080
BULZ .50 6 22.87 .126
ON .49 36 62.47 .252
NTAP .49 8 63.65 .056
NAPA .49 4 16.15 .120
KZR .49 5 6.84 .355
MDB .48 14 169.82 .028
FAST .48 20 47.61 .200
META .47 11 130.02 .033
ISIG .47 6 8.0669 .348
EDU .47 18 38.66 .216
CCJ .47 29 24.44 .551
BIG .47 6 16.89 .162
JRVR .46 4 21.27 .084
HTHT .46 4 43.69 .040
VERV .45 8 20.44 .176
VIGI .44 9 71.58 .054
MYGN .44 5 16.39 .130
KBSF .44 2
GOGL .44 14 8.38 .728
CAH .44 16 78.64 .080
HL .43 6 5.92 .432
GLD .43 29 173.71 .058
AN .43 14 111 .042
PBF .42 13 39.24 .130
KR .42 45 45.74 .405
CYTK .42 10 43.15 .090
MDT .41 18 80.86 .090
HOOD .41 20 8.25 .980
STN .40 5 49.37 .040
PDCO .40 6 28.31 .084
OTIS .40 6 81.85 .024
SDOW .39 10 25.79 .150
NKE .39 22 124.53 .066
K .39 41 72.45 .205
FCX .39 41 42.28 .369
ATNM .39 4 9.88 .156
DD .38 10 72.47 .050
CM .38 21 42.07 .189
PSTX .37 6 6.69 .330
MCD .37 22 269.47 .022
LTHM .37 30 19.55 .540
GBT .37 3 68.49 .015
DKS .37 26 128.08 .052
TRIT .36 6
SOXL .36 6 10.87 .198
LOW .36 20 200.97 .020
VTNR .35 29 6.19 1.624
UPRO .35 8 34.07 .080
AZN .35 49 70.8 .196
MO .34 20 46.45 .140
HPQ .34 18 28.36 .198
COP .34 56 118.23 .112
XAIR .33 3 6.09 .162
SBH .33 4 14.62 .088
LABU .33 7 7.05 .322
EVO .33 6 8.52 .228
DIS .33 19 93.92 .057
COGT .32 7 12.5 .175
BP .32 34 34.46 .306
WFC .31 27 42.8 .189
RKT .31 9 7.47 .369
MMM .31 25 126.72 .050
LAC .31 31 18.94 .496
YANG .30 18 8.57 .630
RWM .30 10 24.17 .120
JD .30 32 64.3 .128
DRN .30 10 10.48 .280
SPWH .29 8 10.16 .224
PDD .29 23 95.96 .069
IMMR .29 6 7.6 .228
IBM .29 31 143.7 .062
BCRX .29 23 11.82 .552
SSL .28 54 15.88 .918
SPG .28 15 118.87 .030
KBH .28 3 34.55 .024
BABA .28 135 107.4 .270
NFE .27 7 38 .049
MCW .27 2 9.95 .054
BTU .27 38 28.89 .342
AU .27 26 21.47 .312
OPNT .26 6 20.19 .072
MOS .26 43 46.73 .215
LUV .26 18 35.08 .126
HUSN .26 4
BEKE .26 16 17.8 .224
TWTR .25 22 53.7 .088
RAPT .25 8 23.14 .080
VET .24 45 15.07 .675
KMB .24 34 138.45 .034
AMBP .24 4 5.21 .184
ZIM .23 37 17.13 .481
PG .23 35 153.92 .035
V .22 22 217.75 .022
TSEM .22 4 44.2 .016
TRQ .22 12 31.41 .084
ALC .22 37 71.7 .111
NEX .21 4 8.6 .096
LIN .21 45 316.16 0
PFE .20 34 50.92 .102
GFI .20 26 11.95 .416
AAL .20 14 14.18 .196
YPF .19 12 9.45 .240
RY .19 26 96.98 .026
RSLS .19 5 7.26 .130
EPM .19 3 7.03 .081
CVS .19 28 91.6 .056
ALVR .19 5 5.13 .185
CLNE .18 6 5.39 .198
XLV .17 38 135.67 .038
SJIV .17 4 68.71 .008
OHI .17 9 28.66 .045
VRDN .16 4 27.46 .020
T .16 23 19.53 .184
PRVA .16 3 21.51 .021
ANET .16 15 112.45 .015
SBS .15 50 10.44 .700
EURN .15 31 15.65 .279
BCH .15 7 19.85 .049
VZ .14 24 42.19 .072
UNIT .14 8 5.89 .184
SI .14 18 12.24 .198
RFP .14 3 21.5 .018
HDGE .14 8 28.36 .032
DUK .14 39 105.18 .039
BOX .14 6 29.91 .024
LBRT .13 5 15.17 .040
ERF .13 27 16.28 .189
D .13 40 61.87 .080
CSCO .13 36 48.32 .072
CNFR .13 2
PBR .12 37 10.28 .407
XLE .11 49 87.56 .049
SJR .11 8 28.75 .024
APG .11 4 19.08 .020
UBS .10 22 19.89 .110
MRO .10 59 26.6 .177
MPC .10 25 116.82 0
VTRS .09 9 12.1 .063
UAL .09 15 42.24 .030
HCM .09 9 16.78 .045
AMKR .09 5 27.39 .015
TME .08 18 8.74 .162
IRBO .08 6 26.62 .018
COTY .08 17 9.2 .136
ALAC .08 5
XLP .07 48 75.78 0
TGT .07 21 160.15 0
CRH .07 15 43.62 .015
NINE .06 13 13.3 .052
KOS .06 27 6.2 .243
EQNR .06 21 31.86 .021
WF .05 5 30.19 .005
SWN .05 38 5.6 .304
ORMP .05 24 11.49 .096
DB .05 18 12.44 .072
CHNG .04 8 27.49 .008
BRG .04 11 26.6 .011
CPG .03 40 6.67 .160
BIDU .03 158 133.06 0
AEHR .03 42 22.81 .042
SWCH .02 2 34.25 0
SMH .02 22 211.67 0
LI .02 43 20.93 0
ICL .02 11 7.5 .022
SH .01 14 15.79 0
PBT .01 6 20.83 0
MN .01 4 12.85 0
TQQQ 0 176 17.64 0
SLVO 0 21 88.8 0
SLV 0 27 21.92 0
ROKU 0 15 43.6 0
RACE 0 44 224.08 0
QQC 0 4 20.5741 0
PSO 0 16 10.85 0
LHAA 0 5 10.08 0
GRU 0 4 5.31 0
GCP 0 3 32.01 0
GBNY 0 3 10.7 0
ESLT 0 29 171.05 0
BTWN 0 21 9.94 0
BJ 0 11 68.82 0
ABNB 0 26 88.52 0
ET -.01 30 12.15 0
CTIC -.01 34 5.41 -.034
WMT -.02 44 146.78 0
SLB -.02 37 54.5 0
ASC -.03 9 13.83 -.018
XPEV -.04 116 10.11 -.348
BAK -.04 3 8.94 -.012
ASML -.06 41 595.85 0
GDXD -.09 6 6.22 -.084
FRO -.10 53 11.13 -.424
NFLX -.11 134 315.55 0
KO -.11 27 63.4 -.027
CL -.11 26 79.98 -.026
CIEN -.12 36 51.42 -.072
CALT -.12 11 17.97 -.066
SQ -.14 35 68.99 -.070
PEP -.14 31 181.1 0
ABBV -.14 39 166.55 0
SCHW -.15 18 84.54 -.018
AGNC -.19 36 10.85 -.612
PSQ -.20 17 14.59 -.221
AAPL -.21 160 129.62 -.160
ORCL -.22 47 85.66 -.094
AMAT -.23 21 104.27 -.042
GLPG -.27 3 44.02 -.018
LOGI -.34 26 66 -.130
JNJ -.34 27 180.25 -.027
OXY -.41 80 63.75 -.480
DKNG -.44 12 11.63 -.444
DOCN -.48 16 24.32 -.304
AVXL -.51 11 10 -.561
ULTA -.55 4 486.19 -.004
GDYN -.55 3 10.68 -.153
TCOM -.60 23 38.33 -.345
MNSO -.63 11 12.51 -.550
MLCO -.63 15 12.94 -.720
INTC -.67 17 28.73 -.391
CRK -.67 25 12.68 -1.300
MRK -1.19 22 114.84 -.220
HES -1.21 6 143.7 -.048
HCA -1.37 7 254.52 -.035
OLLI -1.44 6 52.05 -.162
HD -1.48 30 317.53 -.120
ARGX -1.94 14 375.81 -.070
CNC -1.95 11 78.66 -.264
PKG -2.04 8 132.19 -.120
JKS -2.09 16 46.19 -.720
WDAY -2.30 13 161.14 -.182
TWST -3.85 9 25.4 -1.359
GOOG -6.47 36 88.16 -2.628
ROG -7.63 5 119.35 -.315
ENPH -8.83 24 233.65 -.888
SMCI -9.28 5 84.39 -.545
AMZN -10.68 129 86.08 -15.996
