SHOP 28.66 10 1410 .200
PANW 23.18 1 520.86 .044
DWAC 22.11 4 44.97 1.964
MSTR 14.75 8 630.99 .184
RNG 11.84 1 193.65 .061
BKNG 10.17 8 2114.44 .032
SAM 9.40 7 460.4 .140
WBX 8.99 1 12.13 .741
PCTY 8.94 1 243.84 .036
NVAX 8.92 13 160.48 .715
RMD 8.09 1 254.78 .031
AMZN 8.00 94 3389.79 .188
REGN 7.44 9 635.16 .099
DUOL 7.27 3 109.06 .198
SIVB 7.01 8 674.57 .080
W 6.80 8 234.41 .232
AZO 6.70 11 1863 .033
PUBM 6.66 1 36.03 .184
DDS 6.58 10 250.78 .260
LAD 6.41 5 290.79 .110
KRYS 6.33 1 68.11 .092
BLK 6.24 5 899.57 .030
SPLK 6.20 6 114.21 .324
CAR 6.00 2 261.22 .044
MDB 5.88 8 450.16 .104
EYPT 5.86 1 14.53 .403
DPZ 5.62 11 521.77 .110
KOSS 5.35 7 12.38 3.024
VRTX 5.31 1 203.81 .026
EJH 5.21 6 1.84 16.986
U 4.94 4 146.88 .132
THC 4.91 1 71.05 .069
DE 4.88 11 349.24 .143
INTU 4.61 8 647.96 .056
ADBE 4.59 8 616.53 .056
BIGC 4.50 1 40.7 .110
GKOS 4.45 1 40.27 .110
RGEN 4.41 7 262.88 .112
SE 4.40 17 253.44 .289
EEIQ 4.33 5 3.13 6.915
CFLT 4.09 1 72.68 .056
CARV 3.92 6 10.52 2.232
ZM 3.91 15 183.92 .315
EL 3.86 7 335.3 .077
SNOW 3.82 9 345.11 .099
GOOG 3.73 28 2850.41 .028
ANVS 3.73 6 21.62 1.032
SNPS 3.69 6 344.56 .060
IRTC 3.69 1 98.06 .037
BIIB 3.69 6 223.92 .096
CCXI 3.66 3 34.66 .315
EVA 3.59 1 69.38 .051
MA 3.58 7 322.11 .077
SEDG 3.56 6 307 .066
SI 3.54 7 164.21 .147
GPN 3.54 11 120.27 .319
ASML 3.50 15 771.52 .060
XMTR 3.46 1 43.38 .079
EBET 3.45 6 22.82 .906
ZLAB 3.42 6 65.37 .312
PWR 3.42 1 112.61 .030
DQ 3.36 7 43.32 .539
SCPS 3.34 7 2.09 11.186
TOST 3.31 2 34.44 .192
GLSI 3.27 5 33.86 .480
JAN 3.24 5 4.63 3.495
ZG 3.19 7 59.43 .371
IAC 3.19 7 127.06 .175
MRNA 3.13 39 306.72 .390
LSI 3.13 2 135.75 .046
CMTL 3.13 1 25.52 .122
APPS 3.13 6 48.85 .384
ENPH 3.10 6 217.1 .084
NEGG 3.07 20 13.96 4.380
GDYN 3.03 1 37.67 .080
IRNT 3.02 6 7.43 2.436
UPST 2.99 19 171.59 .323
GME 2.99 82 172.39 1.394
ANTM 2.99 6 395 .042
ADGI 2.98 10 45.83 .650
SITM 2.97 7 279.03 .070
LII 2.97 6 316.04 .054
TSLA 2.96 157 1014.97 .314
BKKT 2.95 2 13.03 .452
BNTX 2.94 27 344.06 .216
NEWR 2.93 6 103.26 .168
IWM 2.93 6 214.71 .078
GS 2.93 9 382.73 .063
ZS 2.89 6 313.35 .054
ROKU 2.89 7 205.55 .098
NRXP 2.89 8 5.5 4.200
CAT 2.86 8 197.8 .112
KMX 2.82 3 142.68 .057
SAVA 2.72 28 45.85 1.652
PENN 2.65 10 47.98 .550
NVCR 2.63 10 82.06 .320
NCTY 2.63 5 8.32 1.580
DOCS 2.62 8 59.86 .344
OSTK 2.60 7 80.7 .224
AFRM 2.60 16 107.24 .384
UNH 2.55 13 449.32 .065
COST 2.55 9 528.93 .036
WSM 2.54 5 181 .070
FULC 2.54 6 14.03 1.086
KEYS 2.52 4 199.23 .048
INDP 2.52 5 5.21 2.415
RBLX 2.51 13 113.79 .286
LMT 2.51 11 333.81 .077
WDAY 2.46 6 266.99 .054
CNC 2.42 3 71.05 .102
AVXL 2.41 5 17.03 .705
RL 2.39 7 116.17 .140
NXPI 2.38 6 227.12 .060
AMD 2.36 20 144.01 .320
CPOP 2.34 5 1.67 7.005
DPST 2.33 3 46.39 .150
AUVI 2.32 9 4.79 4.356
MRAM 2.30 2 11.27 .408
LLY 2.28 7 245.58 .063
XBI 2.27 5 109.53 .100
FLGT 2.27 6 81.8 .162
AMGN 2.27 5 202.44 .055
STE 2.26 5 219.57 .050
GRTS 2.25 7 11.58 1.358
AXON 2.25 1 151.41 .014
SPB 2.21 1 99 .022
HCA 2.20 4 230.03 .036
TPST 2.19 5 8.195 1.335
PKG 2.17 5 133.21 .080
CHGG 2.17 3 28.56 .225
BRLT 2.17 2 16.23 .266
PKI 2.16 4 183.17 .044
LOW 2.16 11 248.69 .088
PDD 2.15 5 54.44 .195
DG 2.15 6 222 .054
PYPL 2.14 9 183.93 .099
DLPN 2.14 5 7.68 1.390
AACG 2.14 5 1.32 8.105
BHVN 2.12 5 103.56 .100
ACRS 2.12 7 12.5 1.183
DASH 2.11 10 157.71 .130
ALEC 2.10 6 19.45 .642
ROST 2.08 4 110.19 .072
AMEH 2.05 9 75.53 .243
ADSK 2.04 7 259.02 .049
MRIN 2.01 5 4.68 2.145
V 2.00 8 196.32 .080
BYND 2.00 6 64.61 .180
LIN 1.99 7 320.7 .042
KMB 1.99 7 135.39 .098
UHAL 1.98 9 700.91 .018
XAIR 1.97 1 13.52 .145
AAME 1.97 5 3.76 2.615
RNXT 1.96 4 6.45 1.212
CELH 1.96 7 63.05 .217
COHN 1.95 5 15.38 .630
ARVN 1.91 7 74.44 .175
ACIU 1.91 2 4.85 .786
DLTR 1.90 9 137.04 .117
ESTC 1.89 5 112.67 .080
MSGE 1.88 4 66.21 .112
TDG 1.87 4 583.9 .012
COF 1.87 4 141.9 .052
BIDU 1.87 118 137.39 1.534
VLO 1.86 4 69.71 .104
DIS 1.86 9 146.22 .108
CI 1.83 5 199.86 .045
ACMR 1.83 5 78.69 .115
LCID 1.81 10 47.27 .380
KNBE 1.80 7 21.89 .574
AAP 1.79 5 226.86 .035
ROLL 1.78 7 201.66 .056
CERE 1.78 7 30.52 .406
VRPX 1.77 9 3.76 4.230
RAPT 1.77 7 30.06 .406
DAVA 1.77 4 140.02 .048
HON 1.76 7 203.5 .056
TSP 1.75 5 37.99 .230
DELL 1.75 7 58.48 .203
TASK 1.74 7 37.81 .322
BFRI 1.74 1 4.27 .407
TMUS 1.73 6 112.77 .090
SQ 1.73 23 181.31 .207
LWAC 1.73 5 16.98 .505
WAVE 1.72 5 5.45 1.575
LAIX 1.72 4 0.7161 9.604
ABNB 1.72 8 166.75 .080
IMPL 1.70 5 8.82 .960
SPG 1.69 7 149.19 .077
NNOX 1.69 5 15.94 .530
KYMR 1.69 2 53.15 .062
BURL 1.68 8 288.56 .040
ROG 1.67 1 272.56 .006
AN 1.67 8 124.04 .104
XM 1.66 2 32.71 .100
NMRD 1.66 4 4.32 1.536
VVOS 1.65 6 2.29 4.320
NVOS 1.65 5 1.4 5.890
BBY 1.65 6 105.87 .090
FISV 1.64 6 100.5 .096
CREE 1.64 5 79.12 .100
TRI 1.63 4 118.97 .052
JZXN 1.63 4 1.53 4.260
COIN 1.63 10 265.65 .060
WYNN 1.62 4 80.1 .080
NVTS 1.62 2 17.88 .180
CLDX 1.61 3 35.68 .135
PLCE 1.60 4 87.46 .072
STMP 1.59 4 329.61 .016
LH 1.59 7 290.32 .035
LHDX 1.58 4 6.81 .928
DNA 1.58 1 8.65 .182
RLMD 1.57 4 16.93 .368
GH 1.57 8 90.7 .136
CARA 1.57 2 12.31 .254
JD 1.56 8 77.95 .160
DPW 1.56 5 1.5 5.200
TSC 1.55 1 29.14 .053
IRDM 1.55 4 38.92 .156
FANG 1.55 7 106 .098
CRNC 1.55 4 72.52 .084
BLFS 1.55 1 35.09 .044
CPE 1.54 7 47.19 .224
CHCI 1.54 3 4.58 1.008
TERN 1.53 4 7.31 .836
SIEB 1.53 5 2.49 3.070
MDT 1.53 6 106.87 .084
DLO 1.53 5 32.31 .235
TSCO 1.52 9 227.96 .054
CLX 1.52 4 168.16 .036
SNOA 1.51 4 4.32 1.396
GRU 1.51 1 4.625 .326
WAFU 1.50 4 4.4 1.360
KTTA 1.49 1 2.8 .532
BCYC 1.49 3 52.71 .084
STT 1.48 3 90.01 .048
ADI 1.48 5 180.79 .040
NURO 1.47 11 6.46 2.497
FGEN 1.47 3 13.51 .324
EDIT 1.47 3 27.72 .159
VCVC 1.46 1 9.85 .148
SFIX 1.46 2 23.17 .126
HTBX 1.46 2 3.93 .742
SBEA 1.45 2 10.1 .286
EYEG 1.45 1 1.95 .743
BTBT 1.45 10 8.24 1.750
KALV 1.44 8 12.36 .928
LYFT 1.43 5 39.47 .180
LANC 1.43 2 149.8 .018
ISPC 1.43 5 13.24 .540
ATKR 1.43 2 108.86 .026
TTC 1.42 5 100.33 .070
TSN 1.42 4 82.6 .068
IMNM 1.42 4 16.62 .340
CM 1.42 6 109.17 .078
RMBL 1.41 3 37.26 .111
KSS 1.41 10 48.45 .290
HOOD 1.41 14 21.55 .910
TWTR 1.40 6 42.07 .198
SNA 1.40 4 211.12 .024
JCS 1.40 3 2.87 1.461
HX 1.40 6 2.28 3.684
CVS 1.40 3 90.87 .045
AUPH 1.40 8 18.67 .592
XLY 1.39 2 199.65 .012
WGO 1.39 2 72.98 .038
VERY 1.39 4 7.2 .772
EOSE 1.39 2 8.31 .334
TNET 1.38 1 96.18 .014
EXPI 1.38 6 34.14 .240
APP 1.38 10 93.53 .140
TWST 1.37 7 81.14 .112
LIVE 1.37 3 33.2 .123
LGVN 1.37 5 20.12 .340
ECOM 1.37 1 23.86 .057
CRM 1.37 12 258.32 .060
FATE 1.36 3 48 .084
TAOP 1.35 3 2.69 1.503
EA 1.35 5 125.27 .050
WNW 1.34 1 2.67 .501
VMW 1.34 8 118.86 .088
OLN 1.34 1 52.08 .025
CAH 1.34 4 47.02 .112
MOXC 1.33 4 3.96 1.340
J 1.33 4 141.89 .036
GRVY 1.33 7 77.01 .119
FIGS 1.33 6 30.02 .264
ASAN 1.33 14 66.98 .266
COUR 1.32 2 26.36 .100
AEO 1.32 2 26.32 .100
VIH 1.31 1 9.36 .139
SPY 1.31 1 453.42 .002
DOCN 1.31 9 84.04 .135
ABCL 1.31 1 14.02 .093
A 1.31 10 149.33 .080
UHS 1.30 4 121.64 .040
LITE 1.30 3 85.9 .045
JG 1.30 3 1.05 3.714
GWRE 1.30 5 111.25 .055
BNR 1.30 3 12.26 .318
ZIM 1.29 7 54.35 .161
VSCO 1.29 5 53.06 .120
OLLI 1.29 2 49.99 .050
JPM 1.29 14 158.29 .112
ATAI 1.29 2 10.58 .242
APPN 1.29 4 69.35 .072
FRD 1.28 1 10.08 .126
BILI 1.28 23 54.94 .529
YETI 1.27 4 85.59 .056
RHE 1.27 2 5.2 .488
NFE 1.27 1 24.66 .051
HJLI 1.27 1 10.38 .122
DKS 1.27 17 110.87 .187
APXT 1.27 1 12.11 .104
TTWO 1.26 5 165.78 .035
SPCE 1.26 24 14.37 2.088
DOMO 1.26 4 48.26 .104
THCB 1.25 1 10 .125
SPT 1.25 6 97.18 .072
OPAD 1.25 4 6.43 .776
NVDA 1.25 158 306.93 .632
NGM 1.25 2 18.11 .138
CHKP 1.25 6 109.26 .066
BYSI 1.25 5 4.02 1.550
ABSI 1.25 2 9.86 .252
UAL 1.24 2 40.61 .060
SJ 1.24 4 4.76 1.040
RSKD 1.24 2 8.48 .292
PBTS 1.24 1 0.6541 1.895
LPX 1.24 3 70.62 .051
LEDS 1.24 3 5.32 .699
EDSA 1.24 1 5.35 .231
CMMB 1.24 2 7.64 .324
BNTC 1.24 3 2.95 1.260
ANPC 1.24 2 1.38 1.796
ALXN 1.24 4 182.5 .024
TAP 1.23 2 45.75 .052
LAW 1.23 3 35.62 .102
JKS 1.23 5 43.58 .140
JBL 1.23 3 58.99 .060
RCUS 1.22 1 44.2 .027
EYES 1.22 6 1.8 4.062
DDL 1.22 2 16.61 .146
BZ 1.22 3 30.35 .120
RTX 1.21 2 81.11 .028
PFGC 1.21 3 40.59 .087
OSAT 1.21 3 3.52 1.029
LYEL 1.21 3 8.89 .408
JNJ 1.21 3 159.38 .021
HGEN 1.21 3 5.47 .663
EAT 1.21 3 35.2 .102
ARAV 1.21 1 2.53 .478
AMC 1.21 57 29.01 2.337
WHLM 1.20 4 4.6 1.040
MMM 1.20 7 172.59 .042
CRIS 1.20 2 4.49 .534
CETX 1.20 1 0.8803 1.363
AMTX 1.20 3 15.02 .237
AKAM 1.20 3 111.14 .030
TVTX 1.19 3 27.61 .129
SGOC 1.19 9 6.2 1.719
MQ 1.18 7 17.89 .455
DFH 1.18 1 17.06 .069
ZEV 1.17 4 6.19 .756
WM 1.17 8 163.22 .056
TDC 1.17 5 41.42 .140
STZ 1.17 4 226.19 .020
SKT 1.17 3 19.84 .174
MVIS 1.17 5 6.4 .910
VOXX 1.16 3 10 .348
SIF 1.16 1 8.6 .134
NTAP 1.16 4 90.05 .048
LAZR 1.16 5 14.52 .395
INMD 1.16 2 68.06 .034
HGSH 1.16 2 1.975 1.174
AMAT 1.16 8 145.83 .056
UPS 1.15 7 200.73 .035
NTRB 1.15 2 5.58 .412
HCWB 1.14 2 2.63 .866
BBLG 1.14 1 3.62 .314
AVIR 1.14 3 8.06 .423
ABT 1.14 7 130.27 .056
VNET 1.13 3 8 .423
STG 1.13 1 3.2 .353
PEP 1.13 5 164.71 .030
NUAN 1.13 1 55.07 .020
BTX 1.13 2 5.17 .436
ALC 1.12 3 79.24 .042
SHEN 1.11 3 25.24 .129
SEMR 1.11 3 18.92 .174
PMCB 1.11 3 2.42 1.374
DXC 1.11 2 30.19 .072
CTRN 1.11 5 73.87 .075
CNET 1.11 1 1.05 1.057
ALLO 1.11 2 17.62 .124
RUN 1.10 5 39.95 .135
OPTT 1.10 1 1.6 .687
MRUS 1.10 3 24.67 .132
JRVR 1.10 3 24.8 .132
XTLB 1.09 2 3.05 .714
SKX 1.09 4 43.85 .096
LIFE 1.09 3 7.8 .417
FOSL 1.09 2 10.54 .206
ALDX 1.09 2 6.89 .316
SCHW 1.08 5 78.47 .065
MTSL 1.08 3 3.37 .960
FCBP 1.08 1 29.1 .037
B 1.08 1 45.81 .023
AZYO 1.08 1 4.24 .254
ALF 1.08 2 3.04 .710
SMLP 1.07 2 29.27 .072
HHR 1.07 9 52.96 .180
AXP 1.07 6 155.94 .036
VYGR 1.06 2 2.65 .800
USB 1.06 5 55.59 .095
TGT 1.06 12 247.57 .048
C 1.06 5 62.76 .080
SCR 1.05 5 35.58 .145
PTGX 1.05 3 32.27 .096
PLD 1.05 4 154.66 .024
MNST 1.05 4 83.7 .048
CELC 1.05 3 13.01 .240
PRTA 1.04 9 46.59 .198
OCGN 1.04 12 5.76 2.160
NETE 1.04 2 13.09 .158
LEGN 1.04 6 44.39 .138
KURA 1.04 4 12.39 .332
IPA 1.04 2 5.41 .384
FSTX 1.04 1 4.95 .210
CANF 1.04 1 1.05 .990
TJX 1.03 6 70.69 .084
MARA 1.03 20 41.64 .480
KMPH 1.03 3 7.72 .399
IBM 1.03 9 118.84 .072
BLDR 1.03 2 71.11 .028
MFNC 1.02 2 21.5 .094
GIII 1.02 5 27.8 .180
DAL 1.02 5 35.98 .140
ZCMD 1.01 1 1.7 .594
OVV 1.01 3 32.68 .090
LL 1.01 1 16.08 .062
FUBO 1.01 3 17.59 .171
EGRX 1.01 2 47.42 .042
CGC 1.01 2 9.99 .202
PINS 1.00 4 35.84 .108
OMER 1.00 1 6.87 .145
MO 1.00 3 43.92 .066
IMAB 1.00 5 52.75 .090
LUV .99 6 44.28 .132
LOGI .99 6 77.56 .072
DKNG .99 6 28.37 .204
ACY .99 19 31.64 .589
TRCH .98 2 4.95 .394
MYGN .98 2 24.38 .080
MCD .98 8 249.33 .024
JWN .98 4 20.19 .192
IMTX .98 4 10.87 .360
HOFV .98 2 1.94 1.010
BGFV .97 10 21.1 .450
RRGB .96 2 16.3 .116
HRI .96 4 163.24 .020
FA .96 1 16.97 .056
CYTK .96 5 35.5 .135
AZPN .96 4 151.59 .024
SUPN .95 2 30.39 .062
QDEL .95 4 147.95 .024
BTWN .95 1 9.84 .096
BPTH .95 2 4.05 .468
AGRI .95 5 1.9642 2.415
PAYX .94 2 119.8 .014
HAS .94 6 98.37 .054
ENOB .94 5 9.34 .500
TGTX .93 3 15.64 .177
NIU .93 4 18.85 .196
INCY .93 4 65.78 .056
HCM .93 4 31.51 .116
PLUG .92 9 33.46 .243
OKE .92 3 60.01 .045
NKE .92 9 170.24 .045
LBPH .92 1 5.79 .158
KNL .92 1 25.04 .036
FL .92 4 43.96 .080
YEXT .91 1 10.24 .088
SSY .91 3 1.7786 1.533
OTIS .91 5 82.8 .050
AIT .91 2 98.02 .018
XLNX .90 12 217.06 .048
HOG .90 4 36.51 .096
GEG .90 1 1.77 .508
CRTO .90 1 38.67 .023
BBBY .90 16 17.86 .800
SPI .89 4 4.07 .872
BKE .89 6 46.88 .108
ARCE .89 2 20.16 .088
ACHL .89 1 4.63 .192
GMBL .88 2 4.25 .414
GM .87 3 59.71 .042
GDEV .87 3 7.5 .348
DTSS .87 1 1.29 .674
UTHR .86 4 185.99 .016
TTCF .86 2 15.16 .112
KODK .86 2 5.41 .316
GE .86 6 92.77 .054
VMEO .85 2 18.47 .092
TTD .85 13 89.51 .117
SRNE .85 1 4.945 .171
SAFM .85 1 188.68 .004
PG .85 9 149.88 .045
STX .84 10 105.41 .070
PTIX .84 2 1.63 1.030
NLS .84 2 7.02 .238
LEXX .84 3 4.81 .522
HOL .84 3 12.35 .204
DTST .84 3 2.98 .843
CLII .84 3 14.36 .174
BB .84 11 8.94 1.023
APOP .84 5 13.17 .315
TNA .83 5 76.37 .050
ROIV .83 1 8.98 .092
MAXR .83 4 26.76 .124
IRBO .83 1 41.93 .019
CNA .83 1 43.05 .019
BLUW .83 2 9.63 .172
ABBV .83 6 118.85 .036
SANA .82 1 16.67 .049
MNSO .82 1 10.61 .077
KZR .82 2 13.73 .118
FITB .82 3 43.05 .057
SPRT .81 20 11.8 1.360
MBRX .81 2 1.97 .822
ATVI .81 5 57.36 .070
SYPR .80 4 2.48 1.288
MTTR .80 13 25.51 .403
GTEC .80 4 6.7 .476
DD .80 4 75.48 .040
BZUN .80 2 12.88 .124
VIR .79 6 44.31 .102
SWI .79 1 14.32 .055
PNRG .79 1 60.7 .013
ERYP .79 4 2.49 1.268
BJ .79 7 65.03 .084
ZY .78 3 7.62 .306
SJM .78 12 128.76 .072
PTON .78 6 43.55 .102
IPHA .78 4 4.34 .716
GNOG .78 1 10.24 .076
CRDF .78 2 5.24 .296
CAI .78 1 56 .013
AA .78 10 44.07 .170
QFIN .77 9 20.06 .342
PLTR .77 2 18.98 .080
OLB .77 3 4.06 .567
LESL .77 1 20.31 .037
FUV .77 2 8.98 .170
ENTX .77 2 3.15 .488
BABA .77 99 111.96 .594
ALYA .77 4 2.43 1.264
VLDR .76 2 5 .304
NFLX .76 105 602.13 .105
NBRV .76 1 0.7075 1.074
MOS .76 5 34.41 .110
LI .76 6 28.5 .156
IS .76 1 7.97 .095
GROM .76 2 1.96 .774
FLWS .75 4 26.58 .112
SPTN .74 3 24.07 .090
SCKT .74 4 4.88 .604
MS .74 10 98.21 .070
MNOV .74 3 3.13 .708
GTIM .74 1 4.33 .170
GRVI .74 3 4.25 .522
EVOL .74 2 2.26 .654
ATXI .74 1 1.31 .564
VZ .73 2 51.42 .028
VOOV .73 1 143.89 .005
UPC .73 3 1.65 1.326
SQBG .73 2 6.24 .232
SOFI .73 7 15.19 .336
RIOT .73 6 28.64 .150
OPNT .73 4 32.77 .088
NVFY .73 3 1.88 1.164
RMED .72 6 1.735 2.484
RETO .72 2 0.7099 2.028
FB .72 108 306.84 .216
ENSC .72 1 1.25 .576
DEN .72 4 76.89 .036
CRMT .72 9 104.78 .054
COP .72 9 71.11 .090
BTCM .72 4 6.37 .452
BFLY .72 1 6.4 .112
ARPO .72 1 2.2 .327
ZKIN .71 2 1.71 .830
UBER .71 6 35.85 .114
RFL .71 5 5.35 .660
PALI .71 3 1.85 1.149
TBLA .70 1 9.85 .071
SONO .70 6 30.4 .138
ORGS .70 1 2.89 .242
OCX .70 1 2.21 .316
LEN .70 6 112.32 .036
INTC .70 6 49.25 .084
IGIC .70 3 8.06 .258
GLD .70 11 166.63 .044
DDD .70 12 21.23 .384
CRCT .70 4 22.85 .120
AMKR .70 2 22.79 .060
VRNT .69 5 47.96 .070
SLS .69 4 6.14 .448
FTEK .69 3 1.47 1.407
ASM .69 1 0.8353 .826
APRE .69 3 3.69 .558
WMT .68 17 137.51 .068
STEM .68 6 17.77 .228
SM .68 3 28.08 .072
RIDE .68 7 4 1.190
PRPL .68 5 9.69 .350
ONCS .68 1 1.22 .557
HD .68 17 407.81 .017
BWAY .68 2 7.09 .190
XONE .67 2 26.7 .050
XLK .67 5 165.13 .020
SKLZ .67 4 8.06 .332
PPSI .67 9 7.61 .792
NPTN .67 1 15.39 .043
JRJC .67 3 6.34 .315
FTCH .67 6 33.85 .114
FOE .67 1 21.57 .031
CLNE .67 1 6.35 .105
ACH .67 1 11.81 .056
WFC .66 6 47.75 .078
VIPS .66 1 9.16 .072
CTKB .66 1 18.99 .034
ATNF .66 4 3.27 .804
AMOM .66 1 34.936 .018
TATT .65 3 6.24 .312
STRO .65 2 15.56 .082
PCVX .65 1 19.32 .033
MESO .65 2 5.21 .248
LMNL .65 3 1.03 1.893
IONQ .65 7 18.78 .238
TQQQ .64 139 150.08 .556
SLGG .64 2 2.8 .456
SDC .64 2 2.71 .472
LZB .64 2 33.86 .036
KO .64 7 53.54 .077
MAT .63 5 21 .150
FLOW .63 4 84.05 .028
ULTA .62 1 378.81 .001
M .62 15 26.8 .345
LJPC .62 2 3.76 .328
ISEE .62 4 14.1 .172
CUE .62 1 11.37 .054
BON .62 3 4.985 .372
BCRX .62 10 11.44 .540
ASTR .62 5 9.16 .335
AREC .62 5 1.68 1.845
APG .62 2 22.83 .054
VGR .61 1 15.7 .038
SOS .61 2 1.1 1.108
RY .61 7 100.21 .042
MVST .61 6 7.47 .486
LAC .61 8 31.39 .152
CL .61 4 76.77 .028
BEKE .61 2 17.96 .066
AMBO .61 1 1.0724 .568
PSTV .60 1 1.22 .491
EVK .60 6 2.54 1.416
DRN .60 7 24.93 .168
CEMI .60 8 1.76 2.720
AYRO .60 2 1.98 .606
AVCT .60 1 0.95 .631
AMRS .60 1 5.7 .105
NEE .59 5 88.03 .030
BIG .59 2 45.95 .024
YMM .58 2 10.83 .106
XLF .58 2 38.03 .030
WPRT .58 2 2.22 .522
WISH .58 3 3.28 .528
STAF .58 2 0.9956 1.164
RACE .58 11 258.81 .022
IFRX .58 3 4.11 .423
CSIQ .58 4 32.52 .068
WEI .57 1 0.83 .686
SNAP .57 113 46.79 1.356
SBTX .57 1 6.78 .084
PRFX .57 4 1.66 1.372
PFE .57 11 54.27 .110
ORPH .57 4 2.66 .856
MRVL .57 7 83.59 .042
EZFL .57 1 2.17 .262
EVGO .57 7 11.18 .350
DUK .57 5 99.88 .025
CLPS .57 1 2.22 .256
CLPS .57 1 2.22 .256
CLF .57 11 20.12 .308
VTSI .56 4 6.16 .360
UAA .56 4 23.47 .092
T .56 3 23.46 .069
SLV .56 3 20.85 .078
OBLN .56 3 3.05 .549
MTP .56 1 1.21 .462
LODE .56 3 1.5 1.119
CYAD .56 1 4.7 .119
VNE .55 6 35.36 .090
RSI .55 2 15.99 .068
MOSY .55 2 3.67 .298
LOOP .55 5 12.48 .220
HPQ .55 5 37.55 .070
FLXN .55 1 9.12 .060
EOLS .55 1 5.37 .102
WHLR .54 2 2 .540
TSM .54 3 119.33 .012
MPC .54 4 61.67 .032
GPS .54 7 16.72 .224
ENZ .54 2 3.34 .322
CHPT .54 3 21.57 .075
ADMA .54 1 1.29 .418
XLE .53 9 55.14 .081
TBIO .53 3 37.36 .042
NIO .53 77 32.15 1.232
MEDS .53 5 2.66 .995
HUYA .53 4 6.43 .328
EQ .53 1 4.88 .108
CSCO .53 10 56.23 .090
BBWI .53 6 72.96 .042
VALN .52 3 54.05 .027
SILK .52 7 41 .084
RF .52 2 21.9 .046
ANF .52 3 34.93 .042
RCON .51 2 1.64 .620
OCUP .51 2 3.57 .284
GFAI .51 2 1.7 .600
DYAI .51 3 3.39 .450
CPSH .51 1 3.19 .159
TIGR .50 8 5.57 .712
PATI .50 2 9.19 .108
MRK .50 9 73.34 .054
MDIA .50 3 4.38 .342
GRTX .50 3 1.27 1.179
CBAT .50 3 1.74 .861
RKDA .49 1 1.1 .445
PSTG .49 3 31.6 .045
NRBO .49 2 1.38 .710
K .49 10 63 .070
IGC .49 3 1.14 1.287
GP .49 3 12.48 .117
GEVO .49 4 4.79 .408
ENLV .49 2 6.5 .150
ECHO .49 1 48.24 .010
ATHM .49 3 29.59 .048
ARMP .49 1 4.5 .108
NNDM .48 3 4.24 .339
KIRK .48 3 14.17 .099
EPU .48 3 27.88 .051
TRIL .47 1 18.44 .025
TLRY .47 4 8.95 .208
SOHU .47 6 15.3 .180
MSFT .47 114 323.01 .114
EXPR .47 5 3.43 .685
DARE .47 1 1.78 .264
CCJ .47 11 21.95 .231
BODY .47 2 2.37 .396
BAC .47 6 43.87 .060
XPEV .46 84 43.8 .840
UFAB .46 2 2.08 .442
NTEC .46 4 9.63 .188
MARK .46 4 1.07 1.716
KBSF .46 2 3.05 .300
GURE .46 1 5.2284 .087
EQOS .46 1 3.22 .142
CVV .46 2 4.22 .218
CROX .46 9 162.38 .018
CONE .46 1 89.07 .005
BCLI .46 1 3.33 .138
VERU .45 4 6.06 .296
TYME .45 4 0.72 2.500
TME .45 1 6.05 .074
ONCT .45 2 2.715 .330
CCL .45 5 17.2 .130
APT .45 1 5.49 .081
ADIL .45 2 2.67 .336
WORX .44 4 1.37 1.284
STN .44 3 54.24 .024
NNVC .44 3 4.46 .294
GALT .44 3 2.28 .576
FFHL .44 2 8.29 .106
ERF .44 1 9.55 .046
DWSN .44 2 2.32 .378
WOOF .43 3 18.43 .069
QCOM .43 13 176.51 .026
HOLI .43 1 14.83 .028
GAME .43 1 3.56 .120
EVGN .43 1 1.82 .236
CAN .43 4 6.06 .280
ATIF .43 1 3.15 .136
AFMD .43 2 6.07 .140
MU .42 8 81.62 .040
KHC .42 5 33.64 .060
HRC .42 6 155.68 .012
DNUT .42 7 15.7 .182
DBGI .42 5 2.26 .925
CTSO .42 4 4.62 .360
ARMK .42 4 33.96 .048
SRNG .41 1 11.42 .035
SLB .41 6 29.24 .084
RKT .41 2 15.7 .052
PDCO .41 4 29.21 .056
KZIA .41 2 9.15 .088
HNST .41 3 7.8 .156
GTT .41 1 2.36 .173
FCX .41 24 36.56 .264
BLIN .41 8 2.49 1.312
AUUD .41 7 1.79 1.603
ACOR .41 4 2.46 .664
YJ .40 2 0.71 1.126
LIZI .40 4 1.65 .968
FBRX .40 1 2.24 .178
DUOT .40 1 4.24 .094
CTIB .40 5 1.33 1.500
CHRA .40 1 4.07 .098
LC .39 10 29.24 .130
IYC .39 4 81.29 .016
EQT .39 3 19.57 .057
CSCW .39 2 0.4874 1.600
CRTD .39 7 2.21 1.232
AQMS .39 3 1.38 .846
XOM .38 10 60.89 .060
SBH .38 3 19.48 .057
OVID .38 2 3.21 .236
OTLK .38 2 1.33 .570
MRTN .38 3 16.77 .066
GPK .38 2 20.17 .036
CIEN .38 20 61.09 .120
ANIX .38 1 3.09 .122
VTNR .37 10 4.46 .820
UONE .37 7 4.47 .574
PHUN .37 14 3.03 1.708
HUGE .37 1 1.15 .321
CHMA .37 2 3.76 .196
UAVS .36 3 1.91 .564
ORCL .36 35 88.24 .140
MRKR .36 1 1.01 .356
MITQ .36 1 2.03 .177
JFIN .36 2 2.68 .268
IDEX .36 4 1.36 1.056
GOVX .36 7 3.69 .679
GNLN .36 2 1.08 .666
GIS .36 8 64.23 .040
BNGO .36 12 3.4 1.260
AKTX .36 1 1.555 .231
ADMP .36 1 0.6818 .528
ACB .36 3 5.82 .183
VXX .35 4 27.96 .048
ORMP .35 17 15.43 .374
ORGO .35 2 9.54 .072
LMFA .35 5 5.05 .345
ERJ .35 9 13.54 .225
CLSD .35 3 3.005 .348
CIFR .35 3 7.24 .144
BSQR .35 13 1.77 2.561
AESE .35 1 1.91 .183
XELB .34 2 1.21 .560
TRIT .34 5 3.96 .425
TESS .34 2 5.33 .126
SSNT .34 2 4.35 .156
PBR .34 9 10.63 .279
ME .34 6 7.65 .264
HWCC .34 1 5.3 .064
CYTH .34 1 4.77 .071
IMMR .33 6 5.71 .342
HNP .33 2 18.8 .034
GTS .33 1 35.58 .009
BHTG .33 1 0.8102 .407
ABUS .33 6 4.15 .474
AAPL .33 110 161.84 .220
WATT .32 2 1.41 .452
TAL .32 2 4.57 .140
SPCB .32 2 0.61 1.048
SGBX .32 3 2.1 .456
MINM .32 2 1.27 .502
CPIX .32 3 4.59 .207
AAL .32 9 16.62 .171
XLV .31 7 130.37 .014
WINT .31 3 1.49 .624
ULBI .31 2 5.11 .120
SCYX .31 4 6.38 .192
NKLA .31 15 9.45 .480
HRL .31 7 42.73 .049
HMHC .31 2 15.3 .040
DMAC .31 2 3.43 .180
AEY .31 1 1.75 .177
OXBR .30 5 4.725 .315
LGHL .30 4 1.7 .704
KR .30 17 43.43 .102
HAPP .30 1 0.6301 .476
GT .30 5 20.96 .070
ENG .30 3 1.63 .552
CLSK .30 1 13.65 .021
BBIG .30 21 2.63 2.394
AUTL .30 3 5.76 .156
UWMC .29 3 7.01 .123
NEXT .29 4 3 .384
HUSN .29 4 2.15 .536
ALTO .29 5 4.68 .305
ACI .29 11 35.7 .088
MITO .28 1 0.7601 .368
FLO .28 6 25.74 .060
CLOV .28 2 4.3 .130
APTO .28 4 2 .560
WIMI .27 4 3.21 .336
RSLS .27 4 1.69 .636
NAOV .27 11 1.04 2.849
MGTX .27 1 17.54 .015
GSM .27 7 5.92 .315
FENC .27 2 4.43 .120
ENVB .27 3 1.15 .702
VIVE .26 2 1.39 .374
PPBT .26 1 3.75 .069
PME .26 1 0.8199 .317
JQUA .26 1 43.27 .006
AXLA .26 2 2.57 .202
AGNC .26 3 15.33 .048
VCLO .25 1 16.5654 .015
PBLA .25 1 1.76 .142
HIPO .25 2 3.1 .160
RVI .24 2 6 .080
RAIL .24 4 3.36 .284
PLG .24 3 1.92 .375
MOGO .24 4 4.35 .220
IKT .24 1 1.65 .145
GBR .24 1 2.56 .093
PIRS .23 7 3.18 .504
OCG .23 4 3.94 .232
THTX .22 1 3.05 .072
SSKN .22 1 1.4 .157
SPWH .22 3 13.61 .048
JFU .22 3 1.13 .582
INOV .22 2 41.06 .010
FFIE .22 2 5.71 .076
DYNT .22 5 1.05 1.045
BIOC .22 4 3.77 .232
VIEW .21 1 3.88 .054
VBLT .21 3 2.14 .294
TENX .21 1 1.17 .179
LTHM .21 15 27.85 .105
BP .21 5 26.91 .035
AZN .21 16 54.23 .048
ATOS .21 5 1.93 .540
ANY .21 20 3.91 1.060
ALAC .21 2 11.62 .036
SALM .20 4 2.82 .280
ENSV .20 1 0.861 .232
NBEV .19 1 1.11 .171
MOMO .19 3 9.13 .060
FLGC .19 6 1.94 .582
COTY .19 8 9.4 .160
BKYI .19 2 2.31 .164
BGI .19 3 4.51 .126
AEHR .19 29 15.42 .348
VSH .18 3 20.6 .024
OBSV .18 5 2.02 .445
IRIX .18 4 5.95 .120
FCEL .18 130 7.29 3.120
BLNK .18 14 32.91 .070
YPF .17 2 3.82 .088
TISI .17 1 1.24 .137
PPC .17 2 27.96 .012
PETZ .17 4 4.41 .152
LIVX .17 2 3.07 .110
KXIN .17 6 1.46 .696
GMTX .17 1 2.39 .071
D .17 9 73.04 .018
AHPI .17 1 5.52 .030
SNES .16 2 1.05 .304
ON .16 11 64.05 .022
INFI .16 4 1.86 .344
IMMP .16 7 3.09 .357
HFBL .16 1 19.9225 .008
GGAL .16 4 9.17 .068
ZNGA .15 4 6.11 .096
IMV .15 2 1.37 .218
GSKY .15 2 11.4 .026
GRUB .15 3 11.61 .036
CREX .15 1 1.46 .102
CHNG .15 2 20.33 .014
SYKE .14 3 54 .006
OEG .14 1 2.23 .062
NXTP .14 1 0.89 .157
INM .14 1 1.47 .095
IEC .14 1 15.34 .009
EDU .14 1 1.87 .074
XLP .13 8 71.57 .008
TTM .13 11 31.45 .044
SVBI .13 1 13.63 .009
OSMT .13 4 1.08 .480
LMRK .13 1 16.29 .007
GENE .13 3 2.06 .189
VERB .12 8 1.42 .672
SSL .12 18 17.53 .108
SBBP .12 2 2 .120
PSTX .12 1 7.07 .016
MRO .12 18 15.29 .126
HDGE .12 3 25.79 .012
GSAT .12 2 1.32 .180
CRON .12 5 4.16 .140
CHNR .12 4 0.7905 .604
UNIT .11 3 13.3 .024
TELL .11 9 3.11 .315
SNMP .11 2 0.66 .332
MOHO .11 3 0.4061 .810
GBS .11 1 1.8 .061
FENG .11 2 0.9399 .234
FAST .11 6 60.13 .006
ET .11 6 8.23 .078
EKSO .11 2 3.13 .070
CSPR .11 1 6.53 .016
CALA .11 1 0.7162 .153
ACHV .11 2 6.97 .030
SWN .10 3 4.57 .063
SLHG .10 1 1.4 .071
RRD .10 7 10.73 .063
RCAT .10 2 2.07 .096
RAVN .10 3 58.08 .003
KDMN .10 4 9.5 .040
EDTK .10 2 1.05 .190
CNFR .10 2 2.2 .090
AGEN .10 12 2.92 .408
XPDI .09 13 11.93 .091
XELA .09 7 1.09 .574
WTER .09 2 1.18 .152
TEDU .09 2 0.6966 .258
TAAG .09 1 20.9494 .004
SELF .09 1 5.36 .016
SBS .09 9 6.63 .117
RIG .09 6 2.84 .186
PRPO .09 3 1.76 .153
AEMD .09 3 2.12 .126
AEI .09 2 1.08 .166
TEO .08 2 4.95 .032
MTL .08 13 2.97 .338
MBII .08 1 0.6926 .115
LPTX .08 1 2.39 .033
CLDR .08 1 15.99 .005
BQ .08 2 1.34 .118
OCG .07 13 3.94 .221
NEPT .07 2 0.41 .340
ITRO .07 1 1.27 .055
ITRN .07 3 25.31 .006
DBVT .07 11 2.72 .275
CPLG .07 1 15.31 .004
CPG .07 7 4.42 .105
ALZN .07 1 1.98 .035
XBIO .06 8 1.3 .368
VSTM .06 2 2.42 .048
OXY .06 31 29.16 .062
KULR .06 7 3.34 .119
ESXB .06 2 11.3 .010
ENIC .06 1 2.09 .028
ADMS .06 2 8.22 .014
ULTA .05 12 378.81 0
MFGP .05 5 4.56 .050
MDNA .05 8 1.59 .248
FRO .05 13 6.61 .091
FRBK .05 1 3.4 .014
PSP .04 3 15.46 .006
PBT .04 2 8.95 .008
NOK .04 6 5.66 .042
IRCP .04 4 2.12 .072
CXP .04 1 19.23 .002
CDEV .04 4 5.68 .028
AVGR .04 7 0.51 .546
VTGN .03 5 1.67 .085
VCAR .03 1 15.36 .001
SNDL .03 1 0.564 .053
SLVO .03 4 4.99 .024
SIC .03 1 14.49 .002
RTLR .02 9 10.84 .009
NWHM .02 1 8.99 .002
KIN .02 2 9.25 .004
EIC .02 2 17.7 .002
DSE .02 1 9.49 .002
PMD .01 1 7.05 .001
INFL .01 2 29.55 0
IACB .01 3 7.95 .003
DFP .01 3 27.58 0
BEST .01 3 0.8223 .036
WMPN 0 4 11.99 0
QQC 0 2 32.4119 0
QADB 0 4 87.54 0
PAE 0 1 9.89 0
ONON 0 1 51.42 0
NLSP 0 1 1.34 0
LHAA 0 1 9.79 0
HWBK 0 1 24.18 0
EPAY 0 1 43.72 0
DVD 0 1 3.6 0
APWC 0 1 2.99 0
NSYS -.12 1 10.48 -.011
