EIC -.08 1 16.24
FB .01 100 355.45
FB .01 93 355.45
INFL .01 2 29.5
BEST .02 2 1.06
BLNK .02 11 31.18
DFP .03 1 29.94
GMTX .04 1 3.47
IACB .04 1 9.84
CNFR .05 2 2.76
NEPT .07 2 0.57
CRON .08 4 6.92
MARK .08 2 1.16
MBII .08 1 1.2
MDNA .08 7 2
FRO .09 3 7.53
EDTK .10 2 1.49
MOHO .11 3 0.63
CHNR .12 4 1.21
IEC .14 1 15.21
CHNG .15 2 21.24
IMV .15 2 1.56
INFI .16 4 2.95
LOW .16 17 199.73
IRCP .17 1 2.24
LIVX .17 2 2.94
MRO .17 5 11.14
ET .18 2 9.11
NBEV .19 1 2.27
DBVT .20 3 5
GENE .22 2 3.06
JFU .22 3 1.54
IKT .24 1 1.95
BBIG .28 6 2.49
IMMR .28 2 6.86
GRUB .29 1 17.34
HUSN .29 4 2.75
FENC .31 1 6.88
IMMP .32 3 3.22
M .32 3 18.07
MINM .32 2 2.37
IRIX .35 3 7.4
NAOV .35 8 3
CHMA .37 2 3.76
GPK .37 1 18.91
HNST .37 1 13.83
AAL .38 8 19.14
MRTN .38 3 15.37
MDIA .39 2 6.62
AAPL .40 105 146.36
BSQR .40 11 2.52
GE .40 4 101.41
LIZI .40 4 4
CLSD .41 2 5.71
MSFT .41 106 290.73
CAN .43 4 7.98
FCX .44 15 33.88
FFHL .44 2 9.3
GALT .44 3 3.41
ME .45 1 8.01
CVV .46 2 5.24
INOV .46 1 36.87
KBSF .46 2 3.71
BGI .47 1 3.27
D .47 6 77.98
DBGI .48 3 2.73
LMFA .48 4 5.12
NIO .48 75 38.86
BLIN .49 6 4.4
IGC .49 3 1.57
HUYA .50 3 9.6
DYAI .51 3 4.51
KR .51 9 46.26
FLO .52 2 24.65
HRL .52 3 46.21
MEDS .53 5 4.89
ENZ .54 2 3.04
BTCM .55 2 6.47
EVGO .55 1 12.44
CLOV .56 1 8.05
CTSO .56 2 7.49
INTC .56 5 52.19
EPU .58 2 25.15
LJPC .62 2 3.77
CCL .63 4 22.48
CTIB .64 3 1.77
LZB .64 2 34.29
LMNL .65 3 2.27
CRTD .66 3 2.82
ERJ .66 1 15.28
BODY .67 1 8.3
EVK .68 5 3.02
DNUT .69 2 14.04
ENSC .72 1 3.13
MRK .72 2 76.19
FUBO .74 2 26.12
GRVI .74 3 6.8
GP .75 2 15.19
ACY .76 16 28.95
GNOG .78 1 18.97
BP .79 1 25.64
MU .79 4 70.62
CLF .82 4 25.04
FITB .82 3 37.51
CNA .83 1 43.9
LUV .83 3 48.44
BABA .84 92 172.35
CRTO .85 1 35.65
GLD .87 5 167.1
K .88 4 65.5
CEMI .89 6 2.57
NFLX .90 99 521.87
CRM .93 8 251.22
MO .93 2 47.72
CGC .94 1 19.19
LOW .96 3 199.73
HOFV .98 2 2.65
EGRX 1.01 2 47.73
LL 1.01 1 2.88
MVST 1.01 4 9.67
FAST 1.02 1 53.15
IPA 1.04 2 6.81
LTHM 1.04 2 23.9
BAC 1.08 3 37.85
MTSL 1.08 3 3.37
DDD 1.09 8 28.12
GT 1.09 1 15.31
BCRX 1.11 5 14.57
BGFV 1.11 3 21
HGSH 1.16 2 1.84
CLSK 1.17 1 11.69
COP 1.20 4 53.53
MAXR 1.20 3 28.81
BBBY 1.22 12 26.02
EYES 1.22 6 3.46
GPS 1.22 2 26.67
C 1.23 4 7.46
HCM 1.24 3 40.32
LEN 1.24 2 104.01
HHR 1.26 1 42.84
HJLI 1.27 1 7.46
AA 1.30 2 23.83
LC 1.30 3 26.56
HOG 1.32 2 40.12
BWAY 1.35 1 8.4
AMC 1.36 49 36.55
COUR 1.39 1 40.91
EOSE 1.39 2 12.05
ERYP 1.39 2 5.71
CVS 1.40 3 84.59
GM 1.42 1 52.85
EYEG 1.45 1 1.52
JNJ 1.48 2 177.19
ENLV 1.50 1 10.52
GIS 1.53 1 60.91
FUV 1.54 1 11.04
HGEN 1.54 2 15.43
ENTX 1.55 1 4.73
CNC 1.57 1 70.47
BILI 1.58 19 68.46
A 1.59 5 163.02
BZ 1.59 1 34.13
CRCT 1.61 1 40.58
BJ 1.62 2 51.93
CAH 1.64 3 50.63
MMM 1.64 4 196.51
FLOW 1.65 3 77.54
MPC 1.66 1 54.55
MYGN 1.67 1 34.8
BLDR 1.70 1 47.31
LYFT 1.70 3 49.58
CHKP 1.71 4 122.73
IMTX 1.72 2 12.17
CSIQ 1.74 1 34.56
DIS 1.79 6 174.74
AIT 1.83 1 89.31
BIDU 1.85 114 142.96
NEE 1.91 1 77.22
LEGN 1.93 3 49.0
LI 1.94 2 28.51
BNR 1.96 2 19.36
IBM 2.00 4 139.47
CREE 2.05 3 78.36
BON 2.06 1 10.91
INCY 2.13 1 77.95
EXPI 2.14 3 41.78
BTBT 2.20 6 11.18
FGEN 2.21 2 12.06
CHGG 2.22 1 85.0
LMT 2.22 8 356.6
HOOD 2.27 9 49.8
CYTK 2.32 2 30.25
CRNC 2.46 2 116.64
LOGI 2.48 2 107.98
LEXX 2.49 1 5.39
JBL 2.52 1 59.48
MRIN 2.52 4 5.18
LPX 2.53 1 55.27
BYSI 2.56 1 21.06
GS 2.60 6 398.8
MVIS 2.70 2 13.68
LITE 2.84 1 80.24
LOOP 2.88 1 9.15
J 2.97 1 15.28
NEGG 3.00 20 16.89
CLX 3.04 2 165.71
BYND 3.16 2 130.32
BIIB 3.26 3 341.87
MCD 3.30 2 238.08
FIGS 3.34 2 39.67
CERE 3.37 3 23.46
HD 3.37 5 321.55
GME 3.48 75 157.05
BHVN 3.71 2 117.28
GOOG 3.78 24 2731.4
FANG 3.89 1 80.54
EAT 3.93 1 50.92
IMNM 4.16 1 14.11
CLDX 4.17 1 44.66
COF 4.22 1 159.96
NEWR 4.27 1 82.6
DDS 4.31 5 193.06
ADI 4.60 1 165.78
EDIT 4.67 1 56.48
HCA 4.67 1 249.32
HON 4.87 2 229.27
APP 5.03 1 63.77
AACG 5.35 2 2.52
LLY 5.39 3 268.52
DQ 5.42 4 47.85
LH 5.76 2 73.31
CELH 5.86 1 73.31
ENPH 5.87 2 162.47
COST 6.51 1 446.21
FULC 6.92 2 23.85
GRTS 6.96 2 8.47
MA 6.96 3 360.95
AMZN 7.28 90 3201.22
FLGT 7.33 3 87.37
DASH 7.45 2 187.61
CRMT 7.58 2 132.01
BLK 7.59 1 880.67
CI 7.65 1 206.05
MRNA 7.68 19 398.8
GPN 7.69 3 166.34
COIN 8.34 2 256.35
AAME 9.89 1 3.65
LAD 10.32 1 371.73
CARV 11.81 2 17.29
CPOP 14.11 1 59.65
BNTX 20.64 2 446.24
BKNG 36.56 1 2209.57
MS 48.78 2 92.62
