EJH 5.21 6 0.98 31.896
SCPS 3.34 7 1.3 17.983
LAIX 1.72 4 0.5008 13.736
AUVI 2.10 10 1.86 11.290
EEIQ 4.33 5 2.66 8.135
NEGG 3.07 20 7.61 8.060
CPOP 2.34 5 1.56 7.500
NRXP 2.89 8 3.49 6.624
NVOS 1.65 5 1.34 6.155
AACG 1.49 7 1.82 5.726
VRPX 1.77 9 2.8 5.688
ADGI 2.56 12 5.55 5.532
IRNT 3.02 6 3.34 5.424
FCEL .18 131 4.3 5.371
JAN 2.73 6 3.145 5.208
EYES 1.22 6 1.44 5.082
DPW 1.56 5 1.6 4.875
CEMI .60 8 1.01 4.752
JZXN 1.63 4 1.38 4.724
VVOS 1.65 6 2.3 4.302
JG 1.30 3 0.9321 4.182
KOSS 5.35 7 9.14 4.095
AAME 1.97 5 2.5 3.940
AMC 1.18 61 18.32 3.904
HX 1.40 6 2.24 3.750
RMED .72 6 1.21 3.570
SIEB 1.53 5 2.15 3.555
NAOV .27 11 0.8844 3.355
OCGN 1.04 12 3.73 3.336
MRIN 1.81 6 3.34 3.246
PBTS 1.24 1 0.398 3.115
CARV 3.92 6 7.67 3.066
TYME .45 4 0.597 3.012
NURO 1.47 11 5.45 2.959
SPCE 1.08 25 9.09 2.950
AGRI .95 5 1.63 2.910
BTBT 1.45 10 5.02 2.880
GRTS 2.25 7 5.53 2.842
BSQR .35 13 1.6 2.834
GME 3.68 83 106.57 2.822
TPST 2.19 5 3.91 2.800
INDP 2.52 5 5.12 2.460
NCTY 2.63 5 5.54 2.370
TAOP 1.35 3 1.71 2.367
MOXC 1.01 6 2.56 2.364
ANPC 1.24 2 1.09 2.274
MARK .46 4 0.8548 2.152
ACY .99 19 9.39 1.995
RNXT 1.96 4 3.9605 1.976
PHUN .32 17 2.83 1.921
SAVA 2.73 29 41.17 1.914
BFRI 1.31 6 4.15 1.890
SSY .91 3 1.45 1.881
BNGO .36 12 2.32 1.860
WAVE 1.72 5 4.7 1.825
JCS 1.40 3 2.32 1.809
SNAP .57 113 35.05 1.808
ANY .20 21 2.32 1.806
PALI .71 3 1.19 1.788
PRFX .57 4 1.28 1.780
LMNL .65 3 1.1 1.770
DLPN 2.14 5 6.05 1.765
BYSI 1.25 5 3.55 1.760
LGVN 2.15 6 7.42 1.734
SGOC 1.19 9 6.2 1.719
FTEK .69 3 1.21 1.710
MVIS 1.17 5 3.45 1.695
WAFU 1.50 4 3.5437 1.692
CTIB .40 5 1.18 1.690
BLIN .41 8 1.94 1.688
HGSH 1.00 3 1.79 1.674
CSCW .39 2 0.4687 1.664
RIDE .68 7 2.88 1.652
AUUD .41 7 1.74 1.645
EBET 3.45 6 12.72 1.626
EVK .60 6 2.22 1.620
ANVS 3.73 6 14.02 1.596
NMRD 1.66 4 4.2 1.580
AREC .62 5 1.97 1.570
SOS .61 2 0.7901 1.544
CETX 1.20 1 0.784 1.530
NBRV .76 1 0.501 1.516
PETZ .17 4 0.4486 1.512
SYTA .46 5 1.54 1.490
IGC .49 3 0.99 1.482
HOFV .98 2 1.33 1.472
ACRS 2.12 7 10.14 1.463
PMCB 1.11 3 2.28 1.458
ERYP .79 4 2.17 1.456
BNTC 1.24 3 2.57 1.446
SYPR .80 4 2.22 1.440
BIDU 1.88 118 154.48 1.416
HOOD 1.41 14 13.89 1.414
DBGI .31 6 1.33 1.398
SNOA 1.51 4 4.35 1.388
PTIX .84 2 1.21 1.388
NIO .53 77 28.63 1.386
YJ .40 2 0.5782 1.382
CRTD .39 7 1.97 1.379
WORX .44 4 1.28 1.372
HGEN 1.21 3 2.65 1.368
IDEX .36 4 1.05 1.368
SPRT .81 20 11.8 1.360
STAF .58 2 0.8581 1.350
UPC .73 3 1.63 1.341
SPCB .32 2 0.481 1.330
XELA .09 7 0.4718 1.330
CNET 1.11 1 0.8447 1.314
TQQQ .62 145 64.37 1.305
CBAT .50 3 1.17 1.281
OPAD 1.25 4 3.9 1.280
DWAC 19.74 5 77.45 1.270
NVAX 7.31 16 92.33 1.264
BBIG .26 22 4.53 1.254
NVFY .73 3 1.76 1.242
ISPC .84 8 5.39 1.240
OLB .77 3 1.87 1.233
AQMS .39 3 0.9704 1.203
ENVB .27 3 0.6732 1.203
FULC 2.54 6 12.69 1.200
MEDS .53 5 2.2 1.200
DYNT .22 5 0.9229 1.190
BKKT 2.95 2 4.98 1.184
SPI .89 4 3.03 1.172
LHDX 1.58 4 5.42 1.164
ALF 1.08 2 1.86 1.160
ALYA .77 4 2.65 1.160
KTTA 1.49 1 1.3 1.146
HCWB 1.14 2 2.07 1.100
LGHL .30 4 1.1 1.088
WEI .57 1 0.5298 1.075
LIZI .40 4 1.49 1.072
AVCT .25 6 1.42 1.056
TERN 1.53 4 5.81 1.052
LODE .56 3 1.61 1.041
IMPL 1.70 5 8.2 1.035
WHLM 1.20 4 4.73 1.012
MARA 1.20 21 24.85 1.008
HTBX 1.46 2 2.9 1.006
ORPH .57 4 2.27 1.004
KXIN .17 6 1.02 .996
LEDS 1.24 3 3.74 .993
BB .74 12 8.93 .984
OSAT 1.21 3 3.69 .981
ZKIN .71 2 1.45 .978
KALV 1.44 8 11.77 .976
CANF .63 2 1.29 .976
BBBY .79 17 13.7 .969
MTSL 1.08 3 3.37 .960
GOVX .36 7 2.64 .952
MOHO .11 3 0.346 .951
MBRX .81 2 1.71 .946
RCON .51 2 1.08 .944
MNOV .74 3 2.39 .927
OPTT 1.10 1 1.2 .916
AYRO .60 2 1.31 .916
APTO .28 4 1.22 .916
AVGR .04 7 0.3061 .910
ATNF .66 4 2.895 .908
ACOR .41 4 1.8 .908
CHCI 1.54 3 5.14 .897
GFAI .51 2 1.14 .894
ATXI .74 1 0.8298 .891
ENOB .94 5 5.27 .890
AVXL 2.41 5 13.58 .885
PPSI .67 9 6.83 .882
ZEV .90 5 5.12 .875
TIGR .50 8 4.56 .872
GNLN .36 2 0.8299 .866
GLSI 3.27 5 18.88 .865
BTCM .72 4 3.38 .852
TRIT .34 5 2 .850
ENG .30 3 1.06 .849
ACIU 1.91 2 4.52 .844
APRE .69 3 2.45 .843
XPEV .46 84 43.8 .840
UAVS .36 3 1.3 .828
SJ 1.24 4 6.01 .824
VERY 1.39 4 6.77 .820
GROM .76 2 1.86 .816
RFL .71 5 4.35 .815
VERB .12 8 1.18 .808
ONCS .68 1 0.8426 .807
NRBO .49 2 1.22 .802
ARDS 1.12 1 1.41 .794
XTLB 1.09 2 2.75 .792
DTST .42 6 3.17 .792
NNOX 1.69 5 10.66 .790
ENSC .61 4 3.1 .784
VTNR .37 10 4.74 .780
SCKT .74 4 3.8 .776
EXPR .47 5 3.03 .775
ATOS .21 5 1.35 .775
ALEC 2.10 6 16.17 .774
BTX 1.13 2 2.92 .772
ASM .69 1 0.9034 .763
BILI 1.28 23 37.72 .759
EYEG 1.45 1 1.95 .743
AMBO .61 1 0.82 .743
WBX 4.49 2 12.39 .724
IPHA .78 4 4.3 .724
CRIS 1.20 2 3.33 .720
VYGR 1.06 2 2.94 .720
DTSS .87 1 1.22 .713
RSLS .27 4 1.51 .712
WISH .58 3 2.45 .708
WNW 1.34 1 1.9 .705
NKLA .34 18 8.63 .702
FLGC .19 6 1.62 .702
EVOL .74 2 2.11 .700
MRNA 3.05 41 174.07 .697
BBLG .72 3 3.11 .693
MVST .61 6 5.39 .678
TSP 2.05 7 21.25 .672
COHN 1.95 5 14.5289 .670
NVDA 1.23 167 250.67 .668
RETO .72 2 2.16 .666
MQ 1.18 7 12.54 .658
GALT .44 3 2.01 .654
EYPT 5.86 1 8.98 .652
LYEL 1.21 3 5.56 .651
WHLR .54 2 1.67 .646
IMNM 1.42 4 8.78 .644
RHE 1.27 2 3.99 .636
WINT .31 3 1.46 .636
ORMP .35 19 10.59 .627
JFU .22 3 1.06 .621
SLGG .64 2 2.06 .620
GMBL .88 2 2.84 .618
PSTV .60 1 0.97 .618
ALDX 1.09 2 3.54 .614
LCID 1.90 13 40.03 .611
PENN 2.65 10 43 .610
SDC .64 2 2.11 .606
ASTR .62 5 5.1 .605
BABA .81 100 127.74 .600
WPRT .58 2 1.94 .596
GTEC .80 4 5.38 .592
ENTX .77 2 2.61 .590
ADMP .36 1 0.6093 .590
XELB .34 2 1.15 .590
OTLK .38 2 1.29 .588
HAPP .30 1 0.5128 .585
ABUS .22 8 3.01 .584
KNBE 1.80 7 21.49 .581
AEHR .20 34 11.7 .578
WATT .32 2 1.11 .576
LIFE .93 4 6.5 .572
GRTX .40 4 2.78 .572
BON .62 3 3.25 .570
EFOI .29 4 2.04 .568
AUPH 1.04 10 18.54 .560
SNMP .11 2 0.3925 .560
EOSE 1.39 2 5.02 .552
ZCMD 1.01 1 1.83 .551
PEAR 2.37 1 4.31 .549
GRVI .74 3 4.04 .549
OBLN .56 3 3.05 .549
DQ 3.36 7 42.75 .546
LEXX .63 4 4.65 .540
MTTR .44 15 11.91 .540
UONE .37 7 4.79 .539
BRLT 1.22 5 11.36 .535
UPST 2.99 19 106.01 .532
CHNR .12 4 0.9101 .524
AFRM 1.88 18 64.3 .522
BODY .47 2 1.8 .522
RAPT 1.77 7 23.61 .518
GEVO .49 4 3.77 .516
MRAM 1.52 3 8.86 .513
ARAV 1.21 1 2.36 .512
MINM .32 2 1.25 .512
SPRB .47 3 2.76 .510
LWAC 1.73 5 16.98 .505
RKDA .49 1 0.97 .505
SLS .69 4 5.46 .504
MTP .56 1 1.12 .500
INFI .16 4 1.27 .500
AVIR 1.14 3 6.88 .495
CLSD .35 3 2.11 .495
BPTH .95 2 3.85 .492
NNVC .44 3 2.68 .492
RELI .49 8 8 .488
CTSO .42 4 3.42 .488
SKLZ .67 4 5.52 .484
EZFL .57 1 1.18 .483
BCRX .54 13 14.54 .481
DOCS 2.62 8 43.32 .480
HUSN .29 4 2.41 .480
CERE 1.78 7 25.89 .476
ME .33 7 4.81 .476
ABSI 1.08 3 6.8 .474
VIVE .26 2 1.1 .472
UFAB .46 2 1.95 .470
NEXT .29 4 2.46 .468
OSMT .13 4 1.11 .468
ATAI 1.29 2 5.58 .462
BGFV .82 11 19.2 .462
PIRS .23 7 3.46 .462
SE 3.92 20 167.83 .460
ZY .78 3 5.16 .453
DDD .70 12 18.54 .444
ONCT .45 2 2.06 .436
DBVT .06 12 1.63 .432
LAZR 1.16 5 13.45 .430
LMFA .35 5 4.04 .430
IFRX .58 3 4.04 .429
MRKR .36 1 0.8396 .428
GEG .90 1 2.11 .426
NNDM .48 3 3.36 .426
SGBX .32 3 2.25 .426
EVGO .45 8 8.34 .424
OCX .70 1 1.66 .421
ZG 3.19 7 53.05 .420
BNR 1.30 3 9.26 .420
CMMB 1.24 2 5.93 .418
AEI .09 2 0.43 .418
VLDR .76 2 3.65 .416
AGEN .09 13 2.81 .416
XBIO .06 8 1.15 .416
VBLT .21 3 1.52 .414
CCXI 3.00 4 29.49 .404
KMPH 1.03 3 7.68 .402
NVCR 2.63 10 64.18 .400
DDL 1.22 2 6.1 .400
KODK .86 2 4.29 .400
MOGO .24 4 2.39 .400
TRCH .98 2 4.95 .394
BHTG .33 1 0.837 .394
ZLAB 2.93 7 51.97 .392
RSKD 1.24 2 6.32 .392
DNA .99 2 5.04 .392
IMMX 1.10 2 5.66 .388
PLUG .92 9 20.99 .387
ALZN .21 3 1.62 .387
OSTK 2.60 7 46.45 .385
IONQ .65 7 11.79 .385
PME .26 1 0.68 .382
ADMA .54 1 1.42 .380
AMTX 1.20 3 9.5 .378
DYAI .51 3 4.04 .378
IMMR .33 6 5.16 .378
DWSN .44 2 2.3302 .376
M .58 17 25.27 .374
AMD 1.56 31 128.27 .372
CCJ .51 16 21.82 .368
FIGS 1.33 6 21.6 .366
VNET 1.13 3 9.31 .363
PLG .24 3 1.98 .363
ZM 3.91 15 157.23 .360
DOCN 1.70 12 56.61 .360
WIMI .27 4 3 .360
HUGE .37 1 1.03 .359
ADIL .45 2 2.51 .358
BNTX 1.93 32 161.66 .352
GSM .27 7 5.38 .350
IMMP .16 7 3.19 .350
VOXX 1.16 3 9.97 .348
IMTX .98 4 11.24 .348
JFIN .36 2 2.06 .348
ISIG 2.30 3 19.87 .345
VTSI .56 4 6.44 .344
W 6.04 9 156.02 .342
GDEV .87 3 7.6 .342
ENZ .54 2 3.17 .340
NEPT .07 2 0.4111 .340
CIFR .35 3 3.08 .339
APPS 2.11 7 43.7 .336
TASK 1.74 7 35.59 .336
HHR 1.09 12 38.37 .336
VERU .45 4 5.31 .336
IPA 1.04 2 6.2 .334
AMEH 2.05 9 54.16 .333
QFIN .77 9 20.41 .333
APT .86 2 5.18 .332
CAN .43 4 5.14 .332
MITO .28 1 0.8498 .329
FGEN 1.47 3 13.4 .327
ARPO .72 1 2.2 .327
RLMD 1.57 4 19.26 .324
KURA 1.04 4 12.75 .324
CRDF .37 4 4.55 .324
TELL .11 9 2.98 .324
OBSV .10 6 1.83 .324
TSLA 2.82 161 995.65 .322
SNES .16 2 0.9886 .322
GRU 1.62 1 5.035 .321
APOP .84 5 13.17 .315
SOFI .49 9 13.71 .315
SPLK 6.20 6 118.78 .312
SQ 1.68 24 128.14 .312
EXPI 1.38 6 26.49 .312
MBOT .98 2 6.27 .312
JRJC .67 3 6.44 .312
TLRY .47 4 5.97 .312
NVTS 1.62 2 10.39 .310
TATT .65 3 6.26 .309
EVGN .43 1 1.39 .309
LOOP .55 5 8.95 .305
RBLX 1.49 16 76.16 .304
NLS .84 2 5.52 .304
NTRB .49 4 6.41 .304
CELH 1.96 7 45.09 .301
LAC .57 15 27.62 .300
OCUP .51 2 3.39 .300
KBSF .46 2 3.05 .300
SI 3.69 9 109.23 .297
HUYA .53 4 7.13 .296
STEM .68 6 13.83 .294
TENX .21 1 0.7159 .293
DARE .47 1 1.61 .291
SBEA 1.45 2 9.97 .290
SHOP 25.67 12 1030.95 .288
FENG .11 2 0.7593 .288
MESO .65 2 4.52 .286
CLPS .57 1 2 .285
CLPS .57 1 2 .285
ALTO .29 5 5.03 .285
AXLA .26 2 1.83 .284
DLO 1.53 5 27.07 .280
DNUT .44 10 15.29 .280
OXBR .30 5 5.32 .280
BIOC .22 4 3.14 .280
DKNG .99 6 21.4 .276
KSS 1.31 11 51.83 .275
ORGS .70 1 2.54 .275
GNFT .18 7 4.57 .273
TOST 3.31 2 24.2 .272
LJPC .62 2 4.55 .272
PUBM 6.66 1 24.69 .269
EDSA 1.24 1 4.64 .267
CELC 1.05 3 11.72 .267
IGIC .70 3 7.85 .267
CGC .68 3 7.64 .267
XAIR 1.97 1 7.42 .265
GPN 3.54 11 145.86 .264
ZIM 1.48 11 61.53 .264
VIR 1.13 8 34 .264
MTL .04 22 3.11 .264
CARA 1.57 2 11.94 .262
BLU .51 3 5.81 .261
FBRX .40 1 1.53 .261
ICCM .58 1 2.23 .260
RAIL .24 4 3.69 .260
CPIX .24 4 3.64 .260
MSTR 14.75 8 460.42 .256
MDNA .05 8 1.54 .256
FSTX 1.04 1 4.07 .255
DUOL 5.53 4 87.7 .252
PRTA 1.04 9 36.13 .252
FUBO 1.01 3 11.94 .252
CLF .36 14 19.55 .252
AKTX .36 1 1.43 .251
ASML 7.25 25 698.82 .250
OVID .38 2 3.04 .250
ENSV .20 1 0.8 .250
RIOT .73 6 17.49 .246
NBEV .19 1 0.7712 .246
NIU .93 4 15.1 .244
MOSY .55 2 4.5 .244
DDS 5.48 11 242.04 .242
IMV .15 2 1.23 .242
GSAT .12 2 0.9849 .242
ASAN .80 16 53.08 .240
ERJ .23 16 15.03 .240
MDIA .50 3 6.26 .237
TISI .17 1 0.7159 .237
MITQ .36 1 1.52 .236
CHGG 2.17 3 27.79 .234
EQOS .46 1 1.96 .234
FCX .40 26 44.08 .234
SQBG .73 2 6.24 .232
BTCS 1.50 1 6.48 .231
ABNB 3.59 10 154.58 .230
AEY .31 1 1.35 .229
SCYX .31 4 5.42 .228
BQ .08 2 0.7 .228
BLPH .62 1 2.73 .227
GP .49 3 6.53 .225
GPS .54 7 16.65 .224
TWTR 1.40 6 37.35 .222
RUN 1.04 6 27.71 .222
FUV .77 2 6.89 .222
ACB .36 3 4.86 .222
CALA .11 1 0.4944 .222
EDIT 1.47 3 19.93 .219
NXTP .14 1 0.6387 .219
TTD .88 18 69 .216
FB .65 108 319.59 .216
AUTL .30 3 4.14 .216
FOSL 1.09 2 10.25 .212
ACHL .89 1 4.23 .210
DMAC .31 2 2.93 .210
SALM .13 5 3.04 .210
APP 1.39 11 70.12 .209
HOL .84 3 12.35 .204
PRPL .32 6 9.38 .204
AFMD .29 3 4.26 .204
PBR .22 12 12.61 .204
U 3.37 7 113.07 .203
CPE 1.54 7 52.4 .203
AESE .35 1 1.73 .202
SFIX 1.08 3 15.94 .201
DKS 1.19 20 114.36 .200
CLOV .28 2 2.78 .200
DASH 2.39 11 131.76 .198
LYFT 1.22 6 36.91 .198
HIPO .15 3 2.25 .198
SRNE .85 1 4.31 .197
CHMA .37 2 3.76 .196
TGTX .93 3 14.25 .195
DRN .37 13 23.72 .195
OMER 1.00 1 5.16 .193
FLGT 2.27 6 69.24 .192
JKS 1.46 6 45.5 .192
SEMR 1.11 3 17.17 .192
LBPH .92 1 4.77 .192
KULR .06 8 2.44 .192
ALLO 1.11 2 11.68 .190
CVV .46 2 4.8 .190
DELL 1.26 9 57.96 .189
SKT 1.17 3 18.3 .189
GENE .13 3 2.06 .189
AMZN 6.99 94 3125.98 .188
ISEE .62 4 13.06 .188
NTEC .46 4 9.63 .188
BYND 2.00 6 63.2 .186
SONO .82 6 26 .186
HNST .41 3 6.51 .186
PRPO .09 3 1.43 .186
GIII 1.02 5 27.06 .185
BFLY .56 2 6.22 .180
BVXV .07 4 1.55 .180
TAL .32 2 3.59 .178
SIF 1.16 1 6.55 .177
BIGC 2.58 2 28.99 .176
JWN .98 4 21.82 .176
COTY .19 8 8.59 .176
IMAB .96 6 32.75 .174
CLII .84 3 14.36 .174
IS .59 2 6.72 .174
STG 1.13 1 6.52 .173
GTT .41 1 2.36 .173
IRDM 1.55 4 35.52 .172
BLUW .83 2 9.63 .172
BKYI .19 2 2.19 .172
HOG 1.23 5 35.54 .170
AZYO 1.08 1 6.375 .169
LC .30 13 21.92 .169
IAC 3.19 7 131.8 .168
GH 1.57 8 72 .168
TWST 1.37 7 55.21 .168
LI .73 7 29.26 .168
MAT .55 7 22.13 .168
ENLV .49 2 5.8 .168
SSNT .34 2 4.02 .168
GMTX .17 2 2.01 .168
NGM 1.25 2 14.98 .166
EDTK .10 2 1.2 .166
PDD 2.15 5 64.35 .165
CRON .12 5 3.59 .165
UWMC .23 4 5.5 .164
NEWR 2.93 6 105.59 .162
FTCH .67 6 24.1 .162
SOHU .47 6 17.34 .162
BWAY .42 3 7.77 .162
AAL .32 9 17.31 .162
RGEN 4.41 7 189.58 .161
QDEL 2.61 7 112.32 .161
GTIM .74 1 4.58 .161
RIG .08 7 3.41 .161
CLDX 1.61 3 30.32 .159
NETE 1.04 2 13.09 .158
WTER .09 2 1.13 .158
DPZ 6.30 12 469.39 .156
TSRI 1.84 1 11.76 .156
GAME .43 1 2.75 .156
AEMD .09 3 1.72 .156
NXGL .45 1 2.9 .155
IKT .24 1 1.54 .155
ENPH 2.35 9 134.58 .153
PFE .43 19 53.54 .152
BRTX .58 1 3.82 .151
TMUS 1.65 10 105.38 .150
LIVE 1.37 3 26.9106 .150
CYTK .80 6 31.71 .150
CYAD .56 1 3.71 .150
TESS .30 3 5.99 .150
VCVC 1.46 1 9.85 .148
CHPT .53 4 14.24 .148
PBLA .25 1 1.71 .146
CMTL 3.13 1 21.58 .145
SCR 1.05 5 35.58 .145
ROKU 3.14 8 166.49 .144
FATE 1.44 4 39.31 .144
BKE .89 6 36.12 .144
AEO .83 4 22.92 .144
PTON .78 6 31.84 .144
SSKN .22 1 1.52 .144
ADBE 5.88 13 516.58 .143
DLTR 1.72 11 131.32 .143
CPSH .51 1 3.57 .142
SHEN 1.11 3 23.21 .141
KZR .60 3 12.72 .141
SAM 9.40 7 456.16 .140
GRVY 1.33 7 64.5 .140
LEGN .83 7 40.35 .140
AA .60 14 59.63 .140
ACI .30 14 29.37 .140
VIH 1.31 1 9.36 .139
ABCL 1.31 1 9.42 .139
YMM .58 2 8.32 .138
BCLI .23 2 3.32 .138
EQ .53 1 3.86 .137
LUV .79 8 44.43 .136
CRCT .70 4 20.46 .136
ESTC 1.40 9 89.23 .135
TVTX 1.19 3 25.89 .135
TDC 1.17 5 42.31 .135
ARVN .99 9 64.42 .135
BLDR 1.38 7 72.63 .133
DE 4.88 11 375.9 .132
LLY 2.85 12 245.05 .132
INMD 1.02 6 44.92 .132
IRIX .18 4 5.4 .132
VSTM .07 3 1.59 .132
JD .74 13 72.3 .130
BZ 1.22 3 28.18 .129
RL 1.89 8 113.09 .128
XLNX 1.57 16 189.09 .128
COUR 1.32 2 20.49 .128
FLWS .75 4 23.19 .128
AMRS .60 1 4.71 .127
MDB 5.57 9 384.59 .126
CAH 1.13 6 52.07 .126
DAL .71 7 38.82 .126
THCB 1.25 1 10 .125
SBTX .57 1 4.53 .125
PINS 1.00 4 31.64 .124
RRGB .96 2 15.36 .124
MOLN .88 4 27.92 .124
TTCF .86 2 13.82 .124
STRO .65 2 10.37 .124
OCG .16 4 5.13 .124
XM 1.10 3 26.59 .123
MRUS 1.10 3 26.52 .123
FRD 1.28 1 10.48 .122
HJLI 1.27 1 10.38 .122
BZUN .80 2 13.02 .122
PATI .50 2 8.15 .122
DIS 1.92 10 150.11 .120
AN 1.67 8 106.83 .120
LAW 1.23 3 30.14 .120
MAXR .83 4 27.05 .120
HCM .62 6 29.73 .120
FENC .27 2 4.48 .120
BGI .19 3 4.7 .120
SBBP .12 2 2 .120
ROIV .83 1 6.92 .119
MSFT .51 119 303.33 .119
RMBL 1.41 3 36.09 .117
JRVR 1.10 3 27.91 .117
ANIX .38 1 3.24 .117
OCG .05 13 5.13 .117
DOMO 1.26 4 42.86 .116
VMEO .85 2 14.58 .116
CLNE .67 1 5.73 .116
UAA .56 4 18.8 .116
BHVN 2.25 6 115.04 .114
TJX 1.31 6 68.51 .114
SPT 1.25 6 64.28 .114
MBII .08 1 0.7007 .114
VSCO .90 7 53.5 .112
OPNT .73 4 25.97 .112
AAPL .32 112 166.23 .112
ULBI .31 2 5.48 .112
XPDI .08 14 9.6 .112
TMX 1.58 3 42.1 .111
ORCL .28 37 83.38 .111
ACMR 1.83 5 81.73 .110
OVV .90 5 39.24 .110
GURE .46 1 4.16 .110
FFHL .44 2 7.93 .110
KZIA .41 2 7.43 .110
LIVX .17 2 3.07 .110
REGN 7.44 9 618.11 .108
KRYS 6.33 1 58.38 .108
EL 3.72 9 309.52 .108
PYPL 2.14 9 173.55 .108
XBI 1.75 6 93.5 .108
BJ .77 9 59.4 .108
UBER .71 6 37.86 .108
EAR .56 1 5.15 .108
INM .14 1 1.29 .108
SBS .06 12 6.55 .108
YEXT .91 1 8.47 .107
RSI .55 2 10.19 .106
EAT 1.21 3 34.46 .105
JPM 1.06 15 148.93 .105
SILK .52 7 32.72 .105
CCL .45 5 21.22 .105
KR .28 21 48.58 .105
DG 2.91 8 219.94 .104
APXT 1.27 1 12.11 .104
NFLX .98 104 515.86 .104
PLTR .77 2 14.56 .104
NXE .23 2 4.34 .104
EOLS .55 1 5.29 .103
SLHG .10 1 0.976 .102
LAD 6.41 5 306.11 .100
ZS 2.76 10 253.11 .100
MSGE 1.88 4 72.8 .100
CREE 1.64 5 79.12 .100
DPST 1.46 4 58.18 .100
KMB 1.45 10 142.68 .100
SKX 1.09 4 43.44 .100
WMT .85 20 143.94 .100
GNOG .78 1 7.77 .100
DVAX .64 2 12.73 .100
SPWH .21 5 10.4 .100
CPG .07 10 6.52 .100
AMAT 1.64 9 143.07 .099
ATIF .43 1 4.34 .099
CREX .15 1 1.51 .099
FISV 1.52 7 106.05 .098
BBY 1.45 7 99.35 .098
USB .81 7 57.37 .098
BLNK .18 14 23.34 .098
SMH 6.94 4 285.08 .096
CRNC 1.55 4 63.51 .096
APPN 1.29 4 53.26 .096
QCOM 1.14 16 172.47 .096
BTWN .95 1 9.81 .096
ARCE .63 3 19.51 .096
CALT .54 4 22.27 .096
HMHC .42 4 17.37 .096
BDTX .39 1 4.05 .096
GT .37 6 22.49 .096
CNC 1.49 5 77.61 .095
CTRN 1.11 5 56.49 .095
FL .84 5 44.21 .095
PSTG .50 5 26.12 .095
LTHM .12 19 23.11 .095
MRO .11 19 19.1 .095
MFNC 1.02 2 21.5 .094
BCYC 1.49 3 46.63 .093
PLCE 1.60 4 68.3 .092
SPTN .59 4 24.98 .092
UNH 3.38 13 462.52 .091
SITM 2.97 7 216.99 .091
GBR .24 1 2.62 .091
CRM 1.43 15 226.27 .090
A 1.31 10 140.43 .090
ATVI 1.27 6 82.15 .090
PTGX 1.05 3 34.27 .090
MOS .76 5 41.94 .090
VNE .55 6 35.33 .090
PCVX .53 3 17.63 .090
ORGO .35 2 7.72 .090
VIEW .13 2 2.85 .090
VTGN .03 5 1.62 .090
SANA .82 1 9.16 .089
ARMP .49 1 5.47 .089
VLO 1.86 4 84.21 .088
FANG 1.39 8 125.71 .088
SMLP 1.07 2 24.11 .088
IBM 1.06 11 131.58 .088
BEKE .50 4 22.71 .088
EKSO .11 2 2.48 .088
TEDU .09 2 2.03 .088
KYMR 1.69 2 38.74 .086
FFIE .22 2 5.03 .086
GKOS 4.45 1 51.76 .085
YETI 1.23 5 69.5 .085
ERF .20 5 11.61 .085
IWM 2.93 6 204.45 .084
SNOW 2.11 12 282.56 .084
DXC .90 3 32.01 .084
MNSO .82 1 9.66 .084
VALN .61 7 47.52 .084
CSIQ .58 4 26.4 .084
ALC .58 12 78.25 .084
HPQ .53 6 36.6 .084
KIRK .48 3 16.74 .084
CYTH .34 1 4.04 .084
CIEN .33 21 68.21 .084
FRO .03 21 7.08 .084
SEDG 2.14 9 232.09 .081
BURL 2.07 9 224 .081
VMW 1.17 9 124.21 .081
AHPI .12 3 4.29 .081
SIVB 7.01 8 655 .080
GS 3.07 10 347.32 .080
COST 2.46 16 490.16 .080
KMX 2.23 4 107.63 .080
CAT 1.88 10 221.66 .080
TGT 1.12 16 223.84 .080
C 1.06 5 64.24 .080
STX .84 10 102.36 .080
COP .73 10 87.28 .080
LICY .33 2 8.15 .080
OEG .14 1 1.75 .080
EDU .14 1 1.73 .080
CNFR .10 2 2.45 .080
THC 3.03 2 77.17 .078
WSM 1.97 6 147.9 .078
ROST 1.31 6 99.03 .078
PFGC 1.21 3 45.86 .078
WYNN 1.17 6 89.06 .078
CDEV .10 6 7.41 .078
SSL .07 26 20.46 .078
SNPS 3.62 7 312.14 .077
THTX .22 1 2.88 .076
PKG 2.17 5 137.12 .075
CFLT 2.29 2 61.32 .074
DUOT .40 1 5.39 .074
MYNZ 1.78 1 24.59 .072
EA 1.75 6 136.91 .072
TTWO 1.51 8 163.36 .072
V 1.35 12 214.68 .072
MYGN .98 2 26.68 .072
ABT .76 12 126.05 .072
LOGI .74 8 79.39 .072
VIPS .66 1 9.14 .072
WFC .49 9 55.57 .072
WOOF .43 3 17.74 .072
MFGP .05 9 5.95 .072
TBLA .70 1 9.85 .071
PPBT .26 1 3.66 .071
RNG 11.84 1 168.77 .070
WDAY 2.57 7 249.46 .070
TSCO 1.70 10 220.66 .070
TTC 1.42 5 98.9 .070
MDT .86 10 107.76 .070
MS .74 10 95.73 .070
INTC .54 7 53.62 .070
BAC .49 7 46.44 .070
CHRA .40 1 5.66 .070
K .38 14 66.6 .070
CSCO .35 14 58.9 .070
PWR 2.42 3 102.16 .069
HD 1.12 23 359.69 .069
MRTN .38 3 16.47 .069
CUE .62 1 9.08 .068
VXX .35 4 20.36 .068
GGAL .16 4 9 .068
GBS .11 1 1.6 .068
XMTR 3.46 1 51.48 .067
LMT 2.51 11 377.33 .066
COIN 1.45 11 219.5 .066
SCHW 1.01 6 91.51 .066
UAL .99 3 44.4 .066
BIG .91 3 40.85 .066
JBL .75 6 66.85 .066
SLB .41 6 37.1 .066
ET .11 6 9.59 .066
YPF .09 3 4.09 .066
HRI 2.10 5 158.12 .065
ECOM 1.37 1 21.01 .065
DFH 1.18 1 18.13 .065
XLK .81 13 159.52 .065
SM .46 5 33.68 .065
TME .45 1 6.82 .065
IRCP .03 5 2.2 .065
CCMP 11.86 1 183.78 .064
INTU 4.61 8 545.35 .064
LL 1.01 1 15.69 .064
SUPN .95 2 29.15 .064
MO .84 4 50.09 .064
HWCC .34 1 5.3 .064
ZNGA .15 4 9.02 .064
TTM .14 16 34.3 .064
MA 3.58 7 360.73 .063
ROLL 1.78 7 196.76 .063
CM .99 9 130.62 .063
CRMT .72 9 95.87 .063
KO .46 9 61 .063
SBH .38 3 17.88 .063
SLV .22 7 22.37 .063
CAR 6.00 2 187.69 .062
HALO 1.07 2 33.75 .062
CSPR .18 2 5.73 .062
LII 2.97 6 290.77 .060
TRI 1.63 4 107.34 .060
CVS 1.33 5 103.45 .060
GWRE 1.30 5 101.66 .060
RACE 1.15 15 239.08 .060
TNA .83 5 65.11 .060
GM .73 5 56.24 .060
VRNT .69 5 53.57 .060
FLXN .55 1 9.12 .060
MU .51 12 90 .060
AMKR .47 3 22.56 .060
RKT .41 2 13.26 .060
ON .35 12 59.01 .060
MOMO .19 3 9.22 .060
SWN .07 4 4.57 .060
RRD .06 12 10.61 .060
RDUS .38 1 6.38 .059
IMRN .23 1 3.84 .059
XERS .14 1 2.34 .059
SWI .79 1 13.63 .057
HITI .25 1 4.37 .057
SNDL .03 1 0.5209 .057
ITCI 2.20 1 38.74 .056
ADSK 2.04 7 254.35 .056
DAVA 1.77 4 119.34 .056
OLLI 1.29 2 45.61 .056
GDYN .81 2 28.28 .056
PDCO .41 4 27.84 .056
KEYS 2.15 5 180.45 .055
LIN 1.71 11 322.19 .055
NFE 1.27 1 22.86 .055
TSN 1.03 5 92.71 .055
FA .96 1 17.25 .055
NKE .80 11 145.11 .055
AGNC .17 5 15.06 .055
ITRO .07 1 1.27 .055
ULTA 10.08 2 371.68 .054
LSI 2.53 3 136.13 .054
AMGN 2.19 6 231.3 .054
LPX 1.24 3 68.49 .054
SPG .95 9 148.59 .054
HAS .94 6 99.13 .054
BBWI .53 6 55.57 .054
KHC .35 6 37.22 .054
FLO .28 6 28.93 .054
PAYX 1.68 4 121.27 .052
BLFS 1.55 1 29.25 .052
PG .72 13 162 .052
APG .62 2 23.01 .052
VGR .61 1 11.59 .052
CROX .50 13 113.52 .052
FITB .82 3 47.97 .051
EQT .39 3 22.2 .051
AZN .23 17 59.48 .051
TSC 1.55 1 30.68 .050
AKAM 1.21 5 113.17 .050
MNST .92 5 86.73 .050
OTIS .91 5 83.1 .050
XONE .67 2 26.7 .050
MRVL .44 10 76.89 .050
MT .39 5 35.62 .050
XOM .38 10 73.11 .050
LULU 16.03 1 330.95 .048
PKI 2.16 4 176.8 .048
CI 2.12 6 238.8 .048
COF 1.87 4 151.61 .048
HON 1.40 8 210.73 .048
NXPI 1.35 8 210.95 .048
TAP 1.23 2 50.24 .048
TSM 1.17 6 131.01 .048
NTAP 1.16 4 89.41 .048
GE .86 6 100.62 .048
ARMK .42 4 34.49 .048
MRK .37 12 81.29 .048
CTKB .66 1 13.97 .047
PCTY 8.94 1 194.88 .045
STE 2.26 5 231.86 .045
LH 1.59 9 272.02 .045
STT 1.48 3 93.88 .045
ADI 1.48 5 163.06 .045
BIIB 1.18 9 230.81 .045
WGO 1.15 3 72.03 .045
OKE .92 3 60.21 .045
ACH .67 1 14.7 .045
SJM .56 15 143.4 .045
ANF .52 3 34.14 .045
LEN .51 9 96.86 .045
PANW 23.18 1 519.61 .044
NPTN .67 1 14.9 .044
DUK .46 11 102.17 .044
NUE 2.21 2 104.25 .042
EVA 1.62 2 74.98 .042
MMM 1.20 7 178.48 .042
EGRX 1.01 2 46.4 .042
NEE .65 6 82.59 .042
TBIO .53 3 37.36 .042
EPU .48 3 34.1 .042
CLSK .30 1 7.13 .042
GIS .26 14 69.15 .042
GRUB .15 3 10.63 .042
SNA 1.89 5 212.61 .040
J 1.33 4 128.98 .040
UHS 1.30 4 129.42 .040
ATKR 1.07 4 99.97 .040
ABBV .74 8 135.21 .040
CHKP .63 8 124.88 .040
LESL .44 2 21.06 .040
KDMN .10 4 9.5 .040
WOLF 3.86 1 96.55 .039
LITE 1.30 3 99.44 .039
GLD .66 13 172.08 .039
ATHM .49 3 36.49 .039
GPK .38 2 19.4 .038
LVS 1.63 1 43.92 .037
FCBP 1.08 1 29.1 .037
QQQ 4.69 3 366.48 .036
ANTM 2.99 6 448.29 .036
AAP 1.46 6 234.34 .036
RCUS 1.22 1 33.5 .036
AXP 1.07 6 161.39 .036
UPS .93 9 203.76 .036
KNL .92 1 25.04 .036
DD .80 4 81.58 .036
DEN .72 4 74.98 .036
LZB .64 2 33.92 .036
XLF .36 4 39.25 .036
NOK .04 6 5.74 .036
BEST .01 3 0.805 .036
BLK 6.24 5 825.5 .035
UTHR 1.55 5 205.07 .035
XLY 1.05 7 189.32 .035
JNJ .96 7 166.58 .035
SRNG .41 1 11.42 .035
CORT .32 2 17.89 .034
ALAC .21 2 11.77 .034
RMD 8.09 1 241.39 .033
WM .61 11 155.08 .033
BRG .30 3 26.53 .033
RF .28 3 23.65 .033
XLE .22 11 64.3 .033
PBT .15 3 13.63 .033
BKNG 10.17 8 2377.09 .032
HCA 2.20 4 245.33 .032
RY .56 8 117.48 .032
OXY .05 32 35.83 .032
CLX 1.20 5 181.13 .030
OLN .56 3 52.18 .030
HOLI .43 1 14.2 .030
HRL .17 10 49.15 .030
TEO .08 2 5.04 .030
RCAT .02 3 1.93 .030
ENIC .06 1 2.02 .029
GOOG 3.73 28 2713.04 .028
IRTC 3.69 1 127.67 .028
LOW .64 14 234.7 .028
FLOW .63 4 85.49 .028
MPC .54 4 73.35 .028
HNP .33 2 22.47 .028
FOE .32 2 21.63 .028
GSKY .15 2 10.32 .028
T .11 7 27.28 .028
UHAL 1.98 9 647.23 .027
RTX .88 3 89.7 .027
CL .32 9 84.06 .027
CRTO .90 1 34.56 .026
ACHV .11 2 8.24 .026
TRIL .47 1 18.44 .025
MLCO .28 1 11.08 .025
AZO 5.11 12 1945.89 .024
ALXN 1.24 4 182.5 .024
MCD .98 8 255.22 .024
AZPN .96 4 149.92 .024
STN .44 3 53.16 .024
VSH .18 3 21.13 .024
PSTX .12 1 4.88 .024
BP .12 8 32.1 .024
UNIT .11 3 12.38 .024
RVI .02 4 3.22 .024
LPTX .01 8 2.85 .024
SPB 2.21 1 93.14 .023
B 1.08 1 46.56 .023
IRBO .83 1 37.53 .022
AMOM .66 1 30.57 .021
SPY 2.27 4 451.75 .020
PLD .67 5 153.59 .020
IYC .39 4 77.55 .020
EPAY .33 4 56.37 .020
VZ .31 4 53.5 .020
VCLO .25 1 12.45 .020
AIT .91 2 97.25 .018
CNA .83 1 45.38 .018
XLV .27 9 131.65 .018
AXON 2.25 1 132.55 .016
STMP 1.59 4 329.61 .016
LANC 1.43 2 164.25 .016
TNET 1.38 1 84.38 .016
STZ 1.17 4 242.81 .016
PEP .47 8 175.21 .016
NUAN .33 3 55.24 .015
INCY .27 5 74.78 .015
SELF .09 1 5.93 .015
XLP .15 14 76.4 .014
CHNG .15 2 20.11 .014
MGTX .12 2 16.48 .014
ADMS .06 2 8.22 .014
CAI .78 1 56 .013
FRBK .05 1 3.7 .013
VRTX 1.47 2 230.84 .012
HRC .42 6 155.96 .012
PPC .17 2 27.89 .012
HDGE .12 3 25.37 .012
D .10 12 79.03 .012
SAFM .97 2 188.35 .010
PNRG .79 1 78.8785 .010
ECHO .49 1 48.24 .010
ZGNX .26 1 25.92 .010
INOV .22 2 41.06 .010
VRS .15 2 26.68 .010
ESXB .06 2 11.3 .010
ANET 1.23 1 125.31 .009
GTS .33 1 35.58 .009
IEC .14 1 15.34 .009
SVBI .13 1 13.63 .009
RTLR .02 9 12.57 .009
TDG 1.87 4 630.25 .008
LMRK .07 2 16.49 .008
HFBL .16 1 20.4 .007
CXM .09 1 12.51 .007
ROG 1.67 1 273.04 .006
VOOV .54 2 150.07 .006
JQUA .26 1 42.7 .006
CONE .24 3 89.21 .006
SYKE .14 3 54 .006
ITRN .07 3 25.56 .006
PSP .04 3 14.4 .006
CLDR .08 1 15.99 .005
TAAG .09 1 20.9494 .004
CPLG .07 1 15.66 .004
KIN .02 2 9.25 .004
RAVN .10 3 58.08 .003
IACB .01 3 7.95 .003
VG .06 1 20.8 .002
CXP .04 1 19.28 .002
VCAR .03 1 14.01 .002
SIC .03 1 14.49 .002
NWHM .02 1 8.99 .002
EIC .02 2 17.21 .002
DSE .02 1 9.49 .002
PMD .01 1 7.14 .001
FAST .05 8 58.02 0
INFL .01 2 30.91 0
DFP .01 3 27.19 0
WMPN 0 4 12.5 0
SLVO 0 6 5.24 0
QQC 0 2 30.718 0
QADB 0 4 87.54 0
PAE 0 1 9.99 0
ONON 0 1 51.42 0
NLSP 0 1 1.07 0
LHAA 0 1 9.7244 0
HWBK 0 1 25.89 0
ESLT 0 1 176.96 0
DVD 0 1 3.61 0
APWC 0 1 2.99 0
NSYS -.12 1 10.1201 -.011
