SHOP 16.27 6 1485.74 .060
NVAX 13.77 9 160.55 .765
BKNG 10.17 8 2463.1 .032
SAM 9.40 7 510.27 .126
AMZN 8.18 93 3444.15 .186
REGN 7.44 9 552.11 .117
W 7.31 7 249.03 .203
DUOL 7.27 3 165.69 .129
SIVB 7.01 8 699.92 .080
AZO 6.70 11 1764.21 .033
LAD 6.41 5 338.71 .090
BLK 6.24 5 901.65 .030
DDS 6.22 9 220.36 .252
MDB 5.88 8 508.01 .088
DPZ 5.62 11 465.37 .132
KOSS 5.35 7 17.53 2.135
EJH 5.21 6 3.1 10.080
SE 5.17 14 366.99 .196
BNTX 5.17 14 262.85 .266
DE 4.88 8 343.09 .112
SI 4.86 4 137.01 .140
AFRM 4.66 9 155.35 .261
RGEN 4.41 7 262.65 .112
ZM 4.40 14 276.4 .210
EEIQ 4.33 5 4.13 5.240
TSLA 4.22 146 864.27 .584
FLGT 4.22 5 83.1 .250
SPLK 4.15 5 165.59 .125
UPST 4.14 14 367.08 .154
ASML 4.13 11 800.96 .055
ADBE 4.10 6 636.07 .036
BIIB 4.00 5 268.13 .070
NVCR 3.93 9 117.36 .297
CARV 3.92 6 16.31 1.440
SEDG 3.89 5 317.22 .060
ENPH 3.89 5 187.06 .100
NRXP 3.86 6 10.97 2.106
MRNA 3.78 30 333.61 .330
GOOG 3.73 28 2876.44 .028
ANVS 3.73 6 28.41 .786
SNPS 3.69 6 311 .066
CCXI 3.66 3 33.65 .324
IRNT 3.52 5 11.41 1.540
EBET 3.45 6 24.92 .828
GPN 3.44 10 160.99 .210
ZLAB 3.42 6 101.22 .198
SITM 3.41 5 226.36 .075
DQ 3.36 7 71.9 .322
SCPS 3.34 7 3.91 5.978
GLSI 3.27 5 37.19 .435
JAN 3.24 5 6.26 2.585
ADGI 3.21 7 37.07 .602
IAC 3.19 7 148.38 .147
CAT 3.19 6 201.14 .090
ZG 3.17 5 88.86 .175
COST 3.15 6 467.08 .036
GRTS 3.14 5 9.31 1.685
ROKU 3.09 5 344.45 .040
UNH 3.07 11 424.38 .077
NEGG 3.07 20 14.06 4.360
DOCS 3.04 6 71.5 .252
SAVA 3.02 26 47.5 1.638
GME 2.99 82 186.79 1.312
ANTM 2.99 6 393.75 .042
LII 2.97 6 309.21 .054
MA 2.96 5 362.1 .040
ADSK 2.96 6 296.69 .054
IWM 2.93 6 225.87 .072
SNOW 2.91 8 339.74 .064
DLTR 2.90 5 100.28 .140
ZS 2.89 6 298.03 .054
DASH 2.82 7 213.33 .091
GS 2.81 8 412.16 .048
RBLX 2.77 5 79.17 .170
CELH 2.77 5 94.55 .145
LLY 2.73 6 242.31 .066
NCTY 2.63 5 11.1 1.180
WDAY 2.61 5 277.27 .045
INTU 2.61 5 572.8 .020
AUVI 2.56 8 5.7799 3.536
WSM 2.54 5 185.29 .065
FULC 2.54 6 23.7 .642
KEYS 2.52 4 174.72 .056
INDP 2.52 5 7.81 1.610
AVXL 2.41 5 18 .665
CPOP 2.34 5 2.94 3.975
LIN 2.33 6 310.68 .042
VMW 2.32 5 161.81 .070
NXPI 2.32 5 196.95 .055
PYPL 2.31 6 271.7 .048
XLNX 2.27 6 170.24 .078
XBI 2.27 5 123.68 .090
V 2.27 5 233.52 .045
AMGN 2.27 5 206.78 .050
OSTK 2.20 6 80.85 .162
EA 2.20 3 136.75 .048
TPST 2.19 5 13.96 .780
PKG 2.17 5 132.86 .080
PDD 2.15 5 97.52 .110
DLPN 2.14 5 12.62 .845
AACG 2.14 5 2.56 4.175
DIS 2.12 7 171.18 .084
ACRS 2.12 7 16.09 .917
EL 2.10 6 312.43 .036
ALEC 2.10 6 22.81 .552
TSCO 2.08 7 203.53 .070
ROST 2.08 4 108.66 .076
TTD 2.07 6 81.41 .150
KNBE 2.06 5 23.3 .440
BBY 2.06 5 113.94 .090
TASK 2.03 6 67.51 .180
DG 2.03 4 213.79 .036
HON 2.02 5 221.78 .045
MRIN 2.01 5 7.53 1.330
APPS 1.99 4 86.77 .088
UHAL 1.98 9 720.51 .018
AAME 1.97 5 4.15 2.370
SPT 1.96 5 131.86 .070
RL 1.95 5 118.6 .080
MDT 1.95 5 122.2 .075
LMT 1.95 9 371.07 .045
COHN 1.95 5 20.35 .475
DKS 1.91 9 120.73 .135
ARVN 1.91 7 82.78 .161
MSGE 1.88 4 70.17 .104
KMB 1.88 4 129.77 .056
TDG 1.87 4 647.04 .008
COF 1.87 4 169.79 .044
VLO 1.86 4 80.15 .092
HOOD 1.85 12 41.7 .528
COIN 1.85 5 305.63 .030
LOW 1.83 7 222.91 .056
CI 1.83 5 206.63 .040
ACMR 1.83 5 112.27 .080
AAP 1.82 4 224.14 .032
LEGN 1.79 4 54.62 .128
TMUS 1.78 5 118.56 .075
ROLL 1.78 7 226.51 .049
CERE 1.78 7 36.91 .336
BIDU 1.78 117 179 1.053
VRPX 1.77 9 4.57 3.483
RAPT 1.77 7 32.1 .385
DAVA 1.77 4 150.46 .044
CTRN 1.77 4 74.63 .092
TSP 1.75 5 37.65 .230
DELL 1.74 6 110.81 .090
BHVN 1.74 4 128.1 .052
SQ 1.73 23 254.41 .138
LWAC 1.73 5 16.98 .505
WAVE 1.72 5 7.218 1.190
UPS 1.72 6 193.79 .048
LAIX 1.72 4 0.8762 7.852
IMPL 1.70 5 9.6 .885
CM 1.70 4 119.53 .056
NURO 1.69 10 9.35 1.800
NNOX 1.69 5 23.24 .360
KYMR 1.69 2 55.24 .060
BURL 1.68 8 272.71 .048
NMRD 1.66 4 5.94 1.116
NVOS 1.65 5 1.75 4.710
ESTC 1.65 4 170.98 .036
CREE 1.64 5 79.12 .100
A 1.64 7 155.62 .070
KSS 1.63 7 47.14 .238
JZXN 1.63 4 2.2 2.960
MCD 1.62 6 242.77 .036
CLDX 1.61 3 45.68 .105
TTC 1.60 4 99.06 .064
STMP 1.59 4 329.61 .016
LH 1.59 7 276.05 .035
AXP 1.59 4 177.31 .032
LHDX 1.58 4 5.58 1.132
FISV 1.58 5 111.29 .070
ABNB 1.58 6 170.74 .054
RLMD 1.57 4 24.06 .260
LYFT 1.57 4 50.04 .124
GTEC 1.57 2 6.13 .512
GH 1.57 8 105.06 .112
CNC 1.57 1 64.71 .024
CARA 1.57 2 12.83 .244
PAYX 1.56 1 121.81 .012
DPW 1.56 5 2.35 3.315
IRDM 1.55 4 41.03 .148
CRNC 1.55 4 93.59 .064
BLFS 1.55 1 42.07 .036
FUV 1.54 1 10.57 .145
CHCI 1.54 3 4.53 1.017
TERN 1.53 4 10.08 .604
SIEB 1.53 5 3.09 2.475
FANG 1.53 5 110.94 .065
DLO 1.53 5 54.61 .140
TWTR 1.52 3 66.11 .066
OVV 1.51 2 39.27 .076
MVIS 1.51 4 9.51 .632
IBM 1.51 5 141.98 .050
GRU 1.51 1 4.305 .350
WAFU 1.50 4 6.0399 .992
UAL 1.50 1 46.22 .032
SUPN 1.50 1 29.66 .050
ZEV 1.49 3 8.02 .555
BCYC 1.49 3 57.62 .075
STT 1.48 3 97.06 .045
SGOC 1.48 8 6.24 1.896
SEMR 1.48 2 23.7 .124
JRVR 1.48 2 38.23 .076
JNJ 1.48 2 163.87 .018
ISEE 1.48 2 17.32 .170
ADI 1.48 5 176.63 .040
FGEN 1.47 3 10.75 .408
EDIT 1.47 3 39.25 .111
VCVC 1.46 1 9.85 .148
SFIX 1.46 2 33.88 .086
LITE 1.46 2 85.22 .034
HTBX 1.46 2 5.58 .522
BYND 1.46 4 107.47 .052
PINS 1.45 3 55.58 .078
EYEG 1.45 1 2.04 .710
AMD 1.45 10 116.33 .120
MRUS 1.44 2 28.43 .100
KALV 1.44 8 17.68 .648
JD 1.44 5 84.91 .080
BPTH 1.44 1 5.1 .282
AMAT 1.44 7 134.6 .070
SNOA 1.43 3 5.67 .756
SCKT 1.43 3 8.25 .519
LANC 1.43 2 170.65 .016
ATKR 1.43 2 90.52 .030
TTWO 1.42 4 172.04 .032
TSN 1.42 4 80.1 .068
STE 1.42 4 227.03 .024
IMNM 1.42 4 18.22 .308
ATVI 1.42 3 77.18 .054
RMBL 1.41 3 38.81 .108
SNA 1.40 4 225.29 .024
LAZR 1.40 3 15.71 .267
JCS 1.40 3 4.39 .954
CVS 1.40 3 84.89 .048
CRDF 1.40 1 6.3 .222
ABT 1.40 4 119.34 .044
WGO 1.39 2 72.24 .038
VERY 1.39 4 8.7 .636
OPNT 1.39 3 25.29 .162
KURA 1.39 3 17.74 .234
JBL 1.39 2 61.77 .044
ERYP 1.39 2 5.93 .468
EOSE 1.39 2 11.51 .240
COUR 1.39 1 33.15 .041
TNET 1.38 1 97.47 .014
INCY 1.38 2 65.47 .042
EXPI 1.38 6 48.4 .168
TWST 1.37 7 119.87 .077
LIVE 1.37 3 32.61 .126
ECOM 1.37 1 26.75 .051
TSM 1.36 2 116.96 .022
FATE 1.36 3 61.17 .066
TAOP 1.35 3 2.92 1.386
RUN 1.35 4 51.62 .104
BWAY 1.35 1 7.83 .172
WNW 1.34 1 3.81 .351
FLWS 1.34 3 30.53 .129
CAH 1.34 4 48.63 .108
PKI 1.33 3 171.62 .021
NLS 1.33 1 9.9 .134
MOXC 1.33 4 6.69 .792
GRVY 1.33 7 99.85 .091
VRNT 1.32 3 46.55 .084
TJX 1.32 4 63.9 .080
TDC 1.32 3 56.93 .069
HOG 1.32 2 36.64 .072
GWRE 1.32 4 121.44 .040
AEO 1.32 2 25.31 .104
VIH 1.31 1 9.36 .139
SPY 1.31 1 450.64 .002
ABCL 1.31 1 15.97 .082
UHS 1.30 4 132.24 .036
OCGN 1.30 6 8.33 .936
NEWR 1.30 4 74.74 .068
JG 1.30 3 1.65 2.361
HAS 1.30 4 93.29 .052
BTBT 1.30 9 11.35 1.026
BNR 1.30 3 14.62 .264
BKE 1.30 3 42.54 .090
OLLI 1.29 2 66.35 .038
LI 1.29 3 31.12 .123
DOCN 1.29 4 91.66 .056
APPN 1.29 4 97.02 .052
VSCO 1.28 4 52.37 .096
MAT 1.28 2 20.33 .124
FRD 1.28 1 13.9 .092
BILI 1.28 22 80.76 .330
YETI 1.27 4 89.95 .056
RHE 1.27 2 7.79 .326
NFE 1.27 1 34.53 .036
HJLI 1.27 1 10.38 .122
HCA 1.27 3 248.68 .015
APXT 1.27 1 12.11 .104
SPCE 1.26 24 19.84 1.512
OKE 1.26 2 65.14 .038
MESO 1.26 1 6.14 .205
JKS 1.26 2 55.56 .044
DOMO 1.26 4 93.75 .052
CROX 1.26 4 142.4 .032
USB 1.25 4 61.35 .080
THCB 1.25 1 10 .125
RMED 1.25 4 3.09 1.616
RIOT 1.25 3 30.83 .120
PEP 1.25 3 160.1 .021
OPAD 1.25 4 8.55 .584
NGM 1.25 2 19.34 .128
CHKP 1.25 6 121.78 .060
BYSI 1.25 3 16.66 .225
SJ 1.24 4 3.43 1.444
PBTS 1.24 1 1.01 1.227
LPX 1.24 3 64.11 .057
LEDS 1.24 3 7.63 .486
KMX 1.24 2 138.5 .016
EDSA 1.24 1 8.22 .150
DKNG 1.24 3 48.84 .075
CMMB 1.24 2 9.29 .266
BNTC 1.24 3 3.68 1.008
ANPC 1.24 2 2.825 .876
AN 1.24 7 115.44 .070
ALXN 1.24 4 182.5 .024
TAP 1.23 2 44.96 .054
LAW 1.23 3 49.31 .072
J 1.23 3 133.82 .027
C 1.23 4 71.76 .068
UBER 1.22 3 47.05 .075
RCUS 1.22 1 35.14 .034
EYES 1.22 6 2.94 2.484
DDL 1.22 2 24.62 .098
RTX 1.21 2 91.23 .026
PFGC 1.21 3 47.01 .075
OSAT 1.21 3 5.29 .684
NVDA 1.21 144 222.9 .720
LYEL 1.21 3 13.92 .258
HGEN 1.21 3 6.56 .552
HD 1.21 12 357.99 .036
EAT 1.21 3 48.95 .072
ARAV 1.21 1 3.77 .320
WHLM 1.20 4 5.69 .840
MMM 1.20 7 182.31 .042
MAXR 1.20 3 29.58 .120
JPM 1.20 12 168.57 .084
CRIS 1.20 2 7.6 .314
CETX 1.20 1 1.12 1.071
AMTX 1.20 3 18.33 .195
AMC 1.20 56 40.8 1.624
AKAM 1.20 3 107.92 .033
ZIM 1.19 5 49.32 .120
TVTX 1.19 3 24.57 .144
MPC 1.19 2 66.83 .034
JWN 1.19 3 28.6 .123
PRTA 1.18 8 62.65 .144
ENOB 1.18 4 8.94 .524
DFH 1.18 1 16.4 .071
STZ 1.17 4 216.24 .020
SKT 1.17 3 17.37 .201
NIU 1.17 3 25.28 .138
CYTK 1.17 4 35.32 .132
CLSK 1.17 1 16.7 .070
ASAN 1.17 6 127.65 .054
VOXX 1.16 3 11.13 .312
SIF 1.16 1 8.23 .140
NTAP 1.16 4 90.81 .048
HGSH 1.16 2 1.61 1.440
CPE 1.16 3 52.86 .063
CLX 1.16 3 158.99 .021
AMEH 1.16 8 69.38 .128
NTRB 1.15 2 6.54 .350
IMTX 1.15 3 13.24 .258
BZ 1.15 2 35.65 .064
DAL 1.14 4 40.45 .112
AVIR 1.14 3 13.82 .246
AA 1.14 6 53.68 .126
VNET 1.13 3 18.67 .180
STG 1.13 1 4.64 .243
SCHW 1.13 4 81.54 .052
NUAN 1.13 1 55.29 .020
BTX 1.13 2 9.38 .240
ABSI 1.13 1 11.64 .097
MNOV 1.12 2 3.77 .594
FIGS 1.12 5 36.89 .150
CSIQ 1.12 3 37.35 .087
BZUN 1.12 1 19.71 .056
TGTX 1.11 1 31.88 .034
TGT 1.11 9 252.19 .036
SHEN 1.11 3 31.06 .105
PMCB 1.11 3 3.04 1.095
PG 1.11 6 140.66 .042
KHC 1.11 1 36.81 .030
GIII 1.11 4 27.87 .156
DXC 1.11 2 34.48 .064
CNET 1.11 1 1.33 .834
ALLO 1.11 2 15.74 .140
OTIS 1.10 3 84.42 .039
OPTT 1.10 1 2.16 .509
XTLB 1.09 2 4 .544
LIFE 1.09 3 8.78 .372
GT 1.09 1 19.05 .057
DDD 1.09 8 28.44 .304
ATAI 1.09 1 14.66 .074
ALDX 1.09 2 8.41 .258
MTSL 1.08 3 3.37 .960
FCBP 1.08 1 29.1 .037
B 1.08 1 42.21 .025
AZYO 1.08 1 5.57 .193
ALF 1.08 2 5.93 .364
TTCF 1.07 1 17.69 .060
SMLP 1.07 2 36.09 .058
BBBY 1.07 13 14.5 .949
VYGR 1.06 2 4.59 .460
STX 1.06 7 81.12 .091
SPI 1.06 3 5.18 .612
CRM 1.06 11 292.34 .033
BAC 1.06 4 46.48 .088
SKX 1.05 2 43.63 .048
SCR 1.05 5 35.58 .145
PTGX 1.05 3 29.69 .105
PLD 1.05 4 139.12 .028
NETE 1.05 1 7.64 .137
MNST 1.05 4 85 .048
CELC 1.05 3 17.98 .174
RFL 1.04 2 31.76 .064
OCUP 1.04 1 4.21 .247
IPA 1.04 2 6.41 .324
FSTX 1.04 1 6.4 .162
CANF 1.04 1 1.56 .666
LUV 1.03 4 49.38 .080
KMPH 1.03 3 9.69 .318
COP 1.03 5 75.32 .065
BLDR 1.03 2 57.52 .034
AMKR 1.03 1 22.45 .045
ALYA 1.03 3 2.95 1.047
MFNC 1.02 2 21.5 .094
ZCMD 1.01 1 1.67 .604
MVST 1.01 4 8.1 .496
LL 1.01 1 18.49 .054
EGRX 1.01 2 53.04 .038
IMAB 1.00 5 65.67 .075
FL .99 3 47.65 .060
DD .99 2 72.24 .026
ACY .99 19 39.17 .475
VTSI .98 2 9.12 .214
TRCH .98 2 4.95 .394
MYGN .98 2 32.62 .060
HOFV .98 2 2.46 .796
UAA .97 2 20.38 .094
SKLZ .97 3 9.18 .315
MS .97 8 101.75 .072
RRGB .96 2 20.96 .090
HRI .96 4 181.61 .020
FA .96 1 20.74 .046
DWSN .96 1 2.24 .428
CRCT .96 2 26.44 .072
CHGG .96 2 62.8 .030
AZPN .96 4 163.46 .020
QDEL .95 4 130.02 .028
NEE .95 2 82.03 .022
BTWN .95 1 9.81 .096
MSTR .94 8 727.25 .008
FTCH .94 2 40.06 .046
FB .94 104 339.99 .208
CGC .94 1 14.34 .065
MO .93 2 47.9 .038
HCM .93 4 32.26 .112
CHPT .93 1 21.19 .043
ABBV .93 4 107.45 .032
RACE .92 3 224.69 .012
PLCE .92 3 81.65 .033
ON .92 2 44.95 .040
LBPH .92 1 9.32 .098
KNL .92 1 25.04 .036
DUK .92 2 101.13 .018
YEXT .91 1 12.11 .075
WFC .91 4 50.34 .072
SSY .91 3 2.62 1.041
SLS .91 3 8.98 .303
AIT .91 2 97.01 .018
GEG .90 1 2.125 .423
CRTO .90 1 38.03 .023
ATNF .90 3 6 .450
YMM .89 1 16.56 .053
PLUG .89 8 33.44 .208
NKE .89 8 157.82 .040
LOOP .89 3 12.88 .207
ARCE .89 2 19.08 .092
ACHL .89 1 7.1 .125
HPQ .88 3 28.86 .090
LOGI .87 4 89.96 .036
GDEV .87 3 9 .288
DTSS .87 1 1.88 .462
AFMD .87 1 5.97 .145
VLDR .86 1 6.3 .136
UTHR .86 4 186.36 .016
RF .86 1 22.82 .037
KODK .86 2 7.41 .232
ATHM .86 2 50.79 .032
VMEO .85 2 34.95 .048
SRNE .85 1 6.74 .126
SAFM .85 1 186.5 .004
RIDE .85 5 5.07 .835
RKT .84 1 16.82 .049
PTIX .84 2 1.91 .878
LEXX .84 3 6.81 .369
IYC .84 2 81.19 .020
HOL .84 3 12.35 .204
ERJ .84 2 17.76 .094
DTST .84 3 4.22 .597
CLII .84 3 14.36 .174
BB .84 11 11.52 .792
APOP .84 5 14.95 .280
UAVS .83 1 2.9 .286
TNA .83 5 90.89 .045
IRBO .83 1 44.85 .018
CNA .83 1 45.2 .018
BLUW .83 2 9.63 .172
SANA .82 1 19.96 .041
MNSO .82 1 16.2 .050
FITB .82 3 43.93 .054
SPRT .81 20 11.8 1.360
MBRX .81 2 2.75 .588
GIS .81 3 61.69 .039
SYPR .80 4 4.1 .780
GMBL .80 1 6.35 .125
SWI .79 1 19.38 .040
SLV .79 2 21.89 .072
SCYX .79 1 5.25 .150
PNRG .79 1 65.37 .012
MU .79 4 67.57 .044
ZY .78 3 11 .210
VVOS .78 4 3.98 .780
IPHA .78 4 5.81 .536
GNOG .78 1 17.61 .044
CAI .78 1 55.95 .013
BABA .78 98 177 .392
WMT .77 15 144.69 .075
PRFX .77 3 2.59 .891
PLTR .77 2 24.69 .062
ENTX .77 2 4.32 .356
QFIN .76 8 21.95 .272
NFLX .76 105 639 .105
NBRV .76 1 1.2 .633
MOSY .76 1 6.07 .125
APG .76 1 21.28 .035
AGRI .76 3 2.21 1.029
WM .75 4 158.84 .016
GPS .75 6 23.05 .192
CEMI .75 7 2.41 2.177
PSTG .74 2 26.1 .056
GTIM .74 1 4.98 .148
GRVI .74 3 7.64 .288
FUBO .74 2 29.8 .048
EVOL .74 2 2.78 .532
ATXI .74 1 1.28 .578
VZ .73 2 52.35 .026
VOOV .73 1 146.6 .004
UPC .73 3 2.35 .930
TIGR .73 6 8.42 .516
SQBG .73 2 6.24 .232
RNXT .73 2 6.01 .242
NVFY .73 3 2.26 .969
ENSC .72 1 2.44 .295
DEN .72 4 75.35 .036
CRMT .72 9 112.66 .054
BTCM .72 4 9.74 .292
ARPO .72 1 2.2 .327
ZKIN .71 2 2.88 .492
SLB .71 3 34.54 .060
PALI .71 3 2.71 .783
CCJ .71 5 26.62 .130
TBLA .70 1 9.85 .071
PRPL .70 3 20.58 .102
ORGS .70 1 4.83 .144
OCX .70 1 3.23 .216
MTTR .70 4 19.42 .144
JRJC .70 1 6.28 .111
IGIC .70 3 8.31 .252
GLD .70 8 165.45 .032
CBAT .70 2 2.24 .624
BGFV .70 6 23.9 .174
GM .69 2 56.85 .024
FTEK .69 3 2.32 .891
BEKE .69 1 21.89 .031
ASM .69 1 0.91 .758
APRE .69 3 5.22 .396
APP .69 7 95.66 .049
TRI .68 2 117.74 .010
ONCS .68 1 1.9 .357
INTC .68 5 55.21 .060
HHR .68 2 55.5 .024
XONE .67 2 22.4 .058
SJM .67 10 120.94 .050
PDCO .67 2 31.9 .042
FOE .67 1 20.95 .031
CLNE .67 1 9 .074
ANF .67 2 38.34 .034
ACH .67 1 18.55 .036
VIPS .66 1 12.42 .053
SSNT .66 1 5.64 .117
RETO .66 1 0.7979 .827
LGHL .66 2 2.29 .576
CTKB .66 1 24.03 .027
CRTD .66 3 2.77 .714
BCRX .66 8 15.04 .344
AMOM .66 1 36.31 .018
XLK .65 4 158.79 .016
TATT .65 3 6.62 .294
STRO .65 2 18.86 .068
PCVX .65 1 23.21 .028
OLB .65 1 5.61 .115
MOS .65 3 41.82 .045
LMNL .65 3 1.93 1.008
TESS .64 1 5.24 .122
SOFI .64 2 20.22 .062
SLGG .64 2 3.38 .378
SDC .64 2 5.99 .212
M .64 6 26.52 .144
LZB .64 2 33.72 .036
HRC .64 4 151.16 .016
CTIB .64 3 1.91 1.005
TQQQ .63 135 142.85 .540
MRK .63 4 79.49 .028
FLOW .63 4 75.93 .032
DNUT .63 3 13.89 .135
CCL .63 4 22.34 .112
ULTA .62 1 363.35 .001
LJPC .62 2 3.9 .316
BON .62 3 6.86 .270
AREC .62 5 2.58 1.200
SOS .61 2 2.36 .516
PLG .61 1 2.43 .251
CL .61 3 74.78 .024
AMBO .61 1 1.44 .423
SPTN .60 2 22.71 .052
PSTV .60 1 1.755 .341
MQ .60 2 24.63 .048
KIRK .60 2 22.91 .052
EVK .60 6 2.63 1.368
AYRO .60 2 2.97 .404
AVCT .60 1 2.33 .257
AMRS .60 1 13.4 .044
VERU .59 3 8.45 .207
TTM .59 3 32 .054
LEN .59 5 99.86 .025
BIG .59 2 46.33 .024
WPRT .58 2 3.32 .348
WISH .58 3 5.32 .327
TRIT .58 3 5.98 .288
STAF .58 2 1.86 .622
SNAP .58 112 76.43 .784
WEI .57 1 0.7831 .727
SBTX .57 1 9.5 .060
RY .57 5 106.44 .025
ORPH .57 4 4.17 .544
GGAL .57 1 10.92 .052
EZFL .57 1 3.1 .183
T .56 3 25.59 .063
SBH .56 2 15.71 .070
OBLN .56 3 3.05 .549
MTP .56 1 1.85 .302
LODE .56 3 2.36 .711
KO .56 5 54.15 .050
CLPS .56 1 3 .186
CLPS .56 1 3 .186
CLOV .56 1 7.92 .070
ARMK .56 3 36.49 .045
VNE .55 6 35.18 .090
UWMC .55 1 7.17 .076
RSI .55 2 20.07 .054
FLXN .55 1 9.32 .059
FLGC .55 4 4.7 .468
EVGO .55 1 8.13 .067
EOLS .55 1 7.96 .069
WHLR .54 2 2.6 .414
ENZ .54 2 3.24 .332
AUUD .54 5 2.52 1.070
ADMA .54 1 1.11 .486
TBIO .53 3 37.36 .042
MEDS .53 5 4.51 .585
HUYA .53 3 9.73 .162
EQ .53 1 5.72 .092
BBWI .53 6 66.1 .048
ASTR .53 4 9.37 .224
XOM .52 8 63.5 .064
TLRY .52 3 11.66 .132
SILK .52 7 57.57 .063
KULR .52 1 2.09 .248
CSCO .52 8 55.74 .072
WOOF .51 2 23.38 .042
RCON .51 2 2.7 .376
MRVL .51 6 67.85 .042
K .51 8 61.5 .064
DYAI .51 3 4.73 .321
CPSH .51 1 4.94 .103
SONO .50 5 32.18 .075
PATI .50 2 11.38 .086
MDIA .50 3 7.88 .189
MARA .50 13 53.91 .117
GRTX .50 3 2.25 .666
FCX .50 22 38.85 .264
RKDA .49 1 2.09 .234
NRBO .49 2 1.92 .510
IGC .49 3 1.52 .966
GP .49 3 13.67 .105
GEVO .49 4 6.84 .284
ENLV .49 2 9.02 .108
ECHO .49 1 48.05 .010
ARMP .49 1 3.3 .148
NNDM .48 3 5.89 .243
NIO .48 75 40.03 .825
HRL .48 5 41.65 .055
EPU .48 3 30.38 .045
DRN .48 4 24.57 .076
CIFR .48 1 7.45 .064
XLE .47 6 58.02 .048
TRIL .47 1 17.67 .026
STEM .47 5 22.23 .105
SOHU .47 6 22.04 .126
QCOM .47 8 132.5 .024
EXPR .47 5 4.3 .545
DARE .47 1 1.62 .290
BODY .47 2 5.32 .176
XPEV .46 80 43.15 .800
WIMI .46 2 4.11 .222
VXX .46 3 22.15 .060
UFAB .46 2 3.08 .298
ORMP .46 12 22.74 .240
NTEC .46 4 9.63 .188
KBSF .46 2 3.05 .300
INOV .46 1 40.71 .011
GURE .46 1 5.95 .077
CVV .46 2 4.96 .184
BCLI .46 1 3.14 .146
TYME .45 4 0.9766 1.840
TME .45 1 8.42 .053
ONCT .45 2 3.84 .234
ADIL .45 2 3.75 .240
WORX .44 4 1.92 .916
UONE .44 4 8.45 .208
NNVC .44 3 4.9 .267
GALT .44 3 3.32 .396
FFHL .44 2 10.1 .086
XLP .43 3 70.42 .018
VTNR .43 7 5.06 .588
EVGN .43 1 2.83 .151
COTY .43 4 7.47 .228
CAN .43 4 7.39 .232
ATIF .43 1 4.08 .105
KR .42 14 39.07 .140
HX .42 2 9.51 .088
CTSO .42 4 5.97 .280
SRNG .41 1 11.42 .035
MSFT .41 111 308.23 .111
KZIA .41 2 10.7984 .074
GTT .41 1 2.36 .173
FLO .41 3 24.84 .048
BLIN .41 8 3.93 .832
AEHR .41 20 19.85 .400
ACOR .41 4 4.61 .352
YJ .40 2 0.9348 .854
LIZI .40 4 3.21 .496
GE .40 4 104.73 .012
FBRX .40 1 2.71 .147
DUOT .40 1 6.01 .066
CIEN .40 18 52.72 .126
CHRA .40 1 4.7 .085
AAPL .40 107 148.76 .214
VIR .39 4 40.3 .036
RSLS .39 3 3.04 .384
FAST .39 4 56.26 .024
CSCW .39 2 0.5093 1.530
BBIG .39 19 7.78 .950
AZN .39 10 60.17 .060
AQMS .39 3 2.09 .558
APTO .39 3 2.18 .534
ACI .39 7 28.3 .091
SPWH .38 2 17.81 .042
OVID .38 2 3.62 .208
OTLK .38 2 2.11 .360
MRTN .38 3 15.73 .072
ANIX .38 1 4.43 .085
AAL .38 8 19.53 .152
XLV .37 4 128.77 .008
PTON .37 4 88.19 .016
ORCL .37 34 97.06 .102
HUGE .37 1 1.54 .240
HNST .37 1 9.37 .039
GPK .37 1 20.08 .018
CHMA .37 2 3.76 .196
MRKR .36 1 1.54 .233
JFIN .36 2 3.94 .182
IDEX .36 4 1.92 .748
GNLN .36 2 2.23 .322
BNGO .36 12 5.27 .816
AKTX .36 1 1.6982 .211
AGNC .36 2 16.5 .042
ADMP .36 1 1.12 .321
ACB .36 3 7.45 .144
ORGO .35 2 11.09 .062
LTHM .35 10 25.68 .130
LMFA .35 5 6.1 .285
IRIX .35 3 7.745 .135
GOVX .35 6 4 .522
CLSD .35 3 5.66 .183
BSQR .35 13 2.36 1.924
AESE .35 1 1.72 .203
XELB .34 2 1.34 .506
HWCC .34 1 5.3 .064
HNP .33 2 19.95 .032
GTS .33 1 35.08 .009
CLF .33 8 21.02 .120
BP .33 3 29.86 .033
BHTG .33 1 1.32 .250
WATT .32 2 2.19 .292
VBLT .32 2 2.21 .288
TAL .32 2 4.85 .130
SPCB .32 2 0.9069 .704
MINM .32 2 1.55 .412
IMMP .32 3 4.31 .222
BKYI .32 1 3.15 .101
YPF .31 1 4.52 .068
WINT .31 3 1.9 .489
ULBI .31 2 7.04 .088
FENC .31 1 8.89 .034
DMAC .31 2 4.11 .150
DBGI .31 4 3.24 .380
D .31 8 75.22 .032
AUTL .31 2 5.97 .102
AEY .31 1 2.26 .137
OXBR .30 5 2.89 .515
HAPP .30 1 0.88 .340
ENG .30 3 2.54 .354
PBR .29 6 10.34 .168
NEXT .29 4 3.26 .352
HUSN .29 4 2.26 .512
AXLA .29 1 2.81 .103
PIRS .28 6 4.41 .378
NKLA .28 14 11.48 .336
MITO .28 1 1.38 .202
IMMR .28 2 6.91 .080
ANY .28 15 7.66 .540
ALTO .28 3 5.73 .144
NAOV .27 11 1.66 1.782
GSM .27 7 7.64 .245
ENVB .27 3 1.93 .417
VIVE .26 2 2.2432 .230
RRD .26 3 6.39 .120
PPBT .26 1 4.48 .058
PME .26 1 0.6899 .376
PBLA .25 1 2.01 .124
HIPO .25 2 4.27 .116
RAIL .24 4 4.52 .212
LC .24 8 33.86 .056
IKT .24 1 1.92 .125
GBR .24 1 4.14 .057
OCG .23 4 3.89 .236
MOGO .23 3 5.43 .126
BGI .23 2 3.8 .120
ACHV .23 1 7.965 .028
THTX .22 1 3.53 .062
SSKN .22 1 1.9 .115
MTL .22 4 4.93 .176
JFU .22 3 1.6274 .405
DYNT .22 5 1.49 .735
XELA .21 6 1.67 .750
VIEW .21 1 4.86 .043
TENX .21 1 1.67 .125
PFE .21 6 42.09 .024
ATOS .21 5 2.9 .360
ALAC .21 2 11.47 .036
ZNGA .20 2 7.61 .052
PHUN .20 5 1.02 .980
ENSV .20 1 1.36 .147
EKSO .20 1 4.11 .048
NBEV .19 1 1.46 .130
VSH .18 3 19.27 .027
TEO .18 1 5.24 .034
OBSV .18 5 2.74 .325
ADMS .18 1 8 .022
PPC .17 2 28.84 .010
LIVX .17 2 3.07 .110
KXIN .17 6 2.22 .456
GMTX .17 1 3.56 .047
FCEL .17 129 8.59 2.451
SPG .16 4 142.84 .004
SNES .16 2 1.55 .206
MOMO .16 2 12.93 .024
ME .16 2 9.63 .032
INFI .16 4 2.77 .228
HFBL .16 1 18.99 .008
SWN .15 1 4.97 .030
IMV .15 2 1.58 .188
GRUB .15 3 16.68 .024
CHNG .15 2 20.78 .014
SYKE .14 3 54 .006
SBS .14 4 6.77 .080
OEG .14 1 2.92 .047
INM .14 1 1.66 .084
IEC .14 1 15.34 .009
EDU .14 1 2.47 .056
TELL .13 7 3.67 .245
SVBI .13 1 12.7 .010
OSMT .13 4 1.94 .268
LMRK .13 1 16.42 .007
GENE .13 3 3 .129
ESXB .13 1 11.33 .011
CRON .13 4 5.81 .088
VERB .12 8 2.19 .432
SBBP .12 2 2 .120
PSTX .12 1 6.36 .018
KDMN .12 3 8.54 .042
GSAT .12 2 1.58 .150
CHNR .12 4 1.2 .400
AGEN .12 9 5.05 .207
SSL .11 12 18.48 .060
SNMP .11 2 1.04 .210
RIG .11 5 4.05 .135
MOHO .11 3 0.5645 .582
GBS .11 1 2.24 .049
FENG .11 2 1.29 .170
CALA .11 1 1.93 .056
SLHG .10 1 3.34 .029
RCAT .10 2 2.835 .070
RAVN .10 3 57.59 .003
MRO .10 13 16.39 .078
EDTK .10 2 1.37 .144
CNFR .10 2 2.66 .074
WTER .09 2 1.54 .116
TEDU .09 2 1.06 .168
SELF .09 1 5.34 .016
PRPO .09 3 2.57 .105
DBVT .09 6 5.37 .096
BIOC .09 2 3.9 .046
AEMD .09 3 3.52 .075
AEI .09 2 1.97 .090
MBII .08 1 0.9 .088
MARK .08 2 0.8782 .182
CPG .08 5 4.96 .080
CLDR .08 1 15.99 .005
BQ .08 2 2.18 .072
XPDI .07 5 10.6 .030
OCG .07 13 3.89 .221
NOK .07 3 5.85 .033
NEPT .07 2 0.525 .266
MFGP .07 3 5.15 .039
ITRO .07 1 1.27 .055
ITRN .07 3 26.51 .006
IRCP .07 2 2.72 .050
FRO .07 11 9.64 .077
ALZN .07 1 2.27 .030
XBIO .06 8 1.76 .272
WYNN .06 3 91.62 0
PSP .06 2 15.85 .006
MSTR .06 118 727.25 0
ET .06 4 10.07 .020
ABUS .06 1 4.15 .014
ULTA .05 12 363.35 0
MDNA .05 8 2.4 .160
FRBK .05 1 3.06 .016
WYNN .04 4 91.62 0
VSTM .04 1 2.69 .014
PBT .04 2 7.16 .010
OXY .04 28 32.94 .028
CXP .04 1 19.14 .002
AVGR .04 7 0.755 .364
VTGN .03 4 2.37 .048
VCAR .03 1 12.4847 .002
SNDL .03 1 0.6894 .043
SIC .03 1 14.48 .002
DFP .03 1 28.7 .001
SLVO .02 3 5.3 .009
NWHM .02 1 8.99 .002
KIN .02 2 9.25 .004
IACB .02 2 9.92 .004
DSE .02 1 9.49 .002
BLNK .02 11 29.05 0
BEST .02 2 2.09 .018
RTLR .01 8 12.98 0
PMD .01 1 8.2264 .001
INFL .01 2 31.4 0
WMPN 0 4 12.3 0
QADB 0 4 87.445 0
GSKY 0 1 12.13 0
EIC -.08 1 19.1999 -.004
NSYS -.12 1 10.65 -.011
