EJH 5.21 6 3.1 10.080
LAIX 1.72 4 0.8762 7.852
SCPS 3.34 7 3.91 5.978
EEIQ 4.33 5 4.13 5.240
NVOS 1.65 5 1.75 4.710
NEGG 3.07 20 14.06 4.360
AACG 2.14 5 2.56 4.175
CPOP 2.34 5 2.94 3.975
AUVI 2.56 8 5.7799 3.536
VRPX 1.77 9 4.57 3.483
DPW 1.56 5 2.35 3.315
JZXN 1.63 4 2.2 2.960
JAN 3.24 5 6.26 2.585
EYES 1.22 6 2.94 2.484
SIEB 1.53 5 3.09 2.475
FCEL .17 129 8.59 2.451
AAME 1.97 5 4.15 2.370
JG 1.30 3 1.65 2.361
CEMI .75 7 2.41 2.177
KOSS 5.35 7 17.53 2.135
NRXP 3.86 6 10.97 2.106
BSQR .35 13 2.36 1.924
SGOC 1.48 8 6.24 1.896
TYME .45 4 0.9766 1.840
NURO 1.69 10 9.35 1.800
NAOV .27 11 1.66 1.782
GRTS 3.14 5 9.31 1.685
SAVA 3.02 26 47.5 1.638
AMC 1.20 56 40.8 1.624
RMED 1.25 4 3.09 1.616
INDP 2.52 5 7.81 1.610
IRNT 3.52 5 11.41 1.540
CSCW .39 2 0.5093 1.530
SPCE 1.26 24 19.84 1.512
SJ 1.24 4 3.43 1.444
CARV 3.92 6 16.31 1.440
HGSH 1.16 2 1.61 1.440
TAOP 1.35 3 2.92 1.386
EVK .60 6 2.63 1.368
SPRT .81 20 11.8 1.360
MRIN 2.01 5 7.53 1.330
GME 2.99 82 186.79 1.312
PBTS 1.24 1 1.01 1.227
AREC .62 5 2.58 1.200
WAVE 1.72 5 7.218 1.190
NCTY 2.63 5 11.1 1.180
LHDX 1.58 4 5.58 1.132
NMRD 1.66 4 5.94 1.116
PMCB 1.11 3 3.04 1.095
CETX 1.20 1 1.12 1.071
AUUD .54 5 2.52 1.070
BIDU 1.78 117 179 1.053
ALYA 1.03 3 2.95 1.047
SSY .91 3 2.62 1.041
AGRI .76 3 2.21 1.029
BTBT 1.30 9 11.35 1.026
CHCI 1.54 3 4.53 1.017
BNTC 1.24 3 3.68 1.008
LMNL .65 3 1.93 1.008
CTIB .64 3 1.91 1.005
WAFU 1.50 4 6.0399 .992
PHUN .20 5 1.02 .980
NVFY .73 3 2.26 .969
IGC .49 3 1.52 .966
MTSL 1.08 3 3.37 .960
JCS 1.40 3 4.39 .954
BBIG .39 19 7.78 .950
BBBY 1.07 13 14.5 .949
OCGN 1.30 6 8.33 .936
UPC .73 3 2.35 .930
ACRS 2.12 7 16.09 .917
WORX .44 4 1.92 .916
PRFX .77 3 2.59 .891
FTEK .69 3 2.32 .891
IMPL 1.70 5 9.6 .885
PTIX .84 2 1.91 .878
ANPC 1.24 2 2.825 .876
YJ .40 2 0.9348 .854
DLPN 2.14 5 12.62 .845
WHLM 1.20 4 5.69 .840
RIDE .85 5 5.07 .835
CNET 1.11 1 1.33 .834
BLIN .41 8 3.93 .832
EBET 3.45 6 24.92 .828
RETO .66 1 0.7979 .827
NIO .48 75 40.03 .825
BNGO .36 12 5.27 .816
XPEV .46 80 43.15 .800
HOFV .98 2 2.46 .796
MOXC 1.33 4 6.69 .792
BB .84 11 11.52 .792
ANVS 3.73 6 28.41 .786
SNAP .58 112 76.43 .784
PALI .71 3 2.71 .783
TPST 2.19 5 13.96 .780
SYPR .80 4 4.1 .780
VVOS .78 4 3.98 .780
NVAX 13.77 9 160.55 .765
ASM .69 1 0.91 .758
SNOA 1.43 3 5.67 .756
XELA .21 6 1.67 .750
IDEX .36 4 1.92 .748
DYNT .22 5 1.49 .735
WEI .57 1 0.7831 .727
NVDA 1.21 144 222.9 .720
CRTD .66 3 2.77 .714
LODE .56 3 2.36 .711
EYEG 1.45 1 2.04 .710
SPCB .32 2 0.9069 .704
OSAT 1.21 3 5.29 .684
CANF 1.04 1 1.56 .666
GRTX .50 3 2.25 .666
AVXL 2.41 5 18 .665
KALV 1.44 8 17.68 .648
FULC 2.54 6 23.7 .642
VERY 1.39 4 8.7 .636
NBRV .76 1 1.2 .633
MVIS 1.51 4 9.51 .632
CBAT .70 2 2.24 .624
STAF .58 2 1.86 .622
SPI 1.06 3 5.18 .612
TERN 1.53 4 10.08 .604
ZCMD 1.01 1 1.67 .604
ADGI 3.21 7 37.07 .602
DTST .84 3 4.22 .597
MNOV 1.12 2 3.77 .594
MBRX .81 2 2.75 .588
VTNR .43 7 5.06 .588
MEDS .53 5 4.51 .585
TSLA 4.22 146 864.27 .584
OPAD 1.25 4 8.55 .584
MOHO .11 3 0.5645 .582
ATXI .74 1 1.28 .578
LGHL .66 2 2.29 .576
AQMS .39 3 2.09 .558
ZEV 1.49 3 8.02 .555
ALEC 2.10 6 22.81 .552
HGEN 1.21 3 6.56 .552
OBLN .56 3 3.05 .549
EXPR .47 5 4.3 .545
XTLB 1.09 2 4 .544
ORPH .57 4 4.17 .544
TQQQ .63 135 142.85 .540
ANY .28 15 7.66 .540
IPHA .78 4 5.81 .536
APTO .39 3 2.18 .534
EVOL .74 2 2.78 .532
HOOD 1.85 12 41.7 .528
ENOB 1.18 4 8.94 .524
HTBX 1.46 2 5.58 .522
GOVX .35 6 4 .522
SCKT 1.43 3 8.25 .519
TIGR .73 6 8.42 .516
SOS .61 2 2.36 .516
OXBR .30 5 2.89 .515
GTEC 1.57 2 6.13 .512
HUSN .29 4 2.26 .512
NRBO .49 2 1.92 .510
OPTT 1.10 1 2.16 .509
XELB .34 2 1.34 .506
LWAC 1.73 5 16.98 .505
MVST 1.01 4 8.1 .496
LIZI .40 4 3.21 .496
ZKIN .71 2 2.88 .492
WINT .31 3 1.9 .489
LEDS 1.24 3 7.63 .486
ADMA .54 1 1.11 .486
COHN 1.95 5 20.35 .475
ACY .99 19 39.17 .475
ERYP 1.39 2 5.93 .468
FLGC .55 4 4.7 .468
DTSS .87 1 1.88 .462
VYGR 1.06 2 4.59 .460
KXIN .17 6 2.22 .456
ATNF .90 3 6 .450
KNBE 2.06 5 23.3 .440
GLSI 3.27 5 37.19 .435
VERB .12 8 2.19 .432
DWSN .96 1 2.24 .428
GEG .90 1 2.125 .423
AMBO .61 1 1.44 .423
ENVB .27 3 1.93 .417
WHLR .54 2 2.6 .414
MINM .32 2 1.55 .412
FGEN 1.47 3 10.75 .408
JFU .22 3 1.6274 .405
AYRO .60 2 2.97 .404
AEHR .41 20 19.85 .400
CHNR .12 4 1.2 .400
APRE .69 3 5.22 .396
GALT .44 3 3.32 .396
TRCH .98 2 4.95 .394
BABA .78 98 177 .392
RAPT 1.77 7 32.1 .385
RSLS .39 3 3.04 .384
DBGI .31 4 3.24 .380
SLGG .64 2 3.38 .378
PIRS .28 6 4.41 .378
RCON .51 2 2.7 .376
PME .26 1 0.6899 .376
LIFE 1.09 3 8.78 .372
LEXX .84 3 6.81 .369
ALF 1.08 2 5.93 .364
AVGR .04 7 0.755 .364
NNOX 1.69 5 23.24 .360
OTLK .38 2 2.11 .360
ATOS .21 5 2.9 .360
ONCS .68 1 1.9 .357
ENTX .77 2 4.32 .356
ENG .30 3 2.54 .354
ACOR .41 4 4.61 .352
NEXT .29 4 3.26 .352
WNW 1.34 1 3.81 .351
GRU 1.51 1 4.305 .350
NTRB 1.15 2 6.54 .350
WPRT .58 2 3.32 .348
BCRX .66 8 15.04 .344
PSTV .60 1 1.755 .341
HAPP .30 1 0.88 .340
CERE 1.78 7 36.91 .336
NKLA .28 14 11.48 .336
ENZ .54 2 3.24 .332
MRNA 3.78 30 333.61 .330
BILI 1.28 22 80.76 .330
ARPO .72 1 2.2 .327
WISH .58 3 5.32 .327
RHE 1.27 2 7.79 .326
OBSV .18 5 2.74 .325
CCXI 3.66 3 33.65 .324
IPA 1.04 2 6.41 .324
DQ 3.36 7 71.9 .322
GNLN .36 2 2.23 .322
DYAI .51 3 4.73 .321
ADMP .36 1 1.12 .321
ARAV 1.21 1 3.77 .320
KMPH 1.03 3 9.69 .318
LJPC .62 2 3.9 .316
SKLZ .97 3 9.18 .315
CRIS 1.20 2 7.6 .314
VOXX 1.16 3 11.13 .312
IMNM 1.42 4 18.22 .308
DDD 1.09 8 28.44 .304
SLS .91 3 8.98 .303
MTP .56 1 1.85 .302
KBSF .46 2 3.05 .300
UFAB .46 2 3.08 .298
NVCR 3.93 9 117.36 .297
ENSC .72 1 2.44 .295
TATT .65 3 6.62 .294
BTCM .72 4 9.74 .292
WATT .32 2 2.19 .292
DARE .47 1 1.62 .290
GDEV .87 3 9 .288
GRVI .74 3 7.64 .288
TRIT .58 3 5.98 .288
VBLT .32 2 2.21 .288
UAVS .83 1 2.9 .286
LMFA .35 5 6.1 .285
GEVO .49 4 6.84 .284
BPTH 1.44 1 5.1 .282
APOP .84 5 14.95 .280
CTSO .42 4 5.97 .280
QFIN .76 8 21.95 .272
XBIO .06 8 1.76 .272
BON .62 3 6.86 .270
OSMT .13 4 1.94 .268
LAZR 1.40 3 15.71 .267
NNVC .44 3 4.9 .267
BNTX 5.17 14 262.85 .266
CMMB 1.24 2 9.29 .266
NEPT .07 2 0.525 .266
BNR 1.30 3 14.62 .264
FCX .50 22 38.85 .264
AFRM 4.66 9 155.35 .261
RLMD 1.57 4 24.06 .260
LYEL 1.21 3 13.92 .258
IMTX 1.15 3 13.24 .258
ALDX 1.09 2 8.41 .258
AVCT .60 1 2.33 .257
DDS 6.22 9 220.36 .252
DOCS 3.04 6 71.5 .252
IGIC .70 3 8.31 .252
PLG .61 1 2.43 .251
FLGT 4.22 5 83.1 .250
BHTG .33 1 1.32 .250
KULR .52 1 2.09 .248
OCUP 1.04 1 4.21 .247
AVIR 1.14 3 13.82 .246
GSM .27 7 7.64 .245
TELL .13 7 3.67 .245
CARA 1.57 2 12.83 .244
STG 1.13 1 4.64 .243
NNDM .48 3 5.89 .243
RNXT .73 2 6.01 .242
EOSE 1.39 2 11.51 .240
BTX 1.13 2 9.38 .240
ORMP .46 12 22.74 .240
ADIL .45 2 3.75 .240
HUGE .37 1 1.54 .240
KSS 1.63 7 47.14 .238
OCG .23 4 3.89 .236
KURA 1.39 3 17.74 .234
RKDA .49 1 2.09 .234
ONCT .45 2 3.84 .234
MRKR .36 1 1.54 .233
KODK .86 2 7.41 .232
SQBG .73 2 6.24 .232
CAN .43 4 7.39 .232
TSP 1.75 5 37.65 .230
VIVE .26 2 2.2432 .230
COTY .43 4 7.47 .228
INFI .16 4 2.77 .228
BYSI 1.25 3 16.66 .225
ASTR .53 4 9.37 .224
CRDF 1.40 1 6.3 .222
WIMI .46 2 4.11 .222
IMMP .32 3 4.31 .222
OCG .07 13 3.89 .221
OCX .70 1 3.23 .216
VTSI .98 2 9.12 .214
AAPL .40 107 148.76 .214
SDC .64 2 5.99 .212
RAIL .24 4 4.52 .212
AKTX .36 1 1.6982 .211
ZM 4.40 14 276.4 .210
GPN 3.44 10 160.99 .210
ZY .78 3 11 .210
SNMP .11 2 1.04 .210
FB .94 104 339.99 .208
PLUG .89 8 33.44 .208
UONE .44 4 8.45 .208
OVID .38 2 3.62 .208
LOOP .89 3 12.88 .207
VERU .59 3 8.45 .207
AGEN .12 9 5.05 .207
SNES .16 2 1.55 .206
MESO 1.26 1 6.14 .205
HOL .84 3 12.35 .204
W 7.31 7 249.03 .203
AESE .35 1 1.72 .203
MITO .28 1 1.38 .202
SKT 1.17 3 17.37 .201
ZLAB 3.42 6 101.22 .198
SE 5.17 14 366.99 .196
CHMA .37 2 3.76 .196
AMTX 1.20 3 18.33 .195
AZYO 1.08 1 5.57 .193
GPS .75 6 23.05 .192
MDIA .50 3 7.88 .189
NTEC .46 4 9.63 .188
IMV .15 2 1.58 .188
AMZN 8.18 93 3444.15 .186
CLPS .56 1 3 .186
CLPS .56 1 3 .186
CVV .46 2 4.96 .184
EZFL .57 1 3.1 .183
CLSD .35 3 5.66 .183
JFIN .36 2 3.94 .182
MARK .08 2 0.8782 .182
TASK 2.03 6 67.51 .180
VNET 1.13 3 18.67 .180
BODY .47 2 5.32 .176
MTL .22 4 4.93 .176
ZG 3.17 5 88.86 .175
CELC 1.05 3 17.98 .174
CLII .84 3 14.36 .174
BGFV .70 6 23.9 .174
GTT .41 1 2.36 .173
BWAY 1.35 1 7.83 .172
BLUW .83 2 9.63 .172
RBLX 2.77 5 79.17 .170
ISEE 1.48 2 17.32 .170
FENG .11 2 1.29 .170
EXPI 1.38 6 48.4 .168
PBR .29 6 10.34 .168
TEDU .09 2 1.06 .168
OSTK 2.20 6 80.85 .162
OPNT 1.39 3 25.29 .162
FSTX 1.04 1 6.4 .162
HUYA .53 3 9.73 .162
ARVN 1.91 7 82.78 .161
MDNA .05 8 2.4 .160
GIII 1.11 4 27.87 .156
UPST 4.14 14 367.08 .154
AAL .38 8 19.53 .152
EVGN .43 1 2.83 .151
TTD 2.07 6 81.41 .150
EDSA 1.24 1 8.22 .150
FIGS 1.12 5 36.89 .150
SCYX .79 1 5.25 .150
DMAC .31 2 4.11 .150
GSAT .12 2 1.58 .150
IRDM 1.55 4 41.03 .148
VCVC 1.46 1 9.85 .148
GTIM .74 1 4.98 .148
ARMP .49 1 3.3 .148
IAC 3.19 7 148.38 .147
FBRX .40 1 2.71 .147
ENSV .20 1 1.36 .147
BCLI .46 1 3.14 .146
CELH 2.77 5 94.55 .145
FUV 1.54 1 10.57 .145
SCR 1.05 5 35.58 .145
AFMD .87 1 5.97 .145
TVTX 1.19 3 24.57 .144
PRTA 1.18 8 62.65 .144
ORGS .70 1 4.83 .144
MTTR .70 4 19.42 .144
M .64 6 26.52 .144
ACB .36 3 7.45 .144
ALTO .28 3 5.73 .144
EDTK .10 2 1.37 .144
SI 4.86 4 137.01 .140
DLTR 2.90 5 100.28 .140
DLO 1.53 5 54.61 .140
SIF 1.16 1 8.23 .140
ALLO 1.11 2 15.74 .140
KR .42 14 39.07 .140
VIH 1.31 1 9.36 .139
SQ 1.73 23 254.41 .138
NIU 1.17 3 25.28 .138
NETE 1.05 1 7.64 .137
AEY .31 1 2.26 .137
VLDR .86 1 6.3 .136
DKS 1.91 9 120.73 .135
DNUT .63 3 13.89 .135
IRIX .35 3 7.745 .135
RIG .11 5 4.05 .135
NLS 1.33 1 9.9 .134
DPZ 5.62 11 465.37 .132
CYTK 1.17 4 35.32 .132
TLRY .52 3 11.66 .132
CCJ .71 5 26.62 .130
LTHM .35 10 25.68 .130
TAL .32 2 4.85 .130
NBEV .19 1 1.46 .130
DUOL 7.27 3 165.69 .129
FLWS 1.34 3 30.53 .129
GENE .13 3 3 .129
LEGN 1.79 4 54.62 .128
NGM 1.25 2 19.34 .128
AMEH 1.16 8 69.38 .128
SAM 9.40 7 510.27 .126
LIVE 1.37 3 32.61 .126
AA 1.14 6 53.68 .126
SRNE .85 1 6.74 .126
SOHU .47 6 22.04 .126
CIEN .40 18 52.72 .126
MOGO .23 3 5.43 .126
SPLK 4.15 5 165.59 .125
THCB 1.25 1 10 .125
ACHL .89 1 7.1 .125
GMBL .80 1 6.35 .125
MOSY .76 1 6.07 .125
IKT .24 1 1.92 .125
TENX .21 1 1.67 .125
LYFT 1.57 4 50.04 .124
SEMR 1.48 2 23.7 .124
MAT 1.28 2 20.33 .124
PBLA .25 1 2.01 .124
LI 1.29 3 31.12 .123
JWN 1.19 3 28.6 .123
HJLI 1.27 1 10.38 .122
TESS .64 1 5.24 .122
AMD 1.45 10 116.33 .120
RIOT 1.25 3 30.83 .120
MAXR 1.20 3 29.58 .120
ZIM 1.19 5 49.32 .120
CLF .33 8 21.02 .120
RRD .26 3 6.39 .120
BGI .23 2 3.8 .120
SBBP .12 2 2 .120
REGN 7.44 9 552.11 .117
SSNT .66 1 5.64 .117
MARA .50 13 53.91 .117
HIPO .25 2 4.27 .116
WTER .09 2 1.54 .116
OLB .65 1 5.61 .115
SSKN .22 1 1.9 .115
DE 4.88 8 343.09 .112
RGEN 4.41 7 262.65 .112
GH 1.57 8 105.06 .112
DAL 1.14 4 40.45 .112
HCM .93 4 32.26 .112
CCL .63 4 22.34 .112
EDIT 1.47 3 39.25 .111
JRJC .70 1 6.28 .111
MSFT .41 111 308.23 .111
PDD 2.15 5 97.52 .110
LIVX .17 2 3.07 .110
RMBL 1.41 3 38.81 .108
CAH 1.34 4 48.63 .108
ENLV .49 2 9.02 .108
CLDX 1.61 3 45.68 .105
SHEN 1.11 3 31.06 .105
PTGX 1.05 3 29.69 .105
NFLX .76 105 639 .105
GP .49 3 13.67 .105
STEM .47 5 22.23 .105
ATIF .43 1 4.08 .105
PRPO .09 3 2.57 .105
MSGE 1.88 4 70.17 .104
RUN 1.35 4 51.62 .104
AEO 1.32 2 25.31 .104
APXT 1.27 1 12.11 .104
CPSH .51 1 4.94 .103
AXLA .29 1 2.81 .103
PRPL .70 3 20.58 .102
ORCL .37 34 97.06 .102
AUTL .31 2 5.97 .102
BKYI .32 1 3.15 .101
ENPH 3.89 5 187.06 .100
CREE 1.64 5 79.12 .100
MRUS 1.44 2 28.43 .100
DDL 1.22 2 24.62 .098
LBPH .92 1 9.32 .098
ABSI 1.13 1 11.64 .097
VSCO 1.28 4 52.37 .096
BTWN .95 1 9.81 .096
DBVT .09 6 5.37 .096
MFNC 1.02 2 21.5 .094
UAA .97 2 20.38 .094
ERJ .84 2 17.76 .094
VLO 1.86 4 80.15 .092
CTRN 1.77 4 74.63 .092
FRD 1.28 1 13.9 .092
ARCE .89 2 19.08 .092
EQ .53 1 5.72 .092
DASH 2.82 7 213.33 .091
GRVY 1.33 7 99.85 .091
STX 1.06 7 81.12 .091
ACI .39 7 28.3 .091
LAD 6.41 5 338.71 .090
CAT 3.19 6 201.14 .090
XBI 2.27 5 123.68 .090
BBY 2.06 5 113.94 .090
DELL 1.74 6 110.81 .090
BKE 1.30 3 42.54 .090
RRGB .96 2 20.96 .090
HPQ .88 3 28.86 .090
VNE .55 6 35.18 .090
AEI .09 2 1.97 .090
MDB 5.88 8 508.01 .088
APPS 1.99 4 86.77 .088
BAC 1.06 4 46.48 .088
HX .42 2 9.51 .088
ULBI .31 2 7.04 .088
CRON .13 4 5.81 .088
MBII .08 1 0.9 .088
CSIQ 1.12 3 37.35 .087
SFIX 1.46 2 33.88 .086
PATI .50 2 11.38 .086
FFHL .44 2 10.1 .086
CHRA .40 1 4.7 .085
ANIX .38 1 4.43 .085
DIS 2.12 7 171.18 .084
VRNT 1.32 3 46.55 .084
JPM 1.20 12 168.57 .084
INM .14 1 1.66 .084
ABCL 1.31 1 15.97 .082
SIVB 7.01 8 699.92 .080
PKG 2.17 5 132.86 .080
RL 1.95 5 118.6 .080
ACMR 1.83 5 112.27 .080
JD 1.44 5 84.91 .080
TJX 1.32 4 63.9 .080
USB 1.25 4 61.35 .080
LUV 1.03 4 49.38 .080
IMMR .28 2 6.91 .080
SBS .14 4 6.77 .080
CPG .08 5 4.96 .080
XLNX 2.27 6 170.24 .078
PINS 1.45 3 55.58 .078
MRO .10 13 16.39 .078
UNH 3.07 11 424.38 .077
TWST 1.37 7 119.87 .077
GURE .46 1 5.95 .077
FRO .07 11 9.64 .077
ROST 2.08 4 108.66 .076
OVV 1.51 2 39.27 .076
JRVR 1.48 2 38.23 .076
UWMC .55 1 7.17 .076
DRN .48 4 24.57 .076
SITM 3.41 5 226.36 .075
MDT 1.95 5 122.2 .075
TMUS 1.78 5 118.56 .075
BCYC 1.49 3 57.62 .075
DKNG 1.24 3 48.84 .075
UBER 1.22 3 47.05 .075
PFGC 1.21 3 47.01 .075
IMAB 1.00 5 65.67 .075
YEXT .91 1 12.11 .075
WMT .77 15 144.69 .075
SONO .50 5 32.18 .075
AEMD .09 3 3.52 .075
ATAI 1.09 1 14.66 .074
CLNE .67 1 9 .074
KZIA .41 2 10.7984 .074
CNFR .10 2 2.66 .074
IWM 2.93 6 225.87 .072
HOG 1.32 2 36.64 .072
LAW 1.23 3 49.31 .072
EAT 1.21 3 48.95 .072
MS .97 8 101.75 .072
CRCT .96 2 26.44 .072
WFC .91 4 50.34 .072
SLV .79 2 21.89 .072
CSCO .52 8 55.74 .072
MRTN .38 3 15.73 .072
BQ .08 2 2.18 .072
DFH 1.18 1 16.4 .071
TBLA .70 1 9.85 .071
BIIB 4.00 5 268.13 .070
VMW 2.32 5 161.81 .070
TSCO 2.08 7 203.53 .070
SPT 1.96 5 131.86 .070
A 1.64 7 155.62 .070
FISV 1.58 5 111.29 .070
AMAT 1.44 7 134.6 .070
AN 1.24 7 115.44 .070
CLSK 1.17 1 16.7 .070
SBH .56 2 15.71 .070
CLOV .56 1 7.92 .070
RCAT .10 2 2.835 .070
TDC 1.32 3 56.93 .069
EOLS .55 1 7.96 .069
TSN 1.42 4 80.1 .068
NEWR 1.30 4 74.74 .068
C 1.23 4 71.76 .068
STRO .65 2 18.86 .068
YPF .31 1 4.52 .068
EVGO .55 1 8.13 .067
SNPS 3.69 6 311 .066
LLY 2.73 6 242.31 .066
TWTR 1.52 3 66.11 .066
FATE 1.36 3 61.17 .066
DUOT .40 1 6.01 .066
WSM 2.54 5 185.29 .065
FANG 1.53 5 110.94 .065
COP 1.03 5 75.32 .065
CGC .94 1 14.34 .065
SNOW 2.91 8 339.74 .064
TTC 1.60 4 99.06 .064
CRNC 1.55 4 93.59 .064
BZ 1.15 2 35.65 .064
DXC 1.11 2 34.48 .064
RFL 1.04 2 31.76 .064
XOM .52 8 63.5 .064
K .51 8 61.5 .064
CIFR .48 1 7.45 .064
HWCC .34 1 5.3 .064
CPE 1.16 3 52.86 .063
T .56 3 25.59 .063
SILK .52 7 57.57 .063
PLTR .77 2 24.69 .062
SOFI .64 2 20.22 .062
ORGO .35 2 11.09 .062
THTX .22 1 3.53 .062
SHOP 16.27 6 1485.74 .060
SEDG 3.89 5 317.22 .060
KYMR 1.69 2 55.24 .060
CHKP 1.25 6 121.78 .060
TTCF 1.07 1 17.69 .060
FL .99 3 47.65 .060
MYGN .98 2 32.62 .060
SLB .71 3 34.54 .060
INTC .68 5 55.21 .060
SBTX .57 1 9.5 .060
VXX .46 3 22.15 .060
AZN .39 10 60.17 .060
SSL .11 12 18.48 .060
FLXN .55 1 9.32 .059
SMLP 1.07 2 36.09 .058
XONE .67 2 22.4 .058
PPBT .26 1 4.48 .058
LPX 1.24 3 64.11 .057
GT 1.09 1 19.05 .057
GBR .24 1 4.14 .057
KEYS 2.52 4 174.72 .056
KMB 1.88 4 129.77 .056
LOW 1.83 7 222.91 .056
CM 1.70 4 119.53 .056
DOCN 1.29 4 91.66 .056
YETI 1.27 4 89.95 .056
BZUN 1.12 1 19.71 .056
PSTG .74 2 26.1 .056
LC .24 8 33.86 .056
EDU .14 1 2.47 .056
CALA .11 1 1.93 .056
ASML 4.13 11 800.96 .055
NXPI 2.32 5 196.95 .055
HRL .48 5 41.65 .055
ITRO .07 1 1.27 .055
LII 2.97 6 309.21 .054
ADSK 2.96 6 296.69 .054
ZS 2.89 6 298.03 .054
ABNB 1.58 6 170.74 .054
ATVI 1.42 3 77.18 .054
TAP 1.23 2 44.96 .054
ASAN 1.17 6 127.65 .054
LL 1.01 1 18.49 .054
FITB .82 3 43.93 .054
CRMT .72 9 112.66 .054
TTM .59 3 32 .054
RSI .55 2 20.07 .054
YMM .89 1 16.56 .053
VIPS .66 1 12.42 .053
TME .45 1 8.42 .053
BHVN 1.74 4 128.1 .052
BYND 1.46 4 107.47 .052
HAS 1.30 4 93.29 .052
APPN 1.29 4 97.02 .052
DOMO 1.26 4 93.75 .052
SCHW 1.13 4 81.54 .052
SPTN .60 2 22.71 .052
KIRK .60 2 22.91 .052
GGAL .57 1 10.92 .052
ZNGA .20 2 7.61 .052
ECOM 1.37 1 26.75 .051
AMGN 2.27 5 206.78 .050
IBM 1.51 5 141.98 .050
SUPN 1.50 1 29.66 .050
MNSO .82 1 16.2 .050
SJM .67 10 120.94 .050
KO .56 5 54.15 .050
IRCP .07 2 2.72 .050
ROLL 1.78 7 226.51 .049
RKT .84 1 16.82 .049
APP .69 7 95.66 .049
GBS .11 1 2.24 .049
GS 2.81 8 412.16 .048
PYPL 2.31 6 271.7 .048
EA 2.20 3 136.75 .048
UPS 1.72 6 193.79 .048
BURL 1.68 8 272.71 .048
CVS 1.40 3 84.89 .048
NTAP 1.16 4 90.81 .048
SKX 1.05 2 43.63 .048
MNST 1.05 4 85 .048
VMEO .85 2 34.95 .048
FUBO .74 2 29.8 .048
MQ .60 2 24.63 .048
BBWI .53 6 66.1 .048
XLE .47 6 58.02 .048
FLO .41 3 24.84 .048
EKSO .20 1 4.11 .048
VTGN .03 4 2.37 .048
GMTX .17 1 3.56 .047
OEG .14 1 2.92 .047
FA .96 1 20.74 .046
FTCH .94 2 40.06 .046
BIOC .09 2 3.9 .046
WDAY 2.61 5 277.27 .045
V 2.27 5 233.52 .045
HON 2.02 5 221.78 .045
LMT 1.95 9 371.07 .045
STT 1.48 3 97.06 .045
AMKR 1.03 1 22.45 .045
TNA .83 5 90.89 .045
MOS .65 3 41.82 .045
ARMK .56 3 36.49 .045
EPU .48 3 30.38 .045
COF 1.87 4 169.79 .044
DAVA 1.77 4 150.46 .044
ABT 1.40 4 119.34 .044
JBL 1.39 2 61.77 .044
JKS 1.26 2 55.56 .044
MU .79 4 67.57 .044
GNOG .78 1 17.61 .044
AMRS .60 1 13.4 .044
CHPT .93 1 21.19 .043
VIEW .21 1 4.86 .043
SNDL .03 1 0.6894 .043
ANTM 2.99 6 393.75 .042
LIN 2.33 6 310.68 .042
INCY 1.38 2 65.47 .042
MMM 1.20 7 182.31 .042
PG 1.11 6 140.66 .042
PDCO .67 2 31.9 .042
TBIO .53 3 37.36 .042
WOOF .51 2 23.38 .042
MRVL .51 6 67.85 .042
SPWH .38 2 17.81 .042
AGNC .36 2 16.5 .042
KDMN .12 3 8.54 .042
COUR 1.39 1 33.15 .041
SANA .82 1 19.96 .041
ROKU 3.09 5 344.45 .040
MA 2.96 5 362.1 .040
CI 1.83 5 206.63 .040
ADI 1.48 5 176.63 .040
GWRE 1.32 4 121.44 .040
ON .92 2 44.95 .040
NKE .89 8 157.82 .040
SWI .79 1 19.38 .040
OTIS 1.10 3 84.42 .039
GIS .81 3 61.69 .039
HNST .37 1 9.37 .039
MFGP .07 3 5.15 .039
WGO 1.39 2 72.24 .038
OLLI 1.29 2 66.35 .038
OKE 1.26 2 65.14 .038
EGRX 1.01 2 53.04 .038
MO .93 2 47.9 .038
FCBP 1.08 1 29.1 .037
RF .86 1 22.82 .037
ADBE 4.10 6 636.07 .036
COST 3.15 6 467.08 .036
EL 2.10 6 312.43 .036
DG 2.03 4 213.79 .036
ESTC 1.65 4 170.98 .036
MCD 1.62 6 242.77 .036
BLFS 1.55 1 42.07 .036
UHS 1.30 4 132.24 .036
NFE 1.27 1 34.53 .036
HD 1.21 12 357.99 .036
TGT 1.11 9 252.19 .036
KNL .92 1 25.04 .036
LOGI .87 4 89.96 .036
DEN .72 4 75.35 .036
ACH .67 1 18.55 .036
LZB .64 2 33.72 .036
VIR .39 4 40.3 .036
ALAC .21 2 11.47 .036
LH 1.59 7 276.05 .035
APG .76 1 21.28 .035
SRNG .41 1 11.42 .035
LITE 1.46 2 85.22 .034
RCUS 1.22 1 35.14 .034
MPC 1.19 2 66.83 .034
TGTX 1.11 1 31.88 .034
BLDR 1.03 2 57.52 .034
ANF .67 2 38.34 .034
FENC .31 1 8.89 .034
TEO .18 1 5.24 .034
AZO 6.70 11 1764.21 .033
AKAM 1.20 3 107.92 .033
CRM 1.06 11 292.34 .033
PLCE .92 3 81.65 .033
BP .33 3 29.86 .033
NOK .07 3 5.85 .033
BKNG 10.17 8 2463.1 .032
AAP 1.82 4 224.14 .032
AXP 1.59 4 177.31 .032
UAL 1.50 1 46.22 .032
TTWO 1.42 4 172.04 .032
CROX 1.26 4 142.4 .032
ABBV .93 4 107.45 .032
ATHM .86 2 50.79 .032
GLD .70 8 165.45 .032
FLOW .63 4 75.93 .032
HNP .33 2 19.95 .032
D .31 8 75.22 .032
ME .16 2 9.63 .032
BEKE .69 1 21.89 .031
FOE .67 1 20.95 .031
BLK 6.24 5 901.65 .030
COIN 1.85 5 305.63 .030
ATKR 1.43 2 90.52 .030
KHC 1.11 1 36.81 .030
CHGG .96 2 62.8 .030
SWN .15 1 4.97 .030
XPDI .07 5 10.6 .030
ALZN .07 1 2.27 .030
SLHG .10 1 3.34 .029
GOOG 3.73 28 2876.44 .028
PLD 1.05 4 139.12 .028
QDEL .95 4 130.02 .028
PCVX .65 1 23.21 .028
MRK .63 4 79.49 .028
ACHV .23 1 7.965 .028
OXY .04 28 32.94 .028
J 1.23 3 133.82 .027
CTKB .66 1 24.03 .027
VSH .18 3 19.27 .027
RTX 1.21 2 91.23 .026
DD .99 2 72.24 .026
VZ .73 2 52.35 .026
TRIL .47 1 17.67 .026
B 1.08 1 42.21 .025
LEN .59 5 99.86 .025
RY .57 5 106.44 .025
CNC 1.57 1 64.71 .024
STE 1.42 4 227.03 .024
SNA 1.40 4 225.29 .024
ALXN 1.24 4 182.5 .024
GM .69 2 56.85 .024
HHR .68 2 55.5 .024
CL .61 3 74.78 .024
BIG .59 2 46.33 .024
QCOM .47 8 132.5 .024
FAST .39 4 56.26 .024
PFE .21 6 42.09 .024
MOMO .16 2 12.93 .024
GRUB .15 3 16.68 .024
CRTO .90 1 38.03 .023
TSM 1.36 2 116.96 .022
NEE .95 2 82.03 .022
ADMS .18 1 8 .022
PKI 1.33 3 171.62 .021
PEP 1.25 3 160.1 .021
CLX 1.16 3 158.99 .021
INTU 2.61 5 572.8 .020
STZ 1.17 4 216.24 .020
NUAN 1.13 1 55.29 .020
HRI .96 4 181.61 .020
AZPN .96 4 163.46 .020
IYC .84 2 81.19 .020
ET .06 4 10.07 .020
UHAL 1.98 9 720.51 .018
JNJ 1.48 2 163.87 .018
DUK .92 2 101.13 .018
AIT .91 2 97.01 .018
IRBO .83 1 44.85 .018
CNA .83 1 45.2 .018
AMOM .66 1 36.31 .018
XLP .43 3 70.42 .018
GPK .37 1 20.08 .018
PSTX .12 1 6.36 .018
BEST .02 2 2.09 .018
STMP 1.59 4 329.61 .016
LANC 1.43 2 170.65 .016
KMX 1.24 2 138.5 .016
UTHR .86 4 186.36 .016
WM .75 4 158.84 .016
XLK .65 4 158.79 .016
HRC .64 4 151.16 .016
PTON .37 4 88.19 .016
SELF .09 1 5.34 .016
FRBK .05 1 3.06 .016
HCA 1.27 3 248.68 .015
TNET 1.38 1 97.47 .014
CHNG .15 2 20.78 .014
ABUS .06 1 4.15 .014
VSTM .04 1 2.69 .014
CAI .78 1 55.95 .013
PAYX 1.56 1 121.81 .012
RACE .92 3 224.69 .012
PNRG .79 1 65.37 .012
GE .40 4 104.73 .012
INOV .46 1 40.71 .011
ESXB .13 1 11.33 .011
TRI .68 2 117.74 .010
ECHO .49 1 48.05 .010
PPC .17 2 28.84 .010
SVBI .13 1 12.7 .010
PBT .04 2 7.16 .010
GTS .33 1 35.08 .009
IEC .14 1 15.34 .009
SLVO .02 3 5.3 .009
TDG 1.87 4 647.04 .008
MSTR .94 8 727.25 .008
XLV .37 4 128.77 .008
HFBL .16 1 18.99 .008
LMRK .13 1 16.42 .007
SYKE .14 3 54 .006
ITRN .07 3 26.51 .006
PSP .06 2 15.85 .006
CLDR .08 1 15.99 .005
SAFM .85 1 186.5 .004
VOOV .73 1 146.6 .004
SPG .16 4 142.84 .004
KIN .02 2 9.25 .004
IACB .02 2 9.92 .004
RAVN .10 3 57.59 .003
SPY 1.31 1 450.64 .002
CXP .04 1 19.14 .002
VCAR .03 1 12.4847 .002
SIC .03 1 14.48 .002
NWHM .02 1 8.99 .002
DSE .02 1 9.49 .002
ULTA .62 1 363.35 .001
DFP .03 1 28.7 .001
PMD .01 1 8.2264 .001
WYNN .06 3 91.62 0
MSTR .06 118 727.25 0
ULTA .05 12 363.35 0
WYNN .04 4 91.62 0
BLNK .02 11 29.05 0
RTLR .01 8 12.98 0
INFL .01 2 31.4 0
WMPN 0 4 12.3 0
QADB 0 4 87.445 0
GSKY 0 1 12.13 0
EIC -.08 1 19.1999 -.004
NSYS -.12 1 10.65 -.011
