SHOP 32.80 7 1528.06 .147
DWAC 30.01 3 56.56 1.590
MSTR 14.75 8 797.51 .144
CAR 12.01 1 297.46 .040
NVAX 10.57 12 159.19 .792
BKNG 10.17 8 2618.97 .024
SAM 9.40 7 502.71 .126
WBX 8.99 1 16.28 .552
AMZN 8.18 93 3518.99 .186
REGN 7.44 9 611.54 .108
DUOL 7.27 3 153.73 .141
SIVB 7.01 8 747.52 .072
W 6.80 8 246.22 .216
AZO 6.70 11 1817.94 .033
PPSI 6.68 1 3.25 2.055
LAD 6.41 5 328.23 .095
BLK 6.24 5 955.11 .030
DDS 6.22 9 303 .180
MDB 5.88 8 555.58 .080
TOST 5.65 1 59 .095
DPZ 5.62 11 495.88 .121
DE 5.37 10 355.2 .150
KOSS 5.35 7 16.23 2.303
EJH 5.21 6 2.73 11.448
SE 5.17 14 357.78 .196
SI 5.04 5 215.16 .115
THC 4.91 1 75.42 .065
UPST 4.74 17 331.56 .238
BNTX 4.59 19 216.64 .399
BKKT 4.57 1 32.61 .140
BIGC 4.50 1 58.81 .076
GKOS 4.45 1 56.99 .078
RGEN 4.41 7 266.82 .112
ZM 4.40 14 264.7 .224
EEIQ 4.33 5 4.07 5.315
TSLA 4.31 151 1222.09 .453
FLGT 4.22 5 77.3 .270
SPLK 4.15 5 166.07 .120
ASML 4.13 11 847 .044
ADBE 4.10 6 662.72 .036
CFLT 4.09 1 93.6 .043
BIIB 4.00 5 278.68 .070
CARV 3.92 6 15.11 1.554
EL 3.86 7 349.5 .077
ZG 3.78 6 66.17 .342
GOOG 3.73 28 2984.82 .028
ANVS 3.73 6 36.36 .612
SNPS 3.69 6 340.75 .060
CCXI 3.66 3 40.15 .273
EVA 3.59 1 68.14 .052
SEDG 3.56 6 344.07 .060
GPN 3.54 11 136.75 .275
MA 3.51 6 348.79 .060
EBET 3.45 6 29.84 .690
ZLAB 3.42 6 88.49 .228
PWR 3.42 1 117.42 .029
SITM 3.41 5 287.43 .055
AFRM 3.38 12 164.23 .240
DQ 3.36 7 65.92 .350
SCPS 3.34 7 3.63 6.440
NRXP 3.30 7 6.65 3.472
GLSI 3.27 5 37.48 .435
DPST 3.25 1 58.93 .055
JAN 3.24 5 6.38 2.535
ADGI 3.21 7 20.04 1.120
IAC 3.19 7 145.17 .147
CMTL 3.13 1 27 .115
APPS 3.13 6 70.53 .264
ENPH 3.10 6 237.9 .078
CAT 3.09 7 205.88 .105
UNH 3.07 11 455.81 .066
NEGG 3.07 20 11.84 5.180
DOCS 3.04 6 67.85 .264
GDYN 3.03 1 37.03 .081
IRNT 3.02 6 11.22 1.614
GME 2.99 82 213.25 1.148
ANTM 2.99 6 422.06 .042
LII 2.97 6 302.18 .054
ADSK 2.96 6 324.52 .054
IWM 2.93 6 241.81 .072
MRNA 2.92 34 236.99 .408
SNOW 2.91 8 364.8 .056
DLTR 2.90 5 110 .130
ZS 2.89 6 338.49 .048
ROKU 2.89 7 278.62 .070
COST 2.84 7 513.12 .035
GS 2.81 8 407.08 .048
CELH 2.77 5 108.07 .125
LMT 2.70 10 339.89 .070
SAVA 2.65 27 90.91 .783
PENN 2.65 10 61.76 .420
GRTS 2.64 6 10.58 1.494
NVCR 2.63 10 106.42 .240
NCTY 2.63 5 10.42 1.260
WDAY 2.61 5 289.92 .045
INTU 2.61 5 614.99 .020
OSTK 2.60 7 104.46 .168
AUVI 2.56 8 5.6 3.656
INMD 2.55 1 93.32 .027
WSM 2.54 5 207.23 .060
PYPL 2.54 8 225.78 .088
FULC 2.54 6 20.01 .756
KEYS 2.52 4 183.68 .052
INDP 2.52 5 7.53 1.670
CNC 2.42 3 74.17 .096
AVXL 2.41 5 23 .520
DASH 2.38 8 198.68 .088
RBLX 2.36 7 77.99 .210
CPOP 2.34 5 2.83 4.130
LIN 2.33 6 331.99 .042
NXPI 2.32 5 224.25 .050
LLY 2.28 7 265 .056
XBI 2.27 5 131.32 .085
AMGN 2.27 5 213.77 .050
STE 2.26 5 224.58 .050
VMW 2.23 6 124.55 .102
ABNB 2.23 7 201.62 .077
HCA 2.20 4 248.27 .032
TPST 2.19 5 12.2 .895
PKG 2.17 5 135.38 .080
CHGG 2.17 3 30.64 .210
PKI 2.16 4 168.84 .048
PDD 2.15 5 83.67 .125
DLPN 2.14 5 10.31 1.035
AACG 2.14 5 2.36 4.530
TTD 2.12 8 68.55 .240
ACRS 2.12 7 16.46 .896
LCID 2.11 3 41.8 .150
ALEC 2.10 6 25.1 .498
V 2.08 7 216.67 .063
ROST 2.08 4 119.65 .068
COIN 2.06 6 337.05 .036
BBY 2.06 5 129.07 .075
DG 2.03 4 225.63 .032
MRIN 2.01 5 7.37 1.360
UHAL 1.98 9 759.25 .018
AAME 1.97 5 4.51 2.180
KMB 1.96 6 132.23 .084
MDT 1.95 5 122.98 .075
COHN 1.95 5 18.32 .530
ARVN 1.91 7 91.64 .140
MSGE 1.88 4 79.43 .092
TDG 1.87 4 665.14 .008
COF 1.87 4 154.87 .048
VLO 1.86 4 77.92 .092
LOW 1.83 7 235.54 .049
CI 1.83 5 214.12 .040
ACMR 1.83 5 102.69 .085
DKS 1.82 13 129.65 .182
AAP 1.82 4 229.73 .028
KNBE 1.81 6 26 .414
DIS 1.80 8 175.63 .080
ROLL 1.78 7 237.5 .049
CERE 1.78 7 44.61 .273
BIDU 1.78 117 158.23 1.287
VRPX 1.77 9 4.14 3.843
TSCO 1.77 8 220.05 .064
RAPT 1.77 7 39.5 .308
DAVA 1.77 4 167.99 .040
CTRN 1.77 4 84.15 .084
JKS 1.76 3 56.12 .093
HON 1.76 7 226.06 .049
TSP 1.75 5 37.79 .230
DELL 1.75 7 56.36 .217
TASK 1.74 7 59.33 .203
BHVN 1.74 4 146.03 .044
TMUS 1.73 6 122.67 .084
SQ 1.73 23 237.38 .161
LWAC 1.73 5 16.98 .505
WAVE 1.72 5 6.99 1.230
LAIX 1.72 4 0.8832 7.788
IMPL 1.70 5 11.57 .730
CM 1.70 4 119.5 .056
TWTR 1.69 5 53.15 .155
RL 1.69 6 127.54 .078
NNOX 1.69 5 25.6 .330
KYMR 1.69 2 64.94 .052
BURL 1.68 8 297.88 .040
ROG 1.67 1 269.5 .006
AN 1.67 8 123.65 .104
XM 1.66 2 43.46 .076
NMRD 1.66 4 5.95 1.112
NVOS 1.65 5 1.72 4.795
ESTC 1.65 4 167.97 .036
FISV 1.64 6 100.36 .096
CREE 1.64 5 79.12 .100
A 1.64 7 156.41 .070
KSS 1.63 7 58.21 .196
JZXN 1.63 4 2.26 2.884
LEGN 1.61 5 48.71 .165
CLDX 1.61 3 45.87 .105
TTC 1.60 4 98.86 .064
STMP 1.59 4 329.61 .016
LH 1.59 7 274.84 .035
HOOD 1.59 13 37.01 .546
LHDX 1.58 4 5.82 1.084
RLMD 1.57 4 26.29 .236
GTEC 1.57 2 5.54 .566
GH 1.57 8 110.19 .112
CARA 1.57 2 17.89 .174
XLNX 1.56 8 198.51 .056
DPW 1.56 5 2.13 3.660
TSC 1.55 1 30.18 .051
IRDM 1.55 4 42.8 .144
CRNC 1.55 4 107.12 .056
BLFS 1.55 1 53.82 .028
FUV 1.54 1 12.07 .127
CHCI 1.54 3 4.52 1.020
TERN 1.53 4 10.35 .588
SIEB 1.53 5 3.09 2.475
FANG 1.53 5 113.79 .065
DLO 1.53 5 47.75 .160
CLX 1.52 4 163.26 .036
OVV 1.51 2 37.03 .080
MVIS 1.51 4 9.07 .664
GRU 1.51 1 4.4448 .339
EA 1.51 4 139.57 .040
WAFU 1.50 4 6.07 .988
SUPN 1.50 1 32.2 .046
ASAN 1.50 9 128.07 .099
AMD 1.50 11 136.34 .121
BCYC 1.49 3 56.93 .078
STT 1.48 3 95.67 .045
SEMR 1.48 2 26.47 .110
JRVR 1.48 2 31.03 .094
JNJ 1.48 2 163.43 .018
ADI 1.48 5 184.18 .040
NURO 1.47 11 7.89 2.046
FGEN 1.47 3 13.15 .333
EDIT 1.47 3 37.5 .117
VCVC 1.46 1 9.85 .148
SFIX 1.46 2 35.01 .082
LITE 1.46 2 93.34 .030
HTBX 1.46 2 5.35 .544
BYND 1.46 5 99.77 .070
SBEA 1.45 2 10.44 .276
EYEG 1.45 1 1.95 .743
BTBT 1.45 10 11.14 1.300
KALV 1.44 8 18.16 .632
JD 1.44 5 77.57 .090
SNOA 1.43 3 5.86 .732
LYFT 1.43 5 53.55 .130
LANC 1.43 2 160.77 .016
ATKR 1.43 2 104.1 .026
TSN 1.42 4 81.56 .068
IMNM 1.42 4 20.63 .272
RMBL 1.41 3 44 .096
SNA 1.40 4 212.01 .024
LAZR 1.40 3 16.76 .249
JCS 1.40 3 3.7 1.134
HX 1.40 6 4.33 1.938
CVS 1.40 3 93.78 .042
CRDF 1.40 1 5.79 .241
WGO 1.39 2 72.66 .038
VERY 1.39 4 7.75 .716
OPNT 1.39 3 25.87 .159
KURA 1.39 3 19.57 .213
JBL 1.39 2 65.23 .042
EOSE 1.39 2 11.29 .246
TNET 1.38 1 106.15 .013
EXPI 1.38 6 42.96 .192
TWST 1.37 7 135.88 .070
LIVE 1.37 3 31.91 .126
ECOM 1.37 1 25.64 .053
SM 1.36 1 37.04 .036
FATE 1.36 3 61.42 .066
TAOP 1.35 3 3.16 1.281
WNW 1.34 1 3.42 .391
OLN 1.34 1 62.3 .021
CAH 1.34 4 49.54 .108
MOXC 1.33 4 6.28 .844
GRVY 1.33 7 101.97 .091
ABT 1.33 6 124.37 .060
TJX 1.32 4 71.2 .072
TDC 1.32 3 48.84 .081
COUR 1.32 2 33.42 .078
AEO 1.32 2 26.58 .098
VIH 1.31 1 9.36 .139
SPY 1.31 1 468.53 .002
RACE 1.31 9 262.52 .036
LAC 1.31 2 32.67 .080
IBM 1.31 7 123.61 .070
ABCL 1.31 1 15.09 .086
UHS 1.30 4 129.88 .040
NEWR 1.30 4 87.17 .056
JG 1.30 3 1.48 2.634
GWRE 1.30 5 125.67 .050
BNR 1.30 3 14.72 .264
BKE 1.30 3 48.44 .078
WM 1.29 6 159.89 .048
OLLI 1.29 2 72.91 .034
LI 1.29 3 31 .123
APPN 1.29 4 90.73 .056
VSCO 1.28 4 51.39 .096
FRD 1.28 1 13.25 .096
BILI 1.28 22 74.82 .374
YETI 1.27 4 107.73 .044
RHE 1.27 2 6.96 .364
NFE 1.27 1 29.64 .042
HJLI 1.27 1 10.38 .122
CPE 1.27 5 60.57 .100
APXT 1.27 1 12.11 .104
TTWO 1.26 5 187.2 .030
SPCE 1.26 24 19.53 1.536
MQ 1.26 4 27.28 .184
MESO 1.26 1 6.36 .198
DOMO 1.26 4 86.93 .056
USB 1.25 4 60.69 .080
THCB 1.25 1 10 .125
SPT 1.25 6 125.07 .054
RIOT 1.25 3 31.49 .117
OPAD 1.25 4 7.75 .644
NGM 1.25 2 21.44 .116
CHKP 1.25 6 116.64 .060
BYSI 1.25 3 15.18 .246
UAL 1.24 2 52.71 .046
SJ 1.24 4 5.81 .852
PBTS 1.24 1 1.26 .984
LPX 1.24 3 65.7 .054
LEDS 1.24 3 8.12 .456
KMX 1.24 2 154.69 .016
EDSA 1.24 1 7.6 .163
CMMB 1.24 2 9.76 .254
BNTC 1.24 3 3.61 1.029
ANPC 1.24 2 2.49 .994
ALXN 1.24 4 182.5 .024
TAP 1.23 2 46.61 .052
LAW 1.23 3 54 .066
J 1.23 3 142.63 .024
C 1.23 4 66.99 .072
RCUS 1.22 1 34.91 .034
EYES 1.22 6 2.81 2.604
DDL 1.22 2 30 .080
VIR 1.21 5 31.26 .190
RTX 1.21 2 91.18 .026
PFGC 1.21 3 48.54 .072
OSAT 1.21 3 5.12 .708
LYEL 1.21 3 13.82 .261
HGEN 1.21 3 7.47 .483
HD 1.21 12 368.4 .036
EAT 1.21 3 44.65 .081
ARAV 1.21 1 3.95 .306
AMC 1.21 57 41.7 1.653
WHLM 1.20 4 5.63 .852
MMM 1.20 7 181.8 .042
JPM 1.20 12 168.05 .084
CRIS 1.20 2 6.28 .382
CETX 1.20 1 1.43 .839
AMTX 1.20 3 22.26 .159
AKAM 1.20 3 107.29 .033
TVTX 1.19 3 30.1 .117
SGOC 1.19 9 6.81 1.566
JWN 1.19 3 32.77 .108
PRTA 1.18 8 58.94 .160
ENOB 1.18 4 8.87 .532
DFH 1.18 1 16.23 .072
ZEV 1.17 4 8.82 .528
STZ 1.17 4 222.69 .020
SKT 1.17 3 21.35 .162
NIU 1.17 3 26.15 .132
CLSK 1.17 1 20.48 .057
VOXX 1.16 3 12.24 .282
TRI 1.16 3 118.06 .027
SIF 1.16 1 7.75 .149
NVDA 1.16 150 297.52 .450
NTAP 1.16 4 91.05 .048
MAT 1.16 3 21.73 .159
LOGI 1.16 5 79.32 .070
HGSH 1.16 2 2.2 1.054
GT 1.16 2 24.14 .096
AMEH 1.16 8 85.99 .104
AMAT 1.16 8 153.29 .056
ZIM 1.15 6 50.07 .132
UPS 1.15 7 208.22 .035
NTRB 1.15 2 5.35 .428
IMTX 1.15 3 12.5 .276
BZ 1.15 2 35.2 .064
ATVI 1.15 4 67.83 .064
TGT 1.14 10 254.27 .040
HCWB 1.14 2 3.25 .700
BGFV 1.14 8 30.39 .296
BBLG 1.14 1 4.245 .268
AVIR 1.14 3 10.81 .315
VNET 1.13 3 16.25 .207
STG 1.13 1 4.83 .233
SCHW 1.13 4 81.15 .052
PEP 1.13 5 166 .030
NUAN 1.13 1 55.11 .020
HAS 1.13 5 96 .055
BTX 1.13 2 9.47 .238
ABSI 1.13 1 16.88 .066
OCGN 1.12 11 10.24 1.199
MNOV 1.12 2 3.59 .622
FIGS 1.12 5 42.82 .130
BZUN 1.12 1 16.82 .066
TGTX 1.11 1 35.51 .031
SHEN 1.11 3 28.1 .117
PMCB 1.11 3 2.93 1.134
GIII 1.11 4 31.69 .140
DXC 1.11 2 34.33 .064
CNET 1.11 1 1.53 .725
ALLO 1.11 2 20.14 .110
RUN 1.10 5 56.19 .095
OPTT 1.10 1 2.12 .518
MRUS 1.10 3 29.71 .111
XTLB 1.09 2 3.97 .548
SKX 1.09 4 48 .088
LIFE 1.09 3 8.42 .387
ATAI 1.09 1 17.18 .063
ALDX 1.09 2 8.94 .242
MTSL 1.08 3 3.37 .960
FCBP 1.08 1 29.1 .037
DOCN 1.08 5 102.61 .050
B 1.08 1 44.19 .024
AZYO 1.08 1 6.18 .174
ALF 1.08 2 5.31 .406
TTCF 1.07 1 18.16 .058
SMLP 1.07 2 29.97 .070
VYGR 1.06 2 3.8 .556
SPI 1.06 3 4.87 .651
CRM 1.06 11 307.25 .033
BAC 1.06 4 46.97 .088
SCR 1.05 5 35.58 .145
PTGX 1.05 3 33.74 .093
PLD 1.05 4 146.69 .028
MNST 1.05 4 91.63 .044
CELC 1.05 3 18.94 .165
OCUP 1.04 1 4.27 .243
NETE 1.04 2 13.09 .158
IPA 1.04 2 5.94 .350
FSTX 1.04 1 6.82 .152
CANF 1.04 1 1.49 .697
KMPH 1.03 3 9.46 .324
BLDR 1.03 2 67.24 .030
MFNC 1.02 2 21.5 .094
DAL 1.02 5 44.29 .115
BBBY 1.02 14 22.57 .630
AXP 1.02 5 176.69 .025
ZCMD 1.01 1 1.81 .558
LL 1.01 1 18.3 .055
EGRX 1.01 2 51.81 .038
PINS 1.00 4 46.22 .084
MO 1.00 3 45.2 .066
IMAB 1.00 5 61 .080
EVGO .99 3 9.98 .297
DKNG .99 6 43.62 .132
ACY .99 19 48.42 .380
VTSI .98 2 8.5 .230
TRCH .98 2 4.95 .394
MYGN .98 2 30.73 .062
MCD .98 8 254.71 .024
HOFV .98 2 2.43 .806
UBER .97 5 47.19 .100
RRGB .96 2 22.47 .084
HRI .96 4 193.97 .016
FA .96 1 21.05 .045
CYTK .96 5 41.1 .115
CRCT .96 2 27.97 .068
AZPN .96 4 161.27 .020
QDEL .95 4 121.1 .028
PG .95 8 146.04 .048
NEE .95 2 85.53 .022
BTWN .95 1 9.91 .095
BPTH .95 2 4.68 .404
AGRI .95 5 2.41 1.970
PAYX .94 2 124.63 .014
FTCH .94 2 37.35 .050
CGC .94 1 11.79 .079
INCY .93 4 67.86 .052
HCM .93 4 29.95 .124
PLUG .92 9 38.37 .207
PLCE .92 3 99.48 .027
OKE .92 3 64.72 .042
LBPH .92 1 6.42 .143
KNL .92 1 25.04 .036
FL .92 4 52.94 .068
YEXT .91 1 12.64 .071
WFC .91 4 50.44 .072
SSY .91 3 2.48 1.098
SLS .91 3 9.36 .291
AIT .91 2 103.15 .016
HOG .90 4 38.11 .092
GEG .90 1 1.89 .476
DDD .90 10 32.34 .270
CRTO .90 1 40.66 .022
ATNF .90 3 5.16 .522
ON .89 6 59.13 .090
NKE .89 8 177.51 .040
ERYP .89 3 2.46 1.083
ARCE .89 2 16.56 .106
ACHL .89 1 6.86 .129
OTIS .88 4 81.71 .040
KHC .88 2 37.84 .046
GMBL .88 2 6.68 .262
ALC .88 1 85.61 .010
GM .87 3 58.52 .042
GDEV .87 3 8.45 .306
DTSS .87 1 2.23 .390
AFMD .87 1 6.76 .128
VLDR .86 1 6.35 .135
UTHR .86 4 202.3 .016
RF .86 1 24.31 .035
KODK .86 2 7.02 .244
VMEO .85 2 23.35 .072
SRNE .85 1 6.615 .128
SOFI .85 4 22.57 .148
SAFM .85 1 188.89 .004
RIDE .85 5 5.6 .755
LUV .85 5 52.23 .080
ABBV .85 5 117.18 .035
PTIX .84 2 2.06 .814
NLS .84 2 10.35 .162
LEXX .84 3 6.28 .399
HOL .84 3 12.35 .204
DTST .84 3 4.26 .591
CLII .84 3 14.36 .174
BB .84 11 11.05 .836
APOP .84 5 13.17 .315
TNA .83 5 110.8 .035
MAXR .83 4 32.04 .100
IRBO .83 1 46.525 .017
CNA .83 1 45.85 .018
BLUW .83 2 9.63 .172
SANA .82 1 22.74 .036
MS .82 9 99.87 .072
MNSO .82 1 16.42 .049
FITB .82 3 44.08 .054
SPRT .81 20 11.8 1.360
MBRX .81 2 2.58 .626
CRTD .81 6 3.43 1.416
APP .81 8 98.47 .064
SYPR .80 4 4.06 .788
DD .80 4 80.4 .036
SWI .79 1 16.79 .047
SLV .79 2 22.35 .070
SCYX .79 1 5.63 .140
PNRG .79 1 69.9 .011
GLD .79 10 169.84 .040
CHPT .79 2 24.69 .062
BJ .79 7 61.98 .084
ZY .78 3 11.04 .210
VVOS .78 4 3.94 .788
UAA .78 3 25.02 .093
SJM .78 12 125.78 .072
IPHA .78 4 5.55 .560
GNOG .78 1 15.81 .049
DUK .78 4 101.68 .028
COP .78 6 75.45 .060
CAI .78 1 55.95 .013
BABA .78 98 158.73 .392
PRFX .77 3 2.37 .972
PLTR .77 2 26 .058
OLB .77 3 6.76 .339
LESL .77 1 23.1 .033
ENTX .77 2 4.1 .374
ALYA .77 4 2.74 1.124
STX .76 9 96.75 .063
QFIN .76 8 20.56 .288
NFLX .76 105 645.72 .105
NBRV .76 1 1.33 .571
MOS .76 5 37.35 .100
GROM .76 2 3.67 .414
QCOM .75 9 163.03 .036
GPS .75 6 24.89 .180
FLWS .75 4 35.27 .084
FB .75 106 341.13 .212
SPTN .74 3 25.04 .087
SCKT .74 4 6.26 .472
PTON .74 5 55.64 .065
PSTG .74 2 27.7 .052
MRK .74 7 81.61 .063
LOOP .74 4 15.75 .184
GTIM .74 1 4.91 .150
GRVI .74 3 5.05 .438
FUBO .74 2 32.82 .044
EVOL .74 2 2.71 .546
ATXI .74 1 1.7798 .415
VZ .73 2 52.24 .026
VOOV .73 1 149.5 .004
UPC .73 3 2.35 .930
SQBG .73 2 6.24 .232
RNXT .73 2 5.26 .276
NVFY .73 3 2.35 .930
EQT .73 1 20.58 .035
RMED .72 6 3.03 1.422
PFE .72 8 48.61 .112
ENSC .72 1 2.25 .320
DEN .72 4 90.5 .028
CRMT .72 9 126.09 .045
BTCM .72 4 8.23 .348
ARPO .72 1 2.2 .327
ZKIN .71 2 2.87 .494
RFL .71 5 7.6 .465
PALI .71 3 2.85 .747
MVST .71 5 9.43 .375
WMT .70 16 150.23 .064
TBLA .70 1 9.85 .071
SONO .70 6 34.4 .120
ORGS .70 1 4.47 .156
OCX .70 1 3.37 .207
INTC .70 6 50.92 .078
IGIC .70 3 8.36 .249
CBAT .70 2 2.15 .650
AMKR .70 2 23.52 .058
VRNT .69 5 47.27 .070
MTTR .69 8 22.04 .248
FTEK .69 3 1.85 1.116
BEKE .69 1 18.03 .038
AUPH .69 6 31.98 .126
ASM .69 1 0.963 .716
APRE .69 3 5.04 .408
ONCS .68 1 1.73 .393
IYC .68 3 86.98 .021
BWAY .68 2 8.5 .160
BCRX .68 9 12.41 .486
XONE .67 2 26.76 .050
XLK .67 5 167.08 .020
SKLZ .67 4 11.33 .236
NPTN .67 1 15.9 .042
M .67 9 31.34 .189
JRJC .67 3 6.49 .309
IONQ .67 4 19.27 .136
FOE .67 1 21.43 .031
CROX .67 5 180.17 .015
CLNE .67 1 8.6 .077
ANF .67 2 46.23 .028
ACH .67 1 13.55 .049
VIPS .66 1 11.02 .059
SSNT .66 1 6.08 .108
RETO .66 1 1.03 .640
CTKB .66 1 24.71 .026
AMOM .66 1 38.5601 .017
TATT .65 3 6.2601 .309
STRO .65 2 23.4 .054
PCVX .65 1 25.31 .025
LMNL .65 3 1.76 1.107
SLGG .64 2 3.29 .388
SDC .64 2 5.25 .242
LZB .64 2 36.16 .034
XLV .63 5 132.86 .020
HPQ .63 4 31.95 .076
FLOW .63 4 78.73 .032
ULTA .62 1 391.85 .001
PDCO .62 3 33.75 .054
MPC .62 3 65.81 .027
LJPC .62 2 4.23 .292
ISEE .62 4 18.74 .132
IFRX .62 2 4.65 .266
BON .62 3 6.63 .279
AREC .62 5 2.26 1.370
APG .62 2 23.14 .052
AA .62 9 47.86 .108
SOS .61 2 2.11 .578
RY .61 7 106.12 .035
PLG .61 1 2.61 .233
CL .61 4 77.84 .028
AMBO .61 1 1.28 .476
SLB .60 4 33.51 .068
PSTV .60 1 1.82 .329
KIRK .60 2 25.31 .046
EVK .60 6 3.25 1.104
CEMI .60 8 2.14 2.240
AYRO .60 2 2.99 .400
AVCT .60 1 1.86 .322
AMRS .60 1 14.09 .042
VERU .59 3 8.46 .207
LEN .59 5 104.29 .025
BIG .59 2 50.89 .022
YMM .58 2 13.96 .082
WPRT .58 2 3.63 .318
WISH .58 3 4.93 .351
STAF .58 2 1.75 .662
SPG .58 6 170.5 .018
CSIQ .58 4 38.38 .060
WEI .57 1 0.9598 .593
SNAP .57 113 53.17 1.130
SBTX .57 1 8.81 .064
ORPH .57 4 4.05 .560
GGAL .57 1 11.41 .049
EZFL .57 1 2.93 .194
CLF .57 11 22.36 .275
TQQQ .56 137 170.56 .411
T .56 3 25.1 .066
SBH .56 2 18.42 .060
PRPL .56 4 19.5 .112
OBLN .56 3 3.05 .549
MTP .56 1 1.72 .325
LODE .56 3 2.25 .744
CLPS .56 1 3.22 .173
CLPS .56 1 3.22 .173
CLOV .56 1 7.87 .071
VNE .55 6 35.3 .090
UWMC .55 1 7.06 .077
RSI .55 2 19.77 .054
MU .55 6 72.92 .042
MOSY .55 2 6.08 .180
GIS .55 6 62.65 .048
FLXN .55 1 9.3 .059
EOLS .55 1 7.54 .072
DNUT .55 4 14.1 .156
WHLR .54 2 2.67 .404
TSM .54 3 117.8 .012
NIO .54 76 42.29 .912
ENZ .54 2 3.32 .324
ADMA .54 1 1.36 .397
TBIO .53 3 37.36 .042
MEDS .53 5 4.05 .650
HUYA .53 3 8.38 .189
ERJ .53 5 16.79 .155
EQ .53 1 6.51 .081
CCJ .53 8 26.99 .152
BBWI .53 6 75.31 .042
ASTR .53 4 10.13 .208
TLRY .52 3 10.7 .144
SILK .52 7 59.96 .056
MARA .52 16 63.82 .128
CSCO .52 8 57.07 .072
WOOF .51 2 25.69 .038
RCON .51 2 2.32 .438
MRVL .51 6 71.86 .042
KO .51 6 56.84 .048
K .51 8 62.56 .064
GFAI .51 2 2.28 .446
DYAI .51 3 4.11 .372
CPSH .51 1 5.22 .097
TIGR .50 8 6.81 .584
PATI .50 2 15.34 .064
MDIA .50 3 7.58 .195
GRTX .50 3 1.9 .789
RKDA .49 1 1.92 .255
NRBO .49 2 1.9999 .490
IGC .49 3 1.41 1.041
GP .49 3 14.31 .102
GEVO .49 4 7.35 .264
ENLV .49 2 8.72 .112
ECHO .49 1 48.21 .010
ATHM .49 3 38.49 .036
ARMP .49 1 3.9489 .124
STN .48 1 55.02 .008
NNDM .48 3 5.8 .246
HRL .48 5 43.21 .055
HRC .48 5 155.06 .015
EPU .48 3 29.35 .048
DRN .48 4 26.88 .068
XPEV .47 81 46.39 .810
XLE .47 6 58.26 .048
TRIL .47 1 17.89 .026
STEM .47 5 24.43 .095
SOHU .47 6 20.67 .132
EXPR .47 5 4.45 .525
DARE .47 1 1.6 .293
BODY .47 2 5 .188
VXX .46 3 20.83 .066
UFAB .46 2 3.2 .286
NTEC .46 4 9.63 .188
MARK .46 4 1.64 1.120
KBSF .46 2 3.05 .300
GURE .46 1 5.46 .084
FLGC .46 5 4.58 .500
EQOS .46 1 5.89 .078
CVV .46 2 4.885 .188
BCLI .46 1 3.02 .152
TYME .45 4 0.9726 1.848
TME .45 1 7.8 .057
ONCT .45 2 4.18 .214
ME .45 4 13.25 .132
CCL .45 5 24.79 .090
ADIL .45 2 3 .300
WORX .44 4 1.76 1.000
NNVC .44 3 4.73 .279
GALT .44 3 3.2 .411
FFHL .44 2 9.6 .090
DWSN .44 2 2.33 .376
CIEN .44 19 60.5 .133
EVGN .43 1 2.73 .157
CAN .43 4 8.73 .196
ATIF .43 1 4 .107
PHUN .42 11 4.22 1.089
FCX .42 23 37.04 .253
DBGI .42 5 3.66 .570
CTSO .42 4 6.27 .264
ARMK .42 4 39.26 .040
SRNG .41 1 11.42 .035
RKT .41 2 17.2 .046
PETZ .41 2 3.88 .210
MSFT .41 112 336.06 .112
KZIA .41 2 11.84 .068
GTT .41 1 2.36 .173
FFIE .41 1 8.72 .047
BLIN .41 8 3.48 .936
AUUD .41 7 2.66 1.078
ACOR .41 4 3.88 .420
YJ .40 2 0.8647 .924
ORMP .40 13 26.83 .182
LIZI .40 4 2.88 .552
KR .40 15 42.32 .135
GE .40 4 108.74 .012
FBRX .40 1 3.22 .124
DUOT .40 1 5.1 .078
CTIB .40 5 1.94 1.030
CHRA .40 1 4.1 .097
VTNR .39 8 4.72 .656
LC .39 10 45.55 .080
FAST .39 4 58.23 .024
CSCW .39 2 0.6796 1.146
AQMS .39 3 1.89 .618
APTO .39 3 2.44 .477
UNIT .38 1 13.89 .027
OVID .38 2 3.59 .210
OTLK .38 2 2.09 .362
MRTN .38 3 17.28 .063
LTHM .38 11 31.33 .132
ANIX .38 1 4.98 .076
UONE .37 7 6.47 .399
ORCL .37 34 94.95 .102
HUGE .37 1 1.53 .241
HHR .37 4 52.27 .028
GPK .37 1 20.54 .018
CHMA .37 2 3.76 .196
CDEV .37 1 7.65 .048
UAVS .36 3 2.87 .375
MRKR .36 1 1.51 .238
JFIN .36 2 3.97 .180
IDEX .36 4 1.96 .732
GNLN .36 2 1.72 .418
BNGO .36 12 5.52 .780
AKTX .36 1 1.68 .214
ADMP .36 1 1.04 .346
ACB .36 3 6.66 .162
ORGO .35 2 11.26 .062
LMFA .35 5 6.86 .255
IRIX .35 3 9.37 .111
HNST .35 2 9.04 .076
GOVX .35 6 3.99 .522
FLO .35 4 25.24 .052
CLSD .35 3 5.27 .198
CIFR .35 3 8.87 .117
BSQR .35 13 2.31 1.963
AESE .35 1 1.96 .178
XELB .34 2 1.51 .450
TRIT .34 5 6.2 .270
TESS .34 2 6.06 .112
HWCC .34 1 5.3 .064
XOM .33 9 65.02 .045
KULR .33 2 3.59 .182
IMMR .33 6 7.14 .276
HNP .33 2 19.15 .034
GTS .33 1 35.67 .009
BHTG .33 1 1.21 .272
ACI .33 9 34.8 .081
WATT .32 2 2.02 .316
TAL .32 2 3.89 .164
SPCB .32 2 0.8953 .714
SGBX .32 3 3 .318
MINM .32 2 1.58 .404
IMMP .32 3 4.81 .198
BKYI .32 1 3.14 .101
AZN .32 12 63.09 .060
AAPL .32 108 151.28 .216
AAL .32 9 21.82 .126
WINT .31 3 1.82 .510
ULBI .31 2 6.09 .100
PBR .31 8 9.72 .248
NKLA .31 15 13.14 .345
HMHC .31 2 17.32 .034
FENC .31 1 9.35 .033
DMAC .31 2 4.65 .132
D .31 8 76.53 .032
COTY .31 6 9.29 .198
AEY .31 1 2.24 .138
OXBR .30 5 3.64 .410
LGHL .30 4 2.09 .572
HAPP .30 1 0.9259 .324
ENG .30 3 2.46 .363
BBIG .30 20 4.62 1.280
AUTL .30 3 5.56 .159
NEXT .29 4 3.75 .308
HUSN .29 4 2.28 .508
MITO .28 1 1.0806 .259
BP .28 4 27.85 .040
ALTO .28 3 5.66 .147
XLP .27 5 73 .015
WIMI .27 4 5.07 .212
RSLS .27 4 2.72 .396
NAOV .27 11 1.68 1.760
MGTX .27 1 20.68 .013
GSM .27 7 6.9 .273
ENVB .27 3 2.08 .387
VIVE .26 2 2.23 .232
PPBT .26 1 4.55 .057
PME .26 1 0.709 .366
AXLA .26 2 3.15 .164
AGNC .26 3 16.22 .048
PBLA .25 1 2.12 .117
HIPO .25 2 4.18 .118
RVI .24 2 6.04 .078
RAIL .24 4 4.73 .200
MOGO .24 4 5.85 .164
IKT .24 1 2.16 .111
GBR .24 1 3.91 .061
PIRS .23 7 4.26 .371
OCG .23 4 4.7 .192
BGI .23 2 3.1 .148
ANY .23 16 6.7 .544
AEHR .23 25 25.72 .200
THTX .22 1 3.5 .062
SSKN .22 1 1.8402 .119
SPWH .22 3 17.3 .036
JFU .22 3 1.44 .456
INOV .22 2 40.84 .010
DYNT .22 5 1.52 .720
VIEW .21 1 6.47 .032
VBLT .21 3 2.43 .258
TENX .21 1 1.56 .134
ATOS .21 5 2.74 .380
ALAC .21 2 11.57 .036
ZNGA .20 2 6.9 .056
SALM .20 4 3.88 .204
ENSV .20 1 1.31 .152
NBEV .19 1 1.61 .118
MOMO .19 3 12.87 .042
VSH .18 3 20.47 .024
TEO .18 1 5.09 .035
OBSV .18 5 2.53 .355
FCEL .18 130 8.95 2.600
YPF .17 2 4.19 .080
PPC .17 2 28.04 .012
LIVX .17 2 3.07 .110
KXIN .17 6 2.09 .486
GMTX .17 1 3.74 .045
SWN .16 2 4.97 .064
SNES .16 2 1.58 .202
RRD .16 5 9.17 .085
INFI .16 4 2.64 .240
HFBL .16 1 19.5 .008
SBS .15 5 6.59 .110
IMV .15 2 1.65 .180
GSKY .15 2 12.06 .024
GRUB .15 3 14.06 .030
CHNG .15 2 21.45 .012
AGEN .15 10 4.16 .360
SYKE .14 3 54 .006
SSL .14 14 17.31 .112
OEG .14 1 2.75 .050
NXTP .14 1 1.41 .099
MRO .14 16 17.07 .128
INM .14 1 1.47 .095
IEC .14 1 15.34 .009
EDU .14 1 2.04 .068
ABUS .14 2 3.48 .080
TELL .13 7 4.75 .189
SVBI .13 1 13.63 .009
OSMT .13 4 1.81 .284
LMRK .13 1 16.33 .007
GENE .13 3 2.85 .135
ESXB .13 1 12.1 .010
CRON .13 4 5.34 .096
VERB .12 8 1.99 .480
SBBP .12 2 2 .120
PSTX .12 1 6.91 .017
MTL .12 8 3.89 .240
GSAT .12 2 1.67 .142
CHNR .12 4 1.26 .380
XPDI .11 11 13.05 .088
TTM .11 8 32.76 .024
SNMP .11 2 1.22 .180
MOHO .11 3 0.6463 .510
GBS .11 1 2.12 .051
FENG .11 2 1.54 .142
EKSO .11 2 4.24 .050
CALA .11 1 0.8628 .127
ACHV .11 2 8.62 .024
SLHG .10 1 2.6 .038
RCAT .10 2 2.72 .072
RAVN .10 3 57.96 .003
KDMN .10 4 9.48 .040
EDTK .10 2 1.42 .140
CNFR .10 2 2.76 .072
XELA .09 7 1.775 .350
WTER .09 2 1.66 .108
TEDU .09 2 0.80855 .222
TAAG .09 1 20.9494 .004
SELF .09 1 5.095 .017
RIG .09 6 3.58 .150
PRPO .09 3 2.34 .114
CPG .09 6 4.86 .108
BIOC .09 2 3.88 .046
AEMD .09 3 3.29 .081
AEI .09 2 2.01 .088
MBII .08 1 0.9153 .087
ET .08 5 9.3 .040
CLDR .08 1 15.99 .005
BQ .08 2 1.88 .084
OCG .07 13 4.7 .182
NEPT .07 2 0.5155 .270
ITRO .07 1 1.27 .055
ITRN .07 3 26.7 .006
FRO .07 11 8.62 .088
DBVT .07 11 3.01 .253
CPLG .07 1 17.76 .003
ALZN .07 1 2.88 .024
XBIO .06 8 1.76 .272
WYNN .06 3 96.92 0
VSTM .06 2 2.75 .042
ADMS .06 2 8.2 .014
ULTA .05 12 391.85 0
OXY .05 30 33.42 .030
MDNA .05 8 2.13 .184
FRBK .05 1 3.36 .014
WYNN .04 4 96.92 0
PSP .04 3 16.67 .006
PBT .04 2 8.36 .008
NOK .04 6 5.77 .036
IRCP .04 4 2.81 .056
CXP .04 1 19.17 .002
AVGR .04 7 0.845 .329
VTGN .03 5 2.47 .060
VCAR .03 1 18.45 .001
VALN .03 1 40.65 0
SNDL .03 1 0.643 .046
SIC .03 1 14.49 .002
MFGP .03 4 5.53 .020
SLVO .02 3 5.42 .009
NWHM .02 1 8.99 .002
KIN .02 2 9.25 .004
EIC .02 2 18.25 .002
DSE .02 1 9.49 .002
BLNK .02 11 31.44 0
RTLR .01 8 11.26 0
PMD .01 1 8.72 .001
INFL .01 2 31.59 0
IACB .01 3 9.94 .003
HDGE .01 1 24.03 0
DFP .01 2 28.66 0
BEST .01 3 1.24 .024
WMPN 0 4 12.29 0
QQC 0 1 33.91 0
QADB 0 4 87.54 0
PAE 0 1 9.94 0
NLSP 0 1 2.15 0
LHAA 0 1 9.85 0
HWBK 0 1 24.4 0
EPAY 0 1 48.02 0
NSYS -.12 1 10.61 -.011
