EJH 5.21 6 1.29 24.228
SCPS 3.34 7 1.45 16.121
LAIX 1.72 4 0.586 11.740
AUVI 2.10 10 2.37 8.860
EEIQ 4.33 5 3.08 7.025
NEGG 3.07 20 9.51 6.440
NVOS 1.65 5 1.38 5.975
VRPX 1.77 9 2.98 5.337
AACG 1.49 7 1.98 5.264
ADGI 2.56 12 6.12 5.016
CPOP 2.34 5 2.34 5.000
IRNT 3.02 6 3.67 4.932
DPW 1.56 5 1.6 4.875
VVOS 1.65 6 2.03 4.872
JZXN 1.63 4 1.41 4.624
FCEL .18 131 5.14 4.585
NRXP 2.89 8 5.04 4.584
JAN 2.73 6 3.62 4.524
EYES 1.22 6 1.64 4.458
CEMI .60 8 1.09 4.400
JG 1.30 3 0.9824 3.969
HX 1.40 6 2.24 3.750
KOSS 5.35 7 10.5 3.563
NURO 1.47 11 4.7 3.432
AAME 1.97 5 2.91 3.380
SIEB 1.53 5 2.28 3.355
AMC 1.18 61 22.46 3.172
MRIN 1.81 6 3.45 3.144
OCGN 1.04 12 4.13 3.012
TYME .45 4 0.6202 2.900
NAOV .27 11 1.03 2.882
RMED .72 6 1.51 2.856
CARV 3.92 6 8.25 2.850
BSQR .35 13 1.63 2.782
BBIG .30 21 2.33 2.688
BTBT 1.45 10 5.6 2.580
PBTS 1.24 1 0.4846 2.558
SPCE 1.26 24 11.78 2.544
TAOP 1.35 3 1.63 2.484
AGRI .95 5 1.95 2.435
GRTS 2.25 7 6.73 2.338
TPST 2.19 5 4.69 2.330
GME 3.68 83 131.03 2.324
NCTY 2.63 5 5.88 2.235
INDP 2.52 5 5.81 2.165
MOXC 1.01 6 2.9 2.088
ANPC 1.24 2 1.23 2.016
RNXT 1.96 4 4.01 1.952
LMNL .65 3 1.04 1.875
MARK .46 4 1.03 1.784
SSY .91 3 1.54 1.770
PHUN .32 17 3.07 1.768
JCS 1.40 3 2.4351 1.722
SGOC 1.19 9 6.2 1.719
WAFU 1.50 4 3.53 1.696
AREC .62 5 1.88 1.645
AUUD .41 7 1.74 1.645
PRFX .57 4 1.39 1.640
CSCW .39 2 0.4847 1.608
SAVA 2.73 29 49.09 1.595
FTEK .69 3 1.31 1.578
PALI .71 3 1.35 1.575
EVK .60 6 2.29 1.572
CTIB .40 5 1.27 1.570
WAVE 1.72 5 5.5 1.560
BNGO .36 12 2.76 1.560
BLIN .41 8 2.13 1.536
SOS .61 2 0.809 1.508
IGC .49 3 0.98 1.500
BNTC 1.24 3 2.49 1.491
NMRD 1.66 4 4.455 1.488
BFRI 1.31 6 5.3 1.482
RIDE .68 7 3.22 1.477
SNAP .57 113 41.68 1.469
DWAC 22.11 4 60.27 1.464
YJ .40 2 0.5625 1.422
BIDU 1.88 118 150.75 1.416
UPC .73 3 1.58 1.386
NIO .53 77 29.31 1.386
ANY .20 21 3.03 1.386
BYSI 1.25 5 4.5 1.385
CETX 1.20 1 0.8678 1.382
ERYP .79 4 2.31 1.364
DLPN 2.14 5 7.85 1.360
SPRT .81 20 11.8 1.360
HGSH 1.00 3 2.21 1.356
SYPR .80 4 2.38 1.344
WORX .44 4 1.31 1.340
PMCB 1.11 3 2.51 1.326
MVIS 1.17 5 4.48 1.305
SNOA 1.51 4 4.63 1.304
NBRV .76 1 0.5825 1.304
ANVS 3.73 6 17.19 1.296
LGVN 2.15 6 10 1.290
LODE .56 3 1.33 1.263
HOOD 1.41 14 15.58 1.260
SPCB .32 2 0.508 1.258
ALYA .77 4 2.5 1.232
STAF .58 2 0.9466 1.224
CRTD .39 7 2.23 1.218
EBET 3.45 6 17.03 1.212
HOFV .98 2 1.625 1.206
PTIX .84 2 1.3974 1.202
CNET 1.11 1 0.9336 1.188
NVFY .73 3 1.85 1.182
MEDS .53 5 2.26 1.170
HGEN 1.21 3 3.115 1.164
IMPL 1.70 5 7.31 1.160
IDEX .36 4 1.24 1.160
RETO .72 2 1.27 1.132
ACRS 2.12 7 13.15 1.127
ZKIN .71 2 1.3 1.092
CBAT .50 3 1.38 1.086
DYNT .22 5 1.02 1.075
ALF 1.08 2 2.01 1.074
SPI .89 4 3.41 1.040
OLB .77 3 2.23 1.035
BB .74 12 8.78 1.008
AQMS .39 3 1.16 1.008
TERN 1.53 4 6.09 1.004
FULC 2.54 6 15.28 .996
CHCI 1.54 3 4.65 .993
HCWB 1.14 2 2.3 .990
CANF .63 2 1.28 .984
LIZI .40 4 1.64 .972
BKKT 2.95 2 6.1 .966
NVAX 7.31 16 121.5 .960
MTSL 1.08 3 3.37 .960
HTBX 1.46 2 3.05 .956
WHLM 1.20 4 5.02 .956
KTTA 1.49 1 1.56 .955
ORPH .57 4 2.4 .948
OSAT 1.21 3 3.85 .942
ENVB .27 3 0.8651 .936
ISPC 1.00 7 7.49 .931
KXIN .17 6 1.09 .930
LGHL .30 4 1.29 .928
TIGR .50 8 4.34 .920
BBBY .79 17 14.43 .918
MBRX .81 2 1.77 .914
XELA .09 7 0.7027 .896
GROM .76 2 1.71 .888
ASM .69 1 0.777 .888
SJ 1.24 4 5.62 .880
KALV 1.44 8 13.27 .864
LEDS 1.24 3 4.36 .852
APTO .28 4 1.32 .848
MNOV .74 3 2.62 .846
MARA 1.20 21 29.3 .840
LHDX 1.58 4 7.54 .836
OPAD 1.25 4 5.96 .836
ATXI .74 1 0.896 .825
RCON .51 2 1.25 .816
GFAI .51 2 1.26 .808
ONCS .68 1 0.85 .800
VERB .12 8 1.19 .800
MOHO .11 3 0.4149 .795
ACIU 1.91 2 4.8 .794
XTLB 1.09 2 2.74 .794
VERY 1.39 4 7.0001 .792
AYRO .60 2 1.54 .778
WEI .57 1 0.7335 .777
OPTT 1.10 1 1.42 .774
GNLN .36 2 0.9279 .774
ATNF .66 4 3.41 .772
AVXL 2.41 5 15.67 .765
PPSI .67 9 7.95 .756
XPEV .46 84 46.66 .756
VYGR 1.06 2 2.81 .754
APRE .69 3 2.77 .747
EXPR .47 5 3.14 .745
TRIT .34 5 2.28 .745
EYEG 1.45 1 1.95 .743
GLSI 3.27 5 21.99 .740
VTNR .37 10 4.97 .740
BILI 1.28 23 39.01 .736
RFL .71 5 4.83 .730
SCKT .74 4 4.07 .724
ENG .30 3 1.25 .720
SYTA .46 5 3.23 .710
DBGI .31 6 2.62 .708
GOVX .36 7 3.58 .700
UAVS .36 3 1.55 .696
AVCT .25 6 2.14 .696
ACOR .41 4 2.36 .692
CRIS 1.20 2 3.495 .686
AMBO .61 1 0.8883 .686
ENOB .94 5 6.82 .685
ATOS .21 5 1.53 .685
MVST .61 6 5.33 .684
NRBO .49 2 1.43 .684
IPHA .78 4 4.57 .680
ALEC 2.10 6 18.49 .678
RSLS .27 4 1.59 .676
NVDA 1.23 167 281.78 .668
ZEV 1.17 4 6.99 .668
EVOL .74 2 2.22 .666
DTST .42 6 3.79 .660
COHN 1.95 5 14.88 .655
WINT .31 3 1.42 .654
DTSS .87 1 1.35 .644
GALT .44 3 2.05 .642
WISH .58 3 2.72 .639
LCID 1.90 13 38.22 .637
FLGC .19 6 1.79 .636
ADMP .36 1 0.5764 .624
NNOX 1.69 5 13.55 .620
JFU .22 3 1.07 .615
WBX 4.49 2 14.63 .612
SDC .64 2 2.11 .606
WNW 1.34 1 2.22 .603
BABA .81 100 126.63 .600
AVGR .04 7 0.4663 .595
DQ 3.36 7 39.87 .588
RHE 1.27 2 4.31 .588
BTX 1.13 2 3.86 .584
KNBE 1.80 7 21.52 .581
LEXX .63 4 4.33 .580
OTLK .38 2 1.31 .580
XELB .34 2 1.18 .576
MRNA 3.05 41 216.06 .574
ARDS 1.12 1 1.95 .574
ZCMD 1.01 1 1.76 .573
TQQQ .64 143 148.94 .572
SLGG .64 2 2.26 .566
LYEL 1.21 3 6.45 .561
PENN 2.65 10 46.86 .560
ENTX .77 2 2.76 .556
CHNR .12 4 0.86 .556
ALDX 1.09 2 3.94 .552
ORMP .35 19 12.04 .551
OBLN .56 3 3.05 .549
HAPP .30 1 0.55 .545
WHLR .54 2 1.99 .542
GRVI .74 3 4.09 .540
MQ 1.18 7 15.34 .532
WATT .32 2 1.21 .528
ABSI 1.08 3 6.14 .525
UONE .37 7 4.87 .525
LIFE .93 4 7.15 .520
BTCM .72 4 5.52 .520
PME .26 1 0.5 .520
ASTR .62 5 5.97 .515
RELI .87 4 6.75 .512
ENSC .61 4 4.75 .512
AUPH 1.04 10 20.04 .510
BGFV .97 10 18.95 .510
WPRT .58 2 2.29 .506
LWAC 1.73 5 16.98 .505
TSP 2.05 7 28.65 .497
GTEC .80 4 6.44 .496
MINM .32 2 1.3 .492
OSMT .13 4 1.05 .492
BCRX .62 10 12.42 .490
SLS .69 4 5.61 .488
ABUS .22 8 3.56 .488
BPTH .95 2 3.9 .486
GMBL .88 2 3.62 .486
RKDA .49 1 1.02 .480
IMNM 1.42 4 11.86 .476
UPST 2.99 19 118.43 .475
BON .62 3 4 .465
HUSN .29 4 2.5 .464
GEVO .49 4 4.24 .460
UFAB .46 2 2 .460
SGBX .32 3 2.08 .459
NKLA .28 17 10.21 .459
PSTV .60 1 1.32 .454
PLG .24 3 1.6 .450
VIVE .26 2 1.16 .448
PIRS .23 7 3.56 .448
MRAM 1.52 3 10.21 .444
MTP .56 1 1.26 .444
ARAV 1.21 1 2.74 .441
DOCS 2.62 8 46.91 .440
SKLZ .67 4 6.04 .440
CTSO .42 4 3.81 .440
AVIR 1.14 3 7.76 .438
BODY .47 2 2.14 .438
GRTX .40 4 3.65 .436
EYPT 5.86 1 13.53 .433
NNVC .44 3 3.12 .423
EOSE 1.39 2 6.58 .422
GEG .90 1 2.13 .422
DDD .70 12 19.79 .420
DBVT .06 12 1.69 .420
MRKR .36 1 0.8599 .418
NEXT .29 4 2.77 .416
AFRM 1.88 18 81.1 .414
BNR 1.30 3 9.38 .414
IFRX .58 3 4.18 .414
ADMA .54 1 1.31 .412
ZY .78 3 5.7 .408
ONCT .45 2 2.2 .408
VNET 1.13 3 8.37 .405
CLSD .35 3 2.59 .405
INFI .16 4 1.58 .404
SE 3.92 20 192.76 .400
SNMP .11 2 0.5551 .396
EZFL .57 1 1.44 .395
TRCH .98 2 4.95 .394
BHTG .33 1 0.837 .394
ZG 3.19 7 56 .392
ATAI 1.29 2 6.6 .390
MTTR .44 15 16.3 .390
CERE 1.78 7 32.36 .385
WIMI .27 4 2.81 .384
AGEN .10 12 3.07 .384
DWSN .44 2 2.315 .380
ZLAB 2.93 7 54.04 .378
NNDM .48 3 3.8 .378
XBIO .06 8 1.26 .376
LAZR 1.16 5 15.34 .375
AEI .09 2 0.4806 .374
PEAR 2.37 1 6.34 .373
NVCR 2.63 10 69.37 .370
KODK .86 2 4.63 .370
LMFA .35 5 4.68 .370
EVGO .45 8 9.58 .368
KMPH 1.03 3 8.4 .366
IMMR .33 6 5.33 .366
SOFI .73 7 13.78 .364
CAN .43 4 4.68 .364
RSKD 1.24 2 6.82 .362
HUGE .37 1 1.02 .362
NEPT .07 2 0.3863 .362
CMMB 1.24 2 6.9 .358
VLDR .76 2 4.23 .358
M .58 17 26.74 .357
DYAI .51 3 4.26 .357
ENZ .54 2 3.06 .352
CCJ .51 16 22.72 .352
ADIL .45 2 2.56 .350
SPRB .47 3 4.04 .348
IPA 1.04 2 5.99 .346
FIGS 1.33 6 23.31 .342
JFIN .36 2 2.11 .340
OCX .70 1 2.06 .339
VBLT .21 3 1.85 .339
OSTK 2.60 7 53.32 .336
VOXX 1.16 3 10.31 .336
IMMP .16 7 3.28 .336
EFOI .29 4 3.49 .332
GRU 1.62 1 4.88 .331
ZM 3.91 15 176.33 .330
GSM .27 7 5.65 .329
ARPO .72 1 2.2 .327
SPLK 6.20 6 114.58 .324
PLUG .92 9 25.22 .324
QFIN .77 9 20.99 .324
VTSI .56 4 6.87 .324
ME .34 6 6.21 .324
BBLG 1.14 1 3.52 .323
ACY .99 19 57.25 .323
TSLA 2.82 161 1064.7 .322
MITO .28 1 0.8696 .321
IMTX .98 4 12.21 .320
VERU .45 4 5.56 .320
AMTX 1.20 3 11.31 .318
ALZN .21 3 1.97 .318
MOGO .24 4 3.02 .316
FGEN 1.47 3 13.93 .315
GDEV .87 3 8.24 .315
APOP .84 5 13.17 .315
TELL .11 9 3.14 .315
KURA 1.04 4 13.3 .312
HUYA .53 4 6.79 .312
SNES .16 2 1.03 .310
RAPT 1.77 7 40.22 .308
W 6.04 9 174.12 .306
JRJC .67 3 6.54 .306
TATT .65 3 6.42 .303
IMMX 1.66 1 5.49 .302
IONQ .65 7 14.84 .301
KBSF .46 2 3.05 .300
OBSV .10 6 2 .300
AMEH 2.05 9 61.92 .297
AMD 1.59 27 136.23 .297
RLMD 1.57 4 21.35 .292
NTRB .49 4 6.68 .292
OXBR .30 5 5.1 .290
EXPI 1.38 6 28.57 .288
HHR 1.09 12 45.22 .288
MBOT .98 2 6.77 .288
NLS .84 2 5.83 .288
TLRY .47 4 6.44 .288
AEHR .20 32 20.48 .288
CLPS .57 1 1.98 .287
CLPS .57 1 1.98 .287
DOCN 1.90 11 70.82 .286
ZIM 1.48 11 55.73 .286
KSS 1.31 11 49.02 .286
APT .86 2 5.99 .286
MTL .05 19 3.23 .285
SBEA 1.45 2 10.2 .284
CCXI 3.66 3 39.12 .279
MESO .65 2 4.7 .276
FCX .45 25 40.53 .275
OCUP .51 2 3.7 .274
LAC .62 13 29.31 .273
SI 4.55 8 132.34 .272
LJPC .62 2 4.55 .272
IGIC .70 3 7.71 .270
ALTO .29 5 5.35 .270
FENG .11 2 0.8103 .270
CARA 1.57 2 11.66 .268
APPS 2.11 7 54.63 .266
DLO 1.53 5 28.55 .265
ORGS .70 1 2.64 .265
EVGN .43 1 1.62 .265
SHOP 28.96 11 1168.93 .264
SQ 1.68 24 144.66 .264
VIR 1.13 8 33.86 .264
MDIA .50 3 5.67 .264
GNFT .18 7 4.76 .259
BNTX 1.93 32 214.74 .256
RBLX 1.49 16 89.2 .256
DARE .47 1 1.84 .255
GPN 3.54 11 151.26 .253
TASK 1.74 7 47.62 .252
STEM .68 6 16.11 .252
CELC 1.05 3 12.59 .249
AKTX .36 1 1.45 .248
AXLA .26 2 2.09 .248
CGC .68 3 8.21 .246
MOSY .55 2 4.5 .244
NVTS 1.62 2 13.5 .240
LOOP .55 5 11.42 .240
EQOS .46 1 1.91 .240
DNUT .44 10 18.29 .240
CIFR .35 3 4.33 .240
PBR .22 12 10.83 .240
PUBM 6.66 1 27.95 .238
TENX .21 1 0.88 .238
RAIL .24 4 4.04 .236
BIOC .22 4 3.67 .236
EDSA 1.24 1 5.29 .234
MSTR 14.75 8 498.62 .232
TOST 3.31 2 28.5 .232
SQBG .73 2 6.24 .232
DDS 5.48 11 255.93 .231
XAIR 1.97 1 8.55 .230
DNA 1.58 1 6.9 .228
DKNG .99 6 25.8 .228
BRLT .96 4 16.59 .228
OVID .38 2 3.31 .228
IMV .15 2 1.32 .226
GSAT .12 2 1.06 .226
NIU .93 4 16.34 .224
CPIX .24 4 4.22 .224
TTD 1.02 17 76.93 .221
CLF .41 13 23.3 .221
ABNB 3.59 10 159.75 .220
DKS 1.19 20 108.14 .220
DRN .55 11 27.12 .220
CHGG 2.17 3 29.49 .219
BLU .51 3 6.96 .219
ENSV .20 1 0.91 .219
FSTX 1.04 1 4.758 .218
CVV .46 2 4.19 .218
CELH 1.96 7 61.52 .217
DUOL 5.53 4 100.97 .216
FUBO 1.01 3 13.92 .216
MDNA .05 8 1.8 .216
CRDF .45 3 6.31 .213
TWTR 1.40 6 39.59 .210
RIOT .73 6 20.48 .210
BLPH .62 1 2.96 .209
FOSL 1.09 2 10.44 .208
AEY .31 1 1.49 .208
EDTK .10 2 0.955 .208
PRTA 1.04 9 43.64 .207
FBRX .40 1 1.93 .207
PDD 2.15 5 52.13 .205
SALM .13 5 3.105 .205
HOL .84 3 12.35 .204
FUV .77 2 7.51 .204
SCYX .31 4 6.01 .204
GENE .13 3 1.8895 .204
GPS .54 7 18.56 .203
ISIG 4.32 1 21.38 .202
BQ .08 2 0.79 .202
ACHL .89 1 4.42 .201
ACB .36 3 5.37 .201
LBPH .92 1 4.6 .200
RUN 1.04 6 31.48 .198
CPE 1.54 7 53.83 .196
CHMA .37 2 3.76 .196
ICCM .58 1 2.96 .195
ERJ .23 15 16.76 .195
DELL 1.42 8 58.04 .192
ASAN .80 16 61.64 .192
STG 1.13 1 5.92 .190
AESE .35 1 1.85 .189
AMZN 6.99 94 3265.08 .188
DDL 1.22 2 12.85 .188
NTEC .46 4 9.63 .188
SRNE .85 1 4.54 .187
SEMR 1.11 3 17.65 .186
GP .49 3 7.87 .186
NBEV .19 1 1.02 .186
AUTL .30 3 4.84 .183
TAL .32 2 3.5 .182
CALA .11 1 0.6071 .181
U 3.60 6 119.75 .180
EDIT 1.47 3 24.41 .180
GIII 1.02 5 28.16 .180
MITQ .36 1 1.99 .180
SKT 1.17 3 19.71 .177
SIF 1.16 1 6.55 .177
APP 1.39 11 82.15 .176
ISEE .62 4 14.04 .176
PETZ .17 4 3.86 .176
LI .73 7 28.38 .175
NXTP .14 1 0.799 .175
BYND 2.00 6 67.06 .174
CLII .84 3 14.36 .174
HIPO .15 3 2.57 .174
GTT .41 1 2.36 .173
BLUW .83 2 9.63 .172
AFMD .29 3 5.04 .171
PRPO .09 3 1.57 .171
IKT .24 1 1.41 .170
AZYO 1.08 1 6.3669 .169
IAC 3.19 7 132.41 .168
NEWR 2.93 6 101.64 .168
FLGT 2.27 6 80.13 .168
SONO .82 6 28.87 .168
IS .59 2 6.98 .168
SOHU .47 6 16.47 .168
HNST .41 3 7.22 .168
DMAC .31 2 3.67 .168
BKYI .19 2 2.25 .168
KULR .06 8 2.82 .168
SSNT .34 2 4.09 .166
CLOV .28 2 3.35 .166
SFIX 1.08 3 19.44 .165
JWN .98 4 23.47 .164
LYFT 1.22 6 43.6 .162
ALLO 1.11 2 13.61 .162
ENLV .49 2 5.98 .162
BWAY .42 3 7.645 .162
RIG .09 6 3.26 .162
SSKN .22 1 1.36 .161
BIGC 2.58 2 32.14 .160
OMER 1.00 1 6.26 .159
NETE 1.04 2 13.09 .158
GAME .43 1 2.71 .158
LC .31 12 22.3 .156
UWMC .23 4 5.77 .156
WTER .09 2 1.14 .156
HOG 1.23 5 38.86 .155
CRON .12 5 3.81 .155
TGTX .93 3 17.96 .153
AAL .32 9 18.57 .153
AEMD .09 3 1.75 .153
IRDM 1.55 4 40 .152
EQ .53 1 3.47 .152
DASH 2.11 10 137.28 .150
GTIM .74 1 4.92 .150
PRPL .32 6 12.75 .150
VCVC 1.46 1 9.85 .148
NGM 1.25 2 16.94 .146
CYAD .56 1 3.82 .146
SCR 1.05 5 35.58 .145
MAT .55 6 22.35 .144
COTY .19 8 10.21 .144
ADBE 5.88 13 514.12 .143
JD .74 13 66.78 .143
YMM .58 2 8.07 .142
CPSH .51 1 3.6 .141
TESS .30 3 6.38 .141
RGEN 4.41 7 216.8 .140
QDEL 2.61 7 126.89 .140
JKS 1.23 5 43.18 .140
TISI .17 1 1.21 .140
VIH 1.31 1 9.36 .139
LIVE 1.37 3 29.35 .138
IMAB .96 6 40.06 .138
PTON .78 6 33.86 .138
PBLA .25 1 1.81 .138
GH 1.57 8 90.24 .136
LUV .79 8 43.89 .136
BVXV .07 4 2.02 .136
TDC 1.17 5 42.84 .135
BRTX .58 1 4.31 .134
GRVY 1.33 7 68.8 .133
PFE .43 19 54.84 .133
DE 4.88 11 376.36 .132
CMTL 3.13 1 23.56 .132
CLDX 1.61 3 35.88 .132
FTCH .67 6 29.76 .132
AA .65 12 58.45 .132
AMRS .60 1 4.54 .132
ANIX .38 1 2.92 .130
GMTX .17 2 2.61 .130
OCG .05 13 4.96 .130
SHEN 1.11 3 25.37 .129
ROKU 3.14 8 193.83 .128
OCG .16 4 4.96 .128
SAM 9.40 7 499.33 .126
ASML 5.32 21 763.12 .126
TWST 1.37 7 72.64 .126
BKE .89 6 41.05 .126
DAL .85 6 40.11 .126
LEGN .83 7 44.33 .126
THCB 1.25 1 10 .125
FRD 1.28 1 10.3 .124
LAW 1.23 3 29.94 .123
KZR .60 3 14.3 .123
MYNZ 1.78 1 14.5 .122
HJLI 1.27 1 10.38 .122
STRO .65 2 10.51 .122
FENC .27 2 4.4 .122
BCLI .23 2 3.76 .122
RL 1.89 8 120.05 .120
TVTX 1.19 3 29.36 .120
PINS 1.00 4 32.69 .120
CYTK .80 6 38.78 .120
FLWS .75 4 24.53 .120
CRCT .70 4 23.3 .120
CHPT .53 4 17.35 .120
PATI .50 2 8.21 .120
IRIX .18 4 5.92 .120
SBBP .12 2 2 .120
TTCF .86 2 14.48 .118
BZUN .80 2 13.52 .118
DLTR 1.90 9 142.82 .117
ARVN .99 9 71.28 .117
AEO .96 3 24.37 .117
MSFT .54 117 313.88 .117
ACI .29 13 31.21 .117
BGI .19 3 4.78 .117
FATE 1.44 4 49.38 .116
JRVR 1.10 3 28.34 .114
MRO .11 19 18.03 .114
BFLY .72 1 6.34 .113
AN 1.67 8 112.28 .112
XLNX 1.57 16 204.04 .112
COUR 1.32 2 23.41 .112
DOMO 1.26 4 44.65 .112
MAXR .83 4 29.4 .112
AAPL .32 112 172 .112
MRUS 1.10 3 29.07 .111
ORCL .28 37 86.34 .111
DPZ 5.62 11 524.41 .110
SNOW 3.29 10 297.09 .110
LLY 2.74 11 259.33 .110
INMD 1.31 5 58 .110
RRGB .96 2 17.4 .110
FFHL .44 2 7.95 .110
ATIF .43 1 3.9 .110
LIVX .17 2 3.07 .110
SBS .07 11 6.4 .110
CPG .07 10 6 .110
REGN 7.44 9 598.44 .108
MDB 5.57 9 429.68 .108
TMX 1.58 3 43.32 .108
ABCL 1.31 1 12.09 .108
XM 1.10 3 29.82 .108
VMEO .85 2 15.59 .108
VALN .71 6 39.33 .108
CLNE .67 1 6.19 .108
FB .65 108 332.46 .108
HCM .62 6 33.7 .108
INM .14 1 1.29 .108
VSTM .07 3 1.93 .108
GURE .46 1 4.26 .107
CREX .15 1 1.4 .107
MBII .08 1 0.75 .106
LAD 6.41 5 298.48 .105
ACMR 1.83 5 83.7 .105
VSCO .90 7 56.8 .105
CCL .45 5 21.07 .105
MSGE 1.88 4 70.91 .104
APXT 1.27 1 12.11 .104
NFLX .98 104 553.29 .104
UAA .56 4 20.83 .104
BHVN 2.25 6 131.1 .102
TJX 1.31 6 75.47 .102
BZ 1.22 3 35.14 .102
HMHC .53 3 15.19 .102
ULBI .31 2 5.98 .102
NXE .23 2 4.43 .102
YEXT .91 1 9 .101
SBTX .57 1 5.63 .101
ZS 2.76 10 260.21 .100
CREE 1.64 5 79.12 .100
WMT .85 20 143.52 .100
KR .28 20 47.12 .100
PYPL 2.14 9 192.27 .099
DIS 1.86 9 156.9 .099
KMB 1.62 9 143.12 .099
RMBL 1.41 3 42.11 .099
CALT .80 3 23.84 .099
GKOS 4.45 1 45.34 .098
BBY 1.45 7 102.88 .098
JPM 1.29 14 165.52 .098
KZIA .41 2 8.25 .098
BLNK .18 14 24.25 .098
XPDI .08 14 10.11 .098
GBR .24 1 2.46 .097
KRYS 6.33 1 65.92 .096
BIIB 3.06 8 237.3 .096
ENPH 1.82 8 151.49 .096
XBI 1.75 6 105.2 .096
SPT 1.25 6 74.29 .096
BTWN .95 1 9.82 .096
UBER .71 6 42.03 .096
DVAX .64 2 13.11 .096
GT .37 6 22.35 .096
ZNGA .15 4 6.09 .096
CNC 1.49 5 76.34 .095
CAH 1.02 5 52.51 .095
FL .84 5 42.21 .095
ROIV .83 1 8.7 .095
MOS .76 5 39.41 .095
LTHM .12 19 23.73 .095
MFNC 1.02 2 21.5 .094
EAT 1.21 3 38.1 .093
ARCE .63 3 19.79 .093
VLO 1.86 4 80.16 .092
DPST 1.46 4 62.07 .092
SKX 1.09 4 46.31 .092
TEDU .09 2 1.95 .092
SSL .08 23 16.53 .092
UNH 3.38 13 469.65 .091
SILK .52 7 38.64 .091
FISV 1.64 6 109.14 .090
WYNN 1.57 5 84.64 .090
TGT 1.47 15 231.35 .090
CRM 1.43 15 229.15 .090
TMUS 1.26 9 115.57 .090
PTGX 1.05 3 34.54 .090
PLTR .77 2 16.74 .090
COP .73 10 78.49 .090
VNE .55 6 35.82 .090
EOLS .55 1 6.13 .089
FANG 1.39 8 123.65 .088
OVV .84 4 38.04 .088
OPNT .73 4 32.15 .088
SPTN .59 4 25.7 .088
K .55 11 65.96 .088
KIRK .48 3 16.05 .087
ERF .20 5 11.13 .085
PLCE 1.60 4 75.36 .084
BCYC 1.49 3 52.17 .084
APPN 1.29 4 60.72 .084
SMLP 1.07 2 25.02 .084
USB .87 6 60.05 .084
CSCO .45 12 60.92 .084
CIEN .33 21 74.38 .084
SPWH .25 4 11.9 .084
CNFR .10 2 2.3401 .084
CDEV .10 6 7.09 .084
FRO .03 21 7.35 .084
GNOG .78 1 9.39 .083
ORGO .35 2 8.45 .082
EKSO .11 2 2.64 .082
VMW 1.17 9 120.12 .081
MNSO .82 1 10.09 .081
EL 3.61 8 355.39 .080
SEDG 2.57 8 248.24 .080
CAT 1.88 10 221.99 .080
A 1.31 10 149.12 .080
C 1.06 5 64.91 .080
MDT .86 10 104.97 .080
BJ .71 8 64.85 .080
PSTG .50 5 30.66 .080
CYTH .34 1 4.21 .080
SLHG .10 1 1.24 .080
VTGN .03 5 1.82 .080
VIPS .66 1 8.29 .079
IWM 2.93 6 218.6 .078
DXC .90 3 33.73 .078
HPQ .53 6 38.68 .078
FFIE .22 2 5.63 .078
SITM 2.97 7 256.76 .077
LMT 2.51 11 358 .077
ARMP .49 1 6.32 .077
CRNC 1.55 4 78.25 .076
MYGN .98 2 25.73 .076
CSIQ .58 4 29.17 .076
EAR .56 1 7.28 .076
CHRA .40 1 5.26 .076
PKG 2.17 5 136.97 .075
PFGC 1.21 3 46.66 .075
QCOM 1.05 15 185.95 .075
THTX .22 1 2.9 .075
DUOT .40 1 5.38 .074
EDU .14 1 1.87 .074
GBS .11 1 1.47 .074
SIVB 7.01 8 733.29 .072
KMX 2.23 4 119.1 .072
WSM 1.97 6 156.61 .072
SPG 1.55 8 163.16 .072
V 1.35 12 219.75 .072
ESTC 1.01 8 108.79 .072
CM .99 9 121.62 .072
LOGI .74 8 80.79 .072
RSI .55 2 15 .072
SLB .41 6 34.05 .072
VXX .35 4 19.38 .072
ET .11 6 9.08 .072
IRCP .04 4 2.2 .072
TBLA .70 1 9.85 .071
SNPS 3.62 7 344.97 .070
WDAY 2.57 7 250.63 .070
CFLT 2.29 2 64.9 .070
TTC 1.42 5 98.43 .070
STX .84 10 112.38 .070
MS .74 10 103.42 .070
SLV .22 7 20.51 .070
VIEW .13 2 3.68 .070
AHPI .12 3 5.04 .069
RNG 11.84 1 173.09 .068
BLDR 1.45 4 82.46 .068
MO .84 4 49.21 .068
TME .45 1 6.59 .068
GGAL .16 4 9.27 .068
PWR 2.42 3 109.99 .066
COIN 1.45 11 234 .066
ROST 1.31 6 109.44 .066
SCHW 1.01 6 90.74 .066
SUPN .95 2 28.51 .066
WOOF .43 3 18.72 .066
MRTN .38 3 16.86 .066
OEG .14 1 2.1 .066
YPF .09 3 3.95 .066
RACE 1.48 13 261.58 .065
CTRN 1.11 5 85.2 .065
VRNT .69 5 52.06 .065
SM .46 5 34.44 .065
XMTR 3.46 1 53.87 .064
YETI 1.27 4 76.03 .064
BEKE .61 2 18.93 .064
HWCC .34 1 5.3 .064
THC 4.91 1 77.66 .063
MA 3.58 7 370 .063
GS 2.93 9 396.93 .063
DFH 1.18 1 18.73 .063
UAL .99 3 45.77 .063
SANA .82 1 12.83 .063
MRVL .60 9 85.53 .063
INTC .54 7 54.01 .063
WFC .51 7 53.63 .063
KO .46 9 60.47 .063
CCMP 11.86 1 189.99 .062
PPBT .26 1 4.15 .062
ECOM 1.37 1 22.37 .061
CAR 6.00 2 200 .060
HRI 2.10 5 164.91 .060
CVS 1.62 4 102.59 .060
GWRE 1.30 5 107.24 .060
CHKP 1.25 6 115.05 .060
LL 1.01 1 16.69 .060
IBM .88 10 135.34 .060
ATVI .81 5 63.82 .060
ABT .76 12 135.14 .060
JBL .75 6 70.17 .060
CROX .67 12 128.68 .060
FLXN .55 1 9.12 .060
SBH .38 3 18.54 .060
ON .35 12 67.25 .060
FLO .28 6 27.94 .060
MOMO .19 3 9.05 .060
SWN .07 4 4.44 .060
RRD .06 12 11.2 .060
RDUS .38 1 6.37 .059
KYMR 1.69 2 58.18 .058
RKT .41 2 14.01 .058
BIG .91 3 47.81 .057
INTU 4.61 8 586.39 .056
COST 2.35 14 549.8 .056
DG 2.10 7 235.8 .056
ROLL 1.78 7 211.98 .056
TRI 1.63 4 112.99 .056
AMAT 1.16 8 156.34 .056
SWI .79 1 13.89 .056
CUE .62 1 10.88 .056
PDCO .41 4 29.14 .056
HITI .25 1 4.45 .056
KEYS 2.15 5 192.59 .055
TSN 1.03 5 90.84 .055
GM .73 5 62.87 .055
VGR .61 1 11.09 .055
AGNC .17 5 15.2 .055
ITRO .07 1 1.27 .055
LII 2.97 6 309.04 .054
AMGN 2.19 6 225.17 .054
CI 2.12 6 227.54 .054
TTWO 1.56 6 164.61 .054
TSCO 1.52 9 231.31 .054
HAS .94 6 103.15 .054
CRMT .72 9 103.16 .054
BAC .47 6 48.13 .054
AMKR .47 3 25.2 .054
KHC .35 6 36.83 .054
XERS .14 1 2.64 .053
OLLI 1.29 2 49.23 .052
NFE 1.27 1 24.32 .052
LOW 1.04 13 257.79 .052
FA .96 1 18.31 .052
EQT .39 3 21.78 .051
SNDL .03 1 0.582 .051
EA 1.35 5 129.69 .050
AKAM 1.21 5 111.88 .050
OTIS .91 5 84.71 .050
TNA .83 5 79.99 .050
XONE .67 2 26.7 .050
ACH .67 1 13.25 .050
ALC .49 10 82.46 .050
XOM .38 10 68.32 .050
ADSK 2.04 7 264.11 .049
MFGP .04 7 5.63 .049
ITCI 2.20 1 45.36 .048
COF 1.87 4 150.73 .048
DAVA 1.77 4 139.17 .048
PAYX 1.68 4 130.8 .048
BURL 1.68 8 268.79 .048
TSC 1.55 1 31.79 .048
BLFS 1.55 1 32.2 .048
JNJ 1.48 6 171.63 .048
HON 1.40 8 210.82 .048
LPX 1.24 3 75.1 .048
TAP 1.23 2 49.78 .048
NTAP 1.16 4 93.24 .048
GE .86 6 99.95 .048
FITB .82 3 48.37 .048
LEN .65 8 108.07 .048
APG .62 2 25.35 .048
BBWI .53 6 62.34 .048
MRK .37 12 78.83 .048
AZN .21 16 56.67 .048
GDYN .81 2 34.54 .046
STE 2.26 5 238.46 .045
LIN 1.72 9 338.01 .045
LH 1.59 9 288.55 .045
WGO 1.15 3 76.45 .045
SJM .56 15 141.36 .045
ANF .52 3 34.31 .045
EPU .48 3 30.93 .045
GRUB .15 3 9.96 .045
TTM .10 15 32.85 .045
PKI 2.16 4 181.6 .044
EVA 1.62 2 73.46 .044
NPTN .67 1 15.21 .044
DUK .46 11 103.47 .044
MU .43 11 95.65 .044
ARMK .42 4 36.73 .044
PANW 23.18 1 532.91 .043
LSI 3.13 2 144.92 .042
STT 1.48 3 98.92 .042
MMM 1.20 7 178 .042
OKE .92 3 61.65 .042
NEE .65 6 85.77 .042
TBIO .53 3 37.36 .042
ATHM .49 3 32.69 .042
LICY .37 1 8.8 .042
GIS .26 14 68.49 .042
PCTY 8.94 1 213.07 .041
CTKB .66 1 15.72 .041
SNA 1.89 5 219.74 .040
ADI 1.48 5 173.39 .040
NXPI 1.35 8 226.96 .040
MNST 1.05 4 95.52 .040
HD .95 20 405.76 .040
XLK .83 10 167.47 .040
RY .56 8 109.91 .040
KDMN .10 4 9.5 .040
GLD .66 13 166.99 .039
EGRX 1.01 2 51.42 .038
LESL .44 2 22.55 .038
GPK .38 2 19.7 .038
FCBP 1.08 1 29.1 .037
ANTM 2.99 6 439.45 .036
AAP 1.46 6 241.65 .036
J 1.33 4 138.88 .036
UHS 1.30 4 130.98 .036
LITE 1.30 3 104.72 .036
AXP 1.07 6 172.9 .036
ATKR 1.07 4 110.66 .036
UPS .93 9 216.64 .036
KNL .92 1 25.04 .036
ABBV .83 6 135.23 .036
DD .80 4 81.99 .036
PG .61 12 162.83 .036
CLSK .30 1 8.3 .036
HRL .23 9 49.33 .036
NOK .04 6 6.12 .036
IRTC 3.69 1 104.61 .035
XLY 1.05 7 202.86 .035
SRNG .41 1 11.42 .035
WOLF 3.86 1 113.05 .034
LZB .64 2 36.41 .034
ALAC .21 2 11.75 .034
RMD 8.09 1 241.8 .033
WM .61 11 162.85 .033
BRG .30 3 26.44 .033
RF .28 3 24.59 .033
XLE .22 11 60.51 .033
BEST .01 3 0.8548 .033
BKNG 10.17 8 2429.97 .032
HCA 2.20 4 254.51 .032
DEN .72 4 80.1 .032
CORT .32 2 19.19 .032
BP .12 8 28.81 .032
TEO .08 2 4.9 .032
OXY .05 32 32.76 .032
RCUS 1.22 1 38.44 .031
ENIC .06 1 1.88 .031
BLK 6.24 5 895.49 .030
CLX 1.20 5 178.54 .030
NKE .63 10 161.04 .030
OLN .56 3 52.95 .030
MT .36 3 33.49 .030
SMH 4.39 2 306.2 .028
GOOG 3.73 28 2751.02 .028
FLOW .63 4 86.36 .028
MPC .54 4 70.15 .028
FOE .32 2 21.8 .028
T .11 7 26.11 .028
RTX .88 3 90.06 .027
XLF .40 3 40.69 .027
CL .32 9 84.66 .027
RVI .06 3 6.27 .027
RCAT .02 3 2.02 .027
PCVX .65 1 24.65 .026
HOLI .43 1 16.1 .026
HNP .33 2 24 .026
ACHV .11 2 8.25 .026
NUE 3.02 1 116.6 .025
CRTO .90 1 35.56 .025
TRIL .47 1 18.44 .025
AZO 5.11 12 2062.49 .024
ALXN 1.24 4 182.5 .024
MCD .98 8 269.69 .024
AZPN .96 4 148.95 .024
VSH .18 3 21.94 .024
GSKY .15 2 11.8 .024
UNIT .11 3 12.99 .024
B 1.08 1 48.01 .022
SPB 2.21 1 102.14 .021
PEP .66 7 173.86 .021
STN .44 3 55.38 .021
VZ .41 3 53.76 .021
LPTX .01 7 2.83 .021
IRBO .83 1 39.56 .020
PLD .67 5 156.57 .020
TSM .66 4 128.47 .020
AMOM .66 1 33.5229 .019
PSTX .12 1 6.27 .019
UHAL 1.98 9 717.78 .018
CNA .83 1 45.55 .018
VCLO .25 1 13.32 .018
SPY 2.27 4 467.94 .016
STMP 1.59 4 329.61 .016
LANC 1.43 2 168.52 .016
STZ 1.17 4 244.79 .016
AIT .91 2 103.06 .016
UTHR .86 4 196.07 .016
IYC .39 4 82.67 .016
CSPR .11 1 6.68 .016
NUAN .33 3 55.15 .015
INCY .27 5 72.63 .015
SELF .09 1 5.7 .015
AXON 2.25 1 150.14 .014
TNET 1.38 1 92.47 .014
XLP .15 14 77.34 .014
CHNG .15 2 20.95 .014
ADMS .06 2 8.22 .014
CAI .78 1 56 .013
FRBK .05 1 3.8 .013
VRTX 1.47 2 221.65 .012
HRC .42 6 155.96 .012
EPAY .28 3 56.36 .012
MGTX .27 1 21.89 .012
HDGE .12 3 24.64 .012
D .10 12 79.06 .012
SAFM .97 2 189.4 .010
PNRG .79 1 73.25 .010
ECHO .49 1 48.24 .010
HALO .39 1 38.59 .010
INOV .22 2 41.06 .010
PPC .17 2 28.39 .010
VRS .15 2 26.86 .010
ESXB .06 2 11.3 .010
ANET 1.23 1 132.67 .009
GTS .33 1 35.72 .009
XLV .27 9 135.04 .009
IEC .14 1 15.34 .009
SVBI .13 1 13.63 .009
RTLR .02 9 12.1 .009
TDG 1.87 4 644.76 .008
LMRK .07 2 16.49 .008
HFBL .16 1 20.3316 .007
ROG 1.67 1 273.45 .006
VOOV .54 2 152.64 .006
CONE .24 3 89.35 .006
SYKE .14 3 54 .006
FAST .11 6 61.89 .006
CXM .09 1 14.78 .006
ITRN .07 3 26.33 .006
PSP .04 3 15.02 .006
PBT .04 2 11.95 .006
JQUA .26 1 44.47 .005
CLDR .08 1 15.99 .005
TAAG .09 1 20.9494 .004
CPLG .07 1 15.67 .004
KIN .02 2 9.25 .004
RAVN .10 3 58.08 .003
IACB .01 3 7.95 .003
VG .06 1 20.75 .002
CXP .04 1 19.28 .002
SIC .03 1 14.49 .002
NWHM .02 1 8.99 .002
EIC .02 2 17.33 .002
DSE .02 1 9.49 .002
ULTA .62 1 400.49 .001
VCAR .03 1 15.1827 .001
PMD .01 1 7.51 .001
ULTA .05 12 400.49 0
INFL .01 2 30.67 0
DFP .01 3 27.11 0
WMPN 0 4 12.49 0
SLVO 0 6 4.9 0
QQC 0 2 32.19 0
QADB 0 4 87.54 0
PAE 0 1 9.94 0
ONON 0 1 51.42 0
NLSP 0 1 1.28 0
LHAA 0 1 9.845 0
HWBK 0 1 25.88 0
DVD 0 1 3.61 0
APWC 0 1 2.99 0
NSYS -.12 1 10.35 -.011
