NVAX 14.88 8 231.04 .512
BKNG 10.17 8 2476.52 .032
SAM 9.40 7 523.9 .119
REGN 8.57 8 619.07 .104
AMZN 8.07 92 3405.8 .184
DPZ 7.66 9 487.23 .135
W 7.31 7 285.36 .175
AZO 6.83 8 1691.33 .032
SE 6.34 11 336.26 .198
BNTX 6.26 10 307.09 .200
MDB 5.88 8 483.04 .096
ROKU 5.65 4 321.24 .068
EEIQ 5.44 4 9.4 2.312
KOSS 5.35 7 16.85 2.219
RGEN 5.32 5 307.37 .085
AFRM 5.30 8 128.37 .328
IAC 5.23 4 135.22 .152
ASML 5.22 9 835.31 .054
EJH 5.21 6 2.74 11.406
SEDG 5.15 4 280.52 .072
SPLK 5.11 4 148.8 .136
BLK 5.03 4 875.47 .020
COST 4.91 4 460.56 .040
DE 4.88 8 352.42 .104
ENPH 4.87 4 155.06 .124
UPST 4.78 12 331.99 .168
MA 4.60 4 356.77 .048
ZM 4.40 14 272.88 .224
EBET 4.40 5 31.22 .700
GOOG 4.33 27 2830.02 .027
GLSI 4.33 4 40.61 .424
LLY 4.31 4 226.4 .076
WDAY 4.30 4 263.78 .064
BIIB 4.30 4 286.62 .060
GPN 4.22 8 163.61 .200
ZG 4.16 4 91.08 .180
TSLA 4.08 144 791.36 .720
INDP 4.08 4 8.72 1.868
SNOW 4.03 6 311.2 .072
IRNT 4.02 4 25.83 .620
DOCS 3.99 4 87.56 .180
GRTS 3.97 4 11.52 1.376
ZS 3.95 4 272.73 .056
LOW 3.95 4 210.63 .072
CARV 3.92 6 17.63 1.332
CAT 3.91 4 200 .076
SIVB 3.90 4 674.41 .020
NRXP 3.86 6 10.06 2.298
ZLAB 3.76 5 112.74 .165
ANVS 3.73 6 36.46 .612
ROLL 3.70 6 220.47 .096
PDD 3.58 4 96.32 .148
ADBE 3.54 5 603.65 .025
BURL 3.49 4 307.84 .044
LIN 3.48 4 309.21 .044
AMGN 3.47 4 213.11 .064
ADGI 3.43 6 45.1 .456
RAPT 3.42 4 34.6 .392
AUVI 3.42 6 6.75 3.036
SITM 3.41 5 224.58 .075
RBLX 3.40 4 79.99 .168
SNPS 3.38 4 313.4 .040
ADSK 3.38 5 294.06 .055
DQ 3.36 7 54.21 .427
SCPS 3.34 7 4.01 5.824
CELH 3.33 4 92.26 .144
UNH 3.25 9 405.27 .072
SAVA 3.25 24 68.53 1.128
JAN 3.24 5 6.9 2.345
CPOP 3.24 4 2.94 4.408
TSCO 3.14 4 210.31 .056
FLGT 3.14 4 87.57 .140
LAD 3.10 4 351.88 .032
NEGG 3.07 20 14.74 4.160
XLNX 3.06 4 159.67 .076
TASK 3.03 4 68.34 .176
NVCR 2.99 8 125.69 .184
GME 2.99 82 189.48 1.230
LH 2.92 4 290.73 .040
MRNA 2.88 26 408.84 .182
FULC 2.86 5 27.26 .520
ADI 2.86 4 176.91 .064
DASH 2.82 7 216.73 .091
TPST 2.81 4 14.88 .752
GS 2.81 8 399.81 .056
ABNB 2.80 5 174.26 .080
WSM 2.77 4 194.46 .056
CI 2.73 4 206.61 .052
KNBE 2.69 4 23.87 .448
EL 2.69 5 318.68 .040
VMW 2.68 4 149.15 .068
DLPN 2.68 4 12.4 .864
COHN 2.68 4 21.86 .488
AACG 2.67 4 2.37 4.504
SPT 2.66 3 131.95 .060
IWM 2.66 4 226.44 .044
XBI 2.65 4 131.91 .080
NCTY 2.63 5 10.26 1.280
PRTA 2.60 5 77.39 .165
SIEB 2.59 3 3.5 2.220
AN 2.58 4 124.41 .080
TTD 2.55 5 75.79 .165
KALV 2.54 5 18.9 .670
STX 2.52 4 86.91 .112
ALEC 2.50 5 23.99 .520
LOGI 2.48 2 96.78 .050
BBY 2.48 4 110.18 .088
AAME 2.47 4 4 2.468
APPS 2.45 2 75.77 .064
TWST 2.44 5 110.17 .110
KMB 2.44 3 132.43 .054
FANG 2.44 2 95.48 .050
LII 2.41 4 308.23 .028
GDEV 2.41 1 7.17 .336
AVXL 2.41 5 19.23 .625
DOMO 2.40 3 82.82 .084
HON 2.39 4 217.9 .040
CM 2.39 2 115.32 .040
RL 2.38 4 117.97 .080
PLD 2.38 2 126.19 .036
NXPI 2.35 4 216.69 .040
GIII 2.35 2 30.84 .152
UPS 2.33 5 186.84 .060
SKX 2.32 1 43.74 .053
AGRI 2.32 1 2.37 .978
UHS 2.31 3 144.65 .045
J 2.31 2 138.27 .032
DEN 2.30 2 75.02 .060
PRFX 2.29 1 3.1 .738
CREE 2.28 4 84.97 .104
ABT 2.28 3 120.58 .054
ATKR 2.27 1 99.91 .022
MCD 2.26 4 248.11 .036
BYND 2.26 3 113.38 .057
SQ 2.23 21 258.11 .168
RTX 2.23 1 87.34 .025
DLTR 2.23 2 86.87 .050
BHVN 2.23 3 132.88 .048
TJX 2.22 3 71.14 .093
STT 2.22 2 88.47 .050
DDS 2.22 7 203.85 .070
CHGG 2.22 1 72.1 .030
NNOX 2.21 4 25.65 .344
IMNM 2.21 2 25.9 .170
OSTK 2.20 6 84.03 .156
VIR 2.19 2 45.04 .096
V 2.19 4 229.6 .036
DXC 2.19 1 35.51 .061
LAW 2.18 2 49.63 .086
INTU 2.18 4 567.01 .012
TTWO 2.17 3 148.65 .042
TSN 2.17 2 76.86 .056
MDT 2.17 4 128.75 .064
LWAC 2.17 4 16.98 .508
SPG 2.16 2 134.15 .032
PKG 2.16 4 143.63 .060
WAVE 2.15 4 7.68 1.116
SMLP 2.15 1 37.21 .057
STMP 2.14 3 329.3 .018
EXPI 2.14 3 51.71 .123
ANTM 2.14 4 388.48 .020
SNA 2.13 3 216.89 .027
INCY 2.13 1 69.26 .030
CRNC 2.13 3 103.42 .060
IGIC 2.12 1 8.68 .244
DIS 2.12 7 178.26 .077
ACRS 2.12 7 18.8 .784
FIGS 2.11 3 39.02 .162
WM 2.10 2 152.05 .026
MNST 2.10 2 91.79 .044
CERE 2.10 5 32.47 .320
STE 2.09 3 215.02 .027
SCR 2.08 3 35.39 .174
DELL 2.08 5 104.87 .095
ZIM 2.07 2 55.1 .074
BON 2.06 1 8.59 .239
IMPL 2.05 4 13.25 .616
ASAN 2.05 3 113.99 .051
RMBL 2.04 2 38.86 .104
MFNC 2.04 1 21.5 .094
COIN 2.04 4 232.24 .032
VLO 2.03 2 70.78 .056
JD 2.03 3 76.43 .078
PTON 2.02 2 92.07 .042
APRE 2.02 1 4.64 .435
TMUS 2.01 3 127.78 .045
MRIN 2.01 5 10.5 .955
IBM 2.00 4 138.56 .056
AXP 2.00 3 176.77 .033
TDC 1.99 2 55.65 .070
UHAL 1.98 9 664.59 .018
GH 1.98 5 125.72 .075
DD 1.98 1 70.11 .028
VTSI 1.97 1 10.33 .190
AMD 1.97 8 108.16 .144
KSS 1.96 6 56 .210
JG 1.96 2 1.77 2.214
BNR 1.96 2 18.38 .212
VSCO 1.95 3 58.37 .099
LMT 1.95 9 353.36 .045
WAFU 1.94 3 6.42 .906
VRNT 1.94 2 45.71 .084
STZ 1.94 3 211.67 .027
LI 1.94 2 26.91 .144
RRGB 1.93 1 24.97 .077
LEGN 1.93 3 46.99 .123
AAP 1.93 3 218.46 .024
GWRE 1.92 3 120.59 .045
BTBT 1.92 7 9.14 1.470
NEE 1.91 1 78.76 .024
DLO 1.91 4 64.67 .116
DG 1.89 3 216.76 .024
SI 1.88 3 110.57 .051
PEP 1.88 2 152.72 .024
NTAP 1.88 3 93.86 .060
MSGE 1.88 4 81.79 .088
FTCH 1.88 1 40.93 .045
TDG 1.87 4 648.82 .008
LPX 1.87 2 63.76 .058
LEDS 1.87 2 8.39 .444
ARVN 1.87 5 87.18 .105
GRVY 1.86 5 91.65 .100
BKE 1.86 2 44.05 .084
VERY 1.85 3 8.5 .651
HOOD 1.85 12 44.76 .492
UTHR 1.84 3 195.28 .027
QDEL 1.84 3 141.6 .036
ON 1.84 1 49.48 .037
DUK 1.84 1 97.63 .018
DKNG 1.84 2 51.39 .070
AIT 1.83 1 91.96 .019
PFGC 1.82 2 49.21 .072
OSAT 1.82 2 5.31 .684
OKE 1.82 1 58.9 .030
COF 1.82 3 169.76 .030
OTIS 1.81 2 84.23 .042
EAT 1.81 2 53.01 .068
TVTX 1.79 2 24.71 .144
CTRN 1.79 3 82.4 .063
ANF 1.79 1 40.37 .044
UBER 1.78 2 47.25 .074
BIDU 1.78 117 156.94 1.287
ARCE 1.78 1 23.13 .076
VRPX 1.77 9 5.35 2.970
MOXC 1.77 3 7.69 .690
BLDR 1.77 1 54.9 .032
SKT 1.76 2 17.2 .204
FATE 1.76 2 64.36 .054
CRMT 1.76 6 125.56 .084
TTC 1.75 3 97.97 .051
TSP 1.75 5 38.84 .225
VOXX 1.74 2 12.57 .276
HAS 1.73 3 94.07 .054
AMAT 1.73 5 142.74 .060
YETI 1.72 3 92.43 .054
LAIX 1.72 4 0.8899 7.728
KODK 1.72 1 7.21 .238
HRI 1.71 3 163.1 .030
HD 1.71 9 341.41 .045
VMEO 1.70 1 32.32 .052
ROST 1.70 3 116.6 .042
LYFT 1.70 3 55.98 .090
KMPH 1.70 2 9.5 .356
ENOB 1.70 3 7.64 .666
LYEL 1.69 2 12.84 .262
LIFE 1.69 2 9.9 .340
SHEN 1.68 2 30.62 .108
NEWR 1.67 3 73.92 .066
MYGN 1.67 1 32.53 .051
EA 1.67 2 131.98 .024
TWTR 1.66 2 65.37 .050
NMRD 1.66 4 6.16 1.076
MPC 1.66 1 63.09 .026
KURA 1.66 2 21 .158
ALXN 1.66 3 182.5 .027
SYPR 1.65 2 3.88 .850
NVOS 1.65 5 1.89 4.365
FLOW 1.65 3 75.68 .063
ESTC 1.65 4 163.58 .040
KMX 1.64 1 145.24 .011
CAH 1.64 3 51.5 .093
TNA 1.63 3 91.96 .051
LODE 1.63 1 2.96 .550
KYMR 1.63 1 63.59 .025
JZXN 1.63 4 2.51 2.596
MOS 1.62 1 36.84 .043
IYC 1.62 1 79.94 .020
AKAM 1.62 2 109.02 .028
CRCT 1.61 1 34.55 .046
USB 1.60 3 61.1 .078
SPI 1.60 2 5.62 .568
RMED 1.60 3 3.35 1.431
MBRX 1.60 1 3.03 .528
WHLM 1.59 3 5.5 .867
FL 1.59 2 49.35 .064
CSIQ 1.59 2 34.67 .090
CLDX 1.59 2 55.01 .056
BZ 1.59 1 35.79 .044
A 1.59 5 166.38 .045
LHDX 1.58 4 7.59 .832
FISV 1.58 5 109.14 .070
CELC 1.58 2 18.36 .172
RLMD 1.57 4 26.5 .236
RIOT 1.57 2 27.77 .112
LOOP 1.57 2 12.78 .244
GTEC 1.57 2 6.59 .476
CNC 1.57 1 63.83 .024
CARA 1.57 2 16.04 .194
PAYX 1.56 1 108.77 .014
DPW 1.56 5 2.3 3.390
IRDM 1.55 4 43.29 .140
DKS 1.55 7 130.82 .077
BLFS 1.55 1 44.21 .035
FUV 1.54 1 12.16 .126
CHCI 1.54 3 5.03 .918
TERN 1.53 4 11.17 .544
GIS 1.53 1 59.65 .025
MVIS 1.51 4 12.57 .480
UAL 1.50 1 49.08 .030
SUPN 1.50 1 27.96 .053
AMEH 1.50 5 100.41 .070
ZEV 1.49 3 8.98 .495
SGOC 1.48 8 5.99 1.976
SEMR 1.48 2 25.26 .116
JRVR 1.48 2 34.04 .086
JNJ 1.48 2 163.17 .018
ISEE 1.48 2 17.5 .168
CHKP 1.48 5 116.66 .060
FGEN 1.47 3 10.81 .405
EDIT 1.47 3 57.84 .075
VCVC 1.46 1 9.85 .148
SFIX 1.46 2 42.79 .068
LITE 1.46 2 85.99 .032
LGHL 1.46 1 1.29 1.131
HTBX 1.46 2 6.02 .484
PINS 1.45 3 53.77 .078
OCGN 1.45 5 7.67 .945
MS 1.45 5 105.1 .065
EYEG 1.45 1 1.93 .751
EVOL 1.45 1 2.05 .707
BPTH 1.44 1 5.28 .272
SNOA 1.43 3 5.35 .801
SCKT 1.43 3 6.65 .645
LANC 1.43 2 171.03 .016
GM 1.42 1 53.24 .026
CYTK 1.42 3 34.91 .120
ATVI 1.42 3 75.08 .054
SCHW 1.41 2 77.38 .036
DOCN 1.41 3 81.73 .051
CROX 1.41 3 153.59 .027
AVIR 1.41 1 33.76 .041
MMM 1.40 6 181.79 .042
LAZR 1.40 3 17.41 .240
JCS 1.40 3 9.74 .429
CVS 1.40 3 85.74 .048
CRDF 1.40 1 7.39 .189
WGO 1.39 2 68.46 .040
OPNT 1.39 3 24.53 .168
NVDA 1.39 139 216.6 .834
JBL 1.39 2 62.36 .044
ERYP 1.39 2 6.01 .462
EOSE 1.39 2 14.06 .196
COUR 1.39 1 33.57 .041
TNET 1.38 1 95.55 .014
PG 1.37 5 141.66 .045
LIVE 1.37 3 39.67 .102
ECOM 1.37 1 26.85 .051
ACMR 1.37 4 108.67 .048
AA 1.37 3 51.56 .078
TSM 1.36 2 116.15 .022
TAOP 1.35 3 2.74 1.476
RUN 1.35 4 45.03 .116
BWAY 1.35 1 8.79 .153
WNW 1.34 1 4.42 .303
QADB 1.34 3 87.16 .045
FLWS 1.34 3 34.45 .114
PKI 1.33 3 176.55 .021
NLS 1.33 1 10.23 .130
SLV 1.32 1 20.94 .063
HOG 1.32 2 38.18 .068
AEO 1.32 2 27.81 .094
VIH 1.31 1 10.16 .128
SPY 1.31 1 442.64 .002
NURO 1.31 9 11.51 1.017
ABCL 1.31 1 20.99 .062
SPCE 1.29 22 25 1.122
OLLI 1.29 2 64.22 .040
APPN 1.29 4 106.45 .048
MAT 1.28 2 19.43 .130
FRD 1.28 1 12.02 .106
BILI 1.28 22 71.36 .374
RHE 1.27 2 8.72 .290
HJLI 1.27 1 10.59 .119
HCA 1.27 3 255.55 .012
APXT 1.27 1 12.11 .104
SLGG 1.26 1 3.26 .386
MESO 1.26 1 6.29 .200
JKS 1.26 2 44.04 .056
HHR 1.26 1 51.07 .024
THCB 1.25 1 10 .125
OPAD 1.25 4 10.1 .492
NGM 1.25 2 22.21 .112
BYSI 1.25 3 15.7 .237
SJ 1.24 4 3.71 1.336
PBTS 1.24 1 1.33 .932
EDSA 1.24 1 8 .155
CMMB 1.24 2 12.23 .202
BNTC 1.24 3 3.69 1.008
ANPC 1.24 2 3.49 .710
TAP 1.23 2 48.8 .050
C 1.23 4 72.26 .068
AMC 1.23 55 39.3 1.705
RCUS 1.22 1 37.68 .032
EYES 1.22 6 3.42 2.136
DDL 1.22 2 23.57 .102
BBBY 1.22 12 23.77 .612
KIRK 1.21 1 20.2 .059
HGEN 1.21 3 6.35 .570
ARAV 1.21 1 4.16 .290
MAXR 1.20 3 30.33 .117
JPM 1.20 12 166.98 .084
CRIS 1.20 2 8.43 .284
CETX 1.20 1 1.2 1.000
AMTX 1.20 3 17 .210
JWN 1.19 3 29.82 .117
QCOM 1.18 7 133.48 .056
GRU 1.18 1 4.355 .270
GRTX 1.18 1 8.4 .140
DFH 1.18 1 18.2 .064
AYRO 1.18 1 3.72 .317
NIU 1.17 3 24.19 .144
CLSK 1.17 1 11.63 .100
SIF 1.16 1 9.16 .126
HGSH 1.16 2 1.53 1.516
CLX 1.16 3 164.87 .021
IMTX 1.15 3 13.28 .258
DAL 1.14 4 43.78 .104
VNET 1.13 3 17.7 .189
STG 1.13 1 5.72 .197
NUAN 1.13 1 55.12 .020
BTX 1.13 2 9.52 .236
ABSI 1.13 1 11.68 .096
RY 1.12 2 101.35 .022
MNOV 1.12 2 3.96 .564
BZUN 1.12 1 17.99 .062
TGTX 1.11 1 34.52 .032
TGT 1.11 9 238.58 .036
PMCB 1.11 3 3.3 1.008
KHC 1.11 1 36.84 .030
CNET 1.11 1 1.28 .867
OPTT 1.10 1 2.24 .491
XTLB 1.09 2 4.14 .526
GT 1.09 1 18.66 .058
DDD 1.09 8 29.79 .288
ATAI 1.09 1 15.68 .069
ALDX 1.09 2 8.76 .248
SLB 1.08 1 30.19 .035
RSLS 1.08 1 2.9 .372
MTSL 1.08 3 3.37 .960
FCBP 1.08 1 29.1 .037
BAC 1.08 3 43.26 .072
B 1.08 1 43.74 .024
AZYO 1.08 1 7.5 .144
ALF 1.08 2 7.07 .304
ACY 1.08 17 63.95 .272
TTCF 1.07 1 19.28 .055
APP 1.06 5 76.7 .065
NETE 1.05 1 9.19 .114
OCUP 1.04 1 5.38 .193
KEYS 1.04 2 176.83 .010
IPA 1.04 2 6.63 .312
FSTX 1.04 1 7.71 .134
CANF 1.04 1 1.68 .619
ALLO 1.04 1 25.74 .040
MTTR 1.03 2 20.87 .098
FTEK 1.03 2 1.84 1.118
COP 1.03 5 66.71 .075
AMKR 1.03 1 27.04 .038
ALYA 1.03 3 2.56 1.206
NKE 1.02 7 148.04 .042
FAST 1.02 1 53.98 .018
CRM 1.02 10 279.68 .030
ZCMD 1.01 1 1.608 .628
RSI 1.01 1 19.4 .052
RCON 1.01 1 2.95 .342
MVST 1.01 4 9.45 .424
LL 1.01 1 19.9 .050
EGRX 1.01 2 54.88 .036
IMAB 1.00 5 70.02 .070
TRCH .98 2 4.95 .394
NFLX .98 101 592.64 .101
HOFV .98 2 2.99 .654
UAA .97 2 21.24 .090
SKLZ .97 3 11.42 .252
FA .96 1 20.57 .046
DWSN .96 1 2.42 .396
BTWN .95 1 9.87 .096
MSTR .94 8 594.75 .008
CGC .94 1 14.71 .063
MO .93 2 48.74 .038
HCM .93 4 37.3 .096
CHPT .93 1 20.47 .045
ABBV .93 4 107.72 .032
RACE .92 3 216.55 .012
PLCE .92 3 85.44 .030
LBPH .92 1 9.36 .098
KNL .92 1 25.04 .036
YEXT .91 1 12.47 .072
WFC .91 4 47.56 .076
SSY .91 3 2.51 1.086
SLS .91 3 9.99 .273
GEG .90 1 2.29 .393
CRTO .90 1 36.05 .024
ATNF .90 3 5.77 .465
YMM .89 1 16 .055
PLUG .89 8 28.4 .248
ACHL .89 1 7.36 .120
HPQ .88 3 28.71 .090
BABA .88 96 150.18 .480
FB .87 102 353.58 .204
DTSS .87 1 2.21 .393
BCRX .87 6 15.38 .336
AFMD .87 1 6.22 .139
VLDR .86 1 6.59 .130
RF .86 1 21.76 .039
ATHM .86 2 42.74 .040
SRNE .85 1 8.14 .104
SAFM .85 1 187.47 .004
RIDE .85 5 7.78 .545
RKT .84 1 16.99 .049
PTIX .84 2 1.97 .852
LEXX .84 3 6.85 .366
HRC .84 3 149.29 .015
HOL .84 3 12.35 .204
DTST .84 3 4.56 .552
CLII .84 3 14.36 .174
CCJ .84 3 20.95 .120
BB .84 11 10.14 .902
APOP .84 5 21.37 .195
UAVS .83 1 3.27 .253
LUV .83 3 52.96 .045
IRBO .83 1 44.13 .018
CNA .83 1 42.83 .019
BLUW .83 2 9.63 .172
SANA .82 1 21.84 .037
MNSO .82 1 14.11 .058
FITB .82 3 43.6 .054
SPRT .81 20 11.8 1.360
PYPL .80 5 273.39 .010
GMBL .80 1 7.49 .106
SWI .79 1 17.46 .045
SCYX .79 1 5.73 .137
PNRG .79 1 56.2 .014
MU .79 4 75.18 .040
BP .79 1 27.08 .029
ZY .78 3 13.23 .174
VVOS .78 4 4.36 .712
OTLK .78 1 2.28 .342
IPHA .78 4 7.08 .440
HX .78 1 1.88 .414
GNOG .78 1 18.43 .042
CAI .78 1 55.86 .013
WATT .77 1 2.23 .345
SJM .77 7 119.93 .042
PLTR .77 2 27.47 .056
ENTX .77 2 5.21 .294
QFIN .76 8 21.13 .280
NBRV .76 1 1.26 .603
MOSY .76 1 5.24 .145
APG .76 1 21.03 .036
NNVC .75 2 5.19 .288
CEMI .75 7 2.7 1.939
PSTG .74 2 27.1 .054
MQ .74 1 26.01 .028
GTIM .74 1 5.31 .139
GRVI .74 3 5.13 .432
FUBO .74 2 25.75 .056
ATXI .74 1 1.62 .456
VZ .73 2 54.47 .026
VOOV .73 1 145.17 .005
UPC .73 3 2.46 .888
SQBG .73 2 6.24 .232
RNXT .73 2 7.02 .206
ORPH .73 3 4.42 .495
NVFY .73 3 2.42 .903
LEN .73 4 99.5 .028
MRK .72 2 73.36 .018
ENSC .72 1 3.96 .181
BTCM .72 4 9.15 .312
ARPO .72 1 2.2 .327
AREC .72 4 2 1.440
ZKIN .71 2 2.98 .476
XLV .71 2 130.1 .010
PALI .71 3 2.45 .867
GLD .71 6 163.64 .024
TBLA .70 1 9.85 .071
PRPL .70 3 23.01 .090
ORGS .70 1 5.02 .139
OCX .70 1 3.91 .179
JRJC .70 1 5.11 .136
CBAT .70 2 2.58 .542
BGFV .70 6 26.93 .150
WIMI .69 1 4.15 .166
BEKE .69 1 17.62 .039
ASM .69 1 0.8274 .833
ONCS .68 1 2.33 .291
INTC .68 5 54.66 .060
XONE .67 2 23.72 .056
WMT .67 14 142.25 .056
SHOP .67 5 1443.81 0
PDCO .67 2 30.65 .042
FOE .67 1 20.39 .032
CLNE .67 1 9.28 .072
ACH .67 1 18.49 .036
VIPS .66 1 11.93 .055
TIGR .66 5 11.53 .285
SSNT .66 1 6.33 .104
RETO .66 1 0.771 .856
ERJ .66 1 17.42 .037
CTKB .66 1 25.09 .026
CRTD .66 3 2.88 .687
AMOM .66 1 36.37 .018
TATT .65 3 5.78 .336
STRO .65 2 19.3 .066
PCVX .65 1 26.18 .024
OLB .65 1 4.3 .151
LMNL .65 3 2.53 .768
TESS .64 1 5.54 .115
SDC .64 2 5.95 .214
M .64 5 24.32 .130
LZB .64 2 35.08 .036
GPS .64 5 24.58 .130
FLGC .64 2 6.12 .208
CTIB .64 3 2 .960
BBWI .64 5 68.63 .045
XLP .63 1 70.3 .008
SILK .63 5 56.23 .055
DNUT .63 3 14.34 .129
CCL .63 4 26.38 .092
ULTA .62 1 381.13 .001
ORMP .62 10 23.82 .260
LJPC .62 2 4.07 .304
SPWH .61 1 17.86 .034
SOS .61 2 2.27 .536
PLG .61 1 1.95 .312
MRVL .61 5 63.07 .045
CL .61 3 76.01 .024
AMBO .61 1 1.53 .398
SPTN .60 2 21.41 .056
PSTV .60 1 1.89 .317
LTHM .60 6 23.86 .150
EVK .60 6 3.05 1.176
AVCT .60 1 2.892 .207
AMRS .60 1 14.61 .041
VERU .59 3 9.36 .189
UONE .59 3 7.93 .222
BIG .59 2 49.54 .022
WPRT .58 2 3.61 .320
WISH .58 3 6.18 .279
TRIT .58 3 5.99 .288
STAF .58 2 2.07 .560
SNAP .58 112 80.08 .784
MARA .58 11 35.17 .176
EPU .58 2 27.07 .042
WEI .57 1 0.7899 .721
SBTX .57 1 10.92 .052
GGAL .57 1 9.69 .058
ACI .57 5 30.85 .090
T .56 3 27.4 .060
SBH .56 2 17.69 .062
OBLN .56 3 3.05 .549
MTP .56 1 1.895 .295
KO .56 5 53.61 .050
CSCO .56 7 56.22 .063
CLPS .56 1 2.82 .198
CLPS .56 1 2.82 .198
CLOV .56 1 8.1 .069
ARMK .56 3 33.89 .048
VNE .55 6 34.85 .090
UWMC .55 1 7.06 .077
EVGO .55 1 9.03 .060
EOLS .55 1 7.8 .070
APTO .55 2 2.5 .440
WHLR .54 2 3.03 .356
TQQQ .54 132 138.37 .396
ENZ .54 2 3.59 .300
AUUD .54 5 2.46 1.095
ADMA .54 1 1.23 .439
TBIO .53 3 37.36 .042
MEDS .53 5 5.13 .515
HUYA .53 3 8.42 .186
EQ .53 1 6.76 .078
ENG .53 2 2.83 .374
VIVE .52 1 2.42 .214
TLRY .52 3 12.22 .126
KULR .52 1 2.15 .241
FLO .52 2 23.38 .044
WOOF .51 2 22.39 .044
VTNR .51 6 5.45 .558
K .51 8 64 .056
DYAI .51 3 5.9 .258
CPSH .51 1 5.31 .096
AUTL .51 1 7.12 .071
SONO .50 5 34.91 .070
PATI .50 2 11.8016 .084
RKDA .49 1 2.07 .236
NRBO .49 2 3.78 .258
IGC .49 3 1.53 .960
GP .49 3 15.04 .096
GEVO .49 4 7.3 .268
ENLV .49 2 10.94 .088
ECHO .49 1 48 .010
BBIG .49 16 6.98 1.120
ARMP .49 1 3.62 .135
XLE .48 5 52.71 .045
NNDM .48 3 6.13 .234
NIO .48 75 36.77 .975
DBGI .48 3 2.95 .486
CLF .48 7 21.18 .154
AEHR .48 16 15.09 .496
TRIL .47 1 17.73 .026
STEM .47 5 26.26 .085
SOHU .47 6 21.14 .132
MSFT .47 108 294.17 .108
DARE .47 1 1.75 .268
BODY .47 2 6.3 .148
BGI .47 1 2.75 .170
XPEV .46 80 36.12 .960
VXX .46 3 24.82 .054
UFAB .46 2 3.4 .270
NTEC .46 4 9.63 .188
KBSF .46 2 3.25 .282
INOV .46 1 40.4 .011
GURE .46 1 4.65 .098
CVV .46 2 4.6 .200
BCLI .46 1 3.43 .134
TYME .45 4 1.14 1.576
TME .45 1 7.22 .062
ONCT .45 2 4.59 .196
BLIN .45 7 4.27 .735
ADIL .45 2 4.52 .198
WORX .44 4 2.34 .752
GALT .44 3 4.14 .318
FFHL .44 2 9.67 .090
FCX .44 17 33.91 .204
EVGN .43 1 2.85 .150
COTY .43 4 8.1 .212
CAN .43 4 6.02 .284
ATIF .43 1 3.93 .109
AQMS .43 2 1.99 .432
KR .42 14 40.19 .140
SRNG .41 1 11.42 .035
KZIA .41 2 11.64 .070
GTT .41 1 2.36 .173
CTSO .41 3 8.03 .153
ASTR .41 3 9.34 .129
ACOR .41 4 4.73 .344
YJ .40 2 0.72 1.110
XOM .40 6 59.3 .036
RRD .40 2 4.95 .160
LIZI .40 4 3.48 .456
GE .40 4 105.35 .012
FBRX .40 1 3.3 .121
DUOT .40 1 6.265 .063
CHRA .40 1 4.64 .086
AAPL .40 107 145.37 .214
MDIA .39 2 11.15 .068
HRL .39 4 40.94 .036
CSCW .39 2 0.5399 1.444
OVID .38 2 3.4 .222
MRTN .38 3 16.07 .069
ANY .38 11 6.73 .616
ANIX .38 1 4.8 .079
AAL .38 8 21.47 .136
ORCL .37 34 91.04 .136
NEXT .37 3 2.97 .372
HUGE .37 1 1.59 .232
HNST .37 1 10.82 .034
GPK .37 1 19.72 .018
CHMA .37 2 3.76 .196
AZN .37 8 58.72 .048
MRKR .36 1 1.84 .195
JFIN .36 2 4.4 .162
IDEX .36 4 2.13 .676
GNLN .36 2 2.61 .274
BNGO .36 11 5.54 .704
AKTX .36 1 1.73 .208
AGNC .36 2 16.24 .044
ADMP .36 1 1.03 .349
ACB .36 3 6.385 .168
ORGO .35 2 15.46 .044
IRIX .35 3 7.62 .135
CLSD .35 3 6.4 .162
BSQR .35 13 2.55 1.781
AESE .35 1 1.8 .194
XELB .34 2 1.65 .412
HWCC .34 1 5.3 .064
CIEN .34 17 52.54 .102
LMFA .33 4 4.25 .308
HNP .33 2 20.62 .032
GTS .33 1 34.99 .009
BHTG .33 1 1.43 .230
VBLT .32 2 2.07 .308
TAL .32 2 4.62 .138
SPCB .32 2 1 .640
MINM .32 2 1.9 .336
IMMP .32 3 4.04 .237
DRN .32 2 22.5 .028
BKYI .32 1 3.62 .088
YPF .31 1 4.55 .068
WINT .31 3 1.9 .489
ULBI .31 2 7.44 .082
PYPL .31 13 273.39 .013
PIRS .31 5 5.77 .265
FENC .31 1 9.35 .033
EXPR .31 4 5.24 .236
DMAC .31 2 4.16 .148
D .31 8 73.81 .032
AEY .31 1 2.4 .129
OXBR .30 5 3.01 .495
LC .30 6 29.22 .060
HAPP .30 1 0.9986 .300
HUSN .29 4 2.42 .476
GOVX .29 5 4.33 .330
AXLA .29 1 3.07 .094
OBSV .28 3 3.25 .258
NKLA .28 14 11.95 .322
MITO .28 1 1.41 .198
IMMR .28 2 7.32 .076
ALTO .28 3 5.06 .165
NAOV .27 11 1.97 1.507
ENVB .27 3 2.28 .354
PPBT .26 1 4.7 .055
PME .26 1 0.8382 .310
GSM .26 6 8.99 .168
ATOS .26 4 3.45 .300
PBLA .25 1 2.19 .114
MTL .25 3 4.09 .183
RAIL .24 4 4.68 .204
IKT .24 1 1.98 .121
GBR .24 1 5.32 .045
MOGO .23 3 4.92 .138
KDMN .23 2 8.84 .052
ACHV .23 1 9.45 .024
THTX .22 1 3.92 .056
SSKN .22 1 1.93 .113
JFU .22 3 1.78 .369
GENE .22 2 3.27 .134
DYNT .22 5 1.56 .705
XELA .21 6 2.07 .606
VIEW .21 1 6.1 .034
TENX .21 1 1.56 .134
PFE .21 6 43.57 .024
OCG .21 4 4.17 .200
KXIN .21 5 2.89 .360
ALAC .21 2 11.3012 .036
ZNGA .20 2 7.56 .052
PHUN .20 5 0.9908 1.005
ENSV .20 1 1.29 .155
EKSO .20 1 4.6 .043
SBS .19 3 7.09 .078
NBEV .19 1 1.43 .132
VSH .18 3 21.03 .024
TEO .18 1 4.94 .036
TELL .18 5 4.09 .220
OSMT .18 3 2.98 .180
ET .18 2 9.63 .036
PPC .17 2 28.85 .010
LIVX .17 2 3.26 .104
IRCP .17 1 2.9 .058
GMTX .17 1 4.51 .037
FCEL .17 129 7.65 2.838
SNES .16 2 1.57 .202
RAVN .16 2 57.64 .004
MOMO .16 2 10.95 .028
ME .16 2 8.72 .036
INFI .16 4 3.65 .172
HFBL .16 1 18.52 .008
SSL .15 9 17.43 .072
OXY .15 25 30.19 .100
IMV .15 2 1.74 .172
GRUB .15 3 15.35 .027
CHNG .15 2 21.31 .014
SYKE .14 3 54 .006
OEG .14 1 3.28 .042
INM .14 1 1.83 .076
IEC .14 1 15.33 .009
EDU .14 1 1.94 .072
SVBI .13 1 12.49 .010
LMRK .13 1 16.48 .007
ESXB .13 1 10.92 .011
CRON .13 4 5.89 .088
SBBP .12 2 2.14 .112
RIG .12 2 3.89 .060
PSTX .12 1 7.61 .015
GSAT .12 2 1.72 .138
CHNR .12 4 1.26 .380
VERB .11 6 1.85 .354
SNMP .11 2 1.24 .176
MRO .11 11 13.66 .088
MOHO .11 3 0.585 .564
MFGP .11 2 5.64 .038
GBS .11 1 2.54 .043
FENG .11 2 1.3 .168
CPG .11 2 4.65 .046
CALA .11 1 2.4 .045
XLK .10 3 155.19 0
SLHG .10 1 2.7 .037
PBR .10 5 10.45 .045
EDTK .10 2 1.21 .164
DBVT .10 5 5.01 .095
CNFR .10 2 2.67 .074
AGEN .10 7 5.68 .119
AEMD .10 2 4.16 .048
WTER .09 2 1.6 .112
TEDU .09 2 1.38 .130
SELF .09 1 5.1 .017
PRPO .09 3 2.98 .090
NOK .09 2 5.63 .030
BIOC .09 2 4.19 .042
AEI .09 2 2.54 .070
MBII .08 1 0.9799 .081
MARK .08 2 1.18 .134
CLDR .08 1 15.9 .005
BQ .08 2 2.37 .066
NEPT .07 2 0.6645 .210
ITRO .07 1 1.27 .055
ITRN .07 3 25.86 .006
XBIO .06 8 2.12 .224
WYNN .06 3 85.38 0
PSP .06 2 15.45 .006
OCG .06 13 4.17 .182
MSTR .06 118 594.75 0
FRO .06 9 8.88 .054
ULTA .05 12 381.13 0
MDNA .05 8 2.8 .136
FRBK .05 1 3.13 .015
WYNN .04 4 85.38 0
VTGN .04 3 2.87 .039
PBT .04 2 5.45 .014
CXP .04 1 19.02 .002
AVGR .04 7 0.82 .336
VCAR .03 1 11.8918 .002
SNDL .03 1 0.7275 .041
SIC .03 1 14.4 .002
SHOP .03 88 1443.81 0
DFP .03 1 28.765 .001
NWHM .02 1 8.99 .002
KIN .02 2 9.25 .004
IACB .02 2 9.92 .004
DSE .02 1 9.49 .002
BLNK .02 11 29.93 0
BEST .02 2 1.86 .020
XPDI .01 3 10.04 0
SLVO .01 2 5.15 .002
PMD .01 1 8.32 .001
INFL .01 2 30.14 0
WMPN 0 4 12.21 0
GSKY 0 1 11.7 0
RTLR -.01 7 11.75 0
EIC -.08 1 17.56 -.004
NSYS -.12 1 12.09 -.009
