EJH 5.21 6 2.69 11.616
LAIX 1.72 4 0.93 7.396
SCPS 3.34 7 3.45 6.776
EEIQ 4.33 5 4.02 5.385
NEGG 3.07 20 12.41 4.940
NVOS 1.65 5 1.7104 4.820
AACG 2.14 5 2.25 4.755
AUVI 2.56 8 5.2 3.936
VRPX 1.77 9 4.18 3.807
CPOP 2.34 5 3.22 3.630
DPW 1.56 5 2.36 3.305
JZXN 1.63 4 2.1 3.104
FCEL .17 129 7.57 2.838
EYES 1.22 6 2.7 2.706
JAN 3.24 5 6.09 2.660
JG 1.30 3 1.49 2.616
SIEB 1.53 5 3.16 2.420
AAME 1.97 5 4.11 2.395
CEMI .75 7 2.29 2.289
KOSS 5.35 7 16.51 2.268
NRXP 3.86 6 10.3 2.244
NURO 1.47 11 7.57 2.134
NAOV .27 11 1.42 2.090
BSQR .35 13 2.28 1.989
AMC 1.21 57 35.23 1.938
HX 1.40 6 4.51 1.860
TYME .45 4 0.9664 1.860
SAVA 3.02 26 44.46 1.742
INDP 2.52 5 7.43 1.695
SGOC 1.19 9 6.35 1.683
SPCE 1.26 24 18.56 1.608
CARV 3.92 6 14.63 1.602
AGRI .95 5 3.04 1.560
MRIN 2.01 5 6.51 1.540
IRNT 3.02 6 12.39 1.458
GRTS 3.14 5 10.94 1.435
RMED .72 6 3.05 1.416
SPRT .81 20 11.8 1.360
TAOP 1.35 3 3.01 1.344
GME 2.99 82 182.85 1.312
WAVE 1.72 5 6.59 1.305
HGSH 1.16 2 1.8 1.288
AREC .62 5 2.46 1.260
CRTD .81 6 3.89 1.248
DWAC 30.01 3 72.76 1.236
CSCW .39 2 0.6548 1.190
EVK .60 6 3.03 1.188
NCTY 2.63 5 11.06 1.185
BBIG .30 20 5.07 1.180
PMCB 1.11 3 2.82 1.179
BIDU 1.78 117 168.71 1.170
BTBT 1.30 9 10.05 1.161
SNAP .57 113 54.39 1.130
JCS 1.40 3 3.74 1.122
LHDX 1.58 4 5.7 1.108
ALYA 1.03 3 2.79 1.107
LMNL .65 3 1.76 1.107
SSY .91 3 2.47 1.104
NMRD 1.66 4 6.175 1.072
IGC .49 3 1.39 1.056
CHCI 1.54 3 4.44 1.038
WORX .44 4 1.71 1.028
FTEK .69 3 2.02 1.023
CTIB .40 5 1.99 1.005
OCGN 1.31 8 10.48 1.000
BNTC 1.24 3 3.73 .996
PBTS 1.24 1 1.25 .992
MARK .46 4 1.85 .992
NVFY .73 3 2.21 .990
PHUN .53 9 4.79 .990
WAFU 1.50 4 6.08 .984
AUUD .47 6 2.85 .984
PRFX .77 3 2.36 .978
BBBY 1.07 13 14.39 .962
DLPN 2.14 5 11.1 .960
MTSL 1.08 3 3.37 .960
UPC .73 3 2.3 .951
MOXC 1.33 4 5.67 .936
BLIN .41 8 3.48 .936
PTIX .84 2 1.8 .932
ANPC 1.24 2 2.67 .928
ERYP .89 3 2.89 .921
CETX 1.20 1 1.33 .902
TPST 2.19 5 12.17 .895
ACRS 2.12 7 16.73 .882
YJ .40 2 0.91 .878
VVOS .78 4 3.55 .876
WHLM 1.20 4 5.48 .872
HOFV .98 2 2.25 .870
BB .84 11 10.79 .847
SJ 1.24 4 5.86 .844
ANVS 3.73 6 26.53 .840
BNGO .36 12 5.14 .840
SYPR .80 4 3.85 .828
NIO .48 75 40.79 .825
RIDE .85 5 5.16 .820
NVAX 13.77 9 150.62 .819
IMPL 1.70 5 10.4 .815
PALI .71 3 2.75 .774
EYEG 1.45 1 1.89 .767
CNET 1.11 1 1.46 .760
DYNT .22 5 1.44 .760
IDEX .36 4 1.91 .752
GRTX .50 3 2 .750
EBET 3.45 6 27.65 .744
LODE .56 3 2.3 .729
SNOA 1.43 3 5.89 .726
ASM .69 1 0.957 .721
XPEV .46 80 46.24 .720
SPCB .32 2 0.9027 .708
VERY 1.39 4 7.96 .696
CANF 1.04 1 1.5 .693
ADGI 3.21 7 32.45 .686
OSAT 1.21 3 5.32 .681
MVIS 1.51 4 8.99 .668
AVXL 2.41 5 18.11 .665
TERN 1.53 4 9.18 .664
NBRV .76 1 1.16 .655
FULC 2.54 6 23.51 .648
KALV 1.44 8 17.57 .648
AQMS .39 3 1.81 .645
MNOV 1.12 2 3.5 .640
VTNR .39 8 4.82 .640
CBAT .70 2 2.22 .630
MEDS .53 5 4.19 .630
OPAD 1.25 4 7.96 .628
STAF .58 2 1.86 .622
RETO .66 1 1.08 .611
LGHL .66 2 2.16 .610
SPI 1.06 3 5.25 .603
MBRX .81 2 2.69 .602
EXPR .47 5 3.9 .600
ZCMD 1.01 1 1.7 .594
NVDA 1.23 147 249.41 .588
DTST .84 3 4.29 .585
ORPH .57 4 3.93 .580
VYGR 1.06 2 3.68 .576
ANY .23 16 6.37 .576
WEI .57 1 0.99 .575
HOOD 1.59 13 35.47 .572
XTLB 1.09 2 3.8 .572
ALEC 2.10 6 22.15 .564
ZEV 1.17 4 8.3 .560
WBX 8.99 1 16.08 .559
DBGI .42 5 3.8 .550
OBLN .56 3 3.05 .549
NRBO .49 2 1.79 .546
TIGR .50 8 7.34 .544
GTEC 1.57 2 5.81 .540
APTO .39 3 2.16 .540
ZKIN .71 2 2.65 .534
HTBX 1.46 2 5.47 .532
EVOL .74 2 2.78 .532
ENOB 1.18 4 8.89 .528
GOVX .35 6 3.94 .528
IPHA .78 4 5.99 .520
SOS .61 2 2.34 .520
HGEN 1.21 3 7.02 .516
HUSN .29 4 2.24 .516
WINT .31 3 1.81 .513
LIZI .40 4 3.13 .508
ATNF .90 3 5.3 .507
LWAC 1.73 5 16.98 .505
OPTT 1.10 1 2.19 .502
LEDS 1.24 3 7.55 .492
FLGC .55 4 4.44 .492
XELB .34 2 1.38 .492
HCWB 1.14 2 4.73 .482
MVST 1.01 4 8.41 .480
MOHO .11 3 0.689 .477
KXIN .17 6 2.155 .468
COHN 1.95 5 20.82 .465
SCKT .74 4 6.33 .464
GLSI 3.27 5 35.51 .460
ATXI .74 1 1.61 .459
VERB .12 8 2.1 .456
GEG .90 1 1.9801 .454
KNBE 2.06 5 23.05 .445
GFAI 1.07 1 2.42 .442
ENVB .27 3 1.84 .438
RFL .71 5 8.09 .435
AMBO .61 1 1.4 .435
JFU .22 3 1.51 .435
RCON .51 2 2.38 .428
ONCS .68 1 1.61 .422
WHLR .54 2 2.55 .422
OXBR .30 5 3.56 .420
APRE .69 3 5 .414
GALT .44 3 3.19 .411
DTSS .87 1 2.12 .410
GNLN .36 2 1.75 .410
LEXX .84 3 6.14 .408
GROM .76 2 3.74 .406
UAVS .36 3 2.65 .405
ADMA .54 1 1.34 .402
ACY .99 19 46.1 .399
AVGR .04 7 0.6994 .399
BPTH .95 2 4.77 .398
FGEN 1.47 3 11.13 .396
SLGG .64 2 3.22 .396
ENG .30 3 2.26 .396
RSLS .27 4 2.72 .396
TRCH .98 2 4.95 .394
BABA .78 98 169.79 .392
WNW 1.34 1 3.42 .391
GRVI .74 3 5.68 .390
ATOS .21 5 2.67 .390
ACOR .41 4 4.22 .388
RHE 1.27 2 6.61 .384
AYRO .60 2 3.14 .382
ALF 1.08 2 5.66 .380
AGEN .15 10 3.9 .380
CHNR .12 4 1.26 .380
NTRB 1.15 2 6.08 .378
DWSN .44 2 2.33 .376
RAPT 1.77 7 32.78 .371
NNOX 1.69 5 22.76 .370
LIFE 1.09 3 8.85 .369
OTLK .38 2 2.09 .362
MINM .32 2 1.76 .362
PME .26 1 0.72 .361
ENTX .77 2 4.26 .360
DYAI .51 3 4.24 .360
CRIS 1.20 2 6.71 .356
BILI 1.28 22 76.45 .352
OBSV .18 5 2.57 .350
ADMP .36 1 1.04 .346
BCRX .66 8 15.24 .344
WPRT .58 2 3.36 .344
PIRS .23 7 4.69 .343
XELA .09 7 1.81 .343
MRNA 3.93 31 347.92 .341
BTCM .72 4 8.46 .340
MTP .56 1 1.6626 .336
NKLA .28 14 11.43 .336
WATT .32 2 1.91 .334
ARAV 1.21 1 3.63 .333
WISH .58 3 5.25 .330
GRU 1.51 1 4.58 .329
PSTV .60 1 1.82 .329
ARPO .72 1 2.2 .327
ENZ .54 2 3.33 .324
LJPC .62 2 3.84 .322
DARE .47 1 1.47 .319
CCXI 3.66 3 34.38 .318
HAPP .30 1 0.9481 .316
APOP .84 5 13.17 .315
ENSC .72 1 2.28 .315
SGBX .32 3 3.04 .315
SLS .91 3 8.68 .312
JRJC .67 3 6.44 .312
BON .62 3 5.94 .312
UFAB .46 2 2.94 .312
NEXT .29 4 3.68 .312
IPA 1.04 2 6.69 .310
VOXX 1.16 3 11.24 .309
KMPH 1.03 3 10.05 .306
TATT .65 3 6.32 .306
IFRX .62 2 4.06 .304
DQ 3.36 7 76.51 .301
KBSF .46 2 3.05 .300
TSLA 2.64 149 1077.04 .298
CERE 1.78 7 41.4 .294
GDEV .87 3 8.81 .294
GEVO .49 4 6.77 .288
WIMI .42 3 4.36 .288
AEHR .30 22 22.07 .286
AVIR 1.14 3 11.96 .285
CTSO .42 4 5.85 .284
OSMT .13 4 1.83 .284
RNXT .73 2 5.17 .282
QFIN .76 8 21.42 .280
LMFA .35 5 6.24 .280
XBIO .06 8 1.69 .280
ADIL .45 2 3.3 .272
VBLT .32 2 2.35 .272
BNTX 5.27 15 283.98 .270
BNR 1.30 3 14.39 .270
BHTG .33 1 1.22 .270
RLMD 1.57 4 23.39 .268
TRIT .55 4 8.11 .268
NNVC .44 3 4.93 .267
BTX 1.13 2 8.49 .266
HUGE .37 1 1.39 .266
GSM .27 7 6.98 .266
NEPT .07 2 0.5263 .266
BYSI 1.25 3 14.17 .264
DOCS 3.04 6 69.21 .258
UONE .46 6 10.67 .258
LAZR 1.40 3 16.37 .255
PLG .61 1 2.39 .255
OCUP 1.04 1 4.08 .254
KODK .86 2 6.76 .254
AVCT .60 1 2.37 .253
FCX .42 23 38.1 .253
IMTX 1.15 3 13.55 .252
NVCR 2.63 10 101.74 .250
EOSE 1.39 2 11.12 .250
CLF .63 10 24.45 .250
SKLZ .97 3 11.59 .249
IMNM 1.42 4 22.85 .248
INFI .16 4 2.58 .248
KURA 1.39 3 16.9 .246
CMMB 1.24 2 10.03 .246
LYEL 1.21 3 14.67 .246
IGIC .70 3 8.52 .246
RKDA .49 1 1.99 .246
FLGT 4.22 5 84.59 .245
DDS 6.22 9 227.14 .243
NNDM .48 3 5.88 .243
MRKR .36 1 1.48 .243
AFRM 3.62 11 161.89 .242
ALDX 1.09 2 9 .242
VTSI .98 2 8.04 .242
VIVE .26 2 2.14 .242
GPN 3.44 10 142.84 .240
SDC .64 2 5.3 .240
ONCT .45 2 3.72 .240
MITO .28 1 1.17 .239
UPST 4.74 17 330 .238
TELL .13 7 3.8 .238
MTTR .91 5 19 .235
SQBG .73 2 6.24 .232
PBR .31 8 10.56 .232
KSS 1.63 7 48.27 .231
CRDF 1.40 1 6.06 .231
IMMP .32 3 4.21 .228
STG 1.13 1 4.97 .227
ZY .78 3 10.4 .225
OCG .23 4 4.1 .224
MTL .12 8 4.15 .224
OVID .38 2 3.4 .222
KULR .33 2 2.97 .222
ORMP .40 13 23.49 .221
OCG .07 13 4.1 .221
TSP 1.75 5 39.63 .220
ASTR .53 4 9.61 .220
RAIL .24 4 4.35 .220
DBVT .07 10 3.06 .220
DDD .68 9 27.9 .216
SNES .16 2 1.48 .216
VERU .59 3 8.24 .213
FB .75 106 316.92 .212
AKTX .36 1 1.7 .211
ZM 4.40 14 276.58 .210
MESO 1.26 1 6.01 .209
SKT 1.17 3 16.9 .207
OCX .70 1 3.4 .205
HOL .84 3 12.35 .204
W 7.31 7 250.51 .203
TASK 1.74 7 59.36 .203
AESE .35 1 1.72 .203
SNMP .11 2 1.08 .202
VNET 1.13 3 16.67 .201
LOOP .74 4 14.74 .200
SE 5.17 14 352.73 .196
RBLX 2.36 7 82.75 .196
CHMA .37 2 3.76 .196
EZFL .57 1 2.94 .193
ZLAB 3.42 6 105.19 .192
GPS .75 6 22.96 .192
CAN .43 4 8.85 .192
CLSD .35 3 5.39 .192
OSTK 2.60 7 93 .189
NTEC .46 4 9.63 .188
TEDU .09 2 0.95 .188
AMZN 8.18 93 3446.57 .186
AMTX 1.20 3 19.34 .186
AZYO 1.08 1 5.8 .186
CLPS .56 1 3.01 .186
CLPS .56 1 3.01 .186
CVV .46 2 4.91 .186
JFIN .36 2 3.87 .186
CARA 1.57 2 16.95 .184
PLUG .89 8 37.11 .184
IMV .15 2 1.63 .184
HUYA .53 3 8.68 .183
BODY .47 2 5.21 .180
BKKT 4.57 1 25.6 .178
OPNT 1.39 3 23.17 .177
CELC 1.05 3 17.75 .177
MDIA .50 3 8.44 .177
MDNA .05 8 2.25 .176
BWAY 1.35 1 7.75 .174
CLII .84 3 14.36 .174
BGFV .70 6 24.1 .174
GTT .41 1 2.36 .173
AUPH 1.30 4 29.96 .172
BLUW .83 2 9.63 .172
MOGO .24 4 5.54 .172
MOSY .55 2 6.47 .170
ENSV .20 1 1.17 .170
FIGS 1.12 5 33.15 .165
ERJ .53 5 15.94 .165
EVGN .43 1 2.62 .164
ARMP .49 1 3 .163
MAT 1.16 3 21.39 .162
MSTR 14.75 8 717.13 .160
SI 5.04 5 157.08 .160
MQ 1.26 4 31.19 .160
PRTA 1.18 8 56.57 .160
BCLI .46 1 2.87 .160
EXPI 1.38 6 51.91 .156
ACB .36 3 6.88 .156
AXLA .26 2 3.33 .156
ZG 3.17 5 100.56 .155
TWTR 1.69 5 54.29 .155
EDSA 1.24 1 7.96 .155
SHOP 32.80 7 1457 .154
SCYX .79 1 5.1 .154
DMAC .31 2 4 .154
GSAT .12 2 1.55 .154
GTIM .74 1 4.8316 .153
ALTO .28 3 5.41 .153
IRDM 1.55 4 40.2 .152
GIII 1.11 4 28.49 .152
AAL .38 8 19.19 .152
FENG .11 2 1.43 .152
DLO 1.53 5 49.95 .150
FSTX 1.04 1 6.9 .150
KR .40 15 39.69 .150
EDTK .10 2 1.33 .150
SIF 1.16 1 7.75 .149
OLB .65 1 4.36 .149
VCVC 1.46 1 9.85 .148
ME .45 4 11.99 .148
ARVN 1.91 7 86.84 .147
TTD 1.62 7 75.43 .147
TLRY .52 3 10.5 .147
SALM .21 3 4.21 .147
TAL .32 2 4.35 .146
SCR 1.05 5 35.58 .145
RIG .11 5 3.7 .145
DKS 1.50 12 123.37 .144
ORGS .70 1 4.85 .144
DNUT .63 3 12.89 .144
FBRX .40 1 2.76 .144
GMBL .80 1 5.58 .143
ACHL .89 1 6.25 .142
FUV 1.54 1 10.91 .141
VLDR .86 1 6.09 .141
IAC 3.19 7 154 .140
CELH 2.77 5 97.74 .140
M .54 7 26.29 .140
VIH 1.31 1 9.36 .139
AEY .31 1 2.22 .139
SQ 1.73 23 261.33 .138
ZIM 1.15 6 49.4 .138
IRIX .35 3 7.6 .138
TENX .21 1 1.52 .138
TQQQ .29 137 152.9 .137
LEGN 1.79 4 51.27 .136
ISEE .62 4 17.72 .136
DLTR 2.90 5 107.28 .135
RIOT 1.25 3 27.54 .135
NIU 1.17 3 25.71 .135
GENE .13 3 2.86 .135
LYFT 1.57 4 46.92 .132
AMD 1.50 11 121.16 .132
TVTX 1.19 3 26.59 .132
SOHU .47 6 20.88 .132
NLS 1.33 1 10.15 .131
AFMD .87 1 6.63 .131
NGM 1.25 2 18.94 .130
CIFR .50 2 7.69 .130
LIVE 1.37 3 31.377 .129
MAXR 1.20 3 27.53 .129
ASAN 2.17 8 131.83 .128
CYTK 1.17 4 35.95 .128
AMEH 1.16 8 72.27 .128
ALLO 1.11 2 17.15 .128
SAM 9.40 7 496.61 .126
DUOL 7.27 3 172.83 .126
SEMR 1.48 2 23.23 .126
CIEN .40 18 54.34 .126
SPLK 4.15 5 164.5 .125
THCB 1.25 1 10 .125
SSNT .66 1 5.25 .125
SSKN .22 1 1.76 .125
NBEV .19 1 1.51 .125
NETE 1.05 1 8.42 .124
JWN 1.19 3 28.51 .123
HJLI 1.27 1 10.38 .122
LBPH .92 1 7.53 .122
TESS .64 1 5.24 .122
DPZ 5.62 11 479.33 .121
SHEN 1.11 3 27.36 .120
HCM .93 4 30.07 .120
SRNE .85 1 7.05 .120
LTHM .35 10 26.98 .120
RRD .26 3 6.44 .120
SBBP .12 2 2 .120
ENLV .49 2 8.29 .118
HIPO .25 2 4.21 .118
AA .62 9 46.45 .117
UBER 1.33 4 44.62 .116
DAL 1.14 4 39.15 .116
PBLA .25 1 2.14 .116
PDD 2.15 5 92.45 .115
IKT .24 1 2.08 .115
SBS .15 5 6.45 .115
EDIT 1.47 3 38.15 .114
LI 1.29 3 33.41 .114
CCJ .49 6 25.47 .114
PRPO .09 3 2.325 .114
CAH 1.34 4 47.72 .112
CCL .63 4 21.97 .112
ACI .43 8 30.05 .112
MSFT .41 112 324.35 .112
CPSH .51 1 4.57 .111
AUTL .31 2 5.61 .110
LIVX .17 2 3.07 .110
CLDX 1.61 3 44.58 .108
CPE 1.48 4 53.14 .108
AEO 1.32 2 24.2 .108
PRPL .70 3 18.99 .108
ATIF .43 1 3.96 .108
IMMR .29 3 7.98 .108
MRUS 1.44 2 27.04 .106
RGEN 4.41 7 290.02 .105
CAT 3.09 7 204.09 .105
RMBL 1.41 3 39.5 .105
DKNG 1.00 5 47.18 .105
NFLX .76 105 674.05 .105
MARA .36 15 50.39 .105
DE 4.88 8 349.7 .104
MSGE 1.88 4 70.09 .104
AN 1.67 8 120.86 .104
GH 1.57 8 118.19 .104
APXT 1.27 1 12.11 .104
WTER .09 2 1.7 .104
HOG 1.29 3 37 .102
GP .49 3 14.26 .102
ORCL .37 34 96.23 .102
BKYI .32 1 3.12 .102
CPG .09 6 5.03 .102
LAD 6.41 5 317.48 .100
CREE 1.64 5 79.12 .100
VSCO 1.28 4 51.08 .100
ARCE .89 2 17.5 .100
FLWS .75 4 29.44 .100
STEM .47 5 23.03 .100
ULBI .31 2 6.16 .100
REGN 7.44 9 625.19 .099
EQOS .46 1 4.65 .098
DASH 2.38 8 196 .096
FISV 1.64 6 98.53 .096
PTGX 1.05 3 32.37 .096
RRGB .96 2 19.98 .096
CRON .13 4 5.28 .096
LCID 3.40 1 35.48 .095
RUN 1.10 5 56.02 .095
MFNC 1.02 2 21.5 .094
MBII .08 1 0.85 .094
BKE 1.30 3 41.55 .093
FRD 1.28 1 13.7 .093
BTWN .95 1 10.12 .093
SOFI .62 3 19.91 .093
VLO 1.86 4 78.46 .092
CTRN 1.77 4 74.85 .092
JRVR 1.48 2 31.99 .092
SKX 1.09 4 45.93 .092
INM .14 1 1.52 .092
BJ .79 7 57.92 .091
KMB 1.96 6 130.06 .090
DELL 1.74 6 110.08 .090
VNE .55 6 35.15 .090
FFHL .44 2 9.7 .090
EQ .53 1 5.89 .089
MDB 5.88 8 504.62 .088
BAC 1.06 4 47.78 .088
JKS 1.76 3 59.48 .087
DDL 1.22 2 27.85 .086
UAA .97 2 22.13 .086
GURE .46 1 5.31 .086
AEI .09 2 2.05 .086
XBI 2.27 5 126.17 .085
BBY 2.06 5 121.12 .085
ACMR 1.83 5 105.85 .085
JD 1.44 5 80.92 .085
CHRA .40 1 4.66 .085
DIS 2.12 7 169.68 .084
SFIX 1.46 2 34.09 .084
GRVY 1.33 7 106.03 .084
VRNT 1.32 3 46.53 .084
EAT 1.21 3 42.58 .084
JPM 1.20 12 170.36 .084
LUV 1.03 4 47.24 .084
PINS 1.00 4 45.61 .084
INTC .70 6 48.08 .084
MRO .10 14 16.45 .084
ABCL 1.31 1 15.92 .082
BCYC 1.49 3 53.74 .081
UWMC .55 1 6.78 .081
LMT 2.70 10 331.39 .080
PYPL 2.54 8 236.83 .080
SPT 1.96 5 122.47 .080
MDT 1.95 5 121.27 .080
APPS 1.42 5 87.8 .080
TJX 1.32 4 65.2 .080
USB 1.25 4 60.93 .080
IMAB 1.00 5 60.1 .080
HPQ .63 4 30.45 .080
ABSI 1.13 1 14.3 .079
ANIX .38 1 4.8 .079
ENPH 3.10 6 224.46 .078
OVV 1.51 2 38.27 .078
PFGC 1.21 3 45.83 .078
AEMD .09 3 3.37 .078
BQ .08 2 2.05 .078
TWST 1.37 7 121.66 .077
FRO .07 11 8.95 .077
ATAI 1.09 1 14.18 .076
KZIA .41 2 10.68 .076
YPF .17 2 4.39 .076
BIIB 4.00 5 264.87 .075
VMW 2.32 5 152.31 .075
PKG 2.17 5 138.8 .075
RL 1.95 5 124.75 .075
TMUS 1.78 5 116.04 .075
SONO .50 5 32.01 .075
BGI .23 2 6.19 .074
DFH 1.18 1 16.15 .073
CLNE .67 1 9.14 .073
CLOV .56 1 7.61 .073
SIVB 7.01 8 710.49 .072
ROKU 4.06 6 320.56 .072
IWM 2.93 6 228.11 .072
ROST 2.08 4 112.97 .072
FATE 1.36 3 55.98 .072
MS .97 8 102.5 .072
CGC .94 1 12.99 .072
STX .76 9 89.55 .072
SLB .60 4 33.3 .072
SBH .56 2 15.31 .072
EOLS .55 1 7.63 .072
CSCO .52 8 56.24 .072
NXTP .14 1 1.92 .072
CNFR .10 2 2.7177 .072
TBLA .70 1 9.85 .071
A 1.64 7 155.76 .070
FANG 1.53 5 109.01 .070
BYND 1.46 5 100.18 .070
YEXT .91 1 12.85 .070
SLV .79 2 22.27 .070
DUOT .40 1 5.65 .070
RCAT .10 2 2.79 .070
TDC 1.32 3 56.12 .069
THC 4.91 1 71.77 .068
TSN 1.42 4 81.01 .068
C 1.23 4 70.88 .068
DXC 1.11 2 32.63 .068
CRCT .96 2 27.62 .068
WFC .91 4 51.36 .068
DRN .48 4 27.07 .068
SNPS 3.69 6 326.78 .066
UNH 3.07 11 455.44 .066
LAW 1.23 3 53.74 .066
MO 1.00 3 44.58 .066
SJM .75 11 124.63 .066
PATI .50 2 14.7217 .066
MRTN .38 3 17 .066
SITM 3.41 5 256.63 .065
WSM 2.54 5 184.15 .065
LOGI 1.16 5 84.3 .065
EDU .14 1 2.13 .065
SSL .10 13 16.96 .065
VTGN .03 5 2.29 .065
SNOW 2.91 8 348 .064
TSCO 1.77 8 210.09 .064
TTC 1.60 4 95.15 .064
XLNX 1.56 8 180.84 .064
NEWR 1.30 4 78.24 .064
AMAT 1.16 8 136.02 .064
SMLP 1.07 2 32.58 .064
APP .81 8 97.9 .064
ON .76 4 47.1 .064
WMT .70 16 148.45 .064
SBTX .57 1 8.84 .064
K .51 8 61.69 .064
ORGO .35 2 10.91 .064
HWCC .34 1 5.3 .064
V 2.08 7 209.84 .063
T .56 3 25.55 .063
VXX .46 3 21.27 .063
BZ 1.15 2 36 .062
BZUN 1.12 1 17.78 .062
AMKR .70 2 22.14 .062
STRO .65 2 20.5 .062
GBR .24 1 3.84 .062
THTX .22 1 3.5 .062
SWN .16 2 5.16 .062
MA 3.51 6 333.03 .060
LLY 2.73 6 253.35 .060
CRNC 1.55 4 101.84 .060
IBM 1.35 6 125.84 .060
CHKP 1.25 6 118.73 .060
LPX 1.24 3 61.54 .060
FL .99 3 47.4 .060
MYGN .98 2 31.99 .060
YMM .89 1 14.74 .060
COP .78 6 75.15 .060
PLTR .77 2 25.64 .060
CLSK 1.17 1 19.71 .059
TTCF 1.07 1 18.04 .059
FLXN .55 1 9.24 .059
EVGO .55 1 9.25 .059
PPBT .26 1 4.35 .059
XONE .67 2 22.49 .058
VIPS .66 1 11.45 .057
KEYS 2.52 4 179.35 .056
KYMR 1.69 2 59.19 .056
DOMO 1.26 4 87.7 .056
TAP 1.23 2 43.86 .056
PG 1.20 7 142.68 .056
GT 1.09 1 19.24 .056
APG .62 2 21.68 .056
CSIQ .58 4 40.85 .056
SILK .52 7 60.64 .056
CALA .11 1 1.94 .056
IRCP .04 4 2.8 .056
ASML 4.13 11 813.19 .055
SEDG 3.89 5 351.58 .055
NXPI 2.32 5 199.9 .055
HAS 1.13 5 96.59 .055
LL 1.01 1 18.12 .055
HRL .48 5 42.86 .055
TME .45 1 8.18 .055
AZN .33 11 62.19 .055
ITRO .07 1 1.27 .055
LII 2.97 6 297.9 .054
ADSK 2.96 6 317.1 .054
ZS 2.89 6 316.34 .054
ABNB 1.58 6 171.7 .054
ATVI 1.42 3 78.88 .054
ECOM 1.37 1 24.98 .054
FITB .82 3 43.99 .054
PSTG .74 2 26.87 .054
CRMT .72 9 116.66 .054
RSI .55 2 20.14 .054
KO .51 6 56.04 .054
LC .26 9 42.07 .054
RKT .84 1 15.78 .053
OEG .14 1 2.64 .053
EVA 3.59 1 68.05 .052
CM 1.70 4 122.01 .052
DOCN 1.29 4 95.53 .052
APPN 1.29 4 97.41 .052
YETI 1.27 4 95.15 .052
SCHW 1.13 4 81.99 .052
MNSO .82 1 15.56 .052
SPTN .60 2 22.95 .052
KIRK .60 2 22.58 .052
ZNGA .20 2 7.44 .052
GBS .11 1 2.09 .052
TSC 1.55 1 30.37 .051
GGAL .57 1 11.15 .051
AMGN 2.27 5 207.17 .050
SUPN 1.50 1 29.52 .050
GWRE 1.30 5 125.25 .050
ABT 1.28 5 127.71 .050
VMEO .85 2 33.45 .050
FUBO .74 2 29.48 .050
CDEV .37 1 7.36 .050
EKSO .20 1 3.96 .050
LOW 1.83 7 231.76 .049
ROLL 1.78 7 228.51 .049
GS 2.81 8 414.82 .048
HON 1.95 6 218.48 .048
COF 1.87 4 152.5 .048
BHVN 1.74 4 140.74 .048
BURL 1.68 8 275.86 .048
WM 1.29 6 157.5 .048
NTAP 1.16 4 89.71 .048
MNST 1.05 4 84.9 .048
FA .96 1 19.84 .048
KHC .88 2 36.48 .048
GM .87 3 54.24 .048
XLE .47 6 57.85 .048
FLO .41 3 24.87 .048
AGNC .26 3 15.8 .048
SWI .79 1 16.63 .047
JBL 1.39 2 60.02 .046
FTCH .94 2 39.35 .046
BIOC .09 2 3.82 .046
WDAY 2.61 5 286.74 .045
EA 2.20 3 140.23 .045
CVS 1.40 3 88.62 .045
MRK .81 5 86.55 .045
GNOG .78 1 17.01 .045
MOS .65 3 41.87 .045
EPU .48 3 30.21 .045
XOM .33 9 64.31 .045
COTY .08 5 8.48 .045
SNDL .03 1 0.661 .045
DAVA 1.77 4 159.02 .044
OTIS .88 4 79.92 .044
ARMK .42 4 36.26 .044
GMTX .17 1 3.79 .044
VSTM .06 2 2.67 .044
ACH .67 1 15.57 .043
LIN 2.33 6 317.96 .042
STT 1.48 3 98.82 .042
MMM 1.20 7 179.87 .042
OKE .92 3 65.5 .042
PDCO .67 2 30.97 .042
MU .55 6 69.58 .042
TBIO .53 3 37.36 .042
BBWI .53 6 69.26 .042
MRVL .51 6 68.48 .042
MOMO .19 3 13.16 .042
MFGP .07 3 4.96 .042
NFE 1.27 1 30.56 .041
HNST .37 1 8.89 .041
VIEW .21 1 5.08 .041
CI 1.83 5 215.75 .040
ADI 1.48 5 172.46 .040
WGO 1.39 2 67.76 .040
INCY 1.38 2 65.74 .040
UHS 1.30 4 126.17 .040
NKE .89 8 164.46 .040
TNA .83 5 93.2 .040
GLD .79 10 168.08 .040
AMRS .60 1 14.85 .040
GIS .53 5 62.04 .040
WOOF .51 2 24.7 .040
VIR .39 4 38.61 .040
KDMN .10 4 9.46 .040
COUR 1.39 1 35.19 .039
EGRX 1.01 2 52.49 .038
CHPT .93 1 24.16 .038
SANA .82 1 21.24 .038
LZB .64 2 33.36 .038
FCBP 1.08 1 29.1 .037
ADBE 4.10 6 639.28 .036
COST 3.15 6 490.53 .036
ANTM 2.99 6 433.36 .036
EL 2.10 6 325.5 .036
COIN 2.06 6 319.13 .036
DG 2.03 4 220.92 .036
ESTC 1.65 4 171.65 .036
RACE 1.46 6 235.06 .036
OLLI 1.29 2 68.43 .036
RCUS 1.22 1 33.71 .036
HD 1.21 12 371.57 .036
TGT 1.11 9 258.22 .036
KNL .92 1 25.04 .036
RF .86 1 23.74 .036
DEN .72 4 79.74 .036
ATHM .49 3 40.09 .036
SPWH .22 3 17.26 .036
ALAC .21 2 11.57 .036
TTM .20 6 32.04 .036
XPDI .05 9 11.85 .036
NOK .04 6 5.82 .036
LH 1.59 7 285.23 .035
UPS 1.15 7 213.9 .035
TGTX 1.11 1 31.58 .035
ABBV .85 5 109.67 .035
EQT .73 1 20.66 .035
BEKE .69 1 19.65 .035
RY .61 7 106.24 .035
SRNG .41 1 11.42 .035
TEO .18 1 5.13 .035
LITE 1.46 2 82.1 .034
BLDR 1.03 2 58.24 .034
ANF .67 2 39 .034
FENC .31 1 8.97 .034
SLHG .10 1 2.88 .034
AZO 6.70 11 1780.1 .033
XM 1.53 1 45.75 .033
AKAM 1.20 3 104.71 .033
CRM 1.06 11 298.38 .033
BP .33 3 29.22 .033
ALZN .07 1 2.09 .033
BKNG 10.17 8 2429.77 .032
HCA 2.20 4 250.67 .032
AAP 1.82 4 225 .032
UAL 1.50 1 46.01 .032
CHGG .96 2 58.09 .032
FLOW .63 4 75.36 .032
HNP .33 2 20.58 .032
D .31 8 76.34 .032
FOE .67 1 20.99 .031
BLK 6.24 5 935.48 .030
BLFS 1.55 1 50.75 .030
ATKR 1.43 2 94.72 .030
PEP 1.13 5 161.62 .030
PLCE .92 3 83.96 .030
GRUB .15 3 14.5 .030
CTKB .66 1 22.72 .029
OXY .05 29 33.83 .029
GOOG 3.73 28 2922.58 .028
TTWO 1.42 4 181.11 .028
PLD 1.05 4 146.67 .028
DD .99 2 69.76 .028
QDEL .95 4 132.66 .028
DUK .78 4 102.49 .028
CL .61 4 76.88 .028
PCVX .65 1 23.28 .027
MPC .62 3 66.67 .027
ACHV .23 1 8.28 .027
VSH .18 3 19.3 .027
RTX 1.21 2 89.19 .026
B 1.08 1 41.04 .026
CRTO .90 1 33.44 .026
VZ .73 2 52.8 .026
BIG .59 2 43.85 .026
TRIL .47 1 17.94 .026
UNIT .38 1 14.23 .026
AXP 1.02 5 174.61 .025
LEN .59 5 100.27 .025
STE 1.42 4 232.94 .024
SNA 1.40 4 205.81 .024
ALXN 1.24 4 182.5 .024
J 1.23 3 139.28 .024
MCD .98 8 245.5 .024
AZPN .96 4 154.91 .024
QCOM .47 8 133.69 .024
HHR .45 3 54.99 .024
FAST .39 4 56.18 .024
PFE .21 6 43.18 .024
ET .06 4 9.68 .024
OLN 1.34 1 56.65 .023
ADMS .18 1 8.12 .022
CNC 1.57 1 71.61 .021
PKI 1.33 3 177.33 .021
CLX 1.16 3 161.86 .021
INTU 2.61 5 615.41 .020
STZ 1.17 4 216.77 .020
NUAN 1.13 1 55.1 .020
HRI .96 4 180.07 .020
NEE .95 2 86.42 .020
IYC .84 2 83.74 .020
XLK .67 5 160.84 .020
CROX .67 5 156.53 .020
XLV .63 5 132.53 .020
UHAL 1.98 9 737.14 .018
JNJ 1.48 2 162.85 .018
KMX 1.24 2 136.12 .018
AIT .91 2 98.76 .018
IRBO .83 1 44.92 .018
CNA .83 1 45.54 .018
GPK .37 1 20.24 .018
PSTX .12 1 6.49 .018
AMOM .66 1 37.28 .017
SELF .09 1 5.17 .017
STMP 1.59 4 329.61 .016
LANC 1.43 2 171.46 .016
UTHR .86 4 192.17 .016
PTON .37 4 90.31 .016
XLP .30 4 71.32 .016
FRBK .05 1 3.09 .016
HRC .48 5 154.82 .015
ABUS .06 1 4.07 .014
TNET 1.38 1 100.17 .013
CAI .78 1 55.94 .013
PAYX 1.56 1 123.36 .012
TSM .54 3 116.01 .012
GE .40 4 105.26 .012
PPC .17 2 28.2 .012
CHNG .15 2 21.47 .012
BEST .01 3 2.11 .012
PNRG .79 1 68 .011
ESXB .13 1 11.47 .011
TRI .68 2 118.92 .010
ECHO .49 1 48.22 .010
INOV .22 2 40.79 .010
SVBI .13 1 12.9 .010
GTS .33 1 35.23 .009
IEC .14 1 15.34 .009
SLVO .02 3 5.39 .009
TDG 1.87 4 628.39 .008
RVI .22 1 27.16 .008
HFBL .16 1 19.09 .008
PBT .04 2 8.02 .008
LMRK .13 1 16.44 .007
SYKE .14 3 54 .006
ITRN .07 3 25.96 .006
PSP .06 2 16.53 .006
CLDR .08 1 15.99 .005
SAFM .85 1 188.98 .004
VOOV .73 1 147.4 .004
SPG .16 4 147.12 .004
TAAG .09 1 20.9494 .004
KIN .02 2 9.25 .004
RAVN .10 3 57.81 .003
IACB .01 3 9.94 .003
SPY 1.31 1 458.32 .002
CXP .04 1 19.14 .002
VCAR .03 1 14.9821 .002
SIC .03 1 14.49 .002
NWHM .02 1 8.99 .002
EIC .02 2 19.182 .002
DSE .02 1 9.49 .002
ULTA .62 1 370.39 .001
PMD .01 1 8.2976 .001
AAPL .12 108 152.57 0
WYNN .06 3 90.78 0
ULTA .05 12 370.39 0
WYNN .04 4 90.78 0
BLNK .02 11 29.61 0
RTLR .01 8 12.18 0
INFL .01 2 31.55 0
DFP .01 2 28.58 0
WMPN 0 4 12.27 0
QADB 0 4 87.57 0
PAE 0 1 9.91 0
GSKY 0 1 12.25 0
NSYS -.12 1 10.41 -.011
