BKNG 17.64 6 2325.5
MSTR 14.90 6 641.46
NVAX 14.88 8 232.3
REGN 12.57 6 652
DPZ 10.53 7 505.56
W 9.22 6 276.4
SAM 8.67 6 543.39
INDP 8.55 2 10.75
BNTX 8.38 6 351.05
AZO 8.36 6 1596.72
SE 8.13 8 337.62
AMZN 8.07 92 3475.79
MDB 6.88 5 503.5
DE 6.81 6 361.49
ADSK 6.80 3 290.75
ASML 6.72 6 887.75
KOSS 6.42 6 17.62
ZLAB 6.41 3 126.4
UPST 6.02 9 279.09
DASH 5.97 4 209.85
SCR 5.96 1 34.74
AFRM 5.92 5 109.75
UTHR 5.88 1 205.43
ENPH 5.87 2 155.53
GPN 5.86 5 165.47
CELH 5.86 1 73.31
WDAY 5.85 2 267.37
SITM 5.79 3 203.99
NVCR 5.79 5 126.83
LOW 5.78 3 205.61
LH 5.76 2 73.31
VERY 5.74 1 9.25
SI 5.73 1 43.07
IRNT 5.72 2 32.13
ANTM 5.66 3 371.52
ADGI 5.65 3 55.3
HRI 5.63 1 127.53
TWST 5.55 3 112.95
EBET 5.51 4 32.83
COST 5.45 3 460.73
EEIQ 5.44 4 5.85
ROKU 5.40 3 316.88
LLY 5.39 3 233.73
CRMT 5.38 3 119.55
JAN 5.37 3 6.34
GWRE 5.32 1 120.24
IAC 5.23 4 134.22
EJH 5.21 6 3.42
CROX 5.17 1 153.68
SEDG 5.15 4 270.23
V 5.11 1 223.81
SPLK 5.11 4 151.68
ASAN 5.07 1 109.32
UHAL 5.06 6 657.85
APPN 5.04 2 101.19
AMGN 5.04 2 216.81
COIN 5.02 3 242.95
RGEN 5.01 2 294.84
SJ 4.97 1 4.08
BLK 4.95 2 901.62
AAME 4.94 2 3.83
SCPS 4.93 5 5.75
GH 4.92 2 127
LIN 4.89 3 314.53
AXP 4.88 1 173.12
HON 4.87 2 229.27
FULC 4.87 3 26.97
COHN 4.86 3 19.75
YETI 4.85 1 101.33
ZG 4.83 3 92.12
GRTS 4.83 3 12.79
PLCE 4.81 1 100.58
HAS 4.75 1 103.98
ANVS 4.75 5 32.26
CARV 4.74 5 15.2
ABNB 4.71 3 166.37
AAP 4.69 2 206.21
HCA 4.67 1 249.32
GRVY 4.67 2 99.13
EDIT 4.67 1 56.48
LAZR 4.65 1 16.34
MA 4.60 4 344.75
ADI 4.60 1 165.78
STZ 4.57 1 234.27
RACE 4.57 1 212.51
GOOG 4.55 25 2904.12
NNOX 4.52 2 22.46
TTWO 4.51 1 159.92
ZM 4.42 13 279.12
OCG 4.42 3 4.19
CI 4.39 2 30.46
CAT 4.36 2 205.73
LWAC 4.34 2 16.98
GLSI 4.33 4 41.82
SNOW 4.31 5 324.08
DOCN 4.31 1 81.56
WAVE 4.30 2 8.06
IMAB 4.28 1 68.12
NEWR 4.27 1 82.6
ZS 4.26 3 273.44
CPOP 4.25 3 3.26
RL 4.24 2 112.13
KALV 4.24 3 19.25
DQ 4.24 5 62.16
COF 4.22 1 159.96
RAPT 4.20 3 37.46
ALEC 4.17 3 24.26
IMNM 4.16 1 21.45
APPS 4.16 1 60.05
AN 4.16 2 6.26
SNA 4.15 1 221.53
VMW 4.12 3 141.9
NVOS 4.12 2 1.81
AUVI 4.12 5 6.6
ROLL 4.11 2 218.57
TSLA 4.08 144 755.83
DOCS 3.99 4 94.29
STE 3.98 1 214.96
LAD 3.97 3 322.52
SPT 3.95 1 105.63
EAT 3.93 1 50.92
SIVB 3.90 4 608.21
SIEB 3.89 2 3.56
FANG 3.89 1 80.54
KMB 3.87 2 135.93
NRXP 3.86 6 11.58
BNTC 3.84 1 3.88
VRNT 3.78 1 44.72
ACMR 3.76 2 100.88
TPST 3.75 3 15.44
TSCO 3.73 2 205.22
SHEN 3.71 1 61.1
OCGN 3.71 2 7.53
BHVN 3.71 2 117.28
KZIA 3.69 1 10.38
PKG 3.68 2 139.12
CTRN 3.67 2 88.64
AMEH 3.61 2 111.1
LAW 3.60 1 53.9
PDD 3.58 4 99.3
QDEL 3.57 1 136.97
DLPN 3.56 3 11.9
AACG 3.56 3 2.81
ADBE 3.54 5 661.08
UHS 3.49 2 157.9
SKT 3.49 1 17.37
TVTX 3.46 1 23.53
TDC 3.44 1 51.18
OTIS 3.43 1 89.2
LAIX 3.43 2 0.8824
SFIX 3.41 1 33.64
RBLX 3.40 4 82.15
TERN 3.38 2 10.71
FIGS 3.34 2 40.66
SNPS 3.33 3 335.48
NMRD 3.33 2 6.39
PKI 3.30 2 185.99
MCD 3.30 2 240.98
LHDX 3.26 2 8.28
BIIB 3.26 3 299.21
UNH 3.25 9 417.52
SAVA 3.25 24 43.92
KURA 3.24 1 20.18
IMPL 3.20 3 15.25
OPNT 3.16 1 21.8
BYND 3.16 2 130.32
FLGT 3.14 4 86.76
BKE 3.14 1 41.56
TDG 3.11 3 612.48
MSGE 3.10 3 80.51
VSCO 3.09 2 61.03
RLMD 3.08 2 26.77
PTON 3.08 1 104.35
OLLI 3.08 1 72.58
XLNX 3.06 4 157.76
KMPH 3.04 1 8.82
CLX 3.04 2 165.71
TASK 3.03 4 64.46
INTU 3.03 3 572.11
CREE 3.02 3 86.94
NEGG 3.00 20 16.89
DOMO 3.00 2 76.59
GME 2.99 82 204.52
DKS 2.98 5 133.6
J 2.97 1 24.3
ESTC 2.97 3 159.99
UBER 2.96 1 43.03
SEMR 2.96 1 25.55
ARVN 2.96 3 94.89
JRVR 2.95 1 33.55
TSM 2.93 1 117.82
FATE 2.92 1
LOOP 2.88 1 10.19
WGO 2.86 1 69.66
LITE 2.84 1 80.24
HTBX 2.80 1 6.12
WAFU 2.79 2 6.13
MOXC 2.78 2 6.85
WSM 2.77 4 184.25
STX 2.76 3 84.35
IRDM 2.75 2 44.74
ABT 2.75 2 127.49
SLS 2.74 1 10.05
PFGC 2.74 1 42.96
MNST 2.74 1 95.14
TNA 2.70 2 86.91
NXPI 2.70 3 212.34
MVIS 2.70 2 12.98
MRNA 2.70 25 434.46
AKAM 2.70 1 112.41
KNBE 2.69 4 25.51
EL 2.69 5 6.45
BURL 2.66 3 287.59
XBI 2.65 4 130.43
DDS 2.64 6 203.31
PEP 2.63 1 153.0
NCTY 2.63 5 12.25
DTST 2.61 1 5.14
DPW 2.61 3 2.63
GS 2.60 6 401.95
RMBL 2.58 1 34.42
TTD 2.55 5 70.82
IWM 2.55 3 226.16
DEN 2.54 1 71.67
LPX 2.53 1 55.27
FL 2.53 1 58.17
DDL 2.53 1 26.14
CLII 2.53 1 14.36
NTAP 2.52 2 86.98
JBL 2.52 1 62.82
HOL 2.52 1 12.35
LEXX 2.49 1 6.21
ALXN 2.49 2 182.5
LOGI 2.48 2 107.98
BBY 2.48 4 109.27
CRNC 2.46 2 116.64
LII 2.41 4 312.42
AVXL 2.41 5 17.07
LYEL 2.40 1 13.18
CM 2.39 2 39.74
PLD 2.38 2 128.07
GIII 2.35 2 29.05
APP 2.35 3 73.57
UPS 2.33 5 193.35
SKX 2.32 1 54.16
CYTK 2.32 2 33.7
AGRI 2.32 1 5.53
CHCI 2.31 2 5.08
PRFX 2.29 1 2.875
ATKR 2.27 1 83.82
SQ 2.23 21 248.8
RTX 2.23 1 88.2
DLTR 2.23 2 88.44
TJX 2.22 3 69.48
STT 2.22 2 79.72
CHGG 2.22 1 85.0
FGEN 2.21 2 11.7
AMD 2.21 7 105.6
OSTK 2.20 6 70.21
VIR 2.19 2 52.31
DXC 2.19 1 38.72
XTLB 2.18 1 4.14
TSN 2.17 2 76.21
MDT 2.17 4 131.65
SPG 2.16 2 134.71
SMLP 2.15 1 37.14
PATI 2.15 1 12.02
PATI 2.15 1 12.02
STMP 2.14 3 328.75
EXPI 2.14 3 45.15
INCY 2.13 1 77.95
IGIC 2.12 1 9.2
ACRS 2.12 7 17.71
TGT 2.11 8 244.14
PRTA 2.11 4 74.82
WM 2.10 2 226.16
CERE 2.10 5 35.46
DELL 2.08 5 100.44
BON 2.06 1 10.88
ALDX 2.06 1 8.55
MFNC 2.04 1 21.5
BTX 2.04 1 12.24
VLO 2.03 2 66.35
JD 2.03 3 76.25
FLWS 2.02 2 30.4
APRE 2.02 1 4.64
TMUS 2.01 3 127.07
MRIN 2.01 5 5.59
IBM 2.00 4 137.2
DD 1.98 1 97.71
VTSI 1.97 1 9.2
KSS 1.96 6 52.43
JG 1.96 2 1.79
BNR 1.96 2 19.255
LMT 1.95 9 345.07
LI 1.94 2 29.74
RRGB 1.93 1 20.52
LEGN 1.93 3 49.0
BTBT 1.92 7 10.2
NEE 1.91 1 77.22
DLO 1.91 4 64.88
ZIM 1.89 1 45.51
DG 1.89 3 216.97
FTCH 1.88 1 38.67
LEDS 1.87 2 8.69
HOOD 1.85 12 41.87
ON 1.84 1 104.35
DUK 1.84 1 107.72
DKNG 1.84 2 59.84
AIT 1.83 1 89.31
OSAT 1.82 2 5.51
OKE 1.82 1 51.72
DIS 1.79 6 184.41
ANF 1.79 1 35.78
BIDU 1.78 117 161.73
ARCE 1.78 1 24.04
VRPX 1.77 9 6.02
BLDR 1.77 1 47.31
TTC 1.75 3 105.17
TSP 1.75 5 40.02
VOXX 1.74 2 11.4
AMAT 1.73 5 141.23
PG 1.72 4 145.12
KODK 1.72 1 6.98
HD 1.71 9 333.37
CHKP 1.71 4 117.53
VMEO 1.70 1 35.94
ROST 1.70 3 112.91
LYFT 1.70 3 51.01
ENOB 1.70 3 7.02
LIFE 1.69 2 8.52
MYGN 1.67 1 34.8
EA 1.67 2 137.04
TWTR 1.66 2 68.65
MPC 1.66 1 54.55
SYPR 1.65 2 3.61
FLOW 1.65 3 77.43
KMX 1.64 1 136.81
CAH 1.64 3 50.63
LODE 1.63 1 2.84
KYMR 1.63 1
JZXN 1.63 4 2.46
MOS 1.62 1 31.27
IYC 1.62 1 79.1
CRCT 1.61 1 40.58
USB 1.60 3 57.13
SPI 1.60 2 5.38
RMED 1.60 3 3.02
MBRX 1.60 1 2.91
WHLM 1.59 3 5.57
CSIQ 1.59 2 37.6
CLDX 1.59 2 53.21
BZ 1.59 1 34.13
A 1.59 5 173.79
FISV 1.58 5 108.36
CELC 1.58 2 20.34
RIOT 1.57 2 32.89
GTEC 1.57 2 6.35
CNC 1.57 1 70.47
CARA 1.57 2 14.77
PAYX 1.56 1 109.71
BLFS 1.55 1 48.06
MTTR 1.54 1 19.75
FUV 1.54 1 11.04
GIS 1.53 1 60.91
UAL 1.50 1 43.86
SUPN 1.50 1 27.01
ZEV 1.49 3 9.15
NURO 1.49 8 11.18
SGOC 1.48 8 6.01
JNJ 1.48 2 165.42
ISEE 1.48 2 16.28
VCVC 1.46 1 9.85
LGHL 1.46 1 1.22
PINS 1.45 3 54.23
MS 1.45 5 104.4
EYEG 1.45 1 1.95
EVOL 1.45 1 2.16
BPTH 1.44 1 5.2
SNOA 1.43 3 5.27
SCKT 1.43 3 6.85
LANC 1.43 2 179.98
GM 1.42 1 26.2
ATVI 1.42 3 78.25
SCHW 1.41 2 71.15
AVIR 1.41 1 25.0
MMM 1.40 6 184.19
JCS 1.40 3 8.1
CVS 1.40 3 85.54
CRDF 1.40 1 6.54
NVDA 1.39 139 223.41
ERYP 1.39 2 5.76
EOSE 1.39 2 12.93
COUR 1.39 1 40.91
TNET 1.38 1 79.86
LIVE 1.37 3 35.52
ECOM 1.37 1 27.1
TAOP 1.35 3 2.93
RUN 1.35 4 42.83
BWAY 1.35 1 7.65
WNW 1.34 1 4.38
NLS 1.33 1 13.62
SLV 1.32 1 22.07
HOG 1.32 2 40.12
AEO 1.32 2 26.28
VIH 1.31 1 10.19
SPY 1.31 1 447.88
AA 1.30 2 23.83
SPCE 1.29 22 23.91
MAT 1.28 2 20.68
FRD 1.28 1 12.22
BILI 1.28 22 76.24
RHE 1.27 2 7.87
HJLI 1.27 1 8.6
APXT 1.27 1 12.11
SLGG 1.26 1 3.66
MESO 1.26 1 6.35
JKS 1.26 2 51.62
HHR 1.26 1 42.84
THCB 1.25 1 10
NGM 1.25 2 25.64
BYSI 1.25 3 22.97
PBTS 1.24 1 1.25
EDSA 1.24 1 5.45
CMMB 1.24 2 12.6
ANPC 1.24 2 3.48
TAP 1.23 2 86.98
C 1.23 4 138.81
AMC 1.23 55 46.84
RCUS 1.22 1 33.37
NKE 1.22 6 157.91
EYES 1.22 6 3.46
BBBY 1.22 12 24.01
KIRK 1.21 1 19.26
HGEN 1.21 3 6.41
ARAV 1.21 1 3.91
MAXR 1.20 3 29.89
JPM 1.20 12 158.16
CRIS 1.20 2 8.35
CETX 1.20 1 1.17
AMTX 1.20 3 14.19
JWN 1.19 3 27
QCOM 1.18 7 138.24
GRU 1.18 1 4.26
GRU 1.18 0 4.26
GRTX 1.18 1 7.18
DFH 1.18 1 20.98
AYRO 1.18 1 3.7
NIU 1.17 3 24.33
CLSK 1.17 1 11.69
SIF 1.16 1 8.38
HGSH 1.16 2 1.67
IMTX 1.15 3 14.63
DAL 1.14 4 38.52
VNET 1.13 3 19.1
STG 1.13 1 5.75
NUAN 1.13 1 55.31
ABSI 1.13 1 22.26
RY 1.12 2 105.72
MNOV 1.12 2 3.99
BZUN 1.12 1 19.14
TGTX 1.11 1 29.9
PMCB 1.11 3 3.34
KHC 1.11 1 37.01
CNET 1.11 1 1.36
OPTT 1.10 1 1.9
GT 1.09 1 17.18
DDD 1.09 8 30.1
ATAI 1.09 1 15.19
SLB 1.08 1 28.43
RSLS 1.08 1 3
MTSL 1.08 3 3.37
FCBP 1.08 1 29.1
BAC 1.08 3 37.85
B 1.08 1 45.2
AZYO 1.08 1 8.8
ALF 1.08 2 7.43
TTCF 1.07 1 17.03
NETE 1.05 1 9.36
OCUP 1.04 1 5.28
KEYS 1.04 2 168.72
IPA 1.04 2 6.6
FSTX 1.04 1 7.02
CANF 1.04 1 1.73
ALLO 1.04 1 25
FTEK 1.03 2 1.79
COP 1.03 5 59.32
AMKR 1.03 1 23.53
ALYA 1.03 3 2.7
QADB 1.02 3 87.23
FAST 1.02 1 53.15
CRM 1.02 10 256.16
ZCMD 1.01 1 1.54
RCON 1.01 1 3.07
MVST 1.01 4 9.54
LL 1.01 1
EGRX 1.01 2 47.73
CCJ 1.01 2 24.73
TRCH .98 2 9.88
NFLX .98 101 582.87
HOFV .98 2 2.79
UAA .97 2 23.83
SKLZ .97 3 11.14
FA .96 1 22.99
DWSN .96 1 2.01
BTWN .95 1 9.83
CGC .94 1 19.19
MO .93 2 12.92
HCM .93 4 38.41
CHPT .93 1 20.61
ABBV .93 4 107.77
LBPH .92 1 9.2
KNL .92 1 25.04
YEXT .91 1 12.62
WFC .91 4 43.13
SSY .91 3 2.43
GEG .90 1 2.26
CRTO .90 1 35.14
ATNF .90 3 6.6
YMM .89 1 16.06
PLUG .89 8 24.63
ACHL .89 1 5.81
HPQ .88 3 27.95
BABA .88 96 157.86
FB .87 102 373.92
DTSS .87 1 2.02
BCRX .87 6 15.07
AFMD .87 1 6.33
VLDR .86 1 6.38
RF .86 1 19.1
LC .86 5 28.69
ATHM .86 2 40.22
SRNE .85 1
SAFM .85 1 193.28
RIDE .85 5 6.84
RKT .84 1 19.21
PTIX .84 2 1.95
HRC .84 3 151.25
BB .84 11 10.13
UAVS .83 1 3.15
LUV .83 3 48.46
IRBO .83 1 44.58
CNA .83 1 43.9
BLUW .83 2 9.63
SANA .82 1 23.14
MNSO .82 1 16.96
FITB .82 3 40.27
SPRT .81 20 11.8
GMBL .80 1 8.14
SWI .79 1 10.88
SCYX .79 1 5.9
PNRG .79 1 55.2484
MU .79 4 73.82
BP .79 1 25.64
ZY .78 3 10.33
VVOS .78 4 4.73
OTLK .78 1 2.42
HX .78 1 1.69
GNOG .78 1 21.53
CAI .78 1 55.89
WATT .77 1 2.22
SJM .77 7 121.81
PLTR .77 2 27.08
ENTX .77 2 4.59
QFIN .76 8 21.88
NBRV .76 1 1.06
MOSY .76 1 5.58
APG .76 1 22.92
NNVC .75 2 4.25
CEMI .75 7 2.61
SHOP .74 5 1474.94
PSTG .74 2 26.75
MQ .74 1 28.41
GTIM .74 1 5.07
GRVI .74 3 5.83
FUBO .74 2 27.15
ATXI .74 1 1.66
VZ .73 2 55.96
VOOV .73 1 144.72
UPC .73 3 2.35
SQBG .73 2 6.24
RNXT .73 2 8.06
ORPH .73 3 4.69
NVFY .73 3 2.15
LEN .73 4 98.45
MRK .72 2 16.16
ENSC .72 1 3.07
BTCM .72 4 11.21
ARPO .72 1 2.2
AREC .72 4 2.14
ZKIN .71 2 3.3
XLV .71 2 133.21
PALI .71 3 2.8
GLD .71 6 167.83
TBLA .70 1 9.85
PRPL .70 3 27.32
ORGS .70 1 4.96
OCX .70 1 3.63
JRJC .70 1 4.7
CBAT .70 2 2.67
BGFV .70 6 25.32
WIMI .69 1 3.9
BEKE .69 1 16.99
ASM .69 1 0.9041
APOP .69 4 6.17
ONCS .68 1 2.21
INTC .68 5 55.12
XONE .67 2 23.69
WMT .67 14 144.55
PDCO .67 2 31.32
FOE .67 1 20.68
CLNE .67 1 8.18
BODY .67 1 6.28
ACH .67 1 22.23
VIPS .66 1 14.26
TIGR .66 5 13.61
SSNT .66 1 6.39
RETO .66 1 0.8314
ERJ .66 1 15.28
DRN .66 1 24.74
CTKB .66 1 27.93
CRTD .66 3 3.3
AMOM .66 1 36.78
TATT .65 3 5.61
STRO .65 2 19.99
PCVX .65 1 26.45
OLB .65 1 5.15
LMNL .65 3 2.61
TESS .64 1 5.35
M .64 5 21.31
LZB .64 2 34.29
GPS .64 5 23.83
FLGC .64 2 6
CTIB .64 3 1.91
BBWI .64 5 65.12
ACY .64 16 34.32
XLP .63 1 71.99
DNUT .63 3 15.3
CCL .63 4 23.17
ULTA .62 1 388.74
ORMP .62 10 19.45
LJPC .62 2 3.99
SPWH .61 1 17.65
SOS .61 2 2.66
QADB .61 0 87.23
PYPL .61 5 282.43
PLG .61 1 2.37
MRVL .61 5 62.46
CL .61 3 77.21
AMBO .61 1 1.56
SPTN .60 2 21.52
SDC .60 1 5.68
PSTV .60 1 1.85
EVK .60 6 2.91
AVCT .60 1 3.4
AMRS .60 1 13.29
VERU .59 3 8.82
UONE .59 3 7.56
BIG .59 2 47.29
WPRT .58 2 3.42
WISH .58 3 6.41
TRIT .58 3 5.25
STAF .58 2 2.15
SNAP .58 112 73.62
MARA .58 11 37.05
EPU .58 2 27.29
WEI .57 1 0.8598
SBTX .57 1 16.25
GGAL .57 1 11.02
ACI .57 5 30.78
T .56 3 27.57
SBH .56 2 16.89
OBLN .56 3 3.05
MTP .56 1 1.73
KO .56 5 56.47
CSCO .56 7 57.56
CLPS .56 1 3.02
CLPS .56 1 3.02
CLOV .56 1 8.17
ARMK .56 3 35.02
VNE .55 6 35.75
UWMC .55 1 7.46
LTHM .55 5 25.66
EVGO .55 1 12.44
EOLS .55 1 8.1
APTO .55 2 2.71
WHLR .54 2 3.13
TQQQ .54 132 147.16
ENZ .54 2 3.4
AUUD .54 5 2.54
ADMA .54 1 1.2
TBIO .53 3 37.36
MEDS .53 5 5.06
HUYA .53 3 9.31
EQ .53 1 5.87
ENG .53 2 2.15
VIVE .52 1 2.41
TLRY .52 3 12.03
KULR .52 1 2.43
FLO .52 2 24.65
AEHR .52 13 10.81
WOOF .51 2 21.52
VTNR .51 6 6.68
SILK .51 4 57.09
K .51 8 63.88
DYAI .51 3 5.2
CPSH .51 1 5.6
AUTL .51 1 6.6
SONO .50 5 36.72
RKDA .49 1 2.15
NRBO .49 2 3.86
IGC .49 3 1.49
GP .49 3 15.19
GEVO .49 4 6.8
ENLV .49 2 10.92
ECHO .49 1 47.8
BBIG .49 15 8.15
ARMP .49 1 3.9
ANY .49 8 7.35
XLE .48 5 50.26
NNDM .48 3 6.02
NIO .48 75 38.03
DBGI .48 3 2.62
TRIL .47 1 17.43
STEM .47 5 22.36
SOHU .47 6 21.9
MSFT .47 108 304.82
DARE .47 1 1.67
BGI .47 1 2.44
XPEV .46 80 38.1
VXX .46 3 25.43
UFAB .46 2 2.54
NTEC .46 4 9.63
KBSF .46 2 3.42
INOV .46 1 36.87
GURE .46 1 4.63
CVV .46 2 5.24
BCLI .46 1 3.53
TYME .45 4 1.03
TME .45 1 8.92
ONCT .45 2 4.17
BLIN .45 7 4.26
ADIL .45 2 4.1
WORX .44 4 2.24
GALT .44 3 3.73
FFHL .44 2 10.21
FCX .44 17 36.74
CLF .44 6 23.02
EVGN .43 1 2.74
COTY .43 4 8.41
CAN .43 4 8.21
ATIF .43 1 3.84
AQMS .43 2 2.12
KR .42 14 41.1
SRNG .41 1 10.13
GTT .41 1 2.36
CTSO .41 3 8.2
ASTR .41 3 11.66
ACOR .41 4 4.65
YJ .40 2 0.7089
XOM .40 6 56.42
RRD .40 2 4.25
LIZI .40 4 3.69
GE .40 4 102.16
FBRX .40 1 3.49
DUOT .40 1 6.16
CHRA .40 1 4.71
AAPL .40 107 149.03
MDIA .39 2 7.26
HRL .39 4 41.59
CSCW .39 2 0.97
OVID .38 2 3.46
MRTN .38 3 15.37
ANIX .38 1 4.81
AAL .38 8 19.38
ORCL .37 34 87.73
NEXT .37 3 2.51
IPHA .37 3 5.58
HUGE .37 1 1.68
HNST .37 1 13.83
GPK .37 1 18.91
CHMA .37 2 3.76
MRKR .36 1 1.82
JFIN .36 2 3.57
IDEX .36 4 2.22
GNLN .36 2 2.62
BNGO .36 11 5.28
AKTX .36 1 1.84
AGNC .36 2 16.18
ADMP .36 1 1.08
ACB .36 3 6.68
ORGO .35 2 15.49
MFGP .35 1 5.22
IRIX .35 3 7.2
CLSD .35 3 6.57
BSQR .35 13 2.48
AESE .35 1 1.84
XELB .34 2 1.72
HWCC .34 1 5.24
CIEN .34 17 53.38
LMFA .33 4 4.7
HNP .33 2 19.79
GTS .33 1 35.12
BHTG .33 1 1.47
AZN .33 7 56.45
VBLT .32 2 2.33
TAL .32 2 4.39
SPCB .32 2 1.05
MINM .32 2 2.1
IMMP .32 3 3.84
BKYI .32 1 3.22
YPF .31 1 5.35
WINT .31 3 1.82
ULBI .31 2 7.51
PIRS .31 5 5.56
FENC .31 1 8.64
EXPR .31 4 5.37
DMAC .31 2 3.87
AEY .31 1 2.42
OXBR .30 5 3.03
HAPP .30 1 1.11
HUSN .29 4 2.75
GOVX .29 5 4.37
AXLA .29 1 3.2
OBSV .28 3 3.06
NKLA .28 14 9.76
MITO .28 1 1.39
IMMR .28 2 7.15
ALTO .28 3 4.86
NAOV .27 11 2.24
ENVB .27 3 2.65
PPBT .26 1 4.99
PME .26 1 0.6502
ATOS .26 4 3.33
PBLA .25 1 2.2
MTL .25 3 4.55
D .25 7 75.55
RAIL .24 4 4.77
IKT .24 1 2.09
GBR .24 1 4.21
PYPL .23 13 282.43
MOGO .23 3 4.6
KDMN .23 2 8.8
ACHV .23 1 8.13
THTX .22 1 3.61
SSKN .22 1 1.77
JFU .22 3 1.78
GENE .22 2 3.35
DYNT .22 5 1.39
XELA .21 6 2.06
VIEW .21 1 5.38
TENX .21 1 1.38
PFE .21 6 44.77
KXIN .21 5 3.13
ALAC .21 2 11.3305
ZNGA .20 2 8.11
PHUN .20 5 1.01
ENSV .20 1 1.2606
EKSO .20 1 4.12
SBS .19 3 6.68
NBEV .19 1 2.27
VSH .18 3 22.71
TEO .18 1 5.26
TELL .18 5 3.54
OSMT .18 3 2.96
ET .18 2 32.92
PPC .17 2 28.15
LIVX .17 2 2.94
IRCP .17 1 3.065
GSM .17 5 8.28
GMTX .17 1 4.51
FCEL .17 129 6.14
SNES .16 2 1.59
RAVN .16 2 57.6
MOMO .16 2 12.92
ME .16 2 8.08
INFI .16 4 3.41
HFBL .16 1 18.5
AGEN .16 6 5.375
SSL .15 8 17.12
OXY .15 25 27.88
IMV .15 2 1.76
GRUB .15 3 18.25
CHNG .15 2 21.56
SYKE .14 3 54
OEG .14 1 3.04
INM .14 1 2.0586
IEC .14 1 15.31
EDU .14 1 1.92
SVBI .13 1 12.3563
LMRK .13 1 16.56
ESXB .13 1 10.44
CRON .13 4 6.92
SBBP .12 2 2.11
RIG .12 2 3.5
PSTX .12 1 8.25
GSAT .12 2 1.86
CHNR .12 4 1.27
VERB .11 6 1.88
SNMP .11 2 1.06
MRO .11 11 12.63
MOHO .11 3 0.594
GBS .11 1 3.26
FENG .11 2 1.27
CPG .11 2 4.24
CALA .11 1 2.1
XLK .10 3 157.85
SLHG .10 1 3.06
PBR .10 5 10.28
EDTK .10 2 1.39
DBVT .10 5 5.21
CNFR .10 2 3.11
AEMD .10 2 3.35
WTER .09 2 1.79
TEDU .09 2 1.45
SELF .09 1 5.24
PRPO .09 3 3.07
NOK .09 2 6.12
BIOC .09 2 3.78
AEI .09 2 3.21
MDNA .08 7 2.52
MBII .08 1 1.2
MARK .08 2 1.16
FRO .08 8 7.91
CLDR .08 1 15.93
BQ .08 2 2.76
NEPT .07 2 0.5879
ITRO .07 1 1.27
ITRN .07 3 26.1
XBIO .06 8 2.38
WYNN .06 3 96.15
PSP .06 2 16.2
ULTA .05 12 388.74
FRBK .05 1 3.09
WYNN .04 4 96.15
VTGN .04 3 2.92
SHOP .04 88 1474.94
PBT .04 2 5.29
CXP .04 1 19.05
AVGR .04 7 0.82
XPDI .03 2 10.22
VCAR .03 1 11.9325
SNDL .03 1 0.76
SIC .03 1 14.43
DFP .03 1 28.92
NWHM .02 1 8.99
KIN .02 2 9.25
IACB .02 2 9.88
DSE .02 1 9.49
BLNK .02 11 30.33
BEST .02 2 1.06
SLVO .01 2 5.425
PMD .01 1 7.85
INFL .01 2 30.21
WMPN 0 4 12.47
GSKY 0 1 11.9
RTLR -.01 7 11.69
EIC -.08 1 16.24
NSYS -.12 1 11.28
