BKNG 17.64 6 2325.5
MSTR 14.90 6 641.46
NVAX 14.88 8 234.29
AZO 12.83 6 1563.77
REGN 12.57 6 645.15
MDB 12.47 3 505.21
SIVB 11.41 2 584.62
DPZ 10.53 7 506.96
NTLA 10.00 7 153.97
W 9.22 6 266.37
ADGI 9.10 2 49.37
SAM 8.67 6 543.39
BNTX 8.38 6 351.05
SE 8.13 8 333.55
AMZN 8.07 92 3450
DASH 7.37 3 203.63
LAD 7.20 2 332.37
GH 7.05 1 127.01
CPOP 7.05 2 4.07
ZLAB 7.04 2 150.99
ADSK 6.99 2 287.63
MA 6.96 3 345.8
LAIX 6.87 1 0.92
IRNT 6.87 1 23.32
GPN 6.86 4 162.11
LHDX 6.82 1 8.54
TERN 6.81 1 11.03
DE 6.81 6 361.49
ASML 6.72 6 887.75
BURL 6.71 2 290.43
AAP 6.68 1 207.57
TPST 6.58 2 15.14
RLMD 6.56 1 26.89
SEDG 6.52 2 275.82
LII 6.46 3 313.47
KALV 6.45 2 19.11
KOSS 6.42 6 17.84
SNPS 6.39 2 332.36
EJH 6.39 5 3.31
RAPT 6.35 2 37.18
KMB 6.35 1 135.82
UHAL 6.33 5 657.99
PKI 6.30 1 172.11
INTU 6.27 2 568.27
CARV 6.26 4 14.79
IAC 6.22 3 132.57
GLSI 6.21 3 43.57
VIR 6.18 1 50.17
ANVS 6.15 4 31.18
ACMR 6.15 1 102.99
SCPS 6.13 4 5.66
UPST 6.02 9 269.04
SCR 5.96 1 34.39
AFRM 5.92 5 108.06
UTHR 5.88 1 205.43
ENPH 5.87 2 157.95
CELH 5.86 1 73.31
WDAY 5.85 2 267.37
SITM 5.79 3 203.99
NVCR 5.79 5 126.07
LOW 5.78 3 204.17
LH 5.76 2 73.31
VERY 5.74 1 9.85
SI 5.73 1 43.65
ANTM 5.66 3 371.52
HRI 5.63 1 123.39
TWST 5.55 3 114.08
EBET 5.51 4 32.88
COST 5.45 3 458.41
EEIQ 5.44 4 5.59
ROKU 5.40 3 316.88
LLY 5.39 3 233.09
CRMT 5.38 3 119.55
JAN 5.37 3 6.27
GWRE 5.32 1 119.98
V 5.11 1 223.03
SPLK 5.11 4 150.49
ASAN 5.07 1 106.5
APPN 5.04 2 99.45
AMGN 5.04 2 216.81
COIN 5.02 3 242.95
RGEN 5.01 2 294.84
SJ 4.97 1 4.22
BLK 4.95 2 901.62
AAME 4.94 2 3.91
LIN 4.89 3 311.94
AXP 4.88 1 173.12
HON 4.87 2 229.27
FULC 4.87 3 26.22
COHN 4.86 3 20
YETI 4.85 1 99.57
ZG 4.83 3 92.21
GRTS 4.83 3 11.58
PLCE 4.81 1 100.58
HAS 4.75 1 103.98
ABNB 4.71 3 163.3
HCA 4.67 1 249.32
GRVY 4.67 2 99
EDIT 4.67 1 56.48
LAZR 4.65 1 16.68
ADI 4.60 1 165.78
STZ 4.57 1 234.27
RACE 4.57 1 212.51
GOOG 4.55 25 2868.12
NNOX 4.52 2 21.93
TTWO 4.51 1 159.92
ZM 4.42 13 281.44
OCG 4.42 3 4.29
CI 4.39 2 30.46
CAT 4.36 2 202.33
LWAC 4.34 2 16.98
SNOW 4.31 5 319.25
DOCN 4.31 1 76.77
WAVE 4.30 2 8.06
IMAB 4.28 1 68.72
NEWR 4.27 1 82.6
ZS 4.26 3 275.8
RL 4.24 2 111.72
DQ 4.24 5 61
COF 4.22 1 159.96
ALEC 4.17 3 23.76
IMNM 4.16 1 22.31
APPS 4.16 1 60.05
AN 4.16 2 6.26
SNA 4.15 1 221.53
VMW 4.12 3 139.96
NVOS 4.12 2 1.83
AUVI 4.12 5 6.605
ROLL 4.11 2 215.36
TSLA 4.08 144 744.49
DOCS 3.99 4 101.45
STE 3.98 1 215.94
SPT 3.95 1 105.63
EAT 3.93 1 50.92
SIEB 3.89 2 3.53
FANG 3.89 1 80.54
NRXP 3.86 6 12.64
BNTC 3.84 1 3.88
VRNT 3.78 1 43.79
TSCO 3.73 2 205.22
SHEN 3.71 1 61.1
OCGN 3.71 2 7.55
BHVN 3.71 2 117.28
KZIA 3.69 1 10.18
PKG 3.68 2 139.12
CTRN 3.67 2 88.64
AMEH 3.61 2 111.1
LAW 3.60 1 53.23
PDD 3.58 4 101.78
QDEL 3.57 1 136.97
DLPN 3.56 3 11.57
AACG 3.56 3 2.83
ADBE 3.54 5 645.01
UHS 3.49 2 157.9
SKT 3.49 1 16.82
TVTX 3.46 1 23.61
TDC 3.44 1 50.09
OTIS 3.43 1 89.2
SFIX 3.41 1 35.69
RBLX 3.40 4 82.33
LIFE 3.38 1 9
FIGS 3.34 2 40.5
EA 3.34 1 145.37
NMRD 3.33 2 6.43
MCD 3.30 2 241.13
BIIB 3.26 3 295.95
UNH 3.25 9 412.54
SAVA 3.25 24 41.79
KURA 3.24 1 19.85
IMPL 3.20 3 16.01
OPNT 3.16 1 19.45
BYND 3.16 2 130.32
FLGT 3.14 4 86.5
BKE 3.14 1 41.56
TDG 3.11 3 612.48
MSGE 3.10 3 81.9
VSCO 3.09 2 60.18
PTON 3.08 1 104.35
OLLI 3.08 1 72.58
XLNX 3.06 4 155.58
KMPH 3.04 1 8.72
CLX 3.04 2 165.71
TASK 3.03 4 59.92
CREE 3.02 3 88.07
NEGG 3.00 20 16.89
DOMO 3.00 2 76.03
GME 2.99 82 199.24
DKS 2.98 5 130.54
J 2.97 1 24.3
ESTC 2.97 3 160.11
UBER 2.96 1 43.03
SEMR 2.96 1 25.51
ARVN 2.96 3 96
JRVR 2.95 1 34.51
TSM 2.93 1 117.82
FATE 2.92 1
LOOP 2.88 1 10.27
WGO 2.86 1 69.17
LITE 2.84 1 80.24
HTBX 2.80 1 6.09
WAFU 2.79 2 6.19
MOXC 2.78 2 7.14
WSM 2.77 4 178.4
STX 2.76 3 82.73
IRDM 2.75 2 45.34
ABT 2.75 2 127.05
SLS 2.74 1 9.69
PFGC 2.74 1 42.96
MNST 2.74 1 94.96
TNA 2.70 2 84.19
NXPI 2.70 3 211.48
MVIS 2.70 2 13.05
MRNA 2.70 25 427.71
AKAM 2.70 1 112.41
KNBE 2.69 4 24.99
EL 2.69 5 6.45
XBI 2.65 4 128.99
DDS 2.64 6 200.79
PEP 2.63 1 153.0
NCTY 2.63 5 12.4
DTST 2.61 1 5.41
DPW 2.61 3 2.55
GS 2.60 6 403.69
RMBL 2.58 1 34.86
TTD 2.55 5 70.83
IWM 2.55 3 226.16
DEN 2.54 1 66.95
LPX 2.53 1 55.27
FL 2.53 1 58.17
DDL 2.53 1 26.14
CLII 2.53 1 14.36
NTAP 2.52 2 86.98
JBL 2.52 1 62.38
HOL 2.52 1 12.35
LEXX 2.49 1 6.25
ALXN 2.49 2 182.5
LOGI 2.48 2 107.98
BBY 2.48 4 110.17
CRNC 2.46 2 116.64
AVXL 2.41 5 16.82
LYEL 2.40 1 14.51
CM 2.39 2 39.74
PLD 2.38 2 128.07
GIII 2.35 2 29.05
APP 2.35 3 75.63
UPS 2.33 5 191.01
SKX 2.32 1 54.16
CYTK 2.32 2 33.1
AGRI 2.32 1 5.53
CHCI 2.31 2 4.97
PRFX 2.29 1 2.73
ATKR 2.27 1 83.82
SQ 2.23 21 247.05
RTX 2.23 1 88.2
DLTR 2.23 2 88.43
TJX 2.22 3 69.48
STT 2.22 2 79.72
CHGG 2.22 1 85.0
FGEN 2.21 2 11.53
AMD 2.21 7 105.73
OSTK 2.20 6 69.39
DXC 2.19 1 38.72
XTLB 2.18 1 4.11
TSN 2.17 2 75.43
MDT 2.17 4 130.58
SPG 2.16 2 134.71
SMLP 2.15 1 36.13
PATI 2.15 1 12.03
PATI 2.15 1 12.03
STMP 2.14 3 328.2
EXPI 2.14 3 44.36
INCY 2.13 1 77.95
IGIC 2.12 1 9.07
ACRS 2.12 7 17.09
TGT 2.11 8 242.24
PRTA 2.11 4 74.59
WM 2.10 2 226.16
CERE 2.10 5 35.17
DELL 2.08 5 97.44
BON 2.06 1 11.63
ALDX 2.06 1 8.36
MFNC 2.04 1 21.5
BTX 2.04 1 11.96
VLO 2.03 2 66.35
JD 2.03 3 76.25
FLWS 2.02 2 30.4
APRE 2.02 1 4.52
TMUS 2.01 3 128.92
MRIN 2.01 5 5.4
IBM 2.00 4 136.22
DD 1.98 1 97.71
VTSI 1.97 1 8.66
KSS 1.96 6 51.57
JG 1.96 2 1.87
JCS 1.96 2 9.41
BNR 1.96 2 19.62
LMT 1.95 9 344.34
LI 1.94 2 29.81
RRGB 1.93 1 20.52
LEGN 1.93 3 49.0
BTBT 1.92 7 9.97
NEE 1.91 1 77.22
DLO 1.91 4 64.07
ZIM 1.89 1 45.51
DG 1.89 3 216.29
FTCH 1.88 1 38.67
LEDS 1.87 2 8.28
HOOD 1.85 12 40.02
ON 1.84 1 104.35
DUK 1.84 1 107.72
DKNG 1.84 2 59.05
AIT 1.83 1 89.31
OSAT 1.82 2 5.605
OKE 1.82 1 51.72
DIS 1.79 6 182.4
ANF 1.79 1 35.78
BIDU 1.78 117 160.52
ARCE 1.78 1 24.04
VRPX 1.77 9 6.16
BLDR 1.77 1 47.31
TTC 1.75 3 104.66
TSP 1.75 5 39.17
VOXX 1.74 2 11.56
AMAT 1.73 5 140.14
PG 1.72 4 145.43
KODK 1.72 1 6.93
HD 1.71 9 333.12
CHKP 1.71 4 116.34
VMEO 1.70 1 35.94
ROST 1.70 3 112.42
LYFT 1.70 3 50.53
ENOB 1.70 3 7.14
MYGN 1.67 1 34.8
TWTR 1.66 2 68.65
MPC 1.66 1 54.55
SYPR 1.65 2 3.52
FLOW 1.65 3 77.05
KMX 1.64 1 135
CAH 1.64 3 50.63
LODE 1.63 1 2.81
KYMR 1.63 1
JZXN 1.63 4 2.51
MOS 1.62 1 31.27
IYC 1.62 1 78.65
CRCT 1.61 1 40.58
USB 1.60 3 57.13
SPI 1.60 2 5.25
RMED 1.60 3 2.94
MBRX 1.60 1 2.93
WHLM 1.59 3 5.61
CSIQ 1.59 2 37.09
CLDX 1.59 2 53.3
BZ 1.59 1 34.13
A 1.59 5 172.42
FISV 1.58 5 107.39
CELC 1.58 2 20.6
RIOT 1.57 2 32.89
GTEC 1.57 2 6.25
CNC 1.57 1 70.47
CARA 1.57 2 14.63
PAYX 1.56 1 109.66
BLFS 1.55 1 51.06
MTTR 1.54 1 18.45
FUV 1.54 1 11.04
GIS 1.53 1 60.91
UAL 1.50 1 43.87
SUPN 1.50 1 26.93
ZEV 1.49 3 8.99
NURO 1.49 8 10.77
SGOC 1.48 8 5.58
JNJ 1.48 2 164.8
ISEE 1.48 2 15.36
VCVC 1.46 1 9.85
LGHL 1.46 1 1.21
PINS 1.45 3 54.43
MS 1.45 5 104.4
EYEG 1.45 1 1.8
EVOL 1.45 1 2.135
BPTH 1.44 1 5.15
SNOA 1.43 3 5.39
SCKT 1.43 3 7.18
LANC 1.43 2 179.98
GM 1.42 1 26.2
ATVI 1.42 3 77.84
SCHW 1.41 2 69.73
AVIR 1.41 1 25.0
MMM 1.40 6 182.42
CVS 1.40 3 83.89
CRDF 1.40 1 6.51
NVDA 1.39 139 222.42
ERYP 1.39 2 5.82
EOSE 1.39 2 12.7
COUR 1.39 1 40.91
TNET 1.38 1 79.86
LIVE 1.37 3 35.8
ECOM 1.37 1 26.78
ATNF 1.36 2 5.67
TAOP 1.35 3 2.95
RUN 1.35 4 44.49
BWAY 1.35 1 7.97
WNW 1.34 1 4.5
NLS 1.33 1 13.62
SLV 1.32 1 22.1
HOG 1.32 2 40.12
AEO 1.32 2 26.14
VIH 1.31 1 10.31
SPY 1.31 1 444.17
SJM 1.30 6 122.46
AA 1.30 2 23.83
SPCE 1.29 22 24
MAT 1.28 2 20.31
FRD 1.28 1 12.2
BILI 1.28 22 79.5
RHE 1.27 2 7.96
HJLI 1.27 1 8.18
APXT 1.27 1 12.11
SLGG 1.26 1 3.63
MESO 1.26 1 6.36
JKS 1.26 2 51.62
HHR 1.26 1 42.84
THCB 1.25 1 10
NGM 1.25 2 26.17
BYSI 1.25 3 22.56
PBTS 1.24 1 1.22
EDSA 1.24 1 5.5
CMMB 1.24 2 12.69
ANPC 1.24 2 3.57
TAP 1.23 2 86.98
C 1.23 4 5.76
AMC 1.23 55 47.3
RCUS 1.22 1 33.01
NKE 1.22 6 158.76
EYES 1.22 6 3.41
BBBY 1.22 12 23.83
KIRK 1.21 1 19.63
HGEN 1.21 3 6.09
ARAV 1.21 1 3.81
MAXR 1.20 3 29.53
JPM 1.20 12 157.07
CRIS 1.20 2 8.17
CETX 1.20 1 1.2
AMTX 1.20 3 13.03
JWN 1.19 3 26.59
QCOM 1.18 7 141.14
GRU 1.18 1 4.255
GRU 1.18 0 4.255
GRTX 1.18 1 7.12
DFH 1.18 1 20.98
AYRO 1.18 1 3.65
NIU 1.17 3 24.33
CLSK 1.17 1 11.69
SIF 1.16 1 8.19
HGSH 1.16 2 1.72
IMTX 1.15 3 14.56
DAL 1.14 4 38.52
VNET 1.13 3 20.1
STG 1.13 1 5.91
NUAN 1.13 1 55.24
ABSI 1.13 1 22.26
RY 1.12 2 105.72
MNOV 1.12 2 3.94
BZUN 1.12 1 19.14
TGTX 1.11 1 29.8
PMCB 1.11 3 3.27
KHC 1.11 1 37.01
CNET 1.11 1 1.33
OPTT 1.10 1 1.88
GT 1.09 1 16.14
DDD 1.09 8 29.88
ATAI 1.09 1 15.61
SLB 1.08 1 28.43
RSLS 1.08 1 2.89
MTSL 1.08 3 3.37
FCBP 1.08 1 29.1
BAC 1.08 3 37.85
B 1.08 1 44.9
AZYO 1.08 1 9.08
ALF 1.08 2 7.14
TTCF 1.07 1 17.03
NETE 1.05 1 9.15
OCUP 1.04 1 5.28
KEYS 1.04 2 168.72
IPA 1.04 2 6.75
FSTX 1.04 1 7.49
CANF 1.04 1 1.74
ALLO 1.04 1 24.86
FTEK 1.03 2 1.76
COP 1.03 5 56.94
AMKR 1.03 1 23.53
ALYA 1.03 3 2.78
QADB 1.02 3 87.25
FAST 1.02 1 53.15
CRM 1.02 10 254.37
ZCMD 1.01 1 1.54
RCON 1.01 1 2.97
MVST 1.01 4 9.73
LL 1.01 1 219.4
EGRX 1.01 2 47.73
CCJ 1.01 2 24.32
BGFV .99 5 24.96
TRCH .98 2 9.88
NFLX .98 101 577.76
HOFV .98 2 2.78
UAA .97 2 23.83
SKLZ .97 3 10.89
FA .96 1 22.61
DWSN .96 1 1.92
BTWN .95 1 9.82
QFIN .94 7 21.66
CGC .94 1 19.19
MO .93 2 12.92
HCM .93 4 39.14
CHPT .93 1 21.14
ABBV .93 4 106.48
LBPH .92 1 9.1
KNL .92 1 25.04
YEXT .91 1 12.44
WFC .91 4 43.13
SSY .91 3 2.49
GEG .90 1 2.22
CRTO .90 1 35.22
YMM .89 1 15.47
PLUG .89 8 24.66
ACHL .89 1 5.84
HPQ .88 3 27.56
BABA .88 96 160.15
GLD .87 5 168.82
FB .87 102 376.53
DTSS .87 1 2.2
BCRX .87 6 15.48
AFMD .87 1 6.43
VLDR .86 1 6.32
RF .86 1 19.1
LC .86 5 28.75
ATHM .86 2 40.22
SRNE .85 1
SAFM .85 1 193.28
RIDE .85 5 6.4
RKT .84 1 19.21
PTIX .84 2 1.92
HRC .84 3 151.18
BB .84 11 10.04
UAVS .83 1 3.26
LUV .83 3 48.03
IRBO .83 1 44.28
CNA .83 1 43.9
BLUW .83 2 9.63
SANA .82 1 23.14
MNSO .82 1 16.96
FITB .82 3 38.98
SPRT .81 20 11.8
GMBL .80 1 7.95
SWI .79 1 10.88
SCYX .79 1 5.97
PNRG .79 1 63
MU .79 4 73.49
BP .79 1 25.64
ZY .78 3 10.33
VVOS .78 4 4.84
OTLK .78 1 2.41
HX .78 1 1.69
GNOG .78 1 21.22
CAI .78 1 55.88
WATT .77 1 2.24
PLTR .77 2 26.26
ENTX .77 2 4.45
NBRV .76 1 1.09
APG .76 1 22.92
NNVC .75 2 4.83
CEMI .75 7 2.59
SHOP .74 5 1451.28
PSTG .74 2 26.48
MQ .74 1 27.55
GTIM .74 1 4.92
GRVI .74 3 5.36
FUBO .74 2 27.21
ATXI .74 1 1.73
VZ .73 2 55.96
VOOV .73 1 143.38
UPC .73 3 2.29
SQBG .73 2 6.24
RNXT .73 2 8.07
ORPH .73 3 4.57
NVFY .73 3 2.2
LEN .73 4 98.59
MRK .72 2 16.16
ENSC .72 1 3.15
BTCM .72 4 10.13
ARPO .72 1 2.2
AREC .72 4 2.18
ZKIN .71 2 3.24
XLV .71 2 132.35
PALI .71 3 2.89
TBLA .70 1 9.85
PRPL .70 3 27.32
ORGS .70 1 4.98
OCX .70 1 3.65
JRJC .70 1 4.78
CBAT .70 2 2.67
WIMI .69 1 4.05
BEKE .69 1 17.44
ASM .69 1 0.929
APOP .69 4 5.87
ONCS .68 1 1.98
INTC .68 5 54.52
XONE .67 2 23.22
WMT .67 14 144.3
PDCO .67 2 31.46
FOE .67 1 20.76
CLNE .67 1 7.87
BODY .67 1 6.18
ACH .67 1 21.72
VIPS .66 1 14.26
TIGR .66 5 13.41
SSNT .66 1 6.27
RETO .66 1 0.8321
ERJ .66 1 15.28
DRN .66 1 24.47
CTKB .66 1 26.78
CRTD .66 3 2.98
AMOM .66 1 36.58
TATT .65 3 5.75
STRO .65 2 20
PCVX .65 1 25.92
OLB .65 1 5.41
LMNL .65 3 2.57
TESS .64 1 5.36
M .64 5 20.92
LZB .64 2 34.29
GPS .64 5 23.84
FLGC .64 2 6
CTIB .64 3 1.88
CSCO .64 6 57.87
BBWI .64 5 63.41
ACY .64 16 33.11
XLP .63 1 71.73
DNUT .63 3 15.56
CCL .63 4 22.86
ULTA .62 1 388.74
ORMP .62 10 19.08
LJPC .62 2 4
SPWH .61 1 17.63
SOS .61 2 2.69
QADB .61 0 87.25
PYPL .61 5 282.24
PLG .61 1 2.38
MRVL .61 5 62.3
IPHA .61 2 5.47
CL .61 3 77.3
AMBO .61 1 1.62
SPTN .60 2 21.52
SDC .60 1 5.76
PSTV .60 1 1.85
EVK .60 6 2.97
AVCT .60 1 3.47
AMRS .60 1 13.14
VERU .59 3 8.84
UONE .59 3 7.58
BIG .59 2 45.43
WPRT .58 2 3.36
WISH .58 3 6.33
TRIT .58 3 5
STAF .58 2 2.05
SNAP .58 112 71.31
MARA .58 11 34.68
EPU .58 2 27.02
WEI .57 1 0.8755
SBTX .57 1 16.28
GGAL .57 1 11.24
ACI .57 5 29.63
T .56 3 27.33
SBH .56 2 16.48
OBLN .56 3 3.05
MTP .56 1 1.76
KO .56 5 56.47
CLPS .56 1 3.12
CLPS .56 1 3.12
CLOV .56 1 8.3
ARMK .56 3 35.02
VNE .55 6 35.29
UWMC .55 1 7.46
LTHM .55 5 24.42
EVGO .55 1 12.44
EOLS .55 1 7.91
APTO .55 2 2.69
WHLR .54 2 3.15
TQQQ .54 132 143.97
ENZ .54 2 3.4
AUUD .54 5 2.62
ADMA .54 1 1.18
TBIO .53 3 37.36
MEDS .53 5 5
HUYA .53 3 9.36
EQ .53 1 5.4
ENG .53 2 1.93
VIVE .52 1 2.38
TLRY .52 3 11.74
KULR .52 1 2.4
FLO .52 2 24.65
BBIG .52 13 7.95
AEHR .52 13 11.06
WOOF .51 2 21.52
VTNR .51 6 6.38
SILK .51 4 58
DYAI .51 3 5.35
CPSH .51 1 5.59
AUTL .51 1 6.54
SONO .50 5 36.2
RKDA .49 1 2.2
NRBO .49 2 3.88
MSFT .49 107 299.79
IGC .49 3 1.47
GP .49 3 15.19
GEVO .49 4 6.49
ENLV .49 2 10.85
ECHO .49 1 47.81
ARMP .49 1 3.85
XLE .48 5 48.45
NNDM .48 3 5.85
NIO .48 75 37.89
DBGI .48 3 2.74
TRIL .47 1 17.36
STEM .47 5 22.36
SOHU .47 6 21.86
DARE .47 1 1.65
BGI .47 1 2.3
XPEV .46 80 38.44
VXX .46 3 26.46
UFAB .46 2 2.5
NTEC .46 4 9.63
KBSF .46 2 3.65
K .46 7 63.68
INOV .46 1 36.87
GURE .46 1 4.38
CVV .46 2 5.24
BCLI .46 1 3.14
TYME .45 4 1.02
TME .45 1 8.92
ONCT .45 2 4.1
BLIN .45 7 4.34
ADIL .45 2 3.99
WORX .44 4 2.24
GALT .44 3 3.71
FFHL .44 2 9.9
CLF .44 6 22.07
ANY .44 7 5.83
FCX .43 16 34.79
EVGN .43 1 2.77
COTY .43 4 8.31
CAN .43 4 9.18
ATIF .43 1 3.61
AQMS .43 2 2.03
OBSV .42 2 3.01
KR .42 14 41.79
GTT .41 1 2.36
CTSO .41 3 8.32
ASTR .41 3 11.66
ACOR .41 4 4.69
YJ .40 2 0.71
XOM .40 6 54.58
RRD .40 2 4.19
LIZI .40 4 3.78
GE .40 4 100.38
FBRX .40 1 3.86
DUOT .40 1 6.5
CHRA .40 1 4.79
AAPL .40 107 148.12
MDIA .39 2 7.32
HRL .39 4 42.41
CSCW .39 2 1.12
OVID .38 2 3.4
MRTN .38 3 15.37
ANIX .38 1 4.8
AAL .38 8 19.21
ORCL .37 34 86.39
NEXT .37 3 2.69
HUGE .37 1 1.59
HNST .37 1 13.83
GPK .37 1 18.91
CHMA .37 2 3.76
MRKR .36 1 1.77
JFIN .36 2 3.7
IDEX .36 4 2.14
GNLN .36 2 2.56
BNGO .36 11 5.2
AKTX .36 1 1.74
AGNC .36 2 16.18
ADMP .36 1 1.06
ACB .36 3 6.5
ORGO .35 2 14.57
MFGP .35 1 5.23
IRIX .35 3 7.15
CLSD .35 3 6.82
BSQR .35 13 2.46
AESE .35 1 1.79
XELB .34 2 1.66
HWCC .34 1 5.24
CIEN .34 17 52.96
LMFA .33 4 4.47
HNP .33 2 20.3
GTS .33 1 35.46
BHTG .33 1 1.41
AZN .33 7 55.96
VBLT .32 2 2.36
TAL .32 2 4.67
SPCB .32 2 1.06
MINM .32 2 2.09
IMMP .32 3 3.77
BKYI .32 1 3.09
YPF .31 1 5.35
WINT .31 3 1.83
ULBI .31 2 7.78
PIRS .31 5 5.45
FENC .31 1 8.22
EXPR .31 4 5.44
DMAC .31 2 3.63
AEY .31 1 2.4
OXBR .30 5 2.94
HAPP .30 1 1.1
HUSN .29 4 2.87
GOVX .29 5 4.32
AXLA .29 1 3.13
NKLA .28 14 9.91
MITO .28 1 1.35
IMMR .28 2 7.08
ALTO .28 3 4.69
NAOV .27 11 2.01
ENVB .27 3 2.97
PPBT .26 1 4.93
PME .26 1 0.6851
ATOS .26 4 3.26
PBLA .25 1 2.18
MTL .25 3 4.13
D .25 7 76.15
RAIL .24 4 4.85
IKT .24 1 2.24
GBR .24 1 4.11
PYPL .23 13 282.24
MOGO .23 3 4.54
KDMN .23 2 8.71
ACHV .23 1 7.75
THTX .22 1 3.68
SSKN .22 1 1.75
JFU .22 3 1.85
GENE .22 2 3.39
DYNT .22 5 1.37
XELA .21 6 2.09
VIEW .21 1 5.39
TENX .21 1 1.4
PFE .21 6 44.71
KXIN .21 5 3.12
ALAC .21 2 11.35
ZNGA .20 2 8.11
PHUN .20 5 0.9987
ENSV .20 1 1.17
EKSO .20 1 4.03
SBS .19 3 6.69
NBEV .19 1 2.27
AGEN .19 4 5.59
VSH .18 3 22.71
TEO .18 1 5.35
TELL .18 5 3.11
SSL .18 6 16.36
OSMT .18 3 2.95
ET .18 2 32.92
PPC .17 2 27.99
OXY .17 24 26.28
LIVX .17 2 2.94
IRCP .17 1 3.04
GSM .17 5 9.15
GMTX .17 1 4.51
FCEL .17 129 6.44
SNES .16 2 1.64
RAVN .16 2 57.74
MOMO .16 2 12.92
ME .16 2 8.26
INFI .16 4 3.24
HFBL .16 1 18.5
IMV .15 2 1.68
GRUB .15 3 18.25
CHNG .15 2 21.58
SYKE .14 3 54
OEG .14 1 3.04
INM .14 1 2.05
IEC .14 1 15.31
EDU .14 1 2
CPG .14 1 3.96
SVBI .13 1 12.25
LMRK .13 1 16.57
ESXB .13 1 10.3
DBVT .13 4 4.94
CRON .13 4 6.92
SBBP .12 2 2.17
RIG .12 2 3.5
PSTX .12 1 8.12
GSAT .12 2 1.75
CHNR .12 4 1.272
VERB .11 6 1.83
SNMP .11 2 0.97
MOHO .11 3 0.6295
GBS .11 1 3.3
FENG .11 2 1.3
CALA .11 1 2.05
XLK .10 3 156.48
SLHG .10 1 3.16
PBR .10 5 10.18
EDTK .10 2 1.46
CNFR .10 2 3.08
AEMD .10 2 3.44
WTER .09 2 1.79
TEDU .09 2 1.45
SELF .09 1 5.23
PRPO .09 3 2.99
NOK .09 2 6.12
MRO .09 10 11.73
BIOC .09 2 3.79
AEI .09 2 3
MDNA .08 7 2.57
MBII .08 1 1.2
MARK .08 2 1.16
CLDR .08 1 15.93
BQ .08 2 2.76
NEPT .07 2 0.5868
ITRO .07 1 1.27
ITRN .07 3 26.1
XBIO .06 8 2.4
WYNN .06 3 96.15
PSP .06 2 16.11
FRO .06 7 7.72
ULTA .05 12 388.74
FRBK .05 1 3.09
WYNN .04 4 96.15
VTGN .04 3 2.92
SHOP .04 88 1451.28
PBT .04 2 5.19
CXP .04 1 19.08
AVGR .04 7 0.8312
XPDI .03 2 10.09
VCAR .03 1 11.54
SNDL .03 1 0.76
SIC .03 1 14.41
DFP .03 1 28.79
NWHM .02 1 8.99
KIN .02 2 9.25
IACB .02 2 9.85
DSE .02 1 9.49
BLNK .02 11 30.04
BEST .02 2 1.06
SLVO .01 2 5.46
PMD .01 1 7.96
INFL .01 2 29.85
WMPN 0 4 12.21
RTLR -.01 7 11.26
EIC -.08 1 16.24
NSYS -.12 1 11.73
