EJH 5.21 6 2.68 11.664
LAIX 2.29 3 0.8838 7.773
SCPS 3.34 7 4.36 5.362
AACG 2.67 4 2.36 4.524
NVOS 2.75 3 1.92 4.296
CPOP 3.24 4 3.05 4.248
NEGG 3.07 20 15.38 3.980
DPW 2.61 3 2.36 3.315
VRPX 1.77 9 4.96 3.204
AUVI 3.42 6 6.74 3.042
FCEL .17 129 7.24 2.967
EEIQ 5.44 4 8.05 2.700
JZXN 1.63 4 2.51 2.596
AAME 2.47 4 3.91 2.524
JAN 3.24 5 6.56 2.465
NRXP 3.86 6 10.01 2.310
SIEB 2.59 3 3.39 2.292
KOSS 5.35 7 17.09 2.191
JG 1.96 2 1.79 2.188
EYES 1.22 6 3.51 2.082
CEMI .75 7 2.67 1.960
SGOC 1.48 8 6.11 1.936
BSQR .35 13 2.56 1.768
INDP 4.08 4 9.47 1.720
TYME .45 4 1.05 1.712
AMC 1.23 55 39.98 1.650
CARV 3.92 6 14.65 1.602
RMED 1.60 3 3.11 1.542
HGSH 1.16 2 1.54 1.506
AREC .72 4 1.94 1.484
TAOP 1.35 3 2.78 1.455
NAOV .27 11 2.06 1.441
BTBT 1.92 7 9.68 1.386
SPRT .81 20 11.8 1.360
GRTS 3.97 4 11.81 1.344
SAVA 3.25 24 60.12 1.296
BIDU 1.78 117 160.5 1.287
BBIG .49 16 6.24 1.248
GME 2.99 82 191.24 1.230
EVK .60 6 2.94 1.224
SJ 2.48 2 4.07 1.218
LGHL 1.46 1 1.21 1.206
MRIN 2.01 5 8.54 1.175
FTEK 1.03 2 1.78 1.156
ALYA 1.03 3 2.67 1.155
NCTY 2.63 5 11.66 1.125
YJ .40 2 0.7121 1.122
WAVE 2.15 4 7.72 1.112
NMRD 2.22 3 5.99 1.110
AUUD .54 5 2.49 1.080
SPCE 1.29 22 25.85 1.078
BNTC 2.05 2 3.87 1.058
SSY .91 3 2.6 1.050
CETX 1.20 1 1.18 1.016
PHUN .20 5 0.9979 1.000
NVFY .73 3 2.2 .993
CTIB .64 3 1.9328 .993
OCGN 2.50 3 7.61 .984
NURO 1.31 9 11.94 .981
PMCB 1.11 3 3.39 .981
NIO .48 75 36.01 .975
AGRI 2.32 1 2.39 .970
PBTS 1.24 1 1.28 .968
MTSL 1.08 3 3.37 .960
XPEV .46 80 36.81 .960
WAFU 1.94 3 6.12 .948
IGC .49 3 1.55 .948
UPC .73 3 2.37 .924
SYPR 1.65 2 3.66 .900
CSCW .39 2 0.87 .896
DLPN 2.68 4 12.1 .884
CHCI 2.31 2 5.23 .882
WHLM 1.59 3 5.46 .873
BB .84 11 10.6 .869
LHDX 2.15 3 7.5 .858
PTIX .84 2 1.98 .848
PALI .71 3 2.52 .843
CNET 1.11 1 1.32 .840
RETO .66 1 0.79 .835
NVDA 1.39 139 224.82 .834
ACRS 2.12 7 18.01 .819
ASM .69 1 0.8485 .813
SNOA 1.43 3 5.42 .789
PRFX 2.29 1 2.92 .784
SNAP .58 112 79.37 .784
WORX .44 4 2.28 .768
MOXC 1.77 3 6.96 .762
EBET 4.32 5 28.54 .755
LMNL .65 3 2.58 .753
TPST 2.81 4 15.11 .740
DYNT .22 5 1.5 .730
VVOS .78 4 4.28 .728
TSLA 4.08 144 753.64 .720
EVOL 1.45 1 2.03 .714
OSAT 1.82 2 5.12 .710
BLIN .45 7 4.42 .707
ENOB 1.70 3 7.21 .705
BNGO .36 11 5.64 .693
ANPC 1.24 2 3.58 .692
EYEG 1.45 1 2.1 .690
CRTD .66 3 2.9 .681
WEI .57 1 0.8399 .678
IDEX .36 4 2.13 .676
IRNT 4.02 4 23.79 .672
KALV 3.18 4 18.88 .672
VERY 1.85 3 8.3 .666
SCKT 1.43 3 6.68 .642
AEHR .48 16 11.78 .640
ANY .38 11 6.47 .638
HOFV .98 2 3.08 .636
SPCB .32 2 1.01 .632
ZCMD 1.01 1 1.6 .631
ANVS 3.73 6 35.43 .630
NBRV .76 1 1.21 .628
CANF 1.04 1 1.66 .626
BBBY 1.22 12 23.46 .624
AVXL 2.41 5 19.29 .620
IMPL 2.05 4 13.45 .608
XELA .21 6 2.14 .588
SPI 1.60 2 5.53 .578
RIDE .85 5 7.43 .570
MOHO .11 3 0.5776 .570
MNOV 1.12 2 3.96 .564
TERN 2.05 3 10.93 .561
FULC 3.74 4 26.74 .556
DTST 2.61 1 4.69 .556
LODE 1.63 1 2.93 .556
HGEN 1.21 3 6.57 .552
OBLN .56 3 3.05 .549
VTNR .51 6 5.6 .546
MBRX 1.60 1 2.97 .538
STAF .58 2 2.15 .538
CBAT .70 2 2.61 .536
XTLB 2.18 1 4.11 .530
OXBR .30 5 2.81 .530
ALEC 2.50 5 24.26 .515
COHN 2.68 4 20.805 .512
MEDS .53 5 5.18 .510
DBGI .48 3 2.81 .510
LWAC 2.17 4 16.98 .508
GTEC 1.57 2 6.33 .496
OPAD 2.54 2 10.27 .494
SOS .61 2 2.46 .494
ZEV 1.49 3 9.05 .492
WINT .31 3 1.9 .489
ORPH .73 3 4.51 .483
HOOD 1.85 12 45.94 .480
BABA .88 96 151.19 .480
HUSN .29 4 2.41 .480
OPTT 1.10 1 2.3 .478
ATXI .74 1 1.58 .468
HTBX 1.46 2 6.27 .464
LIZI .40 4 3.45 .460
ATNF .90 3 5.85 .459
ERYP 1.39 2 6.05 .458
NVAX 14.88 8 257.3 .456
ZKIN .71 2 3.11 .456
APRE 2.02 1 4.53 .445
IPHA .78 4 7 .444
ENG .53 2 2.41 .438
GRVI .74 3 5.08 .435
AQMS .43 2 1.98 .434
HX .78 1 1.8 .433
KNBE 2.69 4 24.9 .432
ADGI 3.98 5 46.74 .425
MVIS 2.70 2 12.76 .422
APTO .55 2 2.6 .422
ADMA .54 1 1.28 .421
LEDS 1.87 2 8.89 .420
DTSS .87 1 2.07 .420
NEXT .37 3 2.65 .417
JCS 1.40 3 10.1 .414
FGEN 2.21 2 10.74 .410
AMBO .61 1 1.49 .409
XELB .34 2 1.69 .402
RAPT 3.42 4 34.22 .396
TQQQ .54 132 141.39 .396
TRCH .98 2 4.95 .394
CHNR .12 4 1.22 .392
GLSI 4.33 4 45.16 .380
DWSN .96 1 2.52 .380
JFU .22 3 1.75 .375
BILI 1.28 22 74.34 .374
SLGG 1.26 1 3.39 .371
RSLS 1.08 1 2.91 .371
GEG .90 1 2.43 .370
ENVB .27 3 2.19 .369
LEXX 2.49 1 6.76 .368
GDEV 2.41 1 6.6 .365
NNOX 2.21 4 24.27 .364
KMPH 1.70 2 9.3 .364
MVST 1.01 4 10.99 .364
UFAB .46 2 2.52 .364
ACOR .41 4 4.46 .364
RCON 1.01 1 2.79 .362
VERB .11 6 1.86 .354
WHLR .54 2 3.09 .348
WATT .77 1 2.23 .345
DQ 3.27 6 57.01 .342
ADMP .36 1 1.05 .342
MINM .32 2 1.87 .342
ACY 1.08 17 53.88 .340
TATT .65 3 5.71 .339
BCRX .87 6 15.37 .336
NKLA .28 14 11.4 .336
CERE 2.10 5 31.29 .335
KXIN .21 5 3.09 .335
GALT .44 3 3.96 .333
PME .26 1 0.7796 .333
GOVX .29 5 4.37 .330
AVGR .04 7 0.835 .329
OTLK .78 1 2.38 .327
ARPO .72 1 2.2 .327
WPRT .58 2 3.54 .326
AYRO 1.18 1 3.64 .324
TRIT .58 3 5.5 .315
ENTX .77 2 4.88 .314
ONCS .68 1 2.17 .313
LMFA .33 4 4.21 .312
WNW 1.34 1 4.33 .309
HAPP .30 1 0.9771 .307
ALF 1.08 2 7.03 .306
IPA 1.04 2 6.81 .304
PSTV .60 1 1.97 .304
VBLT .32 2 2.1 .304
MTP .56 1 1.86 .301
LJPC .62 2 4.11 .300
ENZ .54 2 3.62 .298
ATOS .26 4 3.51 .296
ARAV 1.21 1 4.09 .295
GEVO .49 4 6.7 .292
PLG .61 1 2.09 .291
VOXX 1.74 2 11.92 .290
DDD 1.09 8 29.49 .288
AFRM 5.30 7 126.89 .287
NNVC .75 2 5.24 .286
CRIS 1.20 2 8.4 .284
KBSF .46 2 3.23 .284
WISH .58 3 6.135 .282
BTCM .72 4 10.22 .280
ORMP .62 10 22.06 .280
PIRS .31 5 5.44 .280
GRU 1.18 1 4.25 .277
GNLN .36 2 2.61 .274
QFIN .76 8 21.93 .272
LIFE 1.69 2 12.48 .270
BPTH 1.44 1 5.39 .267
DYAI .51 3 5.67 .267
DARE .47 1 1.76 .267
SLS 2.74 1 10.28 .266
LAZR 2.31 2 17.32 .266
TIGR .66 5 12.4 .265
LOOP 1.57 2 11.81 .264
OBSV .28 3 3.16 .264
PLUG .89 8 27.77 .256
SKLZ .97 3 11.39 .255
IMTX 1.15 3 13.66 .252
UAVS .83 1 3.32 .250
NRBO .49 2 3.9 .250
TELL .18 5 3.53 .250
IGIC 2.12 1 8.5 .249
RHE 1.27 2 10.17 .248
FLGC .64 2 5.16 .248
ALDX 2.06 1 8.4 .245
BYSI 1.25 3 15.35 .243
HUGE .37 1 1.52 .243
AMTX 1.20 3 14.85 .240
IMMP .32 3 3.96 .240
KODK 1.72 1 7.19 .239
NEPT .07 2 0.5889 .236
UONE .59 3 7.53 .234
SQBG .73 2 6.24 .232
KULR .52 1 2.27 .229
NNDM .48 3 6.26 .228
EXPR .31 4 5.41 .228
RKDA .49 1 2.15 .227
MDNA .08 7 2.485 .224
FCX .44 17 32.11 .221
SE 7.69 10 342.72 .220
TSP 1.75 5 39.52 .220
CAN .43 4 7.75 .220
OVID .38 2 3.45 .220
BHTG .33 1 1.5 .220
BON 2.06 1 9.5372 .215
AAPL .40 107 146.83 .214
LYEL 2.40 1 11.23 .213
AVCT .60 1 2.83 .212
AKTX .36 1 1.7 .211
KSS 1.96 6 55.37 .210
ZM 4.42 13 276.19 .208
SDC .64 2 6.1 .208
COTY .43 4 8.25 .208
RAIL .24 4 4.54 .208
XBIO .06 8 2.24 .208
RLMD 2.04 3 29.54 .207
VIVE .52 1 2.51 .207
SNES .16 2 1.55 .206
HOL 2.52 1 12.35 .204
FB .87 102 345.96 .204
SNMP .11 2 1.07 .204
BTX 2.04 1 10.04 .203
CVV .46 2 4.52 .202
MRKR .36 1 1.78 .202
GPN 4.22 8 163.98 .200
SKT 1.76 2 17.44 .200
MESO 1.26 1 6.3 .200
CMMB 1.24 2 12.28 .200
OCG .21 4 4.12 .200
CARA 1.57 2 15.85 .198
RNXT .73 2 7.37 .198
ONCT .45 2 4.54 .198
AESE .35 1 1.76 .198
CHMA .37 2 3.76 .196
MTL .25 3 3.84 .195
EOSE 1.39 2 14.23 .194
OCUP 1.04 1 5.36 .194
CRDF 1.40 1 7.27 .192
ADIL .45 2 4.67 .192
STG 1.13 1 5.89 .191
CLPS .56 1 2.92 .191
CLPS .56 1 2.92 .191
MITO .28 1 1.46 .191
PATI 2.15 1 11.3 .190
PATI 2.15 1 11.3 .190
BNR 1.96 2 20.6 .190
VERU .59 3 9.25 .189
VTSI 1.97 1 10.47 .188
NTEC .46 4 9.63 .188
VNET 1.13 3 18.11 .186
AMZN 8.07 92 3416 .184
OSMT .18 3 2.93 .183
W 7.31 7 275 .182
ISEE 1.48 2 16.23 .182
JFIN .36 2 3.94 .182
OCG .06 13 4.12 .182
BNTX 7.14 9 352.99 .180
DOCS 3.99 4 88.09 .180
HUYA .53 3 8.69 .180
RRD .40 2 4.42 .180
BGI .47 1 2.63 .178
SCR 2.08 3 34.93 .177
ZG 4.16 4 94.28 .176
NVCR 2.99 8 131 .176
CLII 2.53 1 14.36 .176
OCX .70 1 4 .175
ACB .36 3 6.15 .174
ALTO .28 3 4.78 .174
GSM .26 6 8.88 .174
IMV .15 2 1.71 .174
GTT .41 1 2.36 .173
BLUW .83 2 9.63 .172
INFI .16 4 3.71 .172
WIMI .69 1 4.03 .171
IMNM 2.21 2 25.88 .170
APOP .83 5 24 .170
UPST 4.78 12 336.34 .168
SQ 2.23 21 266.72 .168
ZY .78 3 13.8 .168
FENG .11 2 1.3 .168
TTD 2.55 5 76.4 .165
MARA .58 11 37.7 .165
RBLX 3.40 4 82.28 .164
TENX .21 1 1.28 .164
OSTK 2.20 6 78.61 .162
KURA 1.66 2 20.35 .162
CLF .48 7 20.84 .161
PRTA 2.60 5 78.89 .160
BWAY 1.35 1 8.4 .160
ENSV .20 1 1.25 .160
EDTK .10 2 1.24 .160
FIGS 2.11 3 39.32 .159
OPNT 2.02 2 25.4 .158
IAC 5.23 4 133.71 .156
GIII 2.35 2 29.81 .156
BGFV .70 6 26.64 .156
ZLAB 3.76 5 120.87 .155
CELC 1.58 2 20.5 .154
ENSC .72 1 4.69 .153
GRTX 1.18 1 7.86 .150
CLSD .35 3 6.9 .150
DMAC .31 2 4.09 .150
ACHL .89 1 5.95 .149
VCVC 1.46 1 9.85 .148
EVGN .43 1 2.92 .147
CTSO .41 3 8.29 .147
PDD 3.58 4 98.28 .144
TASK 3.03 4 83.51 .144
LTHM .60 6 24.64 .144
BODY .47 2 6.51 .144
AAL .38 8 20.9 .144
IRIX .35 3 7.22 .144
EDSA 1.24 1 8.64 .143
AZYO 1.08 1 7.55 .143
MOSY .76 1 5.29 .143
LI 1.94 2 27.27 .142
TVTX 1.79 2 25.03 .142
SCYX .79 1 5.6 .141
MOGO .23 3 4.87 .141
FLGT 3.14 4 87.36 .140
AMD 2.21 7 106.15 .140
GTIM .74 1 5.25 .140
ORGS .70 1 5 .140
KR .42 14 40.18 .140
OLB .65 1 4.66 .139
IMAB 3.30 3 70.3 .138
CYTK 2.32 2 33.61 .138
NIU 1.17 3 24.98 .138
CELH 3.33 4 96.98 .136
ORCL .37 34 89.42 .136
DPZ 7.66 9 492.81 .135
JRJC .70 1 5.15 .135
M .64 5 23.17 .135
ARMP .49 1 3.62 .135
BCLI .46 1 3.42 .134
GSAT .12 2 1.78 .134
NLS 1.33 1 9.98 .133
VLDR .86 1 6.44 .133
SPLK 5.11 4 152.56 .132
DKS 3.03 6 135.22 .132
AFMD .87 1 6.59 .132
TAL .32 2 4.8 .132
HJLI 1.27 1 9.67 .131
GPS .64 5 24.19 .130
GENE .22 2 3.37 .130
MARK .08 2 1.23 .130
FUV 1.54 1 11.86 .129
VIH 1.31 1 10.09 .129
TLRY .52 3 12.02 .129
ASTR .41 3 9.39 .129
NBEV .19 1 1.47 .129
AEY .31 1 2.42 .128
IRDM 2.75 2 43.19 .126
EXPI 2.14 3 49.79 .126
FSTX 1.04 1 8.24 .126
DNUT .63 3 14.73 .126
SOHU .47 6 21.8 .126
MRNA 2.70 25 454.6 .125
THCB 1.25 1 10 .125
OXY .15 25 27.96 .125
MAT 1.28 2 20.34 .124
SIF 1.16 1 9.5 .122
ENPH 4.87 4 158.32 .120
LEGN 1.93 3 47.55 .120
RUN 1.35 4 44.56 .120
MAXR 1.20 3 29.98 .120
JWN 1.19 3 29.46 .120
SSKN .22 1 1.82 .120
TEDU .09 2 1.49 .120
SAM 9.40 7 525.69 .119
NETE 1.05 1 8.87 .118
CCJ .84 3 21.29 .117
FBRX .40 1 3.39 .117
ARVN 2.76 4 94.19 .116
FLWS 2.02 2 34.29 .116
ATIF .43 1 3.76 .114
IKT .24 1 2.1 .114
TESS .64 1 5.65 .113
DLO 1.91 4 66.48 .112
SBBP .12 2 2.13 .112
AGEN .10 7 6.08 .112
SHEN 1.68 2 30.23 .110
NGM 1.25 2 22.6 .110
DDL 2.53 1 23.13 .109
PBLA .25 1 2.29 .109
LIVE 1.37 3 37.55 .108
FRD 1.28 1 11.78 .108
MSFT .47 108 299.56 .108
RIOT 1.57 2 29.39 .106
LIVX .17 2 3.16 .106
WTER .09 2 1.69 .106
SRNE .85 1 8.08 .105
GMBL .80 1 7.57 .105
REGN 8.57 8 646.51 .104
DE 4.88 8 351.5 .104
CREE 2.28 4 86.73 .104
SEMR 1.48 2 27.94 .104
APXT 1.27 1 12.11 .104
DAL 1.14 4 42.59 .104
SSNT .66 1 6.4 .103
GP .49 3 14.25 .102
CIEN .34 17 51.71 .102
NFLX .98 101 593.26 .101
TWST 2.44 5 121.07 .100
DELL 2.08 5 102.69 .100
LBPH .92 1 9.15 .100
CCL .63 4 24.69 .100
VIR 2.19 2 44.69 .098
CLSK 1.17 1 11.86 .098
ABSI 1.13 1 11.46 .098
CPSH .51 1 5.24 .097
GURE .46 1 4.7124 .097
STX 2.76 3 85.04 .096
GRVY 2.33 4 95.32 .096
BTWN .95 1 9.81 .096
HCM .93 4 37.49 .096
CRMT 2.37 5 120.56 .095
DBVT .10 5 5.06 .095
MFNC 2.04 1 21.5 .094
AEO 1.32 2 27.61 .094
AXLA .29 1 3.07 .094
TJX 2.22 3 70.7 .093
VSCO 1.95 3 61.97 .093
CAH 1.64 3 51.36 .093
HPQ .88 3 27.98 .093
PRPL .70 3 22.51 .093
BBY 2.48 4 106.17 .092
MSGE 1.88 4 79.44 .092
CSIQ 1.59 2 34.33 .092
MDIA .39 2 8.42 .092
BKYI .32 1 3.45 .092
LYFT 1.70 3 55.64 .090
UAA .97 2 21.43 .090
VNE .55 6 34.68 .090
STEM .47 5 26.05 .090
FFHL .44 2 9.755 .090
PRPO .09 3 2.97 .090
MDB 5.88 8 514.06 .088
MTTR 1.03 2 23.23 .088
CHRA .40 1 4.52 .088
MRO .11 11 12.73 .088
BKE 1.86 2 43 .086
JRVR 1.48 2 33.79 .086
ENLV .49 2 11.38 .086
ACI .57 5 31.78 .085
DASH 2.82 7 217 .084
AN 2.58 4 122.25 .084
DOMO 2.40 3 84.17 .084
LAW 2.18 2 51.08 .084
VRNT 1.94 2 45.6 .084
AA 1.37 3 48.56 .084
JPM 1.20 12 161.18 .084
CRON .13 4 6 .084
ULBI .31 2 7.46 .082
RGEN 5.32 5 324.21 .080
ROLL 3.67 5 216.72 .080
RL 2.38 4 115.66 .080
RRGB 1.93 1 23.83 .080
COP 1.03 5 63.71 .080
CLNE .67 1 8.42 .079
UWMC .55 1 6.92 .079
JD 2.03 3 76.13 .078
UBER 1.78 2 45.48 .078
USB 1.60 3 59.29 .078
PINS 1.45 3 54.02 .078
IMMR .28 2 7.15 .078
SBS .19 3 7.06 .078
MBII .08 1 1.02 .078
EQ .53 1 6.88 .077
CAT 3.91 4 196.62 .076
XLNX 3.06 4 156.2 .076
XBI 2.65 4 133.07 .076
WFC .91 4 47.8 .076
AUTL .51 1 6.7 .076
ANIX .38 1 5 .076
INM .14 1 1.83 .076
ABNB 2.80 5 175.13 .075
ARCE 1.78 1 23.64 .075
BAC 1.08 3 41.69 .075
RMBL 2.58 1 34.61 .074
CNFR .10 2 2.67 .074
AEI .09 2 2.39 .074
SEDG 5.15 4 284.11 .072
LLY 4.31 4 232.18 .072
SNOW 4.03 6 321.5 .072
LOW 3.95 4 207.98 .072
VMW 2.68 4 142.16 .072
DDS 2.64 6 210.06 .072
TDC 1.99 2 54.18 .072
MRTN .38 3 15.53 .072
SSL .15 9 16.95 .072
YEXT .91 1 12.73 .071
TBLA .70 1 9.85 .071
EDU .14 1 1.96 .071
SITM 3.41 5 238.27 .070
ZIM 2.07 2 58.94 .070
DKNG 1.84 2 51.75 .070
FISV 1.58 5 110.24 .070
SFIX 1.46 2 41.28 .070
MS 1.45 5 103.55 .070
CLOV .56 1 7.9 .070
KZIA .41 2 11.45 .070
BQ .08 2 2.26 .070
CTRN 1.79 3 77.04 .069
EDIT 1.47 3 62.07 .069
EAT 1.81 2 52.94 .068
HOG 1.32 2 38.34 .068
C 1.23 4 70.88 .068
RIG .12 2 3.48 .068
EOLS .55 1 8.09 .067
NEWR 2.60 2 76.71 .066
APPS 2.45 2 73.76 .066
ATAI 1.09 1 16.28 .066
SBH .56 2 16.86 .066
YPF .31 1 4.63 .066
GH 1.72 5 129.32 .065
APP 1.06 5 77.85 .065
SONO .50 5 35.98 .065
ROKU 5.65 4 334.52 .064
AMGN 3.47 4 215.05 .064
ADI 2.86 4 177.23 .064
MDT 2.17 4 130.64 .064
TGT 2.11 8 242.67 .064
DFH 1.18 1 18.25 .064
CGC .94 1 14.56 .064
STRO .65 2 19.72 .064
K .51 8 63.15 .064
HWCC .34 1 5.3 .064
UNH 3.25 9 408.03 .063
FLOW 1.65 3 77.78 .063
SLV 1.32 1 20.91 .063
KIRK 1.21 1 19.14 .063
CSCO .56 7 56.69 .063
EVGO .55 1 8.65 .063
DUOT .40 1 6.34 .063
FRO .06 9 8.1 .063
DXC 2.19 1 35.18 .062
GT 1.09 1 17.48 .062
ABCL 1.31 1 21.15 .061
WDAY 4.30 4 270.07 .060
TNA 2.70 2 89.38 .060
DOCN 2.65 2 87.67 .060
UPS 2.33 5 186.79 .060
BYND 2.26 3 112.88 .060
PKG 2.16 4 142.69 .060
VLO 2.03 2 67.17 .060
DIS 1.79 6 176.25 .060
AMAT 1.73 5 141.11 .060
CHKP 1.48 5 115.55 .060
AMEH 1.17 5 96.37 .060
FITB .82 3 40.76 .060
INTC .68 5 54.03 .060
T .56 3 27.19 .060
TME .45 1 7.44 .060
LC .30 6 29.11 .060
GBR .24 1 3.94 .060
MNSO .82 1 13.89 .059
GGAL .57 1 9.59 .059
SMLP 2.15 1 36.5 .058
PFGC 2.74 1 47.79 .057
ATVI 1.42 3 74.67 .057
BZUN 1.12 1 19.37 .057
IRCP .17 1 2.97 .057
BIIB 4.30 4 293.2 .056
ZS 3.95 4 280.02 .056
TSCO 3.14 4 210.11 .056
WSM 2.77 4 188.51 .056
HAS 2.68 2 94.65 .056
TSN 2.17 2 76.11 .056
IBM 2.00 4 136.73 .056
CLDX 1.59 2 55.99 .056
JKS 1.26 2 43.82 .056
QCOM 1.18 7 133.91 .056
FUBO .74 2 25.94 .056
XONE .67 2 23.87 .056
WMT .67 14 142.77 .056
SPTN .60 2 20.71 .056
ADSK 3.38 5 292.16 .055
SUPN 1.50 1 26.93 .055
SILK .63 5 57.15 .055
ITRO .07 1 1.27 .055
NTAP 2.52 2 92.78 .054
KMB 2.44 3 133.58 .054
FANG 2.44 2 87.86 .054
PSTG .74 2 27.04 .054
VIPS .66 1 12.03 .054
VXX .46 3 25.36 .054
THTX .22 1 4.02 .054
TTCF 1.07 1 19.93 .053
YMM .89 1 16.78 .053
PPBT .26 1 4.88 .053
CI 2.73 4 202.46 .052
DLTR 2.23 2 85.6 .052
ACMR 1.37 4 105 .052
TAP 1.23 2 46.36 .052
LL 1.01 1 19.42 .052
PLTR .77 2 28.77 .052
ZNGA .20 2 7.64 .052
CPG .11 2 4.09 .052
SI 1.88 3 105.07 .051
TTC 1.75 3 99.78 .051
YETI 1.72 3 98.89 .051
VMEO 1.70 1 32.98 .051
ECOM 1.37 1 26.55 .051
RSI 1.01 1 19.7 .051
SKX 2.32 1 46.12 .050
STT 2.22 2 85.86 .050
FATE 1.76 2 68.86 .050
CRCT 1.61 1 31.9 .050
KO .56 5 54.04 .050
KDMN .23 2 8.89 .050
GS 3.08 7 391.86 .049
RKT .84 1 16.88 .049
SBTX .57 1 11.46 .049
MA 4.60 4 354.07 .048
FL 2.53 1 51.95 .048
LOGI 2.48 2 100.08 .048
BHVN 2.23 3 135.55 .048
ASAN 2.05 3 124.48 .048
MYGN 1.67 1 34.76 .048
TWTR 1.66 2 66.69 .048
CVS 1.40 3 84.86 .048
APPN 1.29 4 105.94 .048
ARMK .56 3 33.12 .048
AZN .37 8 59.48 .048
CALA .11 1 2.25 .048
CRNC 2.46 2 103.91 .046
MOS 1.62 1 34.97 .046
FA .96 1 20.8 .046
SWI .79 1 17.16 .046
UHS 2.31 3 144.42 .045
TMUS 2.01 3 130.94 .045
LMT 1.95 9 344.2 .045
GWRE 1.92 3 121.09 .045
FTCH 1.88 1 41.05 .045
HD 1.71 9 335.91 .045
A 1.59 5 172.77 .045
PG 1.37 5 144.19 .045
QADB 1.34 3 87.08 .045
CHPT .93 1 20.51 .045
LUV .83 3 52.32 .045
BBWI .64 5 67.42 .045
MRVL .61 5 63.44 .045
XLE .48 5 50.52 .045
PBR .10 5 10.39 .045
LIN 3.48 4 310.37 .044
ANF 1.79 1 39.81 .044
AVIR 1.41 1 31.97 .044
PDCO .67 2 30.41 .044
AMRS .60 1 13.51 .044
FLO .52 2 23.31 .044
WOOF .51 2 22.2 .044
AGNC .36 2 16.22 .044
ORGO .35 2 15.61 .044
AEMD .10 2 4.37 .044
BIOC .09 2 4.07 .044
ABT 2.75 2 125.3 .042
PTON 2.02 2 94.38 .042
OTIS 1.81 2 85.74 .042
ROST 1.70 3 115.56 .042
MMM 1.40 6 181.53 .042
NKE 1.02 7 159.58 .042
RF .86 1 20.4 .042
SJM .77 7 119.77 .042
EPU .58 2 26.71 .042
TBIO .53 3 37.36 .042
XOM .40 6 57.08 .042
EKSO .20 1 4.67 .042
SNDL .03 1 0.7015 .042
LPX 2.53 1 61.69 .041
BZ 1.59 1 38 .041
GNOG .78 1 18.64 .041
OEG .14 1 3.35 .041
ASML 5.17 8 879.78 .040
COST 4.91 4 452.78 .040
SNPS 3.38 4 322.88 .040
EL 2.69 5 321.32 .040
JBL 2.52 1 61.48 .040
HON 2.39 4 219.7 .040
CM 2.39 2 115.28 .040
WGO 1.39 2 67.02 .040
ATHM .86 2 41.27 .040
MU .79 4 74.04 .040
MFGP .11 2 5.35 .040
COUR 1.39 1 35.28 .039
BEKE .69 1 17.32 .039
GBS .11 1 2.77 .039
VTGN .04 3 2.95 .039
OLLI 1.29 2 64.53 .038
AMKR 1.03 1 26.97 .038
MO .93 2 48.81 .038
LZB .64 2 33.63 .038
GMTX .17 1 4.41 .038
ON 1.84 1 49.36 .037
SLB 1.08 1 28.88 .037
FCBP 1.08 1 29.1 .037
ALLO 1.04 1 27.64 .037
LAD 3.10 4 340.93 .036
LH 2.92 4 296.74 .036
TTWO 2.75 2 146.68 .036
NXPI 2.70 3 216.35 .036
PLD 2.38 2 128.84 .036
V 2.19 4 228.31 .036
ESTC 1.65 4 166.99 .036
SCHW 1.41 2 74.3 .036
EGRX 1.01 2 54.03 .036
KNL .92 1 25.04 .036
APG .76 1 21.03 .036
ERJ .66 1 17.95 .036
HRL .39 4 40.63 .036
ALAC .21 2 11.31 .036
TEO .18 1 4.98 .036
ET .18 2 9.49 .036
SANA .82 1 23.01 .035
SRNG .41 1 11.42 .035
SLHG .10 1 2.85 .035
SPT 2.57 2 144.26 .034
J 2.31 2 134.81 .034
LITE 1.46 2 85.48 .034
SPWH .61 1 17.68 .034
VIEW .21 1 6.02 .034
ME .16 2 9.2 .034
IWM 2.55 3 224.81 .033
DEN 2.54 1 75.36 .033
AXP 2.00 3 173.36 .033
QDEL 1.84 3 153.47 .033
TGTX 1.11 1 33.08 .033
ACH .67 1 20.13 .033
BKNG 10.17 8 2475.51 .032
AZO 6.83 8 1687.79 .032
COF 2.73 2 166.02 .032
COIN 2.04 4 237.5 .032
BLDR 1.77 1 54.26 .032
BLFS 1.55 1 47.71 .032
RCUS 1.22 1 36.99 .032
ABBV .93 4 107.36 .032
FOE .67 1 20.43 .032
HNST .37 1 11.45 .032
FENC .31 1 9.4 .032
D .31 8 74.26 .032
NOK .09 2 5.58 .032
OKE 1.82 1 57.46 .031
UAL 1.50 1 47.47 .031
MCD 2.54 3 244.78 .030
CHGG 2.22 1 73.75 .030
SPG 2.16 2 135.12 .030
INCY 2.13 1 69.78 .030
HRI 1.71 3 156.45 .030
KHC 1.11 1 36.31 .030
CRM 1.02 10 277.86 .030
PLCE .92 3 86.89 .030
BP .79 1 26.16 .030
HNP .33 2 21.93 .030
MNST 2.74 1 93.09 .029
LII 2.41 4 308.61 .028
DD 1.98 1 68.9 .028
LEN .73 4 99.51 .028
MOMO .16 2 11.19 .028
GOOG 4.33 27 2836.53 .027
SNA 2.13 3 215.37 .027
STE 2.09 3 220.36 .027
UHAL 1.98 9 654.1 .027
STZ 1.94 3 214.02 .027
AAP 1.93 3 214.09 .027
GM 1.42 1 51.92 .027
MQ .74 1 27.12 .027
CTKB .66 1 24.4 .027
GRUB .15 3 16.24 .027
UTHR 2.62 2 200.47 .026
ALXN 2.49 2 182.5 .026
WM 2.10 2 153.5 .026
EA 1.67 2 127.89 .026
MPC 1.66 1 61.8 .026
VZ .73 2 54.42 .026
TRIL .47 1 17.45 .026
DRN .32 2 24.23 .026
ADBE 3.54 5 630.84 .025
RTX 2.23 1 86.75 .025
KYMR 1.63 1 64.23 .025
CNC 1.57 1 62.6 .025
GIS 1.53 1 60.28 .025
B 1.08 1 42.77 .025
CRTO .90 1 35.69 .025
ACHV .23 1 8.85 .025
SIVB 3.90 4 642.15 .024
AKAM 2.70 1 108.77 .024
BURL 2.66 3 303.28 .024
DG 1.89 3 218.36 .024
CROX 1.41 3 163 .024
HHR 1.26 1 51.08 .024
GLD .71 6 163.51 .024
PCVX .65 1 26.18 .024
BIG .59 2 46.68 .024
PFE .21 6 44.19 .024
VSH .18 3 20.52 .024
ATKR 2.27 1 95.16 .023
NEE 1.91 1 81.27 .023
TSM 1.36 2 116.19 .022
RY 1.12 2 101.17 .022
PKI 1.33 3 186.08 .021
CLX 1.16 3 162.39 .021
CL .61 3 76.67 .021
BLK 5.03 4 876.17 .020
ANTM 2.14 4 380.3 .020
AIT 1.83 1 87.21 .020
IYC 1.62 1 79.48 .020
NUAN 1.13 1 55.19 .020
BEST .02 2 1.91 .020
CNA .83 1 41.77 .019
GPK .37 1 19.37 .019
STMP 2.14 3 329.1 .018
DUK 1.84 1 98.4 .018
FAST 1.02 1 53.87 .018
IRBO .83 1 44.51 .018
MRK .72 2 73.05 .018
PEP 2.63 1 154.13 .017
AMOM .66 1 36.7488 .017
SELF .09 1 5.11 .017
JNJ 1.48 2 164.86 .016
LANC 1.43 2 168.52 .016
FRBK .05 1 3.1 .016
HRC .84 3 150.36 .015
PSTX .12 1 7.95 .015
PAYX 1.56 1 110.31 .014
TNET 1.38 1 95.83 .014
PNRG .79 1 54.23 .014
PBT .04 2 5.39 .014
CAI .78 1 55.86 .013
PYPL .31 13 279.1 .013
INTU 2.18 4 577.37 .012
HCA 1.27 3 255.53 .012
RACE .92 3 217.12 .012
GE .40 4 102.96 .012
CHNG .15 2 21.59 .012
ESXB .13 1 10.54 .012
KMX 1.64 1 142.16 .011
INOV .46 1 40.39 .011
KEYS 1.04 2 179.75 .010
PYPL .80 5 279.1 .010
XLV .71 2 132.52 .010
ECHO .49 1 47.71 .010
PPC .17 2 28.51 .010
SVBI .13 1 12.21 .010
GTS .33 1 34.98 .009
IEC .14 1 15.33 .009
TDG 1.87 4 638.19 .008
MSTR .94 8 616.57 .008
XLP .63 1 70.59 .008
HFBL .16 1 18.52 .008
LMRK .13 1 16.5 .007
SYKE .14 3 54 .006
ITRN .07 3 25.47 .006
PSP .06 2 15.74 .006
VOOV .73 1 144.25 .005
CLDR .08 1 15.91 .005
SAFM .85 1 189.65 .004
RAVN .16 2 57.58 .004
KIN .02 2 9.25 .004
IACB .02 2 9.93 .004
SPY 1.31 1 443.18 .002
CXP .04 1 19.06 .002
VCAR .03 1 11.7119 .002
SIC .03 1 14.43 .002
NWHM .02 1 8.99 .002
DSE .02 1 9.49 .002
SLVO .01 2 5.14 .002
ULTA .62 1 380.76 .001
DFP .03 1 28.851 .001
PMD .01 1 8.13 .001
SHOP .67 5 1476.6 0
XLK .10 3 156.6 0
WYNN .06 3 83.83 0
MSTR .06 118 616.57 0
ULTA .05 12 380.76 0
WYNN .04 4 83.83 0
SHOP .03 88 1476.6 0
BLNK .02 11 30.71 0
XPDI .01 3 10.13 0
INFL .01 2 30.03 0
WMPN 0 4 12.3 0
GSKY 0 1 11.51 0
RTLR -.01 7 11.65 0
EIC -.08 1 17.23 -.004
NSYS -.12 1 11.17 -.010
