AXON 62.01 2 165.1 .750
PVH 19.26 3 69.07 .834
ONON 18.32 3 16.37 3.357
SIG 17.54 4 66.11 1.060
SHOP 17.08 20 32.64 10.460
SHOP 14.84 20 32.64 9.080
SHOP 13.98 20 32.64 8.560
MRNA 12.02 43 176.5 2.924
SHOP 11.22 42 32.64 14.406
SPLK 11.03 8 83 1.056
OKTA 10.37 2 65.38 .316
ALB 10.02 5 214.04 .230
CFLT 9.43 3 20.93 1.350
FNGD 9.04 8 67.06 1.072
SPLK 8.70 8 83 .832
XMTR 8.64 3 29.53 .876
NTLA 8.38 13 33.46 3.250
TECS 7.77 9 43.77 1.593
PYPL 7.44 11 67.55 1.210
VRTX 7.05 9 285.76 .216
NEM 6.19 5 47.37 .650
TMX 6.06 5 37.87 .800
SIVB 6.05 13 216.45 .351
TOST 6.00 7 16.75 2.506
RMD 5.92 5 205.77 .140
NVAX 5.92 21 9.06 13.713
SOXS 5.88 37 43.6 4.958
SNPS 5.88 11 315.31 .198
LMT 5.87 25 483.22 .300
FDX 5.82 3 173.05 .099
EL 5.76 14 246.19 .322
AXSM 5.48 4 75 .292
GKOS 5.32 2 41.28 .256
CIVI 5.29 3 56.43 .279
RLAY 5.23 4 14.16 1.476
SHLS 5.14 2 23.36 .440
PLRX 5.01 4 18.5 1.080
AVXL 4.99 10 8.19 6.090
DE 4.96 17 430.18 .187
ZS 4.93 17 107.86 .765
FDX 4.86 2 173.05 .056
JAZZ 4.82 3 156.94 .090
SOXS 4.72 36 43.6 3.888
COST 4.71 10 452.99 .100
NTNX 4.66 2 25.6 .364
SOXS 4.65 31 43.6 3.286
CAT 4.60 24 239.38 .456
BLNK 4.60 14 10.01 6.426
ADBE 4.47 20 328.33 .260
SOXS 4.45 30 43.6 3.060
FNGD 4.35 14 67.06 .896
DWAC 4.31 12 15.52 3.324
STE 4.26 9 182.35 .207
DIA 4.24 18 328.57 .216
ANVS 4.22 8 12.39 2.720
TECS 4.16 7 43.77 .665
AZPN 4.16 7 200.47 .140
FSTX 4.14 2 6.86 1.206
LMT 4.08 28 483.22 .224
AMGN 4.05 17 261.42 .255
PYPL 4.03 15 67.55 .885
CTRN 3.96 7 26.14 1.057
BNTX 3.95 38 151.7 .988
SHW 3.86 4 237.48 .064
SPWR 3.82 5 17.79 1.070
GS 3.81 16 340.87 .176
VERV 3.80 8 18.01 1.680
FUTU 3.65 3 58.14 .186
SHLS 3.59 3 23.36 .459
ISEE 3.57 6 21.03 1.014
BIIB 3.53 17 274.04 .204
MDB 3.51 14 188.81 .252
LULU 3.51 8 308.96 .088
BBY 3.51 9 80.17 .387
BLDR 3.40 10 63.52 .530
ALDX 3.40 6 6.62 3.078
ZM 3.38 10 65.36 .510
YINN 3.38 7 45.76 .511
FISV 3.37 11 99.91 .363
CLX 3.37 13 142.36 .299
GE 3.36 13 81.97 .520
PLUG 3.33 12 11.71 3.408
ENVX 3.33 4 10.96 1.212
SNOW 3.25 25 138.42 .575
TECS 3.24 8 43.77 .592
SDS 3.24 12 47.33 .816
DOMO 3.24 4 12.75 1.016
FOLD 3.18 2 11.79 .538
BLNK 3.17 17 10.01 5.372
ARRY 3.14 2 18.51 .338
SE 3.12 10 48.92 .630
STZ 3.04 7 231.88 .091
URTY 3.02 8 35.19 .680
RUN 3.01 15 23.43 1.920
SJR 3.00 6 26.16 .684
TZA 2.98 13 37.73 1.014
BROS 2.97 7 27.79 .742
ASAN 2.95 21 12.6 4.914
DPST 2.92 11 21.58 1.485
SPXS 2.84 6 23.3 .726
SEDG 2.84 15 275.84 .150
XBI 2.83 20 78.83 .700
MRNA 2.83 47 176.5 .752
MRNA 2.82 42 176.5 .630
CRM 2.80 29 128.47 .609
FITB 2.79 8 32.72 .680
AMGN 2.79 18 261.42 .180
CTLT 2.75 2 42.94 .128
RBLX 2.74 19 26.16 1.976
CELH 2.72 9 103.51 .234
ECOM 2.71 3 23.09 .351
BLK 2.70 7 700.33 .021
OLN 2.68 8 53.2 .400
ADSK 2.68 9 181.9 .126
TSLA 2.66 211 112.71 4.853
LYFT 2.65 9 10.12 2.349
VLO 2.62 33 125.35 .660
STRO 2.59 3 7.13 1.089
NTNX 2.59 4 25.6 .404
GE 2.59 14 81.97 .434
FSR 2.58 3 6.72 1.149
PRTA 2.54 10 57.93 .430
SILK 2.53 7 52.84 .329
LLY 2.53 29 365.22 .174
DG 2.52 12 245.01 .120
NVDA 2.51 204 140.36 3.468
ICPT 2.48 3 11.73 .633
LXU 2.45 4 13.61 .720
NOV 2.43 10 20.13 1.200
UAA 2.40 7 9.6 1.750
RTX 2.35 13 99.14 .299
UPS 2.33 9 173.61 .117
AA 2.33 37 43.8 1.961
UNH 2.32 23 528.45 .092
SPY 2.32 34 376.66 .204
WM 2.30 21 157.37 .294
FNGD 2.30 5 67.06 .170
NKE 2.28 5 114.98 .095
PAAS 2.26 5 16.72 .675
OVV 2.24 12 49.56 .540
SMH 2.21 19 197.3 .209
ARVN 2.20 11 32.92 .726
DLTR 2.19 20 141.54 .300
PCVX 2.16 4 46.2 .184
HES 2.15 3 138.64 .045
RY 2.13 25 93.74 .550
FNGD 2.13 13 67.06 .403
AMD 2.13 54 62.57 1.836
STX 2.11 19 51.05 .779
HOLI 2.10 4 15.66 .536
ARQT 2.10 4 14.06 .596
WM 2.08 23 157.37 .299
BURL 2.08 9 203.13 .090
CVS 2.06 26 92.76 .572
SQQQ 2.05 31 58.07 1.085
SQ 2.05 34 59.08 1.156
MMM 2.05 20 118.29 .340
STT 2.04 4 76.84 .104
TRQ 2.01 10 31.41 .630
DOG 2.00 5 33.57 .295
INTU 1.98 8 376.5 .040
TDG 1.96 5 621.7 .015
SKX 1.95 7 41.62 .322
PTON 1.95 9 7.88 2.223
HAS 1.95 9 58.22 .297
WOLF 1.94 4 67.37 .112
UAA 1.94 6 9.6 1.212
DD 1.91 8 67.8 .224
BLUE 1.91 4 6.59 1.156
PDSB 1.90 4 11.4 .664
ENVX 1.89 5 10.96 .860
TNA 1.86 10 29.76 .620
VLO 1.84 36 125.35 .504
PWR 1.84 8 141.32 .104
ENPH 1.84 17 267.38 .102
UPS 1.82 21 173.61 .210
DQ 1.82 16 39.13 .736
ATVI 1.82 11 76.05 .253
XBI 1.80 19 78.83 .418
GIII 1.76 9 12.97 1.215
AYX 1.76 4 48.18 .144
PTEN 1.75 3 16.22 .321
ICPT 1.75 2 11.73 .298
VXX 1.74 7 14.31 .847
UNH 1.73 24 528.45 .072
FIGS 1.73 11 6.73 2.827
FAZ 1.72 8 19.95 .688
FA 1.68 2 12.47 .268
TECL 1.63 7 20.63 .553
CAT 1.61 19 239.38 .114
GM 1.59 8 32.53 .384
APA 1.58 16 45.18 .544
TVTX 1.57 5 20.45 .380
INCY 1.57 10 79.44 .190
HPK 1.56 2 22.55 .138
SQQQ 1.55 23 58.07 .598
NIO 1.55 101 9.8 15.958
IMVT 1.55 5 17.3 .445
BLU 1.52 5 8.35 .910
CSIQ 1.51 10 29.4 .510
LESL 1.49 6 12 .744
DAL 1.49 17 31.99 .782
NEE 1.46 22 83.16 .374
IMVT 1.45 4 17.3 .332
SPB 1.43 4 60.21 .092
LITE 1.43 5 49.41 .140
UHS 1.42 9 139.37 .090
JPM 1.42 23 132.46 .230
MAXR 1.40 5 51.47 .135
CHPT 1.40 10 8.31 1.680
YINN 1.39 5 45.76 .150
TSCO 1.39 12 219.9 .072
LPX 1.39 7 58.85 .161
APA 1.36 17 45.18 .510
USB 1.34 12 43.35 .360
ABNB 1.34 24 82.49 .384
STLD 1.33 6 99.89 .078
RL 1.33 8 102.4 .096
PATI 1.33 2 7.35 .360
EQT 1.33 21 33.5 .819
DXC 1.33 7 25.98 .357
DD 1.33 7 67.8 .133
AAP 1.33 10 145.3 .090
FLO 1.32 10 29 .450
TJX 1.31 15 78.69 .240
RF 1.30 9 21.25 .549
CAT 1.29 18 239.38 .090
BILI 1.29 28 22.76 1.568
DPW 1.28 5
AMGN 1.27 20 261.42 .080
SNAP 1.26 133 8.55 19.551
TECL 1.25 5 20.63 .300
FUTU 1.23 6 58.14 .126
WSM 1.22 10 114.93 .100
TZA 1.22 5 37.73 .160
KRYS 1.22 2 76 .032
SPXS 1.21 10 23.3 .510
BILI 1.20 27 22.76 1.404
BLFS 1.19 3 16.95 .210
LIN 1.16 41 325.91 .123
STEM 1.15 13 8.34 1.781
PPC 1.15 7 23.64 .336
JWN 1.15 11 15.71 .803
ROST 1.14 10 114.29 .090
FL 1.14 9 36.35 .279
ASPN 1.14 2 10.79 .210
TME 1.13 7 7.95 .994
EA 1.13 15 119.54 .135
ARMK 1.13 5 41 .135
ADI 1.13 14 160.28 .098
NETE 1.11 2
SQM 1.10 9 76.66 .126
QFIN 1.10 12 19.55 .672
SRTY 1.09 13 58.12 .234
SQM 1.09 17 76.66 .238
AG 1.09 4 8.52 .508
SBLK 1.08 15 19.48 .825
MCD 1.08 22 265.11 .088
FLO 1.07 11 29 .396
J 1.06 5 119.2 .040
CENX 1.06 3 7.6 .417
TAL 1.05 7 7.51 .973
PRTA 1.05 9 57.93 .162
XOM 1.04 49 108.38 .441
TH 1.04 7 14.75 .490
GPS 1.04 12 11.29 1.104
TTD 1.03 25 43.32 .575
TAP 1.03 5 51.38 .100
VTRS 1.02 5 10.92 .465
SNOW 1.01 23 138.42 .161
HP 1.01 3 47.47 .063
WPP 1.00 4 48.64 .080
VTNR .98 10 6.01 1.630
DOCS .98 11 32.76 .319
MNST .97 9 101.32 .081
M .97 31 20.05 1.488
DIA .97 19 328.57 .038
BGFV .97 11 8.48 1.254
AR .95 5 30.78 .150
YANG .94 14 12.09 1.078
KNBE .94 9 24.77 .333
AXP .94 21 144.01 .126
ANET .94 11 119.17 .077
WYNN .92 18 80.09 .198
SPXU .92 8 17.64 .416
GT .90 11 9.67 1.023
DKNG .90 10 11.05 .810
PSTG .89 13 26.28 .429
ABCL .89 5 9.57 .460
XLY .88 36 126.26 .216
HX .88 6 24.58 .210
AEO .88 10 13.98 .620
SQBG .87 2
AMOM .86 2 26.0743 .064
ABT .86 28 107.83 .196
TMUS .85 24 138.98 .144
SQ .85 31 59.08 .434
EDIT .85 4 8.32 .408
RACE .84 43 210.25 .129
NVDA .84 209 140.36 1.045
XOM .83 50 108.38 .350
SU .83 23 31.27 .598
ROIV .83 3 7.63 .324
KMB .83 27 136.52 .162
TTWO .82 12 99.69 .096
KR .82 42 44.58 .756
CRH .82 14 39.38 .280
ALXN .82 4
BZ .81 12 19.8 .480
BHVN .81 10 13.07 .610
NUE .80 20 134.19 .100
IMTX .80 7 8.11 .686
FUTU .80 7 58.14 .091
FANG .80 33 134.47 .165
CD .80 5 7.51 .530
VIPS .79 12 13.69 .684
TTWO .79 13 99.69 .091
BKNG .79 15 1958.84 0
AKAM .79 7 83.5 .063
SDOW .78 5 27.58 .140
MNST .78 12 101.32 .084
COF .78 7 89.7 .056
COF .78 7 89.7 .056
BBWI .78 10 40.75 .190
WSM .77 14 114.93 .084
NTEC .77 4
GLW .77 5 31.42 .120
FB .77 130 196.64 .390
EL .77 11 246.19 .033
XONE .76 2
TME .76 12 7.95 1.140
IYC .75 5 55.69 .065
IBM .75 29 140.02 .145
SBSW .74 15 10.67 1.035
RTX .74 15 99.14 .105
CLF .74 25 16.25 1.125
LSI .73 10 98.42 .070
CFVI .73 4 12.04 .240
XLK .72 37 121.43 .185
TSN .72 16 61.19 .176
TRI .72 15 112.37 .090
PAYX .72 9 114.43 .054
MCD .72 19 265.11 .038
LTHM .72 28 19.52 1.008
KMX .72 10 59.24 .120
FISV .72 12 99.91 .084
CRGY .72 4 11.96 .240
PSTX .71 5 5.085 .695
YETI .70 9 39.81 .153
PFE .70 33 50.8 .429
AAPL .70 154 126.04 .770
XBI .69 19 78.83 .152
TAP .69 8 51.38 .104
QCOM .69 34 106.97 .204
MCD .69 21 265.11 .042
GME .69 107 17.92 4.066
FGEN .69 4 15.3 .180
BA .69 12 188.38 .036
UPS .68 24 173.61 .072
LVS .68 17 46.18 .238
A .67 14 148.09 .056
MCD .65 19 265.11 .038
F .65 17 10.95 1.003
ACI .65 22 21.03 .660
ISEE .64 11 21.03 .330
INFL .64 5 31.22 .100
HON .64 14 212.19 .042
CROX .62 15 105.17 .075
BERZ .62 13 40.42 .195
YMM .61 9 7.82 .702
TTWO .61 14 99.69 .084
PANW .61 15 137.33 .060
OVV .61 16 49.56 .192
NRGU .61 8 467.5 .008
MDRX .61 4 17.68 .136
HGSH .61 4
CCL .61 14 7.67 1.106
SSRM .60 8 15.7 .304
PINS .60 14 22.86 .364
MAT .60 20 16.94 .700
COST .60 30 452.99 .030
UAL .59 13 37.29 .195
JRJC .59 3
HRB .59 9 36.68 .144
AXP .59 19 144.01 .076
VIPS .58 10 13.69 .420
OKE .58 10 64.51 .080
LZB .58 4 22.71 .100
ABT .58 27 107.83 .135
NVDA .57 204 140.36 .816
MT .57 22 26.06 .462
HRL .57 25 45.37 .300
ATHM .57 5 29.82 .095
PINS .56 16 22.86 .384
CHKP .56 14 124.91 .056
BABA .56 133 87.2 .798
XOM .55 59 108.38 .295
UBER .55 16 24.59 .352
LUV .55 18 32.19 .306
KSS .55 21 24.16 .462
VNET .54 8 5.58 .768
IWM .54 13 170.53 .039
EURN .54 13 16.59 .416
VIGI .53 8 69.23 .056
TMUS .53 30 138.98 .090
SQM .53 25 76.66 .150
SQM .53 10 76.66 .060
SAIL .53 3 65.24 .024
CYTK .53 9 45.6 .099
TQQQ .52 176 16.16 5.632
SUPN .52 5 35.75 .070
NIO .52 105 9.8 5.565
WOOF .51 6 9.01 .336
TSM .51 19 73.06 .114
KO .51 26 63.57 .208
GLD .51 28 167.91 .084
FTI .50 7 11.88 .294
FHN .50 4 24.47 .080
BULZ .50 6 19.25 .150
ABT .50 30 107.83 .120
XLE .49 42 86.02 .210
ON .49 36 60.28 .288
NTAP .49 8 58.18 .064
NAPA .49 4 16.16 .120
KZR .49 5 6.6 .370
FAST .48 20 46.84 .200
PINS .47 17 22.86 .340
META .47 11 115.62 .044
ISIG .47 6 7.55 .372
EDU .47 18 36.37 .216
CCJ .47 29 22.47 .580
BIG .47 6 14.29 .192
ANF .47 5 22.36 .105
WYNN .46 16 80.09 .080
HTHT .46 4 42.07 .040
HOLI .46 3 15.66 .087
AEHR .46 36 19.9 .828
KBSF .44 2
GOGL .44 14 8.78 .700
CAH .44 16 78.6 .080
HL .43 6 5.41 .474
AN .43 14 105.75 .056
TRQ .42 10 31.41 .130
PBF .42 13 39.65 .130
KR .42 45 44.58 .405
NIO .41 9 9.8 .369
MDT .41 18 76.3 .090
HOOD .41 20 7.7 1.060
STN .40 5 46.96 .040
PDCO .40 6 27.62 .084
OTIS .40 6 77.4 .030
SDOW .39 10 27.58 .140
NKE .39 22 114.98 .066
M .39 10 20.05 .190
K .39 41 71.72 .205
FCX .39 41 37.88 .410
ATNM .39 4 10.03 .152
YPF .38 7 9.09 .287
SBSW .38 13 10.67 .455
DD .38 10 67.8 .050
CM .38 21 39.5 .189
LTHM .37 30 19.52 .540
GBT .37 3 68.49 .015
TRIT .36 6
TMUS .36 27 138.98 .054
SOXL .36 6 8.86 .240
MMM .36 24 118.29 .072
LOW .36 20 200.06 .020
LI .36 42 18.43 .798
UPRO .35 8 31.39 .088
TGT .35 21 145.8 .042
PEP .35 28 181.75 .028
AZN .35 49 67.56 .245
MO .34 20 45.85 .140
COP .34 56 115.31 .112
WEN .33 4 22.68 .056
SBH .33 4 12.14 .108
LABU .33 7 6.1 .378
EVO .33 6 7.8 .252
DIS .33 19 84.17 .057
PDD .32 22 81.42 .066
BP .32 34 34.58 .306
XOM .31 46 108.38 .092
WFC .31 27 41.12 .189
RKT .31 9 6.64 .414
LAC .31 31 18.69 .496
YANG .30 18 12.09 .432
XOM .30 54 108.38 .108
XLE .30 44 86.02 .132
RWM .30 10 25.14 .110
JD .30 32 56.15 .160
EURN .30 30 16.59 .540
DRN .30 10 9.48 .310
WF .29 2 29.41 .018
SPWH .29 8 9.09 .248
IMMR .29 6 6.9 .252
IBM .29 31 140.02 .062
BCRX .29 23 10.82 .598
SSL .28 54 15.63 .918
SPG .28 15 115.06 .030
KBH .28 3 31.33 .024
SJM .27 25 158.39 .025
NFE .27 7 40.36 .042
MCW .27 2 8.89 .060
BTU .27 38 26.59 .380
XLV .26 29 134.87 .029
OPNT .26 6 20.23 .072
MOS .26 43 43.44 .215
HUSN .26 4
GIII .26 8 12.97 .160
CCL .26 11 7.67 .363
BEKE .26 16 14.27 .288
UBER .25 15 24.59 .150
TWTR .25 22 53.7 .088
RAPT .25 8 17.92 .104
MSFT .25 157 234.53 .157
VET .24 45 17.26 .585
MRK .24 21 111.08 .042
KMB .24 34 136.52 .034
ZIM .23 37 16.96 .481
PG .23 35 151.96 .035
FCX .23 40 37.88 .240
BTU .23 37 26.59 .296
V .22 22 204.99 .022
TSEM .22 4 43.14 .020
TRQ .22 12 31.41 .084
LLY .22 28 365.22 0
EOLS .22 4 6.86 .128
ALC .22 37 67.4 .111
NEX .21 4 8.99 .092
LIN .21 42 325.91 0
XLV .20 37 134.87 .037
MNSO .20 4 11.41 .068
GFI .20 26 10.49 .494
BP .20 32 34.58 .160
AAL .20 14 12.32 .224
YPF .19 12 9.09 .240
EURN .19 14 16.59 .154
EPM .19 3 7.23 .078
CVS .19 28 92.76 .056
CLNE .18 6 5.1 .210
VZ .17 23 38.81 .092
SJIV .17 4 68.85 .008
OHI .17 9 27.67 .054
VRDN .16 4 28.4 .020
T .16 23 18.22 .184
AU .16 24 19.36 .192
ANET .16 15 119.17 .015
SBS .15 50 10.88 .650
BCH .15 7 20.35 .049
ASC .15 3 13.77 .030
UNIT .14 8 5.46 .200
RFP .14 3 21.9 .018
KHC .14 24 40.44 .072
HDGE .14 8 29.8 .032
GIS .14 34 84.76 .034
DUK .14 39 102.9 .039
BOX .14 6 30.39 .024
LBRT .13 5 15.08 .040
GGAL .13 6 9.63 .078
ERF .13 27 16.93 .189
D .13 40 61.46 .080
CSCO .13 36 47.07 .072
CNFR .13 2
TME .12 16 7.95 .240
PBR .12 37 10.85 .407
ORMP .12 10 10.85 .110
XLE .11 49 86.02 .049
APG .11 4 18.25 .024
UBS .10 22 18.54 .110
MRO .10 59 26.58 .177
MPC .10 25 114.52 0
BTWN .10 19 9.905 .190
VTRS .09 9 10.92 .072
UAL .09 15 37.29 .030
HCM .09 9 14.67 .054
DKS .09 26 114.98 0
AMKR .09 5 23.58 .015
YPF .08 8 9.09 .064
IRBO .08 6 24.7 .018
COTY .08 17 8.42 .153
ALAC .08 5
AEHR .07 41 19.9 .123
EQNR .06 21 36.28 .021
DB .06 17 11.24 .085
WF .05 5 29.41 .005
SWN .05 38 5.77 .304
SBS .04 46 10.88 .138
CHNG .04 8 27.49 .008
BRG .04 11 26.6 .011
UPS .03 19 173.61 0
CPG .03 40 6.86 .160
BIDU .03 157 111.6 0
SWCH .02 2 34.25 0
ICL .02 11 7.14 .022
SH .01 14 16.25 0
PSO .01 15 11.18 0
PBT .01 6 23.7 0
MN .01 4 12.85 0
SLVO 0 21 87.58 0
ROKU 0 15 38.8 0
QQC 0 4 19.76 0
NINE 0 11 12.33 0
LHAA 0 5 10.08 0
GRU 0 4 5.45 0
GCP 0 3 32.01 0
GBNY 0 3 10.65 0
ESLT 0 29 167 0
D 0 38 61.46 0
ASAX 0 9 9.9901 0
ABNB 0 26 82.49 0
SLV -.01 26 21.6 0
ET -.01 30 11.67 0
CTIC -.01 34 5.54 -.034
SLB -.02 37 52.6 0
ASC -.03 9 13.77 -.018
XPEV -.04 116 9.39 -.464
BAK -.04 3 9.15 -.012
WMT -.05 44 141.29 0
ASML -.06 41 531.64 0
GDXD -.09 6 8.48 -.060
XLP -.10 47 74.6 -.047
ORCL -.10 47 80.33 -.047
FRO -.10 53 11.92 -.424
YANG -.11 13 12.09 -.117
NFLX -.11 134 276.88 0
KO -.11 27 63.57 -.027
CIEN -.12 36 49.12 -.072
CALT -.12 11 16.9402 -.077
PEP -.14 31 181.75 0
ABBV -.14 39 162.23 0
SCHW -.15 18 82.35 -.018
AMAT -.19 21 94.225 -.042
AGNC -.19 36 10.41 -.648
PSQ -.20 17 15.08 -.221
GLPG -.27 3 43.6 -.018
CL -.30 25 78.82 -.075
LOGI -.34 26 60.9 -.130
JNJ -.34 27 176.66 -.027
OXY -.41 80 62.08 -.480
MNSO -.41 10 11.41 -.350
DKNG -.44 12 11.05 -.468
DOCN -.48 16 23.71 -.320
AAPL -.48 160 126.04 -.480
ULTA -.55 4 463.52 -.004
INTC -.55 17 25.54 -.357
GDYN -.55 3 10.89 -.150
TCOM -.60 23 34.55 -.391
MLCO -.63 15 11.22 -.840
CRK -.67 25 13.43 -1.225
HD -.92 29 315.73 -.058
GOOG -1.17 29 86.46 -.377
HES -1.21 6 138.64 -.048
HCA -1.37 7 236.4 -.035
OLLI -1.44 6 46.12 -.186
ARGX -1.94 14 369.42 -.070
CNC -1.95 11 81.58 -.253
PKG -2.04 8 127.01 -.128
JKS -2.09 16 39.66 -.832
EDU -2.26 11 36.37 -.682
WDAY -2.30 13 162.99 -.182
TWST -3.85 9 21.92 -1.575
GOOG -7.29 36 86.46 -3.024
ROG -7.63 5 114.23 -.330
ENPH -8.41 23 267.38 -.713
SMCI -9.28 5 80.6 -.575
AMZN -15.65 129 81.82 -24.639
