SHOP 28.96 11 1439.33 .220
PANW 23.18 1 561.78 .041
DWAC 22.11 4 53.1 1.664
MSTR 14.75 8 597.21 .192
CCMP 11.86 1 189.98 .062
RNG 11.84 1 192.46 .061
BKNG 10.17 8 2402.25 .032
SAM 9.40 7 524.87 .119
PCTY 8.94 1 239.36 .037
RMD 8.09 1 258.82 .031
REGN 7.44 9 625.38 .099
DUOL 7.27 3 108.96 .198
NVAX 7.23 15 177.25 .600
SIVB 7.01 8 674.76 .080
AMZN 6.99 94 3421.37 .188
PUBM 6.66 1 34.81 .191
LAD 6.41 5 289.03 .110
KRYS 6.33 1 72.33 .087
BLK 6.24 5 913.92 .030
SPLK 6.20 6 115.03 .318
W 6.04 9 204.37 .261
CAR 6.00 2 223.22 .052
EYPT 5.86 1 13.55 .432
DPZ 5.62 11 545.84 .110
MDB 5.57 9 551.11 .090
ASML 5.51 20 801.41 .120
DDS 5.48 11 249.69 .231
KOSS 5.35 7 12.33 3.031
VRTX 5.31 1 223.45 .023
EJH 5.21 6 1.61 19.416
AZO 5.11 12 2014.5 .024
THC 4.91 1 79.26 .061
DE 4.88 11 349.22 .143
INTU 4.61 8 635.71 .056
SI 4.55 8 155.74 .232
WBX 4.49 2 15.75 .570
GKOS 4.45 1 46.8 .095
RGEN 4.41 7 264.65 .112
SMH 4.39 2 308.26 .028
EEIQ 4.33 5 3.33 6.500
SE 4.12 19 222.05 .342
CARV 3.92 6 9.88 2.376
ZM 3.91 15 191.65 .300
EL 3.86 7 365.99 .070
GOOG 3.73 28 2942.85 .028
ANVS 3.73 6 20.66 1.080
IRTC 3.69 1 118.81 .031
CCXI 3.66 3 36.92 .297
SNPS 3.62 7 366.15 .063
U 3.60 6 145.57 .144
ABNB 3.59 10 171.68 .200
MA 3.58 7 360.58 .063
GPN 3.54 11 135.37 .286
XMTR 3.46 1 50.94 .067
EBET 3.45 6 17.72 1.164
ADBE 3.38 12 569.62 .060
DQ 3.36 7 38.93 .602
SCPS 3.34 7 1.91 12.236
TOST 3.31 2 39.63 .166
SNOW 3.29 10 349.22 .090
GLSI 3.27 5 26.88 .605
ZG 3.19 7 62.34 .357
IAC 3.19 7 131.81 .168
BIIB 3.16 7 235.41 .091
ROKU 3.14 8 233.52 .104
LSI 3.13 2 146.86 .042
CMTL 3.13 1 24.16 .129
APPS 3.13 6 62.16 .300
NEGG 3.07 20 10.98 5.580
MRNA 3.05 41 249.99 .492
GDYN 3.03 1 39.75 .076
IRNT 3.02 6 4.73 3.828
BNTX 3.02 31 255.29 .341
TSLA 3.00 158 1067 .316
UPST 2.99 19 148.14 .380
GME 2.99 82 152.14 1.558
ANTM 2.99 6 455.71 .036
SITM 2.97 7 283.94 .070
LII 2.97 6 316.11 .054
BKKT 2.95 2 10 .590
ZLAB 2.93 7 65.84 .308
NEWR 2.93 6 109.27 .156
IWM 2.93 6 222.04 .078
GS 2.93 9 385.04 .063
NRXP 2.89 8 5.04 4.584
ZS 2.76 10 323 .080
LLY 2.74 11 273.1 .110
SAVA 2.73 29 44.19 1.769
JAN 2.73 6 4.4 3.720
PWR 2.69 2 111.88 .048
PENN 2.65 10 51.4 .510
NVCR 2.63 10 84 .310
NCTY 2.63 5 8.11 1.620
DOCS 2.62 8 51.54 .400
OSTK 2.60 7 62.85 .287
BIGC 2.58 2 38.51 .132
WDAY 2.57 7 278.05 .063
SEDG 2.57 8 283.29 .072
ADGI 2.56 12 8.66 3.540
UNH 2.55 13 495.38 .065
FULC 2.54 6 18.1 .840
INDP 2.52 5 6.05 2.080
LMT 2.51 11 347.02 .077
CRM 2.49 14 253.14 .126
AVXL 2.41 5 19.5 .615
PEAR 2.37 1 5.65 .419
COST 2.35 14 563.47 .056
CPOP 2.34 5 1.71 6.840
DPST 2.33 3 47.88 .144
QDEL 2.32 6 131.94 .102
AUVI 2.32 9 4.97 4.194
CFLT 2.29 2 71.77 .062
SPY 2.27 4 470.6 .016
FLGT 2.27 6 100.21 .132
STE 2.26 5 241.07 .045
GRTS 2.25 7 13.52 1.162
AXON 2.25 1 160.54 .014
KMX 2.23 4 126.31 .068
SPB 2.21 1 98.81 .022
HCA 2.20 4 252.05 .032
TPST 2.19 5 6.1 1.795
AMGN 2.19 6 223.79 .054
PKG 2.17 5 131.3 .080
CHGG 2.17 3 30.55 .213
PKI 2.16 4 193.77 .044
PDD 2.15 5 57.71 .185
LGVN 2.15 6 13.7 .936
KEYS 2.15 5 201.43 .050
DG 2.15 6 221.33 .054
PYPL 2.14 9 192.01 .099
DLPN 2.14 5 9.135 1.170
AACG 2.14 5 1.24 8.625
CI 2.12 6 225.89 .054
BHVN 2.12 5 137.23 .075
ACRS 2.12 7 15.44 .959
DASH 2.11 10 153.68 .130
HRI 2.10 5 158.5 .065
ALEC 2.10 6 23.72 .528
ROST 2.08 4 110.16 .072
AMEH 2.05 9 70.84 .252
ADSK 2.04 7 280.99 .049
MRIN 2.01 5 4.3 2.335
BYND 2.00 6 67.99 .174
UHAL 1.98 9 716.69 .018
XAIR 1.97 1 9.79 .201
WSM 1.97 6 168.96 .066
AAME 1.97 5 3.2084 3.070
RNXT 1.96 4 5.09 1.540
CELH 1.96 7 74.6 .182
COHN 1.95 5 15.605 .620
ACIU 1.91 2 5.39 .708
TSP 1.90 6 36.75 .306
LCID 1.90 13 37.64 .650
DOCN 1.90 11 81.26 .253
DLTR 1.90 9 137 .117
SYTA 1.89 1 3.22 .586
SNA 1.89 5 209.94 .045
RL 1.89 8 112.14 .128
MSGE 1.88 4 71.1 .104
CAT 1.88 10 206.2 .090
BIDU 1.88 118 144.12 1.534
AFRM 1.88 18 101.16 .324
TDG 1.87 4 628 .008
COF 1.87 4 145.1 .048
VLO 1.86 4 71.73 .100
DIS 1.86 9 153.63 .108
ESTC 1.83 7 123.98 .098
ACMR 1.83 5 77.62 .115
ENPH 1.82 8 188.17 .072
KNBE 1.80 7 23.21 .539
ROLL 1.78 7 205.02 .056
CERE 1.78 7 34.94 .350
VRPX 1.77 9 3.79 4.203
RAPT 1.77 7 36.62 .336
DAVA 1.77 4 163.12 .040
HON 1.76 7 205.22 .056
XBI 1.75 6 118.22 .084
TASK 1.74 7 51.65 .231
LWAC 1.73 5 16.98 .505
WAVE 1.72 5 5.19 1.655
LIN 1.72 9 339.17 .045
LAIX 1.72 4 0.66 10.424
IMPL 1.70 5 9.93 .855
NNOX 1.69 5 17.86 .470
KYMR 1.69 2 61.77 .054
SQ 1.68 24 167.71 .240
PAYX 1.68 4 134.24 .048
BURL 1.68 8 287.19 .040
ROG 1.67 1 272.7 .006
AN 1.67 8 112.12 .112
NMRD 1.66 4 4.59 1.444
VVOS 1.65 6 2.74 3.612
NVOS 1.65 5 1.4001 5.890
JNJ 1.64 5 168.25 .045
FISV 1.64 6 105.54 .090
CREE 1.64 5 79.12 .100
TRI 1.63 4 116.86 .052
JZXN 1.63 4 1.75 3.724
COIN 1.63 10 268.15 .060
NVTS 1.62 2 15.03 .214
KMB 1.62 9 138.89 .099
EVA 1.62 2 71.06 .044
CVS 1.62 4 101.31 .060
CLDX 1.61 3 42 .114
AMD 1.61 25 146.14 .275
PLCE 1.60 4 76.72 .080
STMP 1.59 4 329.61 .016
LH 1.59 9 301.91 .045
TMX 1.58 3 44.35 .105
LHDX 1.58 4 8.25 .764
DNA 1.58 1 10.67 .148
XLNX 1.57 16 216.11 .112
WYNN 1.57 5 88.88 .085
RLMD 1.57 4 22.25 .280
GH 1.57 8 97.48 .128
CARA 1.57 2 12.66 .248
DPW 1.56 5 1.6 4.875
TSC 1.55 1 29.96 .051
SPG 1.55 8 155.46 .072
IRDM 1.55 4 42.29 .144
FANG 1.55 7 105.94 .098
CRNC 1.55 4 78.92 .076
BLFS 1.55 1 40.86 .037
ARVN 1.55 8 81.25 .152
CPE 1.54 7 48.95 .217
CHCI 1.54 3 4.45 1.038
TERN 1.53 4 6.42 .952
SIEB 1.53 5 2.23 3.430
DLO 1.53 5 35.6 .210
CM 1.53 7 115.9 .091
TSCO 1.52 9 228.27 .054
MRAM 1.52 3 11.1 .408
SNOA 1.51 4 4.85 1.244
GRU 1.51 1 4.7805 .315
WAFU 1.50 4 4.05 1.480
RBLX 1.49 16 101.82 .224
KTTA 1.49 1 2.01 .741
CNC 1.49 5 84.72 .085
BCYC 1.49 3 60.27 .072
ZIM 1.48 11 53.66 .297
STT 1.48 3 93.79 .045
RACE 1.48 13 253.46 .065
ADI 1.48 5 172.66 .040
NURO 1.47 11 5.49 2.937
FGEN 1.47 3 15.39 .285
EDIT 1.47 3 29.94 .147
VCVC 1.46 1 9.85 .148
LOW 1.46 12 250.09 .060
HTBX 1.46 2 3.87 .754
AAP 1.46 6 232.13 .036
SBEA 1.45 2 10.11 .286
EYEG 1.45 1 1.95 .743
BTBT 1.45 10 7.23 2.000
BLDR 1.45 4 82.15 .068
BBY 1.45 7 98.08 .098
KALV 1.44 8 14.44 .792
FATE 1.44 4 64.34 .088
LYFT 1.43 5 44.18 .160
LANC 1.43 2 162.16 .016
ATKR 1.43 2 106.28 .026
TTC 1.42 5 99.32 .070
IMNM 1.42 4 16.5 .344
DELL 1.42 8 55.88 .200
RMBL 1.41 3 39.68 .105
KSS 1.41 10 50.19 .280
HOOD 1.41 14 18.9 1.036
TWTR 1.40 6 44.16 .186
JCS 1.40 3 2.51 1.671
HX 1.40 6 2.24 3.750
VERY 1.39 4 7.04 .788
EOSE 1.39 2 8.57 .324
TNET 1.38 1 94.57 .014
EXPI 1.38 6 35.99 .228
APP 1.38 10 93.8 .140
TWST 1.37 7 84.5 .112
LIVE 1.37 3 34.9965 .117
ECOM 1.37 1 24.71 .055
TAOP 1.35 3 2.25 1.800
NXPI 1.35 8 227.35 .040
EA 1.35 5 132.54 .050
WNW 1.34 1 2.39 .560
CAH 1.34 4 50.75 .104
J 1.33 4 137.35 .036
GRVY 1.33 7 69.71 .133
FIGS 1.33 6 26.36 .300
XLY 1.32 5 203.19 .030
V 1.32 10 216.62 .060
COUR 1.32 2 25.09 .104
AEO 1.32 2 23.25 .112
VIH 1.31 1 9.36 .139
TJX 1.31 6 73.75 .102
MBOT 1.31 1 5.42 .241
INMD 1.31 5 72.07 .090
ABCL 1.31 1 14.93 .087
A 1.31 10 157.8 .080
UHS 1.30 4 128.13 .040
LITE 1.30 3 104.49 .036
JG 1.30 3 1.13 3.450
GWRE 1.30 5 113.81 .055
BNR 1.30 3 10.5 .369
VSCO 1.29 5 49.11 .130
OLLI 1.29 2 48.05 .052
JPM 1.29 14 157.26 .112
ATAI 1.29 2 7.72 .334
APPN 1.29 4 71.98 .068
RELI 1.28 2 4.32 .592
NVDA 1.28 165 296.4 .660
FRD 1.28 1 9.47 .135
BILI 1.28 23 45.91 .621
BFRI 1.28 5 13.17 .485
YETI 1.27 4 83.44 .060
RHE 1.27 2 5.09 .498
NFE 1.27 1 25.25 .050
HJLI 1.27 1 10.38 .122
APXT 1.27 1 12.11 .104
AKAM 1.27 4 116.2 .040
TTWO 1.26 5 177.96 .035
SPCE 1.26 24 14.53 2.064
DOMO 1.26 4 50.64 .096
THCB 1.25 1 10 .125
SPT 1.25 6 94.7 .078
OPAD 1.25 4 7.39 .676
NGM 1.25 2 18.42 .134
CHKP 1.25 6 114.86 .060
BYSI 1.25 5 4.92 1.270
ABSI 1.25 2 8.67 .288
SJ 1.24 4 5.08 .976
RSKD 1.24 2 8 .310
PBTS 1.24 1 0.5726 2.165
LPX 1.24 3 76.39 .048
LEDS 1.24 3 4.89 .759
JD 1.24 12 68.65 .216
EDSA 1.24 1 6.47 .191
CMMB 1.24 2 7.54 .328
BNTC 1.24 3 2.98 1.248
ANPC 1.24 2 1.05 2.360
ALXN 1.24 4 182.5 .024
TAP 1.23 2 45.59 .052
LAW 1.23 3 36.33 .099
JKS 1.23 5 43.17 .140
HOG 1.23 5 36.24 .165
ANET 1.23 1 141.85 .008
RCUS 1.22 1 44.59 .027
EYES 1.22 6 1.93 3.792
DDL 1.22 2 13.26 .184
BZ 1.22 3 32.96 .111
PFGC 1.21 3 45.16 .078
OSAT 1.21 3 3.7 .981
LYEL 1.21 3 8.21 .441
HGEN 1.21 3 4.05 .894
EAT 1.21 3 37.28 .096
ARAV 1.21 1 2.58 .468
WHLM 1.20 4 5.07 .944
MMM 1.20 7 174.97 .042
CRIS 1.20 2 5.18 .462
CLX 1.20 5 169.83 .035
CETX 1.20 1 0.8552 1.403
AMTX 1.20 3 12.61 .285
TVTX 1.19 3 31.17 .114
SGOC 1.19 9 6.2 1.719
AMC 1.19 60 28.52 2.460
MQ 1.18 7 17.44 .469
MOXC 1.18 5 3.63 1.625
DFH 1.18 1 19.08 .061
ZEV 1.17 4 6.79 .688
VMW 1.17 9 116.89 .090
TDC 1.17 5 44.11 .130
STZ 1.17 4 244.04 .016
SKT 1.17 3 19.23 .180
MVIS 1.17 5 5.91 .985
VOXX 1.16 3 10.56 .327
SIF 1.16 1 6 .193
NTAP 1.16 4 90.63 .048
LAZR 1.16 5 17.79 .325
HGSH 1.16 2 2.33 .994
AMAT 1.16 8 155.49 .056
WGO 1.15 3 71.15 .048
NTRB 1.15 2 3.61 .636
HCWB 1.14 2 2.5 .912
BBLG 1.14 1 3.97 .287
AVIR 1.14 3 9.11 .375
VNET 1.13 3 9.15 .369
VIR 1.13 8 41.75 .216
STG 1.13 1 5 .226
BTX 1.13 2 4.99 .452
ARDS 1.12 1 2.64 .424
SHEN 1.11 3 26.56 .123
SEMR 1.11 3 21.07 .156
PMCB 1.11 3 2.69 1.236
CTRN 1.11 5 76.36 .070
CNET 1.11 1 1.11 1.000
ALLO 1.11 2 15.66 .140
XM 1.10 3 35.36 .093
OPTT 1.10 1 1.77 .621
MRUS 1.10 3 32.24 .102
JRVR 1.10 3 27.14 .120
XTLB 1.09 2 2.72 .800
SKX 1.09 4 42.27 .100
FOSL 1.09 2 10.17 .214
ALDX 1.09 2 4.17 .522
TGT 1.08 14 221.01 .056
SFIX 1.08 3 19.74 .162
MTSL 1.08 3 3.37 .960
FCBP 1.08 1 29.1 .037
B 1.08 1 46.27 .023
AZYO 1.08 1 6.21 .173
ALF 1.08 2 2.51 .860
SMLP 1.07 2 22.6 .094
AXP 1.07 6 164.19 .036
VYGR 1.06 2 2.93 .722
USB 1.06 5 56.31 .090
C 1.06 5 60.65 .085
SCR 1.05 5 35.58 .145
QCOM 1.05 15 182.74 .075
PTGX 1.05 3 34.25 .090
MNST 1.05 4 93.84 .044
CELC 1.05 3 13.98 .225
RUN 1.04 6 34.65 .180
PRTA 1.04 9 48.39 .189
OCGN 1.04 12 5.3 2.352
NETE 1.04 2 13.09 .158
LEGN 1.04 6 48.72 .126
KURA 1.04 4 16.06 .256
IPA 1.04 2 5.36 .388
FSTX 1.04 1 5.35 .194
AUPH 1.04 10 23.05 .450
TSN 1.03 5 85.22 .060
MARA 1.03 20 38.13 .540
KMPH 1.03 3 8.97 .342
MFNC 1.02 2 21.5 .094
GIII 1.02 5 27.17 .185
ZCMD 1.01 1 1.82 .554
TMUS 1.01 7 119.91 .056
SCHW 1.01 6 85.13 .066
OVV 1.01 3 32.45 .093
LL 1.01 1 17.16 .058
FUBO 1.01 3 17.7 .171
EGRX 1.01 2 54.72 .036
DKS 1.01 18 103.94 .162
PINS 1.00 4 37.42 .104
OMER 1.00 1 7.64 .130
ISPC 1.00 7 11.61 .602
UAL .99 3 44.87 .066
LUV .99 6 41.87 .138
LOGI .99 6 84.86 .066
DKNG .99 6 29.44 .198
ACY .99 19 54.99 .342
TRCH .98 2 4.95 .394
MYGN .98 2 27.29 .070
MCD .98 8 265.95 .024
JWN .98 4 21.71 .180
IMTX .98 4 12.96 .300
HOFV .98 2 1.78 1.100
HHR .98 11 51.54 .209
SAFM .97 2 187.5 .010
BGFV .97 10 18.66 .510
RRGB .96 2 17.16 .110
IMAB .96 6 46.93 .120
FA .96 1 18.16 .052
BRLT .96 4 16.05 .236
AZPN .96 4 149.87 .024
SUPN .95 2 30.8 .060
HD .95 20 397.07 .040
BTWN .95 1 9.8 .096
BPTH .95 2 4.4 .430
AGRI .95 5 2.29 2.070
MDT .94 9 102.9 .081
HAS .94 6 97.92 .054
ENOB .94 5 7.98 .585
UPS .93 9 212.19 .036
TGTX .93 3 19.39 .141
NIU .93 4 15.98 .232
LIFE .93 4 7.85 .472
ABT .93 11 139.16 .066
PLUG .92 9 29.4 .279
OKE .92 3 58.02 .045
LBPH .92 1 5.4 .170
KNL .92 1 25.04 .036
YEXT .91 1 10.59 .085
SSY .91 3 1.63 1.674
OTIS .91 5 85.25 .050
GM .91 4 56.91 .060
BIG .91 3 42.24 .063
AIT .91 2 101.57 .016
GEG .90 1 2.07 .434
DXC .90 3 32.57 .081
CRTO .90 1 37.06 .024
BBBY .90 16 15.98 .896
SPI .89 4 4.25 .836
BKE .89 6 41.97 .126
ACHL .89 1 5.57 .159
RTX .88 3 84.9 .030
IBM .88 10 130.63 .060
GMBL .88 2 4.29 .410
WMT .87 19 139.49 .114
GDEV .87 3 8.01 .324
DTSS .87 1 1.7081 .509
UTHR .86 4 214.04 .016
TTCF .86 2 16.35 .104
KODK .86 2 5.11 .336
GE .86 6 94 .054
VMEO .85 2 18.42 .092
SRNE .85 1 5.73 .148
DAL .85 6 39.3 .126
STX .84 10 113.61 .070
PTIX .84 2 1.63 1.030
NLS .84 2 6.26 .268
MO .84 4 46.7 .068
HOL .84 3 12.35 .204
FL .84 5 41.92 .100
DTST .84 3 3.28 .768
CLII .84 3 14.36 .174
APOP .84 5 13.17 .315
XLK .83 10 172.94 .040
TNA .83 5 84.2 .045
ROIV .83 1 11.96 .069
MAXR .83 4 31.16 .104
IRBO .83 1 41.97 .019
CNA .83 1 43.78 .018
BLUW .83 2 9.63 .172
ABBV .83 6 133.09 .036
SANA .82 1 15.35 .053
MNSO .82 1 10.07 .081
FITB .82 3 43.07 .057
BABA .82 99 118.66 .594
SPRT .81 20 11.8 1.360
MBRX .81 2 2.03 .798
ATVI .81 5 65.16 .060
SYPR .80 4 2.45 1.304
GTEC .80 4 6.78 .468
DD .80 4 78.54 .040
CYTK .80 6 44.66 .102
CALT .80 3 26.32 .090
BZUN .80 2 14.03 .114
ASAN .80 16 77.9 .160
SWI .79 1 14.61 .054
PNRG .79 1 66.6 .011
ERYP .79 4 2.23 1.416
ZY .78 3 7.61 .306
PTON .78 6 38.59 .120
IPHA .78 4 5.17 .600
GNOG .78 1 10.69 .072
CAI .78 1 56 .013
QFIN .77 9 21.99 .315
PLTR .77 2 18.93 .080
OLB .77 3 3.09 .747
FUV .77 2 8.69 .176
ENTX .77 2 3.05 .504
ALYA .77 4 2.53 1.216
VLDR .76 2 5.32 .284
NFLX .76 105 614.09 .105
NBRV .76 1 0.61 1.245
MOS .76 5 39.18 .095
LI .76 6 30.42 .144
IS .76 1 8.2 .092
GROM .76 2 2.09 .726
JBL .75 6 69.81 .060
FLWS .75 4 22.45 .132
SCKT .74 4 4.65 .636
MS .74 10 99.34 .070
MNOV .74 3 2.79 .795
GTIM .74 1 4.38 .168
GRVI .74 3 4.23 .522
EVOL .74 2 2.3 .642
BB .74 12 9.48 .936
ATXI .74 1 1.0199 .725
VZ .73 2 52.68 .026
VOOV .73 1 149.27 .004
UPC .73 3 1.65 1.326
SQBG .73 2 6.24 .232
SOFI .73 7 15.09 .336
RIOT .73 6 25.67 .168
OPNT .73 4 36.79 .076
NVFY .73 3 1.82 1.203
RMED .72 6 1.73 2.496
RETO .72 2 1.45 .992
DEN .72 4 72.62 .036
CRMT .72 9 102.82 .063
COP .72 9 71.19 .090
BTCM .72 4 7.05 .408
BFLY .72 1 7.39 .097
ARPO .72 1 2.2 .327
ZKIN .71 2 1.42 1.000
VALN .71 6 57.31 .072
UBER .71 6 43.91 .096
RFL .71 5 5.23 .675
PALI .71 3 1.67 1.275
BJ .71 8 64.26 .088
TBLA .70 1 9.85 .071
SONO .70 6 29.9 .138
ORGS .70 1 3.02 .231
OCX .70 1 2.3 .304
IGIC .70 3 7.74 .270
GLD .70 11 168.97 .044
DDD .70 12 22.02 .372
CRCT .70 4 23.46 .116
AMKR .70 2 23.13 .060
VRNT .69 5 50.82 .065
SLS .69 4 6.11 .448
FTEK .69 3 1.53 1.350
ASM .69 1 0.848 .813
APRE .69 3 3.37 .612
TQQQ .68 140 165.48 .560
STEM .68 6 19.79 .204
SM .68 3 29 .069
RIDE .68 7 4.12 1.155
ONCS .68 1 1.05 .647
CGC .68 3 9.62 .210
XONE .67 2 26.7 .050
SKLZ .67 4 8.51 .312
PPSI .67 9 7.99 .747
PLD .67 5 161.75 .020
NPTN .67 1 15.17 .044
JRJC .67 3 6.69 .300
FTCH .67 6 32.95 .120
FOE .67 1 21.74 .030
CROX .67 12 123.53 .060
CLNE .67 1 6.56 .102
ACH .67 1 14.58 .045
WFC .66 6 48.36 .078
VIPS .66 1 8.46 .078
PG .66 11 160.1 .044
PEP .66 7 169.78 .021
HCM .66 5 35.3 .090
CTKB .66 1 17.26 .038
ATNF .66 4 4.17 .632
AMOM .66 1 36.3163 .018
TATT .65 3 6.35 .306
STRO .65 2 14.25 .090
PCVX .65 1 24.16 .026
NEE .65 6 90.7 .042
MESO .65 2 4.82 .268
LMNL .65 3 1.17 1.665
IONQ .65 7 17.86 .252
FB .65 108 335.24 .108
AA .65 12 59.36 .120
SLGG .64 2 2.53 .504
SDC .64 2 2.85 .448
LZB .64 2 36.07 .034
SJM .63 14 133.85 .056
NKE .63 10 165.67 .030
LEXX .63 4 4.19 .600
FLOW .63 4 85.97 .028
CANF .63 2 1.37 .918
ARCE .63 3 21.32 .087
ULTA .62 1 392.37 .001
LJPC .62 2 4.72 .262
LAC .62 12 29.06 .252
ISEE .62 4 17 .144
CUE .62 1 12.44 .049
BON .62 3 4.72 .393
BLPH .62 1 2.96 .209
BCRX .62 10 13.92 .440
ASTR .62 5 8.27 .370
AREC .62 5 1.97 1.570
APG .62 2 24.98 .048
ALC .62 7 86.62 .049
WM .61 11 161.94 .033
VGR .61 1 16.96 .035
SOS .61 2 0.99 1.232
MVST .61 6 6.29 .576
ENSC .61 4 5.12 .476
BEKE .61 2 19 .064
AMBO .61 1 0.97 .628
PSTV .60 1 1.18 .508
MRVL .60 9 87.68 .054
KZR .60 3 15.69 .114
EVK .60 6 2.45 1.464
CEMI .60 8 1.74 2.752
AYRO .60 2 1.71 .700
AMRS .60 1 5.59 .107
SPTN .59 4 25.35 .092
YMM .58 2 8.3 .138
WPRT .58 2 2.48 .466
WISH .58 3 3.58 .486
STAF .58 2 1.02 1.136
M .58 17 25.14 .391
LEN .58 7 112.05 .035
IFRX .58 3 4.65 .372
CSIQ .58 4 31.11 .072
BRTX .58 1 4.8 .120
WEI .57 1 0.8 .712
SNAP .57 113 48.68 1.243
SBTX .57 1 6.65 .085
PRFX .57 4 1.59 1.432
ORPH .57 4 2.86 .796
NUAN .57 2 55.3 .020
EZFL .57 1 1.74 .327
CLPS .57 1 2.07 .275
CLPS .57 1 2.07 .275
VTSI .56 4 7.27 .308
UAA .56 4 20.62 .108
TTD .56 16 96.05 .080
SLV .56 3 21.16 .078
RY .56 8 104.33 .040
OLN .56 3 56.67 .027
OBLN .56 3 3.05 .549
MTP .56 1 1.2502 .447
LODE .56 3 1.44 1.164
CYAD .56 1 3.87 .144
VNE .55 6 35.46 .090
RSI .55 2 17 .064
MOSY .55 2 4.5 .244
MAT .55 6 20.69 .156
LOOP .55 5 12.44 .220
K .55 11 62.87 .088
FLXN .55 1 9.12 .060
EOLS .55 1 6.96 .079
WHLR .54 2 2 .540
TSM .54 3 120.68 .012
MSFT .54 117 334.69 .117
MPC .54 4 63.04 .032
INTC .54 7 51.31 .070
GPS .54 7 17.28 .217
ENZ .54 2 3.18 .338
ADMA .54 1 1.27 .425
TBIO .53 3 37.36 .042
SPRB .53 2 3.72 .284
NIO .53 77 30.52 1.309
MEDS .53 5 2.65 1.000
HUYA .53 4 7.09 .296
HPQ .53 6 37.65 .084
EQ .53 1 4.49 .118
DVAX .53 1 14.15 .037
CHPT .53 4 19.05 .108
BBWI .53 6 69.5 .042
SILK .52 7 44.09 .077
RF .52 2 21.52 .048
ANF .52 3 34.36 .045
RCON .51 2 1.56 .652
OCUP .51 2 3.81 .266
GFAI .51 2 1.36 .750
DYAI .51 3 4.11 .372
CPSH .51 1 4.34 .117
BLU .51 3 7.89 .192
TIGR .50 8 4.9 .816
PSTG .50 5 33.34 .070
PATI .50 2 8.2782 .120
MDIA .50 3 4.12 .363
GRTX .50 3 4.72 .315
CBAT .50 3 1.69 .885
RKDA .49 1 1.06 .462
PFE .49 18 58.71 .144
NRBO .49 2 1.515 .646
IGC .49 3 1.15 1.278
GP .49 3 8.86 .165
GEVO .49 4 4.84 .404
ENLV .49 2 6.2 .158
ECHO .49 1 48.24 .010
ATHM .49 3 28.23 .051
ARMP .49 1 5.66 .086
NNDM .48 3 3.91 .366
MT .48 2 32.08 .028
KIRK .48 3 14.85 .096
EPU .48 3 28.82 .048
TRIL .47 1 18.44 .025
TLRY .47 4 7.84 .236
SOHU .47 6 16.09 .174
EXPR .47 5 3.07 .765
DARE .47 1 2.07 .227
CCJ .47 11 22.22 .231
BODY .47 2 2.52 .372
BAC .47 6 44.42 .060
XPEV .46 84 46.09 .756
UFAB .46 2 2.04 .450
NTEC .46 4 9.63 .188
MARK .46 4 1.04 1.768
KO .46 9 58.22 .063
KBSF .46 2 3.05 .300
GURE .46 1 4.47 .102
EQOS .46 1 2.34 .196
CVV .46 2 4.09 .224
VERU .45 4 6.29 .284
TYME .45 4 0.6553 2.744
TME .45 1 6.34 .070
ONCT .45 2 2.62 .342
FCX .45 25 41.13 .250
EVGO .45 8 10.05 .352
CSCO .45 12 62.28 .084
CRDF .45 3 6.45 .207
CCL .45 5 21.2 .105
APT .45 1 5.84 .077
ADIL .45 2 2.78 .322
WORX .44 4 1.37 1.284
STN .44 3 55.4 .021
NNVC .44 3 3.94 .333
MTTR .44 15 23.22 .270
LESL .44 2 23.39 .036
GALT .44 3 2.37 .555
FFHL .44 2 7.16 .122
DWSN .44 2 2.29 .384
WOOF .43 3 19.69 .063
HOLI .43 1 13.65 .031
GAME .43 1 3.2 .134
EVGN .43 1 1.71 .251
CLF .43 12 20.29 .252
CAN .43 4 5.45 .312
ATIF .43 1 3.1434 .136
T .42 4 24.87 .064
HRC .42 6 155.96 .012
DBGI .42 5 2.44 .860
CTSO .42 4 4.45 .376
BWAY .42 3 7.51 .165
ARMK .42 4 36.05 .044
SRNG .41 1 11.42 .035
SLB .41 6 29.57 .078
RKT .41 2 15.27 .052
PDCO .41 4 28.86 .056
KZIA .41 2 8.39 .096
HNST .41 3 8.07 .150
GTT .41 1 2.36 .173
BLIN .41 8 2.42 1.352
AVCT .41 3 1.9 .645
AUUD .41 7 1.99 1.442
ACOR .41 4 2.38 .688
YJ .40 2 0.531 1.506
XLF .40 3 38.82 .030
LIZI .40 4 1.75 .912
FBRX .40 1 2.22 .180
DUOT .40 1 6.39 .062
CTIB .40 5 1.26 1.585
CHRA .40 1 4.59 .087
IYC .39 4 83.3 .016
HALO .39 1 40.24 .009
EQT .39 3 22.13 .051
DUK .39 8 102.97 .024
DNUT .39 9 16.91 .207
CSCW .39 2 0.5307 1.468
CRTD .39 7 2.34 1.162
AQMS .39 3 1.38 .846
XOM .38 10 61.02 .060
SBH .38 3 18.58 .060
RDUS .38 1 7.14 .053
OVID .38 2 3.39 .224
OTLK .38 2 1.38 .550
MRTN .38 3 16.62 .066
GPK .38 2 18.67 .040
CL .38 6 82.79 .024
ANIX .38 1 3.18 .119
VTNR .37 10 4.44 .830
UONE .37 7 4.98 .518
MRK .37 12 75.73 .048
LICY .37 1 10.05 .036
HUGE .37 1 1.03 .359
GT .37 6 21.07 .102
CHMA .37 2 3.76 .196
UAVS .36 3 1.9 .567
MRKR .36 1 0.9984 .360
MITQ .36 1 2.32 .155
JFIN .36 2 2.43 .296
IDEX .36 4 1.28 1.124
GOVX .36 7 4.02 .623
GNLN .36 2 1.02 .704
BNGO .36 12 3.24 1.332
AKTX .36 1 1.54 .233
ADMP .36 1 0.6385 .563
ACB .36 3 6.12 .174
VXX .35 4 20.18 .068
PHUN .35 16 3.06 1.824
ORMP .35 19 15.52 .418
ORGO .35 2 10.2 .068
ON .35 12 66.76 .060
LMFA .35 5 5.38 .325
KHC .35 6 35.25 .054
CLSD .35 3 2.95 .354
CIFR .35 3 5.21 .201
BSQR .35 13 1.75 2.600
AESE .35 1 1.87 .187
XELB .34 2 1.1997 .566
TRIT .34 5 2.64 .640
SSNT .34 2 4.56 .148
ME .34 6 7.43 .270
HWCC .34 1 5.3 .064
CYTH .34 1 3.93 .086
IMMR .33 6 6.1 .324
HNP .33 2 28.19 .022
GTS .33 1 35.6 .009
CIEN .33 21 76 .084
BHTG .33 1 0.837 .394
WATT .32 2 1.35 .474
TAL .32 2 4.08 .156
SPCB .32 2 0.5311 1.204
SGBX .32 3 2.2 .435
PRPL .32 6 13.5 .138
MINM .32 2 1.22 .524
CORT .32 2 19.85 .032
AAPL .32 112 176.28 .112
AAL .32 9 18.26 .153
XLV .31 8 139.3 .016
WINT .31 3 1.58 .588
ULBI .31 2 5.96 .104
SCYX .31 4 6.75 .180
LC .31 12 25.75 .144
HRL .31 7 47.77 .042
HMHC .31 2 16.26 .038
DMAC .31 2 3.6 .172
AEY .31 1 1.72 .180
TESS .30 3 7.6 .117
PBR .30 10 10.79 .270
OXBR .30 5 6.96 .215
MU .30 10 94.42 .030
LGHL .30 4 1.33 .900
KR .30 17 43.21 .102
HAPP .30 1 0.535 .560
ENG .30 3 1.54 .582
CLSK .30 1 11.91 .025
BRG .30 3 26.59 .033
BBIG .30 21 2.93 2.142
AUTL .30 3 5.46 .162
NEXT .29 4 3.19 .360
HUSN .29 4 2.65 .436
EFOI .29 4 4.02 .288
DRN .29 10 27.52 .100
ALTO .29 5 4.86 .295
AFMD .29 3 5.91 .147
XLP .28 12 75.25 .036
XLE .28 10 54.9 .050
ORCL .28 37 89.72 .111
NKLA .28 17 11.09 .425
MITO .28 1 0.81 .345
FLO .28 6 26.89 .060
EPAY .28 3 56.52 .012
CLOV .28 2 4.2 .132
APTO .28 4 1.47 .760
WIMI .27 4 3.19 .336
RSLS .27 4 1.98 .544
NAOV .27 11 1.08 2.750
MGTX .27 1 22.4 .012
INCY .27 5 73.47 .015
GSM .27 7 6.44 .287
FENC .27 2 4.49 .120
ERF .27 3 10.12 .078
ENVB .27 3 1.07 .756
ACI .27 12 29.9 .108
VIVE .26 2 1.3 .400
PPBT .26 1 4.205 .061
PME .26 1 0.65 .400
JQUA .26 1 44.89 .005
AXLA .26 2 2.5 .208
VCLO .25 1 16.61 .015
PBLA .25 1 1.69 .147
HITI .25 1 4.7 .053
HIPO .25 2 3.09 .160
GIS .25 12 65.99 .036
CONE .25 2 89.73 .004
RVI .24 2 6.29 .076
RAIL .24 4 3.93 .244
PLG .24 3 1.95 .369
MOGO .24 4 3.68 .260
IKT .24 1 1.57 .152
GNFT .24 5 5.4 .220
GBR .24 1 2.73 .087
ERJ .24 14 17.18 .182
CPIX .24 4 5.12 .184
UWMC .23 4 6.38 .144
PIRS .23 7 3.67 .434
BCLI .23 2 3.72 .122
THTX .22 1 3.1 .070
SSKN .22 1 1.42 .154
SPWH .22 3 11.49 .057
JFU .22 3 1.14 .576
INOV .22 2 41.06 .010
FFIE .22 2 5.12 .084
DYNT .22 5 1.075 1.020
BIOC .22 4 3.85 .228
ABUS .22 8 4.16 .416
VBLT .21 3 2.05 .306
TENX .21 1 1.12 .187
AZN .21 16 57.64 .048
ATOS .21 5 1.8 .580
ANY .21 20 3.54 1.180
ALZN .21 3 2.15 .291
ALAC .21 2 11.6999 .034
ENSV .20 1 1.01 .198
AEHR .20 31 20.47 .279
NBEV .19 1 1.13 .168
MOMO .19 3 9.05 .060
FLGC .19 6 2 .570
COTY .19 8 10.52 .144
BKYI .19 2 2.32 .162
BGI .19 3 4.53 .123
AGNC .19 4 15.39 .048
VSH .18 3 21.15 .024
IRIX .18 4 6.22 .112
FCEL .18 130 6.46 3.510
BLNK .18 14 28.52 .084
TISI .17 1 1.18 .144
PPC .17 2 27.55 .012
PETZ .17 4 5.39 .124
LIVX .17 2 3.07 .110
KXIN .17 6 1.39 .732
GMTX .17 2 2.91 .116
D .17 9 77.34 .018
AHPI .17 2 5.78 .058
SNES .16 2 1.05 .304
OCG .16 4 5.04 .124
INFI .16 4 2.55 .248
IMMP .16 7 3.46 .322
HFBL .16 1 20.382 .007
GGAL .16 4 9.69 .064
BP .16 7 26.97 .035
ZNGA .15 4 6.56 .088
IMV .15 2 1.3 .230
GSKY .15 2 11.46 .026
GRUB .15 3 10.9 .039
CREX .15 1 1.46 .102
CHNG .15 2 21.35 .014
BVXV .15 1 2.78 .053
VRS .14 1 27.05 .005
SYKE .14 3 54 .006
OEG .14 1 2.43 .057
NXTP .14 1 0.9061 .154
INM .14 1 1.5 .093
IEC .14 1 15.34 .009
EDU .14 1 2.05 .068
VIEW .13 2 4.57 .056
SVBI .13 1 13.63 .009
SALM .13 5 3.15 .205
OSMT .13 4 1.18 .440
GENE .13 3 2.23 .174
VERB .12 8 1.41 .680
SBBP .12 2 2 .120
PSTX .12 1 7.22 .016
MRO .12 18 16 .126
LTHM .12 19 24.99 .076
HDGE .12 3 24.86 .012
GSAT .12 2 1.25 .192
CRON .12 5 4.26 .140
CHNR .12 4 0.64 .748
UNIT .11 3 13.29 .024
TTM .11 14 31.21 .042
TELL .11 9 3.02 .324
SNMP .11 2 0.6264 .350
MOHO .11 3 0.4203 .783
GBS .11 1 1.61 .068
FENG .11 2 0.88 .250
FAST .11 6 62.59 .006
ET .11 6 8.22 .078
EKSO .11 2 3.02 .072
CSPR .11 1 6.67 .016
CALA .11 1 0.72 .152
ACHV .11 2 7.87 .026
SLHG .10 1 1.47 .068
RAVN .10 3 58.08 .003
OBSV .10 6 2.2 .270
KDMN .10 4 9.5 .040
EDTK .10 2 0.97 .206
CNFR .10 2 2.22 .090
CDEV .10 5 6.17 .080
AGEN .10 12 3.58 .324
YPF .09 3 3.92 .066
XELA .09 7 1.07 .588
WTER .09 2 1.29 .138
TEDU .09 2 1.47 .122
TAAG .09 1 20.9494 .004
SELF .09 1 5.4 .016
RIG .09 6 3.05 .174
PRPO .09 3 1.78 .150
CXM .09 1 16.02 .005
CPG .09 8 4.78 .144
AEMD .09 3 2.14 .126
AEI .09 2 0.5936 .302
XPDI .08 14 11.34 .098
TEO .08 2 5.15 .030
SBS .08 10 7.06 .110
MBII .08 1 0.6896 .116
CLDR .08 1 15.99 .005
BQ .08 2 0.92 .172
VSTM .07 3 2.31 .090
SWN .07 4 4.65 .060
RRD .07 10 10.73 .060
NEPT .07 2 0.425 .328
LMRK .07 2 16.49 .008
ITRO .07 1 1.27 .055
ITRN .07 3 26 .006
CPLG .07 1 15.67 .004
XBIO .06 8 1.44 .328
VG .06 1 20.76 .002
SSL .06 22 16.21 .066
OXY .06 31 28.85 .062
KULR .06 8 3.02 .152
ESXB .06 2 11.3 .010
ENIC .06 1 1.9 .031
DBVT .06 12 1.69 .420
ADMS .06 2 8.22 .014
ULTA .05 12 392.37 0
OCG .05 13 5.04 .117
MTL .05 19 3.13 .285
MDNA .05 8 1.77 .224
FRBK .05 1 3.75 .013
PSP .04 3 15.38 .006
PBT .04 2 9.08 .008
NOK .04 6 6.19 .036
MFGP .04 7 5.33 .049
IRCP .04 4 2.27 .068
FRO .04 17 7.08 .085
CXP .04 1 19.28 .002
AVGR .04 7 0.543 .511
VTGN .03 5 2.03 .070
VCAR .03 1 15.7 .001
SNDL .03 1 0.67 .044
SLVO .03 4 4.995 .024
SIC .03 1 14.49 .002
LPTX .03 3 2.95 .030
RTLR .02 9 10.72 .009
RCAT .02 3 2.18 .027
NWHM .02 1 8.99 .002
KIN .02 2 9.25 .004
EIC .02 2 17.14 .002
DSE .02 1 9.49 .002
PMD .01 1 6.95 .001
INFL .01 2 31.29 0
IACB .01 3 7.95 .003
DFP .01 3 27.6 0
BEST .01 3 0.9022 .033
WMPN 0 4 12.08 0
QQC 0 2 33.5997 0
QADB 0 4 87.54 0
PAE 0 1 9.92 0
ONON 0 1 51.42 0
NLSP 0 1 1.34 0
LHAA 0 1 9.71 0
HWBK 0 1 25 0
DVD 0 1 3.61 0
APWC 0 1 2.99 0
NSYS -.12 1 10.1645 -.011
