SHOP 28.96 11 1392.08 .220
PANW 23.18 1 563.6 .041
DWAC 22.11 4 50.66 1.744
MSTR 14.75 8 556.09 .208
CCMP 11.86 1 192 .061
RNG 11.84 1 193.57 .061
BKNG 10.17 8 2384.68 .032
SAM 9.40 7 501.97 .126
PCTY 8.94 1 237.2 .037
RMD 8.09 1 261.11 .030
REGN 7.44 9 647.28 .099
NVAX 7.31 16 153.25 .752
DUOL 7.27 3 102.38 .213
SIVB 7.01 8 683.19 .080
AMZN 6.99 94 3384.02 .188
PUBM 6.66 1 33.04 .201
LAD 6.41 5 291.75 .105
KRYS 6.33 1 70.74 .089
BLK 6.24 5 909.72 .030
SPLK 6.20 6 115.5 .318
W 6.04 9 191.72 .279
CAR 6.00 2 206.56 .058
EYPT 5.86 1 12.69 .461
DPZ 5.62 11 562.4 .099
MDB 5.57 9 538.01 .090
DDS 5.48 11 254.38 .231
KOSS 5.35 7 11.08 3.374
ASML 5.32 21 801.98 .126
VRTX 5.31 1 223.32 .023
EJH 5.21 6 1.48 21.120
AZO 5.11 12 2104.04 .024
THC 4.91 1 80.43 .061
DE 4.88 11 345.71 .154
INTU 4.61 8 648.03 .056
SI 4.55 8 148.77 .240
WBX 4.49 2 16.56 .542
GKOS 4.45 1 46.03 .096
RGEN 4.41 7 257.9 .119
SMH 4.39 2 313.39 .028
EEIQ 4.33 5 3.21 6.740
ISIG 4.32 1 23.04 .187
SE 4.12 19 213.91 .361
CARV 3.92 6 8.73 2.694
ZM 3.91 15 181.81 .315
EL 3.86 7 370.08 .070
GOOG 3.73 28 2930.09 .028
ANVS 3.73 6 17.96 1.242
IRTC 3.69 1 116.02 .031
CCXI 3.66 3 36.27 .300
SNPS 3.62 7 373.44 .063
U 3.60 6 144.55 .144
ABNB 3.59 10 167.44 .210
MA 3.58 7 361.29 .063
GPN 3.54 11 134.24 .286
XMTR 3.46 1 51.73 .066
EBET 3.45 6 17 1.212
ADBE 3.38 12 569.29 .060
DQ 3.36 7 37.87 .616
TSLA 3.35 159 1086.19 .477
SCPS 3.34 7 1.65 14.168
TOST 3.31 2 37.11 .178
SNOW 3.29 10 344.21 .090
GLSI 3.27 5 21.76 .750
ZG 3.19 7 59.21 .371
IAC 3.19 7 128.51 .168
BIIB 3.16 7 258.31 .084
ROKU 3.14 8 224.8 .104
LSI 3.13 2 150.7 .040
CMTL 3.13 1 23.66 .132
NEGG 3.07 20 10.06 6.100
MRNA 3.05 41 247.88 .492
GDYN 3.03 1 37.39 .081
IRNT 3.02 6 4.08 4.440
UPST 2.99 19 147.9 .380
GME 2.99 82 153.93 1.558
ANTM 2.99 6 467.67 .036
SITM 2.97 7 288.04 .070
LII 2.97 6 326.46 .054
BKKT 2.95 2 8.54 .690
ZLAB 2.93 7 63.28 .322
NEWR 2.93 6 110.03 .156
IWM 2.93 6 222.99 .078
GS 2.93 9 386.2 .063
NRXP 2.89 8 4.97 4.648
ZS 2.76 10 323.18 .080
LLY 2.74 11 278.42 .099
SAVA 2.73 29 42.99 1.827
JAN 2.73 6 4.03 4.062
PENN 2.65 10 49.07 .540
NVCR 2.63 10 78.35 .330
NCTY 2.63 5 6.99 1.880
DOCS 2.62 8 50.63 .408
OSTK 2.60 7 59.72 .301
BIGC 2.58 2 35.47 .144
WDAY 2.57 7 275.75 .063
SEDG 2.57 8 278.04 .072
ADGI 2.56 12 7.57 4.056
UNH 2.55 13 505.58 .065
FULC 2.54 6 16.67 .912
INDP 2.52 5 5.4 2.330
LMT 2.51 11 354.27 .077
CRM 2.49 14 254.54 .126
PWR 2.42 3 114.28 .063
AVXL 2.41 5 17.55 .685
PEAR 2.37 1 4.98 .475
COST 2.35 14 567.77 .056
CPOP 2.34 5 3.26 3.585
DPST 2.33 3 50.33 .138
QDEL 2.32 6 128 .108
CFLT 2.29 2 75.08 .060
SPY 2.27 4 477.48 .016
FLGT 2.27 6 98.11 .138
STE 2.26 5 242.32 .045
GRTS 2.25 7 12.63 1.246
AXON 2.25 1 154.7 .014
KMX 2.23 4 127.54 .068
SPB 2.21 1 100.78 .021
HCA 2.20 4 258.49 .032
TPST 2.19 5 5.28 2.070
AMGN 2.19 6 227.6 .054
PKG 2.17 5 134.61 .080
CHGG 2.17 3 29.28 .222
PKI 2.16 4 197.48 .040
PDD 2.15 5 54.01 .195
LGVN 2.15 6 11.92 1.080
KEYS 2.15 5 207.29 .050
DG 2.15 6 233.58 .054
PYPL 2.14 9 189.97 .099
DLPN 2.14 5 9.23 1.155
AACG 2.14 5 1.06 10.090
CI 2.12 6 231.65 .054
BHVN 2.12 5 139.08 .075
ACRS 2.12 7 14.51 1.022
DASH 2.11 10 150.11 .140
APPS 2.11 7 61.21 .238
HRI 2.10 5 162.29 .060
AUVI 2.10 10 2.65 7.920
ALEC 2.10 6 21.27 .588
ROST 2.08 4 113.31 .072
TSP 2.05 7 32.09 .441
AMEH 2.05 9 74.11 .243
ADSK 2.04 7 282.57 .049
MRIN 2.01 5 3.84 2.615
BYND 2.00 6 63.26 .186
UHAL 1.98 9 721.2 .018
XAIR 1.97 1 9.67 .203
WSM 1.97 6 169.67 .066
AAME 1.97 5 2.88 3.420
RNXT 1.96 4 4.72 1.660
CELH 1.96 7 73.11 .182
COHN 1.95 5 15.6515 .620
BNTX 1.93 32 240.61 .256
ACIU 1.91 2 5.02 .760
LCID 1.90 13 36.97 .663
DOCN 1.90 11 80.77 .253
DLTR 1.90 9 140.3 .117
SNA 1.89 5 217.39 .040
RL 1.89 8 117.46 .128
MSGE 1.88 4 67.28 .108
CAT 1.88 10 207.33 .090
BIDU 1.88 118 136.3 1.534
AFRM 1.88 18 98.28 .342
TDG 1.87 4 630.51 .008
COF 1.87 4 145.59 .048
VLO 1.86 4 74.65 .096
DIS 1.86 9 154.87 .108
ESTC 1.83 7 122.01 .098
ACMR 1.83 5 80.61 .110
ENPH 1.82 8 185.47 .072
KNBE 1.80 7 22.58 .553
ROLL 1.78 7 203.69 .056
CERE 1.78 7 32.92 .378
VRPX 1.77 9 3.19 4.986
RAPT 1.77 7 36.2 .336
DAVA 1.77 4 168.05 .040
HON 1.76 7 207.53 .056
XBI 1.75 6 112.74 .090
TASK 1.74 7 55.36 .217
LWAC 1.73 5 16.98 .505
WAVE 1.72 5 4.79 1.795
LIN 1.72 9 345.4 .036
LAIX 1.72 4 0.5706 12.056
IMPL 1.70 5 8.53 .995
NNOX 1.69 5 15.22 .555
KYMR 1.69 2 62.85 .052
SQ 1.68 24 161.85 .240
PAYX 1.68 4 137.38 .048
BURL 1.68 8 292.06 .040
ROG 1.67 1 272.96 .006
AN 1.67 8 113.02 .112
NMRD 1.66 4 4.5 1.472
VVOS 1.65 6 2.38 4.158
NVOS 1.65 5 1.42 5.805
AMD 1.65 26 148.26 .286
FISV 1.64 6 104.27 .090
CREE 1.64 5 79.12 .100
TRI 1.63 4 118.63 .052
JZXN 1.63 4 1.52 4.288
NVTS 1.62 2 15.51 .208
KMB 1.62 9 141.07 .099
GRU 1.62 1 4.7601 .340
EVA 1.62 2 70.5 .044
CVS 1.62 4 103.7 .060
CLDX 1.61 3 39.09 .123
PLCE 1.60 4 81.2 .076
STMP 1.59 4 329.61 .016
LH 1.59 9 308.67 .045
TMX 1.58 3 45.11 .105
LHDX 1.58 4 8.4 .752
DNA 1.58 1 8.88 .177
XLNX 1.57 16 217.62 .112
WYNN 1.57 5 84.98 .090
RLMD 1.57 4 21.66 .288
GH 1.57 8 96.26 .128
CARA 1.57 2 12.21 .256
DPW 1.56 5 1.6 4.875
TSC 1.55 1 30.83 .050
SPG 1.55 8 158.76 .072
IRDM 1.55 4 42.42 .144
FANG 1.55 7 108.71 .098
CRNC 1.55 4 76.59 .080
BLFS 1.55 1 39.59 .039
ARVN 1.55 8 79.91 .152
CPE 1.54 7 50.61 .210
CHCI 1.54 3 4.48 1.029
TERN 1.53 4 5.98 1.020
SIEB 1.53 5 2.06 3.710
DLO 1.53 5 35.03 .215
TSCO 1.52 9 236.76 .054
MRAM 1.52 3 10.98 .414
SNOA 1.51 4 4.56 1.324
WAFU 1.50 4 3.98 1.504
RBLX 1.49 16 97.34 .240
KTTA 1.49 1 1.93 .772
CNC 1.49 5 84.22 .085
BCYC 1.49 3 58.68 .075
ZIM 1.48 11 57.06 .275
STT 1.48 3 93.79 .045
RACE 1.48 13 257.8 .065
JNJ 1.48 6 171.55 .048
ADI 1.48 5 175.52 .040
NURO 1.47 11 5.03 3.212
FGEN 1.47 3 14.32 .306
EDIT 1.47 3 27.08 .162
VCVC 1.46 1 9.85 .148
LOW 1.46 12 257.57 .060
HTBX 1.46 2 3.18 .918
AAP 1.46 6 241.03 .036
SBEA 1.45 2 10.09 .286
EYEG 1.45 1 1.95 .743
COIN 1.45 11 252.6 .055
BTBT 1.45 10 6.31 2.290
BLDR 1.45 4 85.05 .068
BBY 1.45 7 100.86 .098
KALV 1.44 8 13.24 .864
FATE 1.44 4 59.22 .096
LYFT 1.43 5 43.24 .165
LANC 1.43 2 166.23 .016
ATKR 1.43 2 113.66 .024
TTC 1.42 5 100.25 .070
IMNM 1.42 4 14.42 .392
DELL 1.42 8 57.05 .192
RMBL 1.41 3 40.03 .105
KSS 1.41 10 50.08 .280
HOOD 1.41 14 17.11 1.148
TWTR 1.40 6 42.76 .192
JCS 1.40 3 2.38 1.764
HX 1.40 6 2.24 3.750
VERY 1.39 4 7.05 .788
EOSE 1.39 2 7.65 .362
TNET 1.38 1 96.97 .014
EXPI 1.38 6 33.26 .246
APP 1.38 10 91.28 .150
TWST 1.37 7 75.47 .126
LIVE 1.37 3 31.7899 .129
ECOM 1.37 1 25.23 .054
TAOP 1.35 3 1.93 2.097
NXPI 1.35 8 230.52 .040
EA 1.35 5 133.14 .050
WNW 1.34 1 2.57 .521
CAH 1.34 4 52.05 .100
J 1.33 4 138.25 .036
GRVY 1.33 7 70.65 .126
FIGS 1.33 6 26.31 .300
COUR 1.32 2 24.17 .108
AEO 1.32 2 25.81 .102
VIH 1.31 1 9.36 .139
TJX 1.31 6 75.46 .102
INMD 1.31 5 70.77 .090
BFRI 1.31 6 8.76 .894
ABCL 1.31 1 13.67 .095
A 1.31 10 160.65 .080
UHS 1.30 4 131 .036
LITE 1.30 3 106.89 .036
JG 1.30 3 1.01 3.861
GWRE 1.30 5 113.82 .055
BNR 1.30 3 9.43 .411
OLLI 1.29 2 51.13 .050
JPM 1.29 14 158.56 .112
ATAI 1.29 2 7.49 .344
APPN 1.29 4 66.78 .076
FRD 1.28 1 9.32 .137
BILI 1.28 23 42.57 .690
YETI 1.27 4 81.7 .060
RHE 1.27 2 4.47 .568
NFE 1.27 1 24.25 .052
HJLI 1.27 1 10.38 .122
APXT 1.27 1 12.11 .104
AKAM 1.27 4 118.33 .040
TTWO 1.26 5 180.3 .030
SPCE 1.26 24 13.04 2.304
DOMO 1.26 4 48.78 .100
THCB 1.25 1 10 .125
SPT 1.25 6 90.35 .078
OPAD 1.25 4 6.56 .760
NGM 1.25 2 17.39 .142
CHKP 1.25 6 118.61 .060
BYSI 1.25 5 4.37 1.430
ABSI 1.25 2 7.88 .316
SJ 1.24 4 5.72 .864
RSKD 1.24 2 7.61 .324
PBTS 1.24 1 0.5486 2.260
NVDA 1.24 166 300.01 .664
LPX 1.24 3 78.71 .045
LEDS 1.24 3 4.59 .810
JD 1.24 12 65.63 .216
EDSA 1.24 1 5.72 .216
CMMB 1.24 2 6.55 .378
BNTC 1.24 3 2.66 1.398
ANPC 1.24 2 1.05 2.360
ALXN 1.24 4 182.5 .024
TAP 1.23 2 45.95 .052
LAW 1.23 3 35.6 .102
JKS 1.23 5 43.3 .140
HOG 1.23 5 37.38 .160
ANET 1.23 1 145.71 .008
XLY 1.22 6 205.67 .030
RCUS 1.22 1 42.18 .028
EYES 1.22 6 1.69 4.326
DDL 1.22 2 14.09 .172
BZ 1.22 3 31.71 .114
PFGC 1.21 3 45.54 .078
OSAT 1.21 3 3.64 .996
LYEL 1.21 3 7.13 .507
HGEN 1.21 3 3.66 .990
EAT 1.21 3 36.9 .096
ARAV 1.21 1 2.28 .530
WHLM 1.20 4 5.07 .944
MMM 1.20 7 178.41 .042
MARA 1.20 21 33.91 .735
CRIS 1.20 2 4.82 .496
CLX 1.20 5 171.38 .035
CETX 1.20 1 0.7745 1.549
AMTX 1.20 3 12.06 .297
TVTX 1.19 3 30.67 .114
SGOC 1.19 9 6.2 1.719
AMC 1.19 60 27.95 2.520
V 1.18 11 218.17 .055
MQ 1.18 7 16.83 .490
DFH 1.18 1 19.54 .060
ZEV 1.17 4 6.21 .752
VMW 1.17 9 117.88 .081
TDC 1.17 5 43.83 .130
STZ 1.17 4 249.78 .016
SKT 1.17 3 19.51 .177
MVIS 1.17 5 5.1 1.145
VOXX 1.16 3 10.09 .342
SIF 1.16 1 6.015 .192
NTAP 1.16 4 93.18 .048
LAZR 1.16 5 16.56 .350
HGSH 1.16 2 2.15 1.078
AMAT 1.16 8 160.98 .056
WGO 1.15 3 75.55 .045
NTRB 1.15 2 3.56 .646
HCWB 1.14 2 2.4 .950
BBLG 1.14 1 3.36 .339
AVIR 1.14 3 8.82 .387
VNET 1.13 3 8.06 .420
VIR 1.13 8 39.11 .224
SYTA 1.13 3 3.22 1.050
STG 1.13 1 4.7 .240
BTX 1.13 2 4.28 .528
ARDS 1.12 1 2.02 .554
SHEN 1.11 3 25.9 .126
SEMR 1.11 3 20.78 .159
PMCB 1.11 3 2.49 1.335
CTRN 1.11 5 87.33 .060
CNET 1.11 1 0.98 1.132
ALLO 1.11 2 15.35 .144
XM 1.10 3 35.37 .093
OPTT 1.10 1 1.56 .705
MRUS 1.10 3 32.12 .102
JRVR 1.10 3 28.15 .117
XTLB 1.09 2 2.81 .774
SKX 1.09 4 43.83 .096
FOSL 1.09 2 10.14 .214
ALDX 1.09 2 4.01 .542
TGT 1.08 14 227.92 .056
SFIX 1.08 3 18.98 .168
MTSL 1.08 3 3.37 .960
FCBP 1.08 1 29.1 .037
B 1.08 1 46.91 .023
AZYO 1.08 1 5.9 .183
ALF 1.08 2 2.2 .980
SMLP 1.07 2 22.01 .096
AXP 1.07 6 163.83 .036
VYGR 1.06 2 2.7 .784
C 1.06 5 60.54 .085
SCR 1.05 5 35.58 .145
QCOM 1.05 15 186.2 .075
PTGX 1.05 3 34.38 .090
MNST 1.05 4 95.79 .040
CELC 1.05 3 12.96 .243
RUN 1.04 6 32.76 .186
PRTA 1.04 9 46.83 .198
OCGN 1.04 12 4.38 2.844
NETE 1.04 2 13.09 .158
LEGN 1.04 6 47.28 .126
KURA 1.04 4 14.66 .280
IPA 1.04 2 5.41 .384
FSTX 1.04 1 5 .208
AUPH 1.04 10 22.49 .460
TSN 1.03 5 86.42 .055
KMPH 1.03 3 9.08 .339
MFNC 1.02 2 21.5 .094
GIII 1.02 5 27.63 .180
ZCMD 1.01 1 1.8 .561
TMUS 1.01 7 117.64 .056
SCHW 1.01 6 84.96 .066
OVV 1.01 3 33.66 .090
MOXC 1.01 6 3.52 1.716
LL 1.01 1 17.84 .056
FUBO 1.01 3 15.4 .195
EGRX 1.01 2 52.15 .038
DKS 1.01 18 111.83 .162
PINS 1.00 4 35.95 .108
OMER 1.00 1 6.75 .148
ISPC 1.00 7 9.15 .763
UAL .99 3 44.43 .066
LOGI .99 6 83.86 .066
DKNG .99 6 26.59 .222
CM .99 9 115.5 .072
ACY .99 19 58.72 .304
TRCH .98 2 4.95 .394
MYGN .98 2 27.56 .070
MCD .98 8 268.49 .024
MBOT .98 2 8.3 .236
JWN .98 4 22.59 .172
IMTX .98 4 12.49 .312
HOFV .98 2 1.52 1.288
HHR .98 11 51.17 .209
VSCO .97 6 54.5 .102
SAFM .97 2 189.9 .010
BGFV .97 10 19.52 .490
RRGB .96 2 16.93 .112
IMAB .96 6 45.65 .126
FA .96 1 19.02 .050
BRLT .96 4 16.31 .232
AZPN .96 4 151.11 .024
SUPN .95 2 30.04 .062
HD .95 20 410.84 .040
BTWN .95 1 9.8 .096
BPTH .95 2 4.09 .464
AGRI .95 5 1.96 2.420
MDT .94 9 103.95 .081
HAS .94 6 99.51 .054
ENOB .94 5 7.2 .650
UPS .93 9 214.6 .036
TGTX .93 3 19.24 .144
NIU .93 4 15.41 .240
LIFE .93 4 7.29 .508
ABT .93 11 141.19 .066
PLUG .92 9 27.96 .288
OKE .92 3 58.77 .045
LBPH .92 1 5.11 .180
KNL .92 1 25.04 .036
YEXT .91 1 10.12 .089
SSY .91 3 1.53 1.782
OTIS .91 5 86.82 .050
GM .91 4 57.23 .060
BIG .91 3 44.54 .060
AIT .91 2 104.21 .016
GEG .90 1 2.02 .445
DXC .90 3 32.43 .081
CRTO .90 1 38.74 .023
BBBY .90 16 14.92 .960
SPI .89 4 3.79 .936
BKE .89 6 42.56 .120
ACHL .89 1 5.09 .174
RTX .88 3 85.89 .030
IBM .88 10 133.35 .060
GMBL .88 2 3.58 .490
WMT .87 19 142.71 .114
USB .87 6 56.6 .090
RELI .87 4 6.25 .556
GDEV .87 3 8.35 .312
DTSS .87 1 1.65 .527
UTHR .86 4 215.02 .012
TTCF .86 2 15.32 .112
KODK .86 2 4.6 .372
GE .86 6 94.79 .054
APT .86 2 6.4 .268
VMEO .85 2 17.73 .094
SRNE .85 1 4.87 .174
DAL .85 6 39.16 .126
STX .84 10 115 .070
PTIX .84 2 1.35 1.244
NLS .84 2 6.17 .272
MO .84 4 47.4 .068
HOL .84 3 12.35 .204
FL .84 5 43.61 .095
DTST .84 3 3.13 .804
CLII .84 3 14.36 .174
APOP .84 5 13.17 .315
XLK .83 10 175.88 .040
TNA .83 5 85.26 .045
ROIV .83 1 10.67 .077
MAXR .83 4 28.75 .112
IRBO .83 1 41.2909 .020
CNA .83 1 44.58 .018
BLUW .83 2 9.63 .172
ABBV .83 6 135.36 .036
SANA .82 1 15.39 .053
MNSO .82 1 9.32 .087
FITB .82 3 43.9 .054
BABA .82 99 112.09 .693
SPRT .81 20 11.8 1.360
MBRX .81 2 1.64 .986
ATVI .81 5 67.16 .060
SYPR .80 4 2.2 1.452
GTEC .80 4 6.49 .492
DD .80 4 80.59 .036
CYTK .80 6 46.38 .102
CALT .80 3 24.75 .096
BZUN .80 2 12.45 .128
ASAN .80 16 72.11 .176
SWI .79 1 14.34 .055
PNRG .79 1 67.9179 .011
LUV .79 8 42.16 .144
ERYP .79 4 2.3239 1.356
ZY .78 3 6.53 .357
PTON .78 6 34.56 .132
IPHA .78 4 4.65 .668
GNOG .78 1 9.65 .080
CAI .78 1 56 .013
QFIN .77 9 20.12 .342
PLTR .77 2 18.17 .084
OLB .77 3 2.8 .825
FUV .77 2 8 .192
ENTX .77 2 2.94 .522
ALYA .77 4 2.45 1.256
VLDR .76 2 4.63 .328
NFLX .76 105 610.54 .105
NBRV .76 1 0.5384 1.411
MOS .76 5 39.96 .095
LI .76 6 29.42 .150
GROM .76 2 1.73 .878
JBL .75 6 71.51 .060
FLWS .75 4 23.24 .128
SCKT .74 4 4.14 .712
MS .74 10 98.73 .070
MNOV .74 3 2.63 .843
GTIM .74 1 4.33 .170
GRVI .74 3 3.9 .567
EVOL .74 2 2.27 .650
BB .74 12 9.21 .960
ATXI .74 1 0.887401 .833
VZ .73 2 52.36 .026
UPC .73 3 1.6 1.368
SQBG .73 2 6.24 .232
SOFI .73 7 14.47 .350
RIOT .73 6 23 .186
OPNT .73 4 33.83 .084
NVFY .73 3 1.865 1.173
RMED .72 6 1.62 2.664
RETO .72 2 1.34 1.074
GLD .72 12 168.59 .048
DEN .72 4 76.06 .036
CRMT .72 9 102.46 .063
COP .72 9 72.92 .081
BTCM .72 4 6.23 .460
BFLY .72 1 6.39 .112
ARPO .72 1 2.2 .327
ZKIN .71 2 1.32 1.074
VALN .71 6 57.19 .072
UBER .71 6 42.46 .096
RFL .71 5 4.95 .715
PALI .71 3 1.4 1.521
BJ .71 8 67.27 .080
TBLA .70 1 9.85 .071
SONO .70 6 29.4 .138
ORGS .70 1 2.61 .268
OCX .70 1 2.09 .334
IGIC .70 3 7.86 .267
DDD .70 12 21.18 .396
CRCT .70 4 21.55 .128
AMKR .70 2 24.81 .056
VRNT .69 5 52.77 .065
SLS .69 4 5.36 .512
FTEK .69 3 1.38 1.500
ASM .69 1 0.8053 .856
APRE .69 3 2.88 .717
STEM .68 6 18.72 .216
SM .68 3 30.76 .066
RIDE .68 7 3.55 1.337
ONCS .68 1 0.8542 .796
CGC .68 3 8.76 .231
XONE .67 2 26.7 .050
SKLZ .67 4 7.19 .372
PPSI .67 9 7.51 .801
PLD .67 5 167.68 .015
NPTN .67 1 15.34 .043
JRJC .67 3 6.73 .297
FTCH .67 6 32.92 .120
CROX .67 12 129.95 .060
CLNE .67 1 6.11 .109
ACH .67 1 13.53 .049
WFC .66 6 48.45 .078
VIPS .66 1 7.5 .088
PG .66 11 164.19 .044
PEP .66 7 172.97 .021
HCM .66 5 34.61 .095
CTKB .66 1 17.14 .038
ATNF .66 4 3.72 .708
AMOM .66 1 36.0352 .018
TATT .65 3 6.43 .303
STRO .65 2 14.98 .086
PCVX .65 1 24.04 .027
NEE .65 6 91.99 .042
MESO .65 2 4.8 .270
LMNL .65 3 0.930899 2.094
LEN .65 8 116.1 .040
IONQ .65 7 17.7 .252
FB .65 108 342.94 .108
AA .65 12 59.63 .120
TQQQ .64 143 171.08 .429
SLGG .64 2 2.28 .560
SDC .64 2 2.32 .550
LZB .64 2 36.18 .034
SJM .63 14 135.1 .056
NKE .63 10 168.78 .030
LEXX .63 4 3.87 .648
FLOW .63 4 86.65 .028
CANF .63 2 1.45 .868
ARCE .63 3 21.38 .087
ULTA .62 1 405.3 .001
LJPC .62 2 4.65 .266
LAC .62 13 28.96 .273
ISEE .62 4 16.43 .148
CUE .62 1 11.43 .054
BON .62 3 4.56 .405
BLPH .62 1 2.93 .211
BCRX .62 10 13.7 .450
ASTR .62 5 6.61 .465
AREC .62 5 1.86 1.665
APG .62 2 25.53 .048
WM .61 11 166.38 .033
VGR .61 1 17.16 .035
SOS .61 2 0.821 1.484
MVST .61 6 5.53 .660
ENSC .61 4 4.4 .552
BEKE .61 2 17.95 .066
AMBO .61 1 0.88 .693
PSTV .60 1 1.03 .582
MRVL .60 9 88.54 .054
KZR .60 3 16.33 .108
EVK .60 6 2.3 1.560
CEMI .60 8 1.09 4.400
AYRO .60 2 1.56 .768
AMRS .60 1 5.22 .114
SPTN .59 4 26.25 .088
IS .59 2 7.65 .154
YMM .58 2 8.15 .142
WPRT .58 2 2.23 .520
WISH .58 3 3.01 .576
STAF .58 2 0.9263 1.252
M .58 17 26.98 .357
IFRX .58 3 4.3 .402
ICCM .58 1 2.98 .194
CSIQ .58 4 30.42 .076
BRTX .58 1 4.02 .144
WEI .57 1 0.7616 .748
SNAP .57 113 47.06 1.356
SBTX .57 1 6.19 .092
PRFX .57 4 1.26 1.808
ORPH .57 4 2.51 .908
EZFL .57 1 1.46 .390
CLPS .57 1 1.96 .290
CLPS .57 1 1.96 .290
VTSI .56 4 7.06 .316
UAA .56 4 21.08 .104
TTD .56 16 92.57 .096
RY .56 8 105.29 .040
OLN .56 3 58.27 .027
OBLN .56 3 3.05 .549
MTP .56 1 1.08 .518
LODE .56 3 1.26 1.332
CYAD .56 1 3.82 .146
VNE .55 6 35.64 .090
RSI .55 2 16.5 .066
MOSY .55 2 4.5 .244
MAT .55 6 21.17 .150
LOOP .55 5 12.21 .225
K .55 11 63.89 .088
FLXN .55 1 9.12 .060
EOLS .55 1 6.35 .086
WHLR .54 2 1.85 .582
VOOV .54 2 151.6 .006
TSM .54 3 121.41 .012
MSFT .54 117 341.95 .117
MPC .54 4 63.95 .032
INTC .54 7 51.83 .070
GPS .54 7 17.65 .210
ENZ .54 2 3.17 .340
ADMA .54 1 1.3 .415
TBIO .53 3 37.36 .042
NIO .53 77 28.25 1.386
MEDS .53 5 2.41 1.095
HUYA .53 4 6.24 .336
HPQ .53 6 37.98 .078
EQ .53 1 4.11 .128
DVAX .53 1 15 .035
CHPT .53 4 17.76 .116
BBWI .53 6 69.5 .042
ALC .53 8 88.5 .040
SILK .52 7 43.78 .077
RF .52 2 21.85 .046
ANF .52 3 35.34 .042
RCON .51 2 1.37 .744
OCUP .51 2 3.64 .280
GFAI .51 2 1.21 .842
DYAI .51 3 4.16 .366
CPSH .51 1 3.76 .135
BLU .51 3 7.95 .192
TIGR .50 8 4.5 .888
PSTG .50 5 33.44 .070
PATI .50 2 8.1 .122
MDIA .50 3 4.6 .324
CBAT .50 3 1.46 1.026
RKDA .49 1 1 .490
NRBO .49 2 1.23 .796
IGC .49 3 1.01 1.455
GP .49 3 7.88 .186
GEVO .49 4 4.39 .444
ENLV .49 2 5.81 .168
ECHO .49 1 48.24 .010
ATHM .49 3 26.13 .054
ARMP .49 1 5.4 .090
NNDM .48 3 3.76 .381
MT .48 2 32.43 .028
KIRK .48 3 15.19 .093
EPU .48 3 29.35 .048
TRIL .47 1 18.44 .025
TLRY .47 4 7.05 .264
SPRB .47 3 4.28 .327
SOHU .47 6 15.13 .186
EXPR .47 5 3.14 .745
DARE .47 1 1.96 .239
BODY .47 2 2.22 .422
BAC .47 6 44.63 .060
XPEV .46 84 44.47 .840
UFAB .46 2 1.93 .476
NTEC .46 4 9.63 .188
MARK .46 4 0.9496 1.936
KO .46 9 58.95 .063
KBSF .46 2 3.05 .300
GURE .46 1 4.31 .106
EQOS .46 1 1.96 .234
CVV .46 2 4.12 .222
CL .46 7 84.91 .035
CCJ .46 12 22.03 .240
VERU .45 4 5.91 .304
TYME .45 4 0.6686 2.692
TME .45 1 5.97 .075
ONCT .45 2 2.28 .394
FCX .45 25 41.98 .250
EVGO .45 8 9.36 .384
CSCO .45 12 63.96 .084
CRDF .45 3 5.93 .225
CCL .45 5 20.79 .105
ADIL .45 2 2.52 .356
WORX .44 4 1.22 1.440
STN .44 3 56.08 .021
NNVC .44 3 3.62 .363
MTTR .44 15 21.32 .300
LESL .44 2 23.31 .036
GALT .44 3 2.17 .606
FFHL .44 2 7.9 .110
DWSN .44 2 2.3 .382
WOOF .43 3 19.5 .066
PFE .43 19 57.58 .133
MU .43 11 96.17 .044
HOLI .43 1 14.08 .030
GAME .43 1 3.16 .136
EVGN .43 1 1.65 .260
CLF .43 12 20.78 .240
CAN .43 4 4.89 .348
ATIF .43 1 3.25 .132
T .42 4 24.64 .068
HRC .42 6 155.96 .012
DUK .42 9 104.76 .036
DBGI .42 5 2.14 .980
CTSO .42 4 4.15 .404
BWAY .42 3 7.68 .162
ARMK .42 4 36.72 .044
SRNG .41 1 11.42 .035
SLB .41 6 29.65 .078
RKT .41 2 14.29 .056
PDCO .41 4 29.92 .052
KZIA .41 2 8.0001 .102
HNST .41 3 7.73 .159
GTT .41 1 2.36 .173
BLIN .41 8 2.22 1.472
AUUD .41 7 1.78 1.610
ACOR .41 4 2.3 .712
YJ .40 2 0.652 1.226
XLF .40 3 39.19 .030
LIZI .40 4 1.74 .916
GRTX .40 4 4.48 .356
FBRX .40 1 2.08 .192
DUOT .40 1 6.095 .065
CTIB .40 5 1.28 1.560
CHRA .40 1 4.7 .085
IYC .39 4 84.23 .016
HALO .39 1 40.29 .009
EQT .39 3 22.8 .051
DNUT .39 9 17.72 .198
CSCW .39 2 0.503 1.550
CRTD .39 7 2.2 1.239
AQMS .39 3 1.22 .957
XOM .38 10 61.15 .060
SBH .38 3 18.97 .060
RDUS .38 1 6.84 .055
OVID .38 2 3.15 .240
OTLK .38 2 1.33 .570
MRTN .38 3 17.15 .066
GPK .38 2 19.43 .038
ANIX .38 1 2.97 .127
VTNR .37 10 4.44 .830
UONE .37 7 4.66 .553
MRK .37 12 76.95 .048
LICY .37 1 9.5 .038
HUGE .37 1 0.982801 .376
GT .37 6 21.4 .102
CHMA .37 2 3.76 .196
UAVS .36 3 1.53 .705
MRKR .36 1 0.95 .378
MITQ .36 1 2.08 .173
JFIN .36 2 2.16 .332
IDEX .36 4 1.16 1.240
GOVX .36 7 3.73 .672
GNLN .36 2 0.9073 .792
BNGO .36 12 3 1.440
AKTX .36 1 1.48 .243
ADMP .36 1 0.5734 .627
ACB .36 3 5.45 .198
VXX .35 4 18.71 .072
SLV .35 5 21.11 .080
PHUN .35 16 2.68 2.080
ORMP .35 19 13.1 .494
ORGO .35 2 9.19 .076
ON .35 12 68.93 .060
LMFA .35 5 4.94 .350
KHC .35 6 35.81 .054
CLSD .35 3 2.78 .375
CIFR .35 3 4.48 .234
BSQR .35 13 1.64 2.769
AESE .35 1 1.7 .205
XELB .34 2 1.09 .622
TRIT .34 5 2.29 .740
SSNT .34 2 4.385 .154
ME .34 6 6.55 .306
HWCC .34 1 5.3 .064
CYTH .34 1 4.09 .083
NUAN .33 3 55.32 .015
IMMR .33 6 5.8 .336
HNP .33 2 25.89 .024
GTS .33 1 35.69 .009
CIEN .33 21 77.6 .084
BHTG .33 1 0.837 .394
WATT .32 2 1.21 .528
TAL .32 2 3.44 .186
SPCB .32 2 0.4362 1.466
SGBX .32 3 1.92 .498
PRPL .32 6 13.29 .144
MINM .32 2 1.23 .520
FOE .32 2 21.8 .028
CORT .32 2 19.26 .032
AAPL .32 112 179.38 .112
AAL .32 9 18.05 .153
WINT .31 3 1.4 .663
ULBI .31 2 6.04 .102
SCYX .31 4 6.35 .192
LC .31 12 24.18 .144
HRL .31 7 48.53 .042
HMHC .31 2 16.26 .038
DMAC .31 2 3.51 .176
D .31 10 78.42 .030
AEY .31 1 1.68 .184
TESS .30 3 6.33 .141
OXBR .30 5 6.36 .235
LGHL .30 4 1.3 .920
KR .30 17 44.71 .102
HAPP .30 1 0.5291 .567
ENG .30 3 1.31 .687
CLSK .30 1 9.85 .030
BRG .30 3 26.73 .033
BBIG .30 21 2.47 2.541
AUTL .30 3 5.1 .174
NEXT .29 4 2.92 .396
HUSN .29 4 2.57 .448
EFOI .29 4 4.38 .264
DRN .29 10 29.84 .090
ALTO .29 5 4.8 .300
AFMD .29 3 5.51 .156
XLE .28 10 55.7 .050
ORCL .28 37 88.21 .111
NKLA .28 17 9.88 .476
MITO .28 1 0.78 .358
FLO .28 6 27.44 .060
EPAY .28 3 56.65 .012
CLOV .28 2 3.74 .148
APTO .28 4 1.35 .828
XLV .27 9 141.2 .009
WIMI .27 4 2.89 .372
RSLS .27 4 1.65 .652
NAOV .27 11 1.01 2.937
MGTX .27 1 23.56 .011
INCY .27 5 73.79 .015
GSM .27 7 6.36 .294
FENC .27 2 4.22 .126
ERF .27 3 10.51 .075
ENVB .27 3 0.965 .837
ACI .27 12 30.05 .096
VIVE .26 2 1.11 .468
PPBT .26 1 3.8359 .067
PME .26 1 0.455 .571
JQUA .26 1 45.6905 .005
AXLA .26 2 2.09 .248
VCLO .25 1 15.34 .016
PBLA .25 1 1.75 .142
HITI .25 1 4.33 .057
AVCT .25 6 2.25 .666
RAIL .24 4 3.78 .252
PLG .24 3 1.69 .426
MOGO .24 4 3.47 .276
IKT .24 1 1.38 .173
GBR .24 1 2.57 .093
CPIX .24 4 4.73 .200
CONE .24 3 90.19 .006
UWMC .23 4 6.01 .152
PIRS .23 7 3.51 .455
GIS .23 13 67.02 .039
ERJ .23 15 17.11 .195
BCLI .23 2 4.01 .114
THTX .22 1 2.97 .074
SSKN .22 1 1.39 .158
SPWH .22 3 11.38 .057
PBR .22 12 10.9 .240
JFU .22 3 1.1 .600
INOV .22 2 41.06 .010
FFIE .22 2 4.84 .090
DYNT .22 5 0.9891 1.110
BIOC .22 4 3.52 .248
ABUS .22 8 3.76 .464
VBLT .21 3 1.92 .327
TENX .21 1 1.01 .207
AZN .21 16 58.65 .048
ATOS .21 5 1.6 .655
ALZN .21 3 1.94 .324
ALAC .21 2 11.68 .034
ENSV .20 1 0.8671 .230
ANY .20 21 2.95 1.407
AEHR .20 31 23.43 .248
NBEV .19 1 1.07 .177
MOMO .19 3 8.2 .069
FLGC .19 6 1.76 .642
COTY .19 8 10.43 .144
BKYI .19 2 2.15 .176
BGI .19 3 4.71 .120
VSH .18 3 22.55 .021
IRIX .18 4 6.02 .116
GNFT .18 7 4.94 .252
FCEL .18 131 5.11 4.585
BLNK .18 14 26.27 .084
TISI .17 1 1.09 .155
PPC .17 2 28.18 .012
PETZ .17 4 4.24 .160
LIVX .17 2 3.07 .110
KXIN .17 6 1.12 .906
GMTX .17 2 2.88 .118
AGNC .17 5 15.39 .055
SNES .16 2 0.9382 .340
OCG .16 4 5.02 .124
INFI .16 4 2.25 .284
IMMP .16 7 3.43 .322
HFBL .16 1 20.382 .007
GGAL .16 4 9.85 .064
BP .16 7 26.99 .035
ZNGA .15 4 6.29 .092
XLP .15 14 76.83 .014
VRS .15 2 26.95 .010
IMV .15 2 1.22 .244
HIPO .15 3 2.82 .159
GSKY .15 2 11.49 .026
GRUB .15 3 10.62 .042
CREX .15 1 1.37 .109
CHNG .15 2 21.26 .014
XERS .14 1 2.51 .055
SYKE .14 3 54 .006
OEG .14 1 2.15 .065
NXTP .14 1 0.8441 .165
INM .14 1 1.32 .106
IEC .14 1 15.34 .009
EDU .14 1 1.9 .073
VIEW .13 2 4.47 .058
SVBI .13 1 13.63 .009
SALM .13 5 2.98 .215
OSMT .13 4 1.12 .464
GENE .13 3 1.915 .201
VERB .12 8 1.25 .768
SBBP .12 2 2 .120
PSTX .12 1 6.91 .017
MRO .12 18 16.57 .126
LTHM .12 19 24.84 .076
HDGE .12 3 24.84 .012
GSAT .12 2 1.17 .204
CRON .12 5 3.85 .155
CHNR .12 4 0.5967 .804
AHPI .12 3 5.95 .060
UNIT .11 3 13.77 .021
TTM .11 14 31.55 .042
TELL .11 9 3.09 .315
SNMP .11 2 0.5598 .392
MOHO .11 3 0.4012 .822
GBS .11 1 1.5 .073
FENG .11 2 0.83 .264
FAST .11 6 64.42 .006
ET .11 6 8.15 .078
EKSO .11 2 2.72 .080
CSPR .11 1 6.67 .016
CALA .11 1 0.6245 .176
ACHV .11 2 7.56 .028
SLHG .10 1 1.39 .071
RAVN .10 3 58.08 .003
OBSV .10 6 1.99 .300
KDMN .10 4 9.5 .040
EDTK .10 2 0.9512 .210
CNFR .10 2 2.27 .088
CDEV .10 5 6.26 .075
AGEN .10 12 3.38 .348
YPF .09 3 3.99 .066
XELA .09 7 0.8875 .707
WTER .09 2 1.22 .146
TEDU .09 2 1.62 .110
TAAG .09 1 20.9494 .004
SELF .09 1 5.69 .015
RIG .09 6 2.86 .186
PRPO .09 3 1.62 .165
CXM .09 1 15.76 .005
CPG .09 8 5.2 .136
AEMD .09 3 1.97 .135
AEI .09 2 0.573 .314
XPDI .08 14 10.53 .098
TEO .08 2 5.18 .030
SSL .08 23 16.4 .092
MBII .08 1 0.71 .112
CLDR .08 1 15.99 .005
BQ .08 2 0.87 .182
VSTM .07 3 2.05 .102
SWN .07 4 5.09 .052
SBS .07 11 7.06 .099
NEPT .07 2 0.3636 .384
LMRK .07 2 16.49 .008
ITRO .07 1 1.27 .055
ITRN .07 3 26.25 .006
CPLG .07 1 15.67 .004
BVXV .07 4 2.32 .120
XBIO .06 8 1.27 .376
VG .06 1 20.78 .002
RVI .06 3 6.42 .027
RRD .06 11 10.67 .055
OXY .06 31 29.26 .062
KULR .06 8 2.75 .168
ESXB .06 2 11.3 .010
ENIC .06 1 1.77 .033
DBVT .06 12 1.61 .444
ADMS .06 2 8.22 .014
ULTA .05 12 405.3 0
OCG .05 13 5.02 .117
MTL .05 19 3.19 .285
MDNA .05 8 1.65 .240
FRBK .05 1 3.79 .013
PSP .04 3 15.33 .006
PBT .04 2 9.07 .008
NOK .04 6 6.29 .036
MFGP .04 7 5.43 .049
IRCP .04 4 2.23 .068
CXP .04 1 19.28 .002
AVGR .04 7 0.455 .609
VTGN .03 5 1.9 .075
VCAR .03 1 16.1 .001
SNDL .03 1 0.5904 .050
SIC .03 1 14.49 .002
LPTX .03 5 3.02 .045
FRO .03 19 6.98 .076
RTLR .02 9 11.16 .009
RCAT .02 3 2.11 .027
NWHM .02 1 8.99 .002
KIN .02 2 9.25 .004
EIC .02 2 17.15 .002
DSE .02 1 9.49 .002
PMD .01 1 6.96 .001
INFL .01 2 31.07 0
IACB .01 3 7.95 .003
DFP .01 3 27.48 0
BEST .01 3 0.7974 .036
WMPN 0 4 12.05 0
SLVO 0 5 5.01 0
QQC 0 2 34.0086 0
QADB 0 4 87.54 0
PAE 0 1 9.91 0
ONON 0 1 51.42 0
NLSP 0 1 1.13 0
LHAA 0 1 9.72 0
HWBK 0 1 25.29 0
DVD 0 1 3.61 0
APWC 0 1 2.99 0
NSYS -.12 1 10.06 -.011
