EJH 5.21 6 1.65 18.942
SCPS 3.34 7 2 11.690
LAIX 1.72 4 0.66 10.424
AACG 2.14 5 1.24 8.625
CPOP 2.34 5 1.71 6.840
EEIQ 4.33 5 3.33 6.500
NVOS 1.65 5 1.4001 5.890
NEGG 3.07 20 10.98 5.580
DPW 1.56 5 1.6 4.875
NRXP 2.89 8 5.04 4.584
AUVI 2.32 9 4.97 4.194
VRPX 1.77 9 3.91 4.068
IRNT 3.02 6 4.73 3.828
EYES 1.22 6 1.91 3.828
JAN 2.73 6 4.28 3.822
HX 1.40 6 2.24 3.750
JZXN 1.63 4 1.75 3.724
FCEL .18 130 6.4 3.640
VVOS 1.65 6 2.74 3.612
JG 1.30 3 1.13 3.450
ADGI 2.56 12 8.91 3.444
SIEB 1.53 5 2.23 3.430
AAME 1.97 5 3.2084 3.070
KOSS 5.35 7 12.29 3.045
NURO 1.47 11 5.73 2.816
CEMI .60 8 1.74 2.752
NAOV .27 11 1.08 2.750
TYME .45 4 0.68 2.644
BSQR .35 13 1.75 2.600
RMED .72 6 1.73 2.496
AMC 1.19 60 28.68 2.460
ANPC 1.24 2 1.05 2.360
OCGN 1.04 12 5.3 2.352
MRIN 2.01 5 4.3 2.335
CARV 3.92 6 10.07 2.334
PBTS 1.24 1 0.5726 2.165
BBIG .30 21 2.93 2.142
INDP 2.52 5 6.05 2.080
AGRI .95 5 2.29 2.070
SPCE 1.26 24 14.53 2.064
BTBT 1.45 10 7.23 2.000
JCS 1.40 3 2.28 1.842
PHUN .35 16 3.06 1.824
TAOP 1.35 3 2.25 1.800
TPST 2.19 5 6.1 1.795
MARK .46 4 1.03 1.784
SAVA 2.73 29 44.19 1.769
SGOC 1.19 9 6.2 1.719
SSY .91 3 1.63 1.674
LMNL .65 3 1.17 1.665
DWAC 22.11 4 53.1 1.664
WAVE 1.72 5 5.19 1.655
NCTY 2.63 5 8.11 1.620
CTIB .40 5 1.26 1.585
GME 2.99 82 152.14 1.558
RNXT 1.96 4 5.09 1.540
BIDU 1.88 118 144.12 1.534
AREC .62 5 2.03 1.525
CSCW .39 2 0.521 1.496
WAFU 1.50 4 4.05 1.480
AUUD .41 7 1.94 1.477
EVK .60 6 2.45 1.464
MOXC 1.18 5 4.06 1.450
PRFX .57 4 1.59 1.432
YJ .40 2 0.56 1.428
ERYP .79 4 2.23 1.416
CETX 1.20 1 0.8501 1.411
NMRD 1.66 4 4.72 1.404
SPRT .81 20 11.8 1.360
SNAP .57 113 46.77 1.356
BLIN .41 8 2.42 1.352
FTEK .69 3 1.53 1.350
BNGO .36 12 3.24 1.332
UPC .73 3 1.65 1.326
NIO .53 77 30.52 1.309
BYSI 1.25 5 4.84 1.290
SYPR .80 4 2.48 1.288
WORX .44 4 1.37 1.284
IGC .49 3 1.15 1.278
PALI .71 3 1.67 1.275
BNTC 1.24 3 2.98 1.248
SNOA 1.51 4 4.85 1.244
PMCB 1.11 3 2.69 1.236
DLPN 2.14 5 8.63 1.235
GRTS 2.25 7 12.75 1.232
SOS .61 2 0.99 1.232
ALYA .77 4 2.53 1.216
SPCB .32 2 0.5302 1.206
LODE .56 3 1.4 1.200
ANY .21 20 3.46 1.200
STAF .58 2 0.9771 1.186
NBRV .76 1 0.6459 1.176
NVFY .73 3 1.875 1.167
EBET 3.45 6 17.72 1.164
RIDE .68 7 4.12 1.155
CRTD .39 7 2.39 1.141
HOFV .98 2 1.74 1.126
IDEX .36 4 1.28 1.124
ANVS 3.73 6 20.66 1.080
RETO .72 2 1.34 1.074
HOOD 1.41 14 18.38 1.064
CHCI 1.54 3 4.45 1.038
PTIX .84 2 1.63 1.030
DYNT .22 5 1.075 1.020
CNET 1.11 1 1.11 1.000
ZKIN .71 2 1.42 1.000
MEDS .53 5 2.65 1.000
HGSH 1.16 2 2.33 .994
SJ 1.24 4 4.9997 .992
MVIS 1.17 5 5.91 .985
TERN 1.53 4 6.21 .984
OSAT 1.21 3 3.7 .981
ACRS 2.12 7 15.27 .966
MTSL 1.08 3 3.37 .960
WHLM 1.20 4 5.07 .944
LGVN 2.15 6 13.7 .936
BB .74 12 9.48 .936
CANF .63 2 1.37 .918
HCWB 1.14 2 2.5 .912
BBBY .90 16 15.63 .912
LIZI .40 4 1.75 .912
LGHL .30 4 1.33 .900
HGEN 1.21 3 4.05 .894
CBAT .50 3 1.71 .876
DBGI .42 5 2.39 .875
IMPL 1.70 5 9.81 .865
ALF 1.08 2 2.51 .860
AQMS .39 3 1.38 .846
ASM .69 1 0.82 .841
FULC 2.54 6 18.05 .840
SPI .89 4 4.25 .836
VTNR .37 10 4.43 .830
TIGR .50 8 4.9 .816
VERY 1.39 4 6.84 .812
XTLB 1.09 2 2.72 .800
ORPH .57 4 2.85 .800
MBRX .81 2 2.03 .798
MNOV .74 3 2.79 .795
KALV 1.44 8 14.44 .792
DTST .84 3 3.26 .771
NVAX 9.84 14 177.25 .770
LHDX 1.58 4 8.25 .764
HTBX 1.46 2 3.82 .764
APTO .28 4 1.47 .760
LEDS 1.24 3 4.89 .759
XPEV .46 84 46.09 .756
ENVB .27 3 1.07 .756
GFAI .51 2 1.36 .750
EXPR .47 5 3.13 .750
MOHO .11 3 0.44 .750
CHNR .12 4 0.64 .748
OLB .77 3 3.09 .747
PPSI .67 9 7.99 .747
EYEG 1.45 1 1.95 .743
KTTA 1.49 1 2.01 .741
KXIN .17 6 1.39 .732
ATXI .74 1 1.0199 .725
VYGR 1.06 2 2.93 .722
WEI .57 1 0.8 .712
ACIU 1.91 2 5.39 .708
GROM .76 2 2.15 .706
GNLN .36 2 1.02 .704
ZEV 1.17 4 6.79 .688
ACOR .41 4 2.38 .688
VERB .12 8 1.41 .680
OPAD 1.25 4 7.39 .676
RFL .71 5 5.23 .675
RCON .51 2 1.53 .666
TRIT .34 5 2.57 .660
LCID 1.90 13 37.64 .650
NVDA 1.25 162 296.4 .648
ONCS .68 1 1.05 .647
NRBO .49 2 1.515 .646
AVCT .41 3 1.9 .645
EVOL .74 2 2.3 .642
NTRB 1.15 2 3.61 .636
SCKT .74 4 4.65 .636
BKKT 2.95 2 9.3 .634
ATNF .66 4 4.17 .632
AMBO .61 1 0.97 .628
GOVX .36 7 4.02 .623
BILI 1.28 23 47 .621
OPTT 1.10 1 1.77 .621
COHN 1.95 5 15.605 .620
AVXL 2.41 5 19.5 .615
APRE .69 3 3.37 .612
AYRO .60 2 1.98 .606
WINT .31 3 1.53 .606
DQ 3.36 7 38.93 .602
MARA 1.03 20 34.13 .600
IPHA .78 4 5.17 .600
JFU .22 3 1.1 .600
BABA .82 99 117.81 .594
LEXX .63 4 4.25 .592
XELA .09 7 1.07 .588
SYTA 1.89 1 3.22 .586
ENG .30 3 1.54 .582
ATOS .21 5 1.8 .580
MVST .61 6 6.29 .576
WBX 4.49 2 15.75 .570
ENOB .94 5 8.23 .570
FLGC .19 6 2 .570
UAVS .36 3 1.9 .567
XELB .34 2 1.1997 .566
GLSI 3.27 5 28.99 .560
WNW 1.34 1 2.39 .560
ISPC 1.00 7 12.35 .560
TQQQ .68 140 161.64 .560
HAPP .30 1 0.535 .560
ADMP .36 1 0.6434 .559
MINM .32 2 1.15 .556
GALT .44 3 2.37 .555
ZCMD 1.01 1 1.82 .554
OTLK .38 2 1.38 .550
OBLN .56 3 3.05 .549
RSLS .27 4 1.98 .544
ALEC 2.10 6 23.13 .540
WHLR .54 2 2 .540
KNBE 1.80 7 23.21 .539
AVGR .04 7 0.5151 .539
RHE 1.27 2 4.8 .528
ALDX 1.09 2 4.17 .522
GRVI .74 3 4.23 .522
PENN 2.65 10 50.87 .520
UONE .37 7 4.98 .518
BGFV .97 10 18.66 .510
DTSS .87 1 1.7081 .509
PSTV .60 1 1.18 .508
LWAC 1.73 5 16.98 .505
ENTX .77 2 3.05 .504
SLGG .64 2 2.53 .504
WISH .58 3 3.48 .498
NKLA .35 16 11.09 .496
WPRT .58 2 2.38 .486
BFRI 1.28 5 13.17 .485
MRNA 3.13 40 249.99 .480
ENSC .61 4 5.12 .476
SDC .64 2 2.69 .474
WATT .32 2 1.35 .474
LIFE .93 4 7.85 .472
NNOX 1.69 5 17.86 .470
MQ 1.18 7 17.44 .469
ARAV 1.21 1 2.58 .468
BTX 1.13 2 4.87 .464
CRIS 1.20 2 5.18 .462
RKDA .49 1 1.06 .462
GTEC .80 4 6.96 .456
AUPH 1.04 10 23.05 .450
UFAB .46 2 2.04 .450
SLS .69 4 6.11 .448
MTP .56 1 1.2502 .447
DBVT .06 12 1.6 .444
LYEL 1.21 3 8.21 .441
BCRX .62 10 13.84 .440
OSMT .13 4 1.18 .440
HUSN .29 4 2.65 .436
SGBX .32 3 2.2 .435
GEG .90 1 2.07 .434
PIRS .23 7 3.67 .434
EYPT 5.86 1 13.55 .432
RELI 1.87 1 4.32 .432
BPTH .95 2 4.4 .430
ARDS 1.12 1 2.64 .424
MRAM 1.52 3 10.84 .420
BTCM .72 4 6.8 .420
NEXT .29 4 2.76 .420
PEAR 2.37 1 5.65 .419
ADMA .54 1 1.29 .418
ORMP .35 19 15.38 .418
ABUS .22 8 4.16 .416
GMBL .88 2 4.24 .414
BON .62 3 4.51 .411
GEVO .49 4 4.84 .404
DOCS 2.62 8 51.54 .400
BODY .47 2 2.34 .400
VIVE .26 2 1.3 .400
TRCH .98 2 4.95 .394
BHTG .33 1 0.837 .394
M .58 17 24.87 .391
IPA 1.04 2 5.36 .388
DWSN .44 2 2.29 .384
PME .26 1 0.6774 .383
BNR 1.30 3 10.17 .381
UPST 2.99 19 148.14 .380
PLG .24 3 1.9 .378
CTSO .42 4 4.45 .376
AVIR 1.14 3 9.11 .375
VNET 1.13 3 9.09 .372
DDD .70 12 22.02 .372
IFRX .58 3 4.65 .372
DYAI .51 3 4.11 .372
EFOI .46 3 3.7 .372
ASTR .62 5 8.27 .370
MRKR .36 1 0.983 .366
ZG 3.19 7 60.8 .364
EZFL .57 1 1.57 .363
MDIA .50 3 4.12 .363
GRTX .50 3 4.2 .357
CLSD .35 3 2.95 .354
CERE 1.78 7 34.94 .350
SNMP .11 2 0.6264 .350
HUGE .37 1 1.06 .349
NNDM .48 3 4.11 .348
LAZR 1.16 5 16.7 .345
MITO .28 1 0.81 .345
IMNM 1.42 4 16.5 .344
SE 4.12 19 222.88 .342
KMPH 1.03 3 8.97 .342
ACY .99 19 54.99 .342
ONCT .45 2 2.62 .342
BNTX 3.02 31 255.29 .341
ENZ .54 2 3.18 .338
RAPT 1.77 7 36.62 .336
KODK .86 2 5.11 .336
SOFI .73 7 14.99 .336
EVGO .45 8 10.47 .336
WIMI .27 4 3.19 .336
AGEN .10 12 3.51 .336
ATAI 1.29 2 7.72 .334
VOXX 1.16 3 10.43 .333
NNVC .44 3 3.96 .333
CAN .43 4 5.18 .332
IMMP .16 7 3.4 .329
CMMB 1.24 2 7.54 .328
NEPT .07 2 0.425 .328
XBIO .06 8 1.44 .328
ARPO .72 1 2.2 .327
LMFA .35 5 5.38 .325
AFRM 1.88 18 101.16 .324
EOSE 1.39 2 8.57 .324
IMMR .33 6 6.02 .324
ADIL .45 2 2.78 .322
SPLK 6.20 6 115.92 .318
ZY .78 3 7.31 .318
TSLA 3.00 158 1067 .316
APOP .84 5 13.17 .315
QFIN .77 9 21.99 .315
VBLT .21 3 2 .315
TELL .11 9 3.11 .315
GRU 1.51 1 4.795 .314
FIGS 1.33 6 25.51 .312
SKLZ .67 4 8.51 .312
NVCR 2.63 10 84 .310
RSKD 1.24 2 8 .310
GDEV .87 3 8.39 .309
ZLAB 2.93 7 65.84 .308
VTSI .56 4 7.18 .308
APPS 3.13 6 61.3 .306
TSP 1.90 6 36.75 .306
TATT .65 3 6.35 .306
OCX .70 1 2.3 .304
SNES .16 2 1.05 .304
AEI .09 2 0.5936 .302
ZM 3.91 15 191.65 .300
IMTX .98 4 12.96 .300
JRJC .67 3 6.69 .300
SPRB .53 2 3.53 .300
KBSF .46 2 3.05 .300
ZIM 1.48 11 53.66 .297
HUYA .53 4 7.09 .296
JFIN .36 2 2.43 .296
ALTO .29 5 4.86 .295
FGEN 1.47 3 14.97 .294
ALZN .21 3 2.13 .294
CCXI 3.66 3 37.72 .291
ABSI 1.25 2 8.67 .288
ME .34 6 6.96 .288
OSTK 2.60 7 62.85 .287
BBLG 1.14 1 3.97 .287
GSM .27 7 6.44 .287
GPN 3.54 11 135.37 .286
SBEA 1.45 2 10.11 .286
VLDR .76 2 5.32 .284
VERU .45 4 6.27 .284
RLMD 1.57 4 22.25 .280
KSS 1.41 10 50.19 .280
PLUG .92 9 29.4 .279
AMTX 1.20 3 12.97 .276
LJPC .62 2 4.47 .276
CLPS .57 1 2.06 .276
CLPS .57 1 2.06 .276
MOGO .24 4 3.44 .276
AMD 1.61 25 143.88 .275
MTTR .44 15 23.22 .270
PBR .30 10 10.79 .270
OBSV .10 6 2.22 .270
MTL .05 18 3.13 .270
NLS .84 2 6.26 .268
MESO .65 2 4.82 .268
IGIC .70 3 7.81 .267
IONQ .65 7 16.82 .266
OCUP .51 2 3.81 .266
W 6.04 9 203.79 .261
KURA 1.04 4 16.06 .256
DOCN 1.90 11 79.24 .253
AMEH 2.05 9 71.32 .252
LAC .62 12 29.06 .252
CLF .43 12 20.29 .252
EVGN .43 1 1.71 .251
FCX .45 25 41.13 .250
FENG .11 2 0.88 .250
CARA 1.57 2 12.66 .248
INFI .16 4 2.55 .248
MOSY .55 2 4.5 .244
RAIL .24 4 3.93 .244
SI 4.55 8 147.75 .240
SQ 1.68 24 167.38 .240
AEHR .17 30 19.07 .240
BRLT .96 4 16.05 .236
TLRY .47 4 7.84 .236
AKTX .36 1 1.54 .233
NIU .93 4 15.98 .232
SQBG .73 2 6.24 .232
DDS 5.48 11 256.09 .231
TASK 1.74 7 51.65 .231
ORGS .70 1 3.02 .231
CCJ .47 11 22.19 .231
OVID .38 2 3.28 .230
IMV .15 2 1.3 .230
EXPI 1.38 6 35.94 .228
DARE .47 1 2.06 .228
BIOC .22 4 3.82 .228
CELC 1.05 3 13.98 .225
RBLX 1.49 16 102.77 .224
STG 1.13 1 5.04 .224
CVV .46 2 4.09 .224
MDNA .05 8 1.77 .224
SHOP 28.96 11 1439.33 .220
FOSL 1.09 2 9.83 .220
GNFT .30 4 5.4 .220
NVTS 1.62 2 14.75 .218
CPE 1.54 7 48.95 .217
BLPH .62 1 2.85 .217
GPS .54 7 17.28 .217
JD 1.24 12 68.65 .216
CGC .68 3 9.37 .216
DNUT .39 9 15.9 .216
LOOP .55 5 12.71 .215
OXBR .30 5 6.96 .215
CHGG 2.17 3 30.55 .213
AXLA .26 2 2.44 .212
DLO 1.53 5 35.6 .210
CIFR .35 3 4.98 .210
HHR .98 11 51.54 .209
VIR 1.13 8 42.7 .208
CRDF .45 3 6.45 .207
EDTK .10 2 0.97 .206
SALM .13 5 3.15 .205
HOL .84 3 12.35 .204
STEM .68 6 19.79 .204
EDSA 1.24 1 6.12 .202
XAIR 1.97 1 9.79 .201
MSTR 14.75 8 569.99 .200
ABNB 3.59 10 171.31 .200
DELL 1.42 8 55.37 .200
DUOL 7.27 3 108.96 .198
DKNG .99 6 29.44 .198
ENSV .20 1 1.01 .198
EQOS .46 1 2.34 .196
CHMA .37 2 3.76 .196
CPIX .24 4 4.81 .196
FSTX 1.04 1 5.35 .194
SIF 1.16 1 6 .193
BLU .51 3 7.96 .192
GSAT .12 2 1.25 .192
PUBM 6.66 1 34.81 .191
CELH 1.96 7 70.89 .189
PRTA 1.04 9 48.39 .189
AMZN 6.99 94 3421.37 .188
NTEC .46 4 9.63 .188
AESE .35 1 1.87 .187
TENX .21 1 1.12 .187
TWTR 1.40 6 44.16 .186
GIII 1.02 5 27.05 .185
DDL 1.22 2 13.26 .184
JWN .98 4 21.24 .184
ERJ .24 14 17.18 .182
PDD 2.15 5 58.44 .180
SKT 1.17 3 19.23 .180
RUN 1.04 6 34.65 .180
FBRX .40 1 2.22 .180
ACB .36 3 5.93 .180
SCYX .31 4 6.75 .180
AEY .31 1 1.72 .180
SFIX 1.08 3 18.27 .177
GENE .13 3 2.2 .177
BYND 2.00 6 67.99 .174
CLII .84 3 14.36 .174
SOHU .47 6 16.12 .174
RIG .09 6 3.05 .174
GTT .41 1 2.36 .173
BLUW .83 2 9.63 .172
DMAC .31 2 3.6 .172
BQ .08 2 0.92 .172
FUBO 1.01 3 17.7 .171
LBPH .92 1 5.4 .170
FUV .77 2 8.97 .170
IAC 3.19 7 131.81 .168
GTIM .74 1 4.38 .168
RIOT .73 6 25.67 .168
TOST 3.31 2 39.63 .166
NBEV .19 1 1.14 .166
LYFT 1.43 5 42.46 .165
HOG 1.23 5 36.24 .165
GP .49 3 8.86 .165
BWAY .42 3 7.51 .165
SEMR 1.11 3 20.42 .162
DKS 1.01 18 103.94 .162
AUTL .30 3 5.46 .162
BKYI .19 2 2.32 .162
MITQ .36 1 2.23 .161
ASAN .80 16 77.9 .160
HIPO .25 2 3.09 .160
ACHL .89 1 5.57 .159
AZYO 1.08 1 6.82 .158
NETE 1.04 2 13.09 .158
ENLV .49 2 6.2 .158
NEWR 2.93 6 108.69 .156
MAT .55 6 20.69 .156
TAL .32 2 4.08 .156
DE 4.88 11 347 .154
SSKN .22 1 1.42 .154
NXTP .14 1 0.9061 .154
AAL .32 9 18.26 .153
ARVN 1.55 8 81.25 .152
CALA .11 1 0.72 .152
KULR .06 8 3.04 .152
PBLA .25 1 1.65 .151
LI .76 6 30.4 .150
HNST .41 3 8.07 .150
AFMD .29 3 5.71 .150
IKT .24 1 1.6 .150
TISI .17 1 1.13 .150
PRPO .09 3 1.78 .150
DNA 1.58 1 10.67 .148
VCVC 1.46 1 9.85 .148
SRNE .85 1 5.73 .148
EDIT 1.47 3 29.54 .147
SSNT .34 2 4.64 .146
SCR 1.05 5 35.58 .145
U 3.60 6 144.89 .144
DPST 2.33 3 47.88 .144
IRDM 1.55 4 42.62 .144
ISEE .62 4 17 .144
PFE .49 18 59.55 .144
LC .31 12 25.55 .144
UWMC .23 4 6.38 .144
COTY .19 8 10.52 .144
CPG .09 8 4.78 .144
ALLO 1.11 2 15.51 .142
TGTX .93 3 19.39 .141
APP 1.38 10 93.83 .140
JKS 1.23 5 43.17 .140
CYAD .56 1 4 .140
CRON .12 5 4.26 .140
WTER .09 2 1.28 .140
VIH 1.31 1 9.36 .139
LUV .99 6 41.87 .138
SONO .70 6 29.9 .138
PRPL .32 6 13.5 .138
ATIF .43 1 3.12 .137
CLOV .28 2 4.09 .136
FRD 1.28 1 9.47 .135
BCLI .46 1 3.4 .135
NGM 1.25 2 18.42 .134
YMM .58 2 8.58 .134
GAME .43 1 3.2 .134
GRVY 1.33 7 69.71 .133
BIGC 2.58 2 38.51 .132
FLGT 2.27 6 100.21 .132
FLWS .75 4 22.26 .132
CMTL 3.13 1 24 .130
DASH 2.11 10 153.68 .130
VSCO 1.29 5 49.11 .130
TDC 1.17 5 44.11 .130
OMER 1.00 1 7.64 .130
RL 1.89 8 112.14 .128
GH 1.57 8 97.48 .128
CRM 2.49 14 252.8 .126
LEGN 1.04 6 49.08 .126
BKE .89 6 40.87 .126
MRO .12 18 16.04 .126
AEMD .09 3 2.14 .126
THCB 1.25 1 10 .125
DAL 1.02 5 39.3 .125
PETZ .17 4 5.39 .124
OCG .16 4 5.04 .124
SHEN 1.11 3 26.56 .123
HJLI 1.27 1 10.38 .122
FFHL .44 2 7.16 .122
TEDU .09 2 1.47 .122
ASML 5.51 20 801.41 .120
ACMR 1.83 5 75.71 .120
JRVR 1.10 3 27.14 .120
IMAB .96 6 45.87 .120
PTON .78 6 38.59 .120
FTCH .67 6 32.95 .120
AA .65 12 59.36 .120
BRTX .58 1 4.8 .120
PATI .50 2 8.2782 .120
FENC .27 2 4.49 .120
BGI .19 3 4.66 .120
IRIX .18 4 5.86 .120
SBBP .12 2 2 .120
SAM 9.40 7 524.87 .119
ANIX .38 1 3.18 .119
EQ .53 1 4.49 .118
DLTR 1.90 9 137 .117
LIVE 1.37 3 34.9965 .117
TVTX 1.19 3 30.47 .117
MSFT .54 117 333.2 .117
CPSH .51 1 4.34 .117
TESS .30 3 7.6 .117
OCG .05 13 5.04 .117
CRCT .70 4 23.46 .116
GMTX .17 2 2.91 .116
MBII .08 1 0.6896 .116
CLDX 1.61 3 42 .114
AEO 1.32 2 23.04 .114
RRGB .96 2 16.81 .114
WMT .87 19 139.49 .114
BZUN .80 2 14.03 .114
KZR .60 3 15.69 .114
RGEN 4.41 7 269.67 .112
AN 1.67 8 112.12 .112
XLNX 1.57 16 216.11 .112
TWST 1.37 7 84.5 .112
JPM 1.29 14 157.26 .112
CHPT .53 4 18.62 .112
AAPL .32 112 176.28 .112
ORCL .28 37 89.72 .111
LAD 6.41 5 289.03 .110
DPZ 5.62 11 545.84 .110
LLY 2.74 11 273.1 .110
LIVX .17 2 3.07 .110
SBS .08 10 7.06 .110
DIS 1.86 9 153.63 .108
MAXR .83 4 30.53 .108
FB .65 108 335.24 .108
UAA .56 4 20.62 .108
ACI .27 12 29.8 .108
AMRS .60 1 5.59 .107
TMX 1.58 3 44.35 .105
RMBL 1.41 3 39.68 .105
BZ 1.22 3 34.67 .105
NFLX .76 105 614.09 .105
CCL .45 5 21.25 .105
ROKU 3.14 8 233.52 .104
MSGE 1.88 4 71.1 .104
CAH 1.34 4 50.75 .104
COUR 1.32 2 25.09 .104
APXT 1.27 1 12.11 .104
SKX 1.09 4 41.61 .104
PINS 1.00 4 37.26 .104
TTCF .86 2 16.5 .104
KZIA .41 2 7.79 .104
ULBI .31 2 5.96 .104
TJX 1.31 6 74 .102
MRUS 1.10 3 31.76 .102
CYTK .80 6 44.66 .102
CLNE .67 1 6.56 .102
GURE .46 1 4.47 .102
GT .37 6 21.07 .102
KR .30 17 43.21 .102
CREX .15 1 1.46 .102
VLO 1.86 4 71.73 .100
CREE 1.64 5 79.12 .100
FL .84 5 41.92 .100
DRN .29 10 27.52 .100
REGN 7.44 9 625.38 .099
PYPL 2.14 9 191.68 .099
KMB 1.62 9 138.89 .099
LAW 1.23 3 36.33 .099
ESTC 1.83 7 123.98 .098
FANG 1.55 7 105.94 .098
BBY 1.45 7 97.37 .098
XPDI .08 14 11.34 .098
BFLY .72 1 7.39 .097
QDEL 2.32 6 137.39 .096
DOMO 1.26 4 50.64 .096
EAT 1.21 3 37.28 .096
BTWN .95 1 9.8 .096
UBER .71 6 43.91 .096
KIRK .48 3 14.61 .096
GKOS 4.45 1 46.8 .095
MOS .76 5 38.72 .095
SMLP 1.07 2 22.6 .094
MFNC 1.02 2 21.5 .094
INM .14 1 1.48 .094
XM 1.10 3 35.17 .093
OVV 1.01 3 32.45 .093
VMEO .85 2 18.42 .092
IS .76 1 8.19 .092
SPTN .59 4 25.35 .092
BIIB 3.16 7 235.41 .091
CM 1.53 7 115.9 .091
MDB 5.57 9 551.11 .090
SNOW 3.29 10 349.22 .090
CAT 1.88 10 206.2 .090
FISV 1.64 6 106.19 .090
WYNN 1.57 5 85.87 .090
INMD 1.31 5 72.07 .090
VMW 1.17 9 116.89 .090
USB 1.06 5 56.31 .090
PTGX 1.05 3 34.25 .090
CALT .80 3 26.32 .090
COP .72 9 71.08 .090
HCM .66 5 35.07 .090
VNE .55 6 35.35 .090
VSTM .07 3 2.31 .090
FATE 1.44 4 64.1 .088
BJ .71 8 64.13 .088
STRO .65 2 14.7 .088
K .55 11 62.78 .088
ARMP .49 1 5.54 .088
ZNGA .15 4 6.56 .088
KRYS 6.33 1 72.33 .087
ABCL 1.31 1 14.93 .087
ARCE .63 3 21.32 .087
CHRA .40 1 4.59 .087
GBR .24 1 2.73 .087
YEXT .91 1 10.57 .086
CNFR .10 2 2.3 .086
CNC 1.49 5 84.72 .085
C 1.06 5 60.21 .085
SBTX .57 1 6.65 .085
CYTH .34 1 4 .085
FRO .04 17 7.08 .085
XBI 1.75 6 118.22 .084
PLCE 1.60 4 75.59 .084
OPNT .73 4 34.01 .084
HPQ .53 6 37.28 .084
SILK .52 7 43.15 .084
CSCO .45 12 61.53 .084
CIEN .33 21 75.73 .084
FFIE .22 2 5.12 .084
BLNK .18 14 28.52 .084
MDT .94 9 101.34 .081
DXC .90 3 32.57 .081
MNSO .82 1 10.07 .081
ERF .27 3 9.91 .081
SIVB 7.01 8 672.69 .080
ZS 2.76 10 323 .080
PKG 2.17 5 130.99 .080
A 1.31 10 156.78 .080
PLTR .77 2 18.88 .080
TTD .56 16 93.49 .080
CDEV .10 5 6.17 .080
EOLS .55 1 6.96 .079
IWM 2.93 6 222.04 .078
BLDR 2.17 3 81.06 .078
SPT 1.25 6 94.99 .078
PFGC 1.21 3 45.16 .078
WFC .66 6 48.36 .078
VIPS .66 1 8.44 .078
SLV .56 3 21.16 .078
SLB .41 6 29.5 .078
ET .11 6 8.21 .078
LMT 2.51 11 347.02 .077
APT .45 1 5.82 .077
GDYN 3.03 1 39.72 .076
CRNC 1.55 4 78.92 .076
RVI .24 2 6.29 .076
LTHM .12 19 24.99 .076
BHVN 2.12 5 135.06 .075
QCOM 1.05 15 182.74 .075
PSTG .50 5 32.96 .075
GBS .11 1 1.46 .075
XMTR 3.46 1 46.89 .073
SEDG 2.57 8 284.01 .072
ROST 2.08 4 110.16 .072
ENPH 1.82 8 189.33 .072
SPG 1.55 8 155.46 .072
BCYC 1.49 3 60.27 .072
GNOG .78 1 10.69 .072
VALN .71 6 57.31 .072
CSIQ .58 4 31.11 .072
TBLA .70 1 9.85 .071
EL 3.86 7 361.7 .070
SITM 2.97 7 283.94 .070
TTC 1.42 5 99.32 .070
CTRN 1.11 5 76.36 .070
MYGN .98 2 27.29 .070
STX .84 10 111.42 .070
ROIV .83 1 11.85 .070
MS .74 10 98.3 .070
INTC .54 7 51.31 .070
TME .45 1 6.42 .070
THTX .22 1 3.1 .070
EKSO .11 2 3.06 .070
VTGN .03 5 2.03 .070
SM .68 3 29.15 .069
YPF .09 3 3.89 .069
KMX 2.23 4 127.87 .068
APPN 1.29 4 71.98 .068
MO .84 4 46.7 .068
VXX .35 4 20.18 .068
ORGO .35 2 10.2 .068
EDU .14 1 2.05 .068
SLHG .10 1 1.47 .068
IRCP .04 4 2.27 .068
WSM 1.97 6 168.96 .066
SCHW 1.01 6 85.13 .066
LOGI .99 6 84.86 .066
MRTN .38 3 16.62 .066
SSL .06 22 16.16 .066
UNH 2.55 13 495.38 .065
HRI 2.10 5 158.5 .065
RACE 1.48 13 253.46 .065
VRNT .69 5 50.5 .065
CFLT 2.29 2 69.5 .064
RSI .55 2 17 .064
T .42 4 24.87 .064
HWCC .34 1 5.3 .064
GGAL .16 4 9.54 .064
SNPS 3.62 7 366.15 .063
MA 3.58 7 360.58 .063
GS 2.93 9 382.33 .063
WDAY 2.57 7 278.05 .063
BIG .91 3 43.15 .063
KO .46 9 58.18 .063
WOOF .43 3 19.69 .063
MOMO .19 3 9 .063
CCMP 11.86 1 189.98 .062
BEKE .61 2 19.35 .062
DUOT .40 1 6.39 .062
OXY .06 31 28.92 .062
RNG 11.84 1 192.46 .061
THC 4.91 1 79.26 .061
DFH 1.18 1 19.07 .061
PPBT .26 1 4.205 .061
ADBE 3.38 12 569.62 .060
COIN 1.63 10 254.55 .060
CVS 1.62 4 101.31 .060
LOW 1.46 12 249.7 .060
V 1.32 10 217.96 .060
YETI 1.27 4 82.4 .060
CHKP 1.25 6 114.99 .060
TSN 1.03 5 85.22 .060
SUPN .95 2 30.8 .060
GM .91 4 56.91 .060
JBL .90 5 69.81 .060
ABT .90 10 138.99 .060
IBM .88 10 129.75 .060
ATVI .81 5 64.1 .060
AMKR .70 2 22.88 .060
FLXN .55 1 9.12 .060
BAC .47 6 44.42 .060
XOM .38 10 61.02 .060
SBH .38 3 18.58 .060
ON .35 12 66.76 .060
FLO .28 6 26.89 .060
SWN .07 4 4.53 .060
RRD .07 10 10.73 .060
LL 1.01 1 17.16 .058
FITB .82 3 42.7 .057
SPWH .22 3 11.49 .057
OEG .14 1 2.43 .057
INTU 4.61 8 631.66 .056
COST 2.35 14 550.37 .056
ROLL 1.78 7 205.02 .056
HON 1.76 7 201.84 .056
AMAT 1.16 8 152.32 .056
TGT 1.08 14 217.74 .056
TMUS 1.01 7 120.56 .056
SJM .63 14 132.99 .056
PDCO .41 4 28.78 .056
VIEW .13 2 4.57 .056
GWRE 1.30 5 113.81 .055
ITRO .07 1 1.27 .055
LII 2.97 6 316.11 .054
AMGN 2.19 6 223.79 .054
DG 2.15 6 221.33 .054
CI 2.12 6 225.89 .054
KYMR 1.69 2 61.77 .054
TSCO 1.52 9 228.27 .054
ECOM 1.37 1 24.99 .054
UAL 1.24 2 44.57 .054
HAS .94 6 96.62 .054
GE .86 6 94 .054
SWI .79 1 14.61 .054
CRMT .72 9 103.53 .054
MRVL .60 9 87.68 .054
RKT .41 2 15.12 .054
RDUS .38 1 7 .054
KHC .35 6 35.25 .054
HITI .25 1 4.62 .054
AHPI .17 2 6.18 .054
CAR 6.00 2 223.93 .052
TRI 1.63 4 116.86 .052
OLLI 1.29 2 48.05 .052
TAP 1.23 2 45.59 .052
FA .96 1 18.16 .052
CUE .62 1 11.72 .052
TSC 1.55 1 29.96 .051
ATHM .49 3 27.96 .051
EQT .39 3 22.18 .051
KEYS 2.15 5 201.43 .050
EA 1.35 5 132.54 .050
NFE 1.27 1 25.25 .050
WM .92 10 161.94 .050
OTIS .91 5 85.25 .050
TNA .83 5 82.23 .050
SANA .82 1 16.38 .050
XONE .67 2 26.7 .050
XLE .28 10 54.9 .050
ADSK 2.04 7 282.61 .049
MFGP .04 7 5.33 .049
PWR 2.69 2 111.88 .048
COF 1.87 4 145.1 .048
PAYX 1.68 4 133.41 .048
LPX 1.24 3 76.29 .048
NTAP 1.16 4 89.9 .048
WGO 1.15 3 71.15 .048
CROX .67 12 139.78 .048
APG .62 2 24.98 .048
RF .52 2 21.34 .048
EPU .48 3 28.82 .048
MRK .37 12 75.73 .048
AZN .21 16 58.08 .048
AGNC .19 4 15.39 .048
STE 2.26 5 234.84 .045
SNA 1.89 5 209.94 .045
LIN 1.72 9 339.17 .045
JNJ 1.64 5 167.93 .045
LH 1.59 9 301.91 .045
STT 1.48 3 93.03 .045
OKE .92 3 57.78 .045
ACH .67 1 14.58 .045
ANF .52 3 34.36 .045
PKI 2.16 4 193.77 .044
EVA 1.62 2 71.06 .044
MNST 1.05 4 93.84 .044
GLD .70 11 168.59 .044
NPTN .67 1 15.17 .044
PG .66 11 160.1 .044
ARMK .42 4 36.05 .044
SNDL .03 1 0.67 .044
LSI 3.13 2 146.86 .042
MMM 1.20 7 174.97 .042
ALC .68 6 86.23 .042
NEE .65 6 90.7 .042
TBIO .53 3 37.36 .042
BBWI .53 6 68.58 .042
HRL .31 7 47.77 .042
TTM .11 14 31.5 .042
PANW 23.18 1 561.78 .041
DAVA 1.77 4 163.12 .040
BURL 1.68 8 287.19 .040
ADI 1.48 5 172.29 .040
NXPI 1.35 8 226.76 .040
UHS 1.30 4 128.13 .040
AKAM 1.27 4 116.2 .040
HD .95 20 397.07 .040
XLK .83 10 171.98 .040
DD .80 4 77 .040
RY .56 8 104.33 .040
GPK .38 2 18.67 .040
KDMN .10 4 9.5 .040
GRUB .15 3 10.9 .039
CTKB .66 1 17.05 .038
HMHC .31 2 16.26 .038
PCTY 8.94 1 239.36 .037
BLFS 1.55 1 40.86 .037
FCBP 1.08 1 29.1 .037
DVAX .53 1 14.04 .037
ANTM 2.99 6 453.91 .036
AAP 1.46 6 232.79 .036
J 1.33 4 137.35 .036
LITE 1.30 3 104.49 .036
AXP 1.07 6 164.19 .036
EGRX 1.01 2 54.86 .036
UPS .93 9 212.19 .036
KNL .92 1 25.04 .036
ABBV .83 6 133.09 .036
DEN .72 4 72.62 .036
LESL .44 2 23.39 .036
XLP .28 12 75.25 .036
GIS .25 12 65.99 .036
NOK .04 6 6.19 .036
TTWO 1.26 5 177.96 .035
CLX 1.20 5 170.77 .035
VGR .61 1 16.96 .035
LEN .58 7 112.05 .035
SRNG .41 1 11.42 .035
BP .16 7 26.97 .035
LZB .64 2 36.07 .034
ALAC .21 2 11.7 .034
BRG .30 3 26.59 .033
BKNG 10.17 8 2385.18 .032
HCA 2.20 4 252.05 .032
MPC .54 4 63.04 .032
CORT .32 2 19.83 .032
TEO .08 2 4.98 .032
RMD 8.09 1 258.82 .031
IRTC 3.69 1 118.81 .031
HOLI .43 1 13.65 .031
ENIC .06 1 1.9 .031
BLK 6.24 5 911.54 .030
XLY 1.32 5 200.41 .030
RTX .88 3 84.07 .030
FOE .67 1 21.74 .030
NKE .63 10 165.67 .030
XLF .40 3 38.82 .030
MU .30 10 94.42 .030
LPTX .03 3 2.92 .030
BEST .01 3 0.9343 .030
SMH 4.39 2 308.26 .028
GOOG 3.73 28 2938.98 .028
FLOW .63 4 85.97 .028
MT .48 2 32.08 .028
DUK .45 7 102.97 .028
RCUS 1.22 1 44.59 .027
PCVX .65 1 23.5 .027
OLN .56 3 56.67 .027
ATKR 1.43 2 105.2 .026
VZ .73 2 52.68 .026
GSKY .15 2 11.32 .026
ACHV .11 2 7.87 .026
TRIL .47 1 18.44 .025
CLSK .30 1 11.91 .025
AZO 5.11 12 2024.16 .024
ALXN 1.24 4 182.5 .024
MCD .98 8 265.95 .024
AZPN .96 4 150.23 .024
CRTO .90 1 37.06 .024
CL .38 6 82.46 .024
VSH .18 3 21.15 .024
UNIT .11 3 13.29 .024
SLVO .03 4 4.995 .024
RCAT .02 3 2.28 .024
VRTX 5.31 1 222.77 .023
B 1.08 1 46.27 .023
SPB 2.21 1 98.81 .022
HNP .33 2 28.19 .022
PEP .66 7 169.97 .021
STN .44 3 55.4 .021
PLD .67 5 161.75 .020
NUAN .57 2 55.3 .020
IRBO .83 1 41.97 .019
CNA .83 1 43.24 .019
UHAL 1.98 9 718.14 .018
AMOM .66 1 36.3163 .018
D .17 9 77.15 .018
SPY 2.27 4 467.69 .016
STMP 1.59 4 329.61 .016
LANC 1.43 2 162.16 .016
STZ 1.17 4 243.21 .016
AIT .91 2 101.57 .016
UTHR .86 4 214.04 .016
IYC .39 4 83.3 .016
XLV .31 8 139.3 .016
PSTX .12 1 7.22 .016
CSPR .11 1 6.68 .016
SELF .09 1 5.4 .016
INCY .27 5 73.47 .015
VCLO .25 1 16.61 .015
AXON 2.25 1 160.54 .014
TNET 1.38 1 94.57 .014
CHNG .15 2 21.35 .014
ADMS .06 2 8.22 .014
CAI .78 1 56 .013
FRBK .05 1 3.75 .013
TDG 1.87 4 614.7 .012
TSM .54 3 120.68 .012
HRC .42 6 155.96 .012
EPAY .28 3 56.49 .012
MGTX .27 1 22.4 .012
PPC .17 2 27.55 .012
HDGE .12 3 24.86 .012
PNRG .79 1 66.6 .011
SAFM .97 2 187.5 .010
ECHO .49 1 48.24 .010
INOV .22 2 41.06 .010
ESXB .06 2 11.3 .010
HALO .39 1 40.24 .009
GTS .33 1 35.64 .009
IEC .14 1 15.34 .009
SVBI .13 1 13.63 .009
RTLR .02 9 10.66 .009
ANET 1.23 1 139.53 .008
LMRK .07 2 16.49 .008
PBT .04 2 9.2 .008
HFBL .16 1 20.382 .007
ROG 1.67 1 272.7 .006
SYKE .14 3 54 .006
FAST .11 6 62.04 .006
ITRN .07 3 26.05 .006
PSP .04 3 15.2 .006
JQUA .26 1 44.89 .005
VRS .14 1 26.92 .005
CXM .09 1 16.02 .005
CLDR .08 1 15.99 .005
VOOV .73 1 149.27 .004
CONE .25 2 89.53 .004
TAAG .09 1 20.9494 .004
CPLG .07 1 15.67 .004
KIN .02 2 9.25 .004
RAVN .10 3 58.08 .003
IACB .01 3 7.95 .003
CXP .04 1 19.28 .002
SIC .03 1 14.49 .002
NWHM .02 1 8.99 .002
EIC .02 2 17.17 .002
DSE .02 1 9.49 .002
ULTA .62 1 392.37 .001
VCAR .03 1 15.7 .001
PMD .01 1 7.04 .001
ULTA .05 12 392.37 0
INFL .01 2 30.75 0
DFP .01 3 27.37 0
WMPN 0 4 12.08 0
QQC 0 2 33.5997 0
QADB 0 4 87.54 0
PAE 0 1 9.91 0
ONON 0 1 51.42 0
NLSP 0 1 1.31 0
LHAA 0 1 9.71 0
HWBK 0 1 24.76 0
DVD 0 1 3.61 0
APWC 0 1 2.99 0
NSYS -.12 1 10.1645 -.011
