HGEN 6.64 3 0.1446 137.757
SCPS 3.34 7 0.2613 89.474
NURO 7.74 12 1.71 54.312
SHOP 73.49 24 34.1 51.720
DWAC 64.73 8 16.44 31.496
BTBT 2.72 12 1.07 30.504
FCEL .64 150 3.14 30.450
EJH 5.21 6 1.05 29.766
NVOS 1.65 5 0.2774 29.740
IDEX 1.89 4 0.2549 29.656
NRXP 2.89 8 0.79 29.264
IRNT 3.02 6 0.6318 28.674
NEGG 3.07 20 2.2 27.900
LIZI 2.65 4 0.4122 25.712
DBGI .31 6 0.0827 22.488
PALI .71 3 0.098 21.732
JZXN 1.63 4 0.3063 21.284
EBET 3.45 6 0.99 20.904
GTEC 7.00 6 2.07 20.286
EVK 2.95 6 0.8879 19.932
AUVI 2.10 10 1.08 19.440
ALF 1.08 2 0.1111 19.440
BNTC 1.24 3 0.1957 19.008
TQQQ 2.18 173 19.9 18.857
SJ 6.31 5 1.74 18.130
EEIQ 4.33 5 1.2 18.040
SYTA .46 5 0.1324 17.370
AMZN 15.53 124 110.96 17.236
SNAP 1.22 131 9.56 16.637
ANPC 1.12 3 0.2062 16.293
NIO 1.55 101 9.98 15.655
VRPX 1.77 9 1.04 15.309
CEMI .60 8 0.329 14.584
CRTD .39 7 0.195 14.000
TSLA 14.66 208 225.09 13.520
VVOS 1.65 6 0.7398 13.380
CPOP 2.34 5 0.8902 13.140
INM 10.54 4 3.21 13.132
XPEV .84 114 7.36 12.996
BTCM .72 4 0.23 12.520
NCTY 1.19 8 0.7626 12.480
GMBL .88 2 0.1477 11.916
AYRO 3.46 2 0.585 11.828
GME 3.68 83 25.93 11.703
CRIS 3.07 3 0.7937 11.601
ENSC .61 4 0.2179 11.196
AMC 1.18 61 6.51 11.041
CRDF 2.62 6 1.51 10.410
KXIN .86 6 0.512 10.074
BBBY 1.82 27 4.98 9.855
ANY .20 21 0.4529 9.261
MOHO .30 3 0.0999 9.009
SPI 1.78 7 1.4 8.897
ANVS 15.71 7 12.41 8.855
AREC 2.49 8 2.26 8.808
MRIN 1.81 6 1.25 8.688
OPTT 5.92 1 0.73 8.109
BYSI 1.25 5 0.7829 7.980
VLDR 2.40 3 0.9271 7.764
BIDU 4.11 153 80.95 7.650
CNET 6.68 1 0.8752 7.632
PBTS 1.24 1 0.1632 7.598
OCGN 1.04 12 1.67 7.464
INDP 2.52 5 1.71 7.365
BFRI 1.31 6 1.1 7.140
NAOV .27 11 0.4199 7.073
JAN 2.73 6 2.33 7.026
AVXL 11.55 7 11.68 6.916
ATXI 4.42 4 2.6 6.800
ADGI 2.56 12 4.64 6.612
CBAT 2.55 3 1.16 6.594
GRTS 2.25 7 2.41 6.531
ENG 1.68 4 1.04 6.460
MARK .46 4 0.2849 6.456
MOXC 1.01 6 0.9501 6.378
TAOP 1.35 3 0.64 6.327
CETX 1.20 1 0.19 6.315
RELI .49 8 0.6299 6.216
BBIG .23 24 0.9101 6.048
BLNK 6.17 14 14.44 5.978
SPCE 1.08 25 4.51 5.975
GOVX .58 10 0.9767 5.930
ATNF .66 4 0.4505 5.860
TPST 2.19 5 1.87 5.855
FTEK 2.32 3 1.19 5.847
TYME .45 4 0.3107 5.792
AACG 1.49 7 1.81 5.761
LHDX 1.58 4 1.1 5.744
CTIB .95 4 0.6619 5.740
KOSS 5.35 7 6.63 5.642
OPAD 1.25 4 0.8909 5.612
OCX 3.76 1 0.6749 5.571
NRBO 13.42 4 9.755 5.500
ASTR .62 5 0.5673 5.460
GEVO 1.69 7 2.19 5.397
NVAX 7.31 16 22.29 5.232
MOGO 1.07 4 0.821 5.212
CARV 3.92 6 4.54 5.178
GROM .76 2 0.3087 4.922
SIEB 1.53 5 1.57 4.870
PHUN .32 17 1.12 4.845
DOCS 13.54 9 25.78 4.725
WINT .31 3 0.199 4.671
VBLT .21 3 0.1381 4.560
ERYP .79 4 0.7 4.512
BBLG .72 3 0.4842 4.458
GFAI .51 2 0.231949 4.396
RLMD 5.50 5 6.33 4.340
JG 1.30 3 0.9 4.332
RCON 2.23 2 1.03 4.330
RNXT 1.96 4 1.85 4.236
AGRI .95 5 1.15 4.130
BSQR .35 13 1.11 4.095
ISPC .84 8 1.66 4.048
VEEE 4.13 2 2.06 4.008
LODE .56 3 0.419 4.008
PRFX .57 4 0.5851 3.896
NVDA 2.51 204 131.76 3.876
VNET 2.43 7 4.4 3.864
LGVN 2.15 6 3.42 3.768
ALDX 3.40 6 5.54 3.678
RSLS .27 4 0.2965 3.640
MRNA 12.02 43 144.11 3.569
LMNL .65 3 0.548 3.558
HOFV .98 2 0.553 3.544
MVIS 2.12 6 3.6 3.528
IGC .49 3 0.4231 3.474
DLPN 2.14 5 3.1 3.450
VERU 1.05 40 12.24 3.400
BB .91 17 4.53 3.400
SFIX 4.27 3 3.82 3.351
SQ 6.29 32 60.26 3.328
CLF 1.92 24 13.91 3.312
VERB .12 8 0.2922 3.280
OBSV .10 6 0.1838 3.264
AAME 1.97 5 3.05 3.225
NVFY .73 3 0.68 3.219
AA 3.67 36 41.41 3.168
ONON 18.32 3 17.38 3.162
SNOA 1.51 4 1.93 3.128
ADIL .45 2 0.288 3.124
ZEV .90 5 1.45 3.100
BILI 1.28 23 9.52 3.082
SSY .91 3 0.8893 3.069
MEDS .53 5 0.88 3.010
ASAN 2.95 21 20.5 3.003
EFOI .29 4 0.3864 3.000
APRE .69 3 0.7 2.955
MINM .32 2 0.2166 2.954
FULC 2.54 6 5.16 2.952
RETO .60 3 0.61 2.949
WAFU 1.50 4 2.07 2.896
BRLT 3.90 6 8.15 2.868
NKLA .40 22 3.07 2.860
ACB .58 6 1.22 2.850
LAZR 2.34 9 7.48 2.808
NMRD 1.66 4 2.37 2.800
RIDE .68 7 1.7 2.800
BEKE 2.22 14 11.11 2.786
BKKT 2.95 2 2.12 2.782
ACOR .41 4 0.59 2.776
FFIE .13 11 0.514 2.772
WORX .44 4 0.6362 2.764
GDRX 3.46 4 5.12 2.700
PTIX .84 2 0.625 2.688
JFU .22 3 0.246 2.682
ENSV .48 13 2.33 2.678
SOXS 4.72 36 63.28 2.664
BABA 1.33 130 65.84 2.600
SKLZ .67 4 1.03 2.600
AMD 2.90 53 58.6 2.597
ADMP .36 1 0.1404 2.564
CTIC .44 28 4.81 2.548
AUUD .41 7 1.15 2.492
PLUG 3.33 12 16.07 2.484
SPCB .32 2 0.2605 2.456
XELA .09 7 0.2582 2.436
UPST 2.99 19 23.35 2.432
YJ .89 2 0.734 2.424
BNTX 8.91 37 135.58 2.405
DYNT .22 5 0.4649 2.365
APTO .28 4 0.4741 2.360
TSP 2.05 7 6.07 2.359
WISH .58 3 0.7409 2.346
BLIN .41 8 1.4 2.336
ENOB .94 5 2.01 2.335
KALV 1.44 8 5.01 2.296
CAN 1.28 6 3.37 2.274
SAVA 2.73 29 34.83 2.262
PLG .53 7 1.66 2.233
NGM 3.54 3 4.78 2.220
FUV .77 2 0.6957 2.212
IMPL 1.70 5 3.88 2.190
OLB .77 3 1.06 2.178
AMBO .61 1 0.28 2.178
UPC .73 3 1.01 2.166
ZKIN .71 2 0.6586 2.156
KMPH 2.99 4 5.57 2.144
PPSI .67 9 2.81 2.142
WAVE 1.72 5 4.02 2.135
IMMX 1.10 2 1.06 2.074
OVID 1.71 2 1.65 2.072
IMTX 3.83 6 11.23 2.046
RUN 3.01 15 22.08 2.040
NBEV .19 1 0.0935 2.032
BNGO .36 12 2.135 2.016
KNBE 6.15 8 24.52 2.000
UFAB .46 2 0.46 2.000
BNR 1.30 3 1.95 1.998
UAVS .36 3 0.54 1.998
AEHR 1.09 37 20.39 1.961
RFL .71 5 1.81 1.960
FLGC .19 6 0.5888 1.932
ENTX .77 2 0.799 1.926
ONCT 2.02 1 1.06 1.905
EOSE 1.39 2 1.46 1.904
MTTR .44 15 3.53 1.860
SLGG .64 2 0.69 1.854
LMFA .35 5 0.9444 1.850
EXPR .47 5 1.28 1.835
LAC 1.55 30 25.25 1.830
MARA 1.20 21 13.65 1.827
KODK .58 17 5.42 1.819
VET 1.01 41 22.78 1.804
TAL 1.79 4 3.97 1.800
SNES .16 2 0.179 1.786
TELL .14 33 2.56 1.782
GLSI 3.27 5 9.16 1.780
PBLA .25 1 0.1415 1.766
EYES 1.22 6 4.14 1.764
XTLB 1.09 2 1.2527 1.740
MBRX .81 2 0.9323 1.736
ALYA .77 4 1.795 1.712
SDC .64 2 0.7601 1.682
SPXU 4.31 7 18.1 1.666
DKNG 2.42 10 14.62 1.650
AFRM 1.88 18 20.62 1.638
UAA 1.94 6 7.16 1.620
SYPR .80 4 1.98 1.616
ISEE 5.11 7 22.47 1.589
SE 3.92 20 49.59 1.580
TENX .21 1 0.134 1.567
PIRS .23 7 1.03 1.561
KMX 12.16 8 62.06 1.560
MVST .61 6 2.37 1.542
W 6.04 9 35.24 1.539
STEM 1.74 12 13.49 1.536
BFLY 1.17 6 4.59 1.524
LIFE .93 4 2.44 1.524
ONCS .68 1 0.45 1.511
MDIA .64 4 1.71 1.496
RKDA .49 1 0.33 1.484
IPHA .78 4 2.11 1.476
SQQQ 3.72 22 55.2 1.474
LEDS 1.24 3 2.53 1.470
CANF .63 2 0.86 1.464
IMAB .96 6 3.95 1.458
APA 4.48 15 45.73 1.455
AGNC .35 33 7.89 1.452
SPLK 19.84 6 83.16 1.428
ACMR 1.83 5 6.4 1.425
HOOD .84 19 11.16 1.425
MNSO 1.26 6 5.32 1.416
AQMS .39 3 0.8288 1.410
ALEC 2.10 6 8.97 1.404
TZA 4.38 11 34.69 1.386
OXY 1.31 76 71.87 1.368
WNW 1.34 1 0.9799 1.367
NIU .93 4 2.72 1.364
KTTA 1.49 1 1.1 1.354
SCKT .74 4 2.2 1.344
FSTX 4.14 2 6.19 1.336
BTU .91 36 24.52 1.332
WBX 4.49 2 6.76 1.328
AUPH 1.04 10 7.91 1.310
IBRX 2.35 3 5.39 1.305
EDSA 1.24 1 0.9502 1.304
ZS 13.30 15 153.77 1.290
PYPL 8.65 13 87.35 1.287
YETI 6.84 6 31.92 1.284
BLUE 1.91 4 6.01 1.268
BON .62 3 1.47 1.263
PINS 2.13 13 21.89 1.261
CSIQ 4.45 9 31.58 1.260
DQ 4.10 15 48.38 1.260
CCJ 1.09 28 23.92 1.260
WPRT .58 2 0.9196 1.260
PSTV .60 1 0.48 1.250
DTST .42 6 2.01 1.248
IMNM 1.42 4 4.57 1.240
VTGN .03 5 0.1209 1.240
ACIU 1.91 2 3.1 1.232
CHCI 1.54 3 3.8 1.215
CMMB 1.24 2 2.05 1.208
JKS 4.13 14 47.85 1.204
LGHL .30 4 1 1.200
ISIG 2.30 3 5.76 1.197
GFI .45 22 8.28 1.188
GIII 3.68 6 18.78 1.170
HUYA .53 4 1.82 1.164
SPRB .47 3 1.21 1.164
ARAV 1.21 1 1.05 1.152
LEXX .63 4 2.19 1.148
GGR 1.76 2 3.1 1.134
AVCT .25 6 1.32 1.134
PMCB 1.11 3 2.95 1.128
ARDS 1.12 1 0.9963 1.124
GOOG 3.73 28 92.6 1.120
BTCS 1.50 1 1.34 1.119
TIGR .50 8 3.59 1.112
STRO 2.59 3 7.01 1.107
NXE .33 14 4.17 1.106
ASM .69 1 0.6286 1.097
RMED .72 6 3.95 1.092
FIGS 1.33 6 7.31 1.086
SPXS 3.71 7 23.88 1.085
MNOV .74 3 2.05 1.080
MQ 1.18 7 7.66 1.078
RHE 1.27 2 2.36 1.076
SPWR 3.82 5 17.73 1.075
BIOC .22 4 0.82 1.072
EYPT 5.86 1 5.49 1.067
SNOW 7.59 24 169.11 1.056
FNGD 12.72 6 72.49 1.050
PDD 4.02 14 53.11 1.050
WIMI .27 4 1.03 1.048
ABSI 1.08 3 3.09 1.047
APPS 2.11 7 14.11 1.043
ATOS .21 5 1.01 1.035
ACRS 2.12 7 14.33 1.029
XBIO .06 8 0.4674 1.024
HCWB 1.14 2 2.23 1.022
CHPT 1.40 10 13.66 1.020
MLCO .62 8 4.87 1.016
COHN 1.95 5 9.6 1.015
CHNR .12 4 0.4801 .996
CTSO .42 4 1.69 .992
SDS 4.72 10 47.66 .990
OCG .05 13 0.65 .988
OCG .16 4 0.65 .984
CLSD .35 3 1.07 .981
ORMP .35 19 6.82 .969
LVS 2.42 14 35.05 .966
NLS .84 2 1.74 .964
VIVE .26 2 0.5401 .962
RLAY 5.23 4 21.71 .960
ZY .78 3 2.43 .960
GALT .44 3 1.38 .954
CIFR .35 3 1.1 .954
ZCMD 1.01 1 1.06 .952
DDD .70 12 8.79 .948
UWMC .41 7 3.02 .945
ASML 11.49 39 474.41 .936
TERN 1.53 4 6.53 .936
GRTX .40 4 1.71 .932
VLO 4.10 30 128.27 .930
REV 1.21 3 3.8999 .930
BODY .47 2 1.01 .930
SDOW 3.08 9 30.66 .900
STX 2.61 18 51.96 .900
CRM 5.34 27 159.75 .891
LOOP .55 5 3.1 .885
AXON 62.01 2 139.99 .884
MITO .28 1 0.3176 .881
VRDN 8.47 2 19.28 .878
ON 1.68 35 64.85 .875
APP 1.39 11 17.58 .869
EAR .56 1 0.6441 .869
INTR .61 4 2.81 .868
AEI .09 2 0.2078 .866
DDL 1.22 2 2.82 .864
EZFL .57 1 0.6596 .864
GENE .26 4 1.2 .864
ATAI 1.29 2 2.99 .862
RKT .68 8 6.35 .856
F .65 17 13 .850
PEAR 2.37 1 2.8 .846
U 3.37 7 27.88 .840
PENN 2.65 10 31.435 .840
AAL .85 14 13.97 .840
FUBO 1.01 3 3.62 .837
PSTX .84 4 4.02 .832
KZIA .41 2 0.99 .828
IONQ .65 7 5.47 .826
ALTO .24 14 4.01 .826
BLU 1.52 5 9.16 .825
BYND 1.50 8 14.49 .824
VIPS .58 10 7.06 .820
CCL .55 13 8.65 .819
SOFI .49 9 5.35 .819
NNVC .44 3 1.61 .819
EQT 1.47 22 39.1 .814
IMV .15 2 0.3711 .808
SNMP .11 2 0.272 .808
MRKR .36 1 0.4485 .802
TMX 6.06 5 37.87 .800
NVTS 1.62 2 4.09 .792
ZLAB 2.93 7 25.71 .791
EQOS .46 1 0.586 .784
SSL .27 52 17.44 .780
SBS .21 41 10.93 .779
OSTK 2.60 7 23.28 .777
ME .33 7 2.96 .777
MSFT 1.19 155 226.75 .775
MRAM 1.52 3 5.87 .774
UBER 1.65 13 27.82 .767
OXBR .30 5 1.97 .760
DNA .99 2 2.63 .752
GNFT .26 12 4.15 .744
ABUS .22 8 2.35 .744
MDB 10.96 13 190.39 .741
SRTY 4.43 9 53.55 .738
ENVX 3.33 4 18.1 .732
DAL 1.49 17 34.09 .731
EURN .79 17 18.21 .731
IFRX .58 3 2.4 .723
NUE 5.18 19 135.5 .722
AKTX .36 1 0.4981 .722
ZG 3.19 7 30.7 .721
ZIM 1.06 16 23.29 .720
NEM 6.19 5 43.06 .715
KR .82 42 45.68 .714
ZM 3.91 15 82.61 .705
BGFV .82 11 12.63 .704
DOMO 3.24 4 18.47 .700
XELB .34 2 0.97 .700
PAAS 2.26 5 16.33 .690
TRQ 2.01 10 28.96 .690
SLS .55 5 3.96 .690
DYAI .51 3 2.21 .690
ACI .65 22 20.36 .682
CGC .68 3 2.99 .681
QFIN .67 10 9.85 .680
CSCW .39 2 1.15 .678
GDXD 3.04 4 17.96 .676
NNOX 1.69 5 12.62 .665
INTC 1.16 15 26.27 .660
YPF .52 10 7.87 .660
UAL 2.05 14 42.99 .658
VXX 1.74 7 18.36 .658
WYNN 2.80 13 55.79 .650
BTWN 1.29 5 9.875 .650
BKYI .51 2 1.575 .646
LTHM .72 28 30.98 .644
EXPI 1.38 6 12.9 .636
RIOT .73 6 6.84 .636
WHLR .54 2 1.7 .634
LESL 1.49 6 14.18 .630
BCLI .43 5 3.44 .625
TCOM .92 16 23.2 .624
SLV .56 20 17.98 .620
TASK 1.57 8 20.21 .616
AAPL .70 154 144.8 .616
GAME .43 1 0.6985 .615
SRNE .47 2 1.53 .614
FOLD 3.18 2 10.38 .612
LYEL 1.21 3 5.93 .612
DTSS .87 1 1.4292 .608
AVIR 1.14 3 5.66 .603
VSTM .07 3 0.3474 .603
DRN .40 14 9.28 .602
IMMP .16 7 1.84 .602
GP .49 3 2.44 .600
YANG 2.16 9 32.28 .594
PTON .78 6 7.81 .594
HRB 3.05 8 41.21 .592
WTER .09 2 0.304 .592
TH 1.41 5 11.91 .590
GNLN .36 2 1.22 .590
DXC 2.83 6 28.71 .588
SGBX .32 3 1.63 .588
ET .27 28 12.44 .588
OVV 2.32 13 51.05 .585
WMT 2.17 39 140.73 .585
NNDM .48 3 2.46 .585
SSNT 1.25 2 4.28 .584
BHVN .81 10 13.83 .580
SI 3.69 9 57.19 .576
RY 2.13 25 91.95 .575
BROS 2.97 7 35.98 .574
BPTH .95 2 3.31 .574
OTLK .38 2 1.32 .574
CVS 2.06 26 92.7 .572
SHLS 6.56 2 22.99 .570
LPTX .05 10 0.8675 .570
IINN .19 4 1.33 .568
NXTP .14 1 0.249 .562
DASH 2.39 11 46.34 .561
ALZN .21 3 1.12 .561
RAPT 1.77 7 22.06 .560
WEBR .76 5 6.78 .560
MDNA .05 8 0.706 .560
IMVT 1.45 4 10.41 .556
RSKD 1.24 2 4.45 .556
HOLI 2.10 4 15.16 .552
BLDR 3.40 10 60.86 .550
COP 1.49 50 126.64 .550
BTX 1.13 2 4.102 .550
COIN 3.11 13 72.47 .546
AEMD .09 3 0.492 .546
AEO .77 8 11.19 .544
DOCN 1.70 12 37.11 .540
RF 1.30 9 21.55 .540
HL .43 6 4.75 .540
EVGN .43 1 0.7979 .538
FOSL 1.09 2 4.07 .534
ORGS .70 1 1.31 .534
ABT 1.86 28 96.93 .532
EVOL .74 2 2.78 .532
TLRY .47 4 3.53 .532
AMEH 2.05 9 34.61 .531
ICPT 2.48 3 14.02 .528
MT .57 22 22.85 .528
TGTX .93 3 5.31 .525
WATT .32 2 1.22 .524
AFMD .29 3 1.66 .522
BLPH .62 1 1.19 .521
ENZ .54 2 2.09 .516
PRPL .32 6 3.7 .516
VTRS 1.02 5 9.87 .515
CYAD .56 1 1.09 .513
MRO .28 57 30.52 .513
RBLX 1.49 16 46.5 .512
AG 1.09 4 8.47 .512
INFI .16 4 1.25 .512
CNC 4.30 10 84.07 .510
SCYX .31 4 2.43 .508
AMTX 1.20 3 7.09 .507
BCRX .54 13 13.6 .507
NKE 2.20 21 90.54 .504
ARQT 2.10 4 16.63 .504
ICCM .58 1 1.16 .500
LYFT 1.22 6 14.63 .498
EVGO .45 8 7.25 .496
ARVN 2.20 11 48.57 .495
SLB .78 33 51.68 .495
PBR .21 33 13.69 .495
ARGX 20.31 9 372.24 .486
FTCH .67 6 8.26 .486
DARE .47 1 0.9679 .485
CD .92 3 5.71 .483
ROKU 3.14 8 52.27 .480
GE 3.07 12 76 .480
PSQ .47 15 14.53 .480
VMEO .85 2 3.55 .478
KMB 2.41 25 121.3 .475
MBOT .98 2 4.135 .474
META 4.69 10 97.94 .470
KSS 1.20 12 30.13 .468
M .55 18 20.93 .468
LC .33 15 10.54 .465
FLO 1.32 10 28.09 .460
HUGE .37 1 0.804 .460
MOLN .49 6 6.41 .456
GOGL .33 12 8.48 .456
DBVT .06 12 1.54 .456
IAC 3.19 7 48.99 .455
ACHL .89 1 1.96 .454
AGEN .08 14 2.44 .448
GRVI .74 3 4.95 .447
VTSI .56 4 5.04 .444
DWSN .44 2 1.99 .442
MMM 2.59 21 122.8 .441
CERE 1.78 7 28.19 .441
XOM 1.04 49 107.55 .441
GEG .90 1 2.04 .441
UONE .37 7 5.87 .441
STLD 8.61 5 97.47 .440
BA 6.22 10 139.76 .440
NTRB .49 4 4.44 .440
VTNR .37 10 8.23 .440
MESO .65 2 2.96 .438
CLPS .57 1 1.3 .438
CLPS .57 1 1.3 .438
XMTR 8.64 3 59.3 .435
MSTR 14.75 8 270.56 .432
ADBE 7.67 18 318.65 .432
LOGI .94 24 51.26 .432
CENX 1.06 3 7.37 .429
ALC .84 33 60.66 .429
PRTA 2.54 10 59.7 .420
ABBV 1.95 35 153.5 .420
XBI 1.80 19 80.91 .418
NEE 1.46 22 75.47 .418
MO 1.04 19 45.42 .418
CRK .34 22 17.69 .418
APT .86 2 4.13 .416
VYGR 1.06 2 5.13 .412
IPA 1.04 2 5.03 .412
FLWS .75 4 7.26 .412
ATNM 1.23 3 8.98 .408
VOXX 1.16 3 8.47 .408
VIR 1.13 8 21.88 .408
OCUP .51 2 2.49 .408
TTWO 3.83 13 122.74 .403
SIF 1.16 1 2.925 .396
EQRX .70 3 5.28 .396
KHC .69 22 38.02 .396
KIRK .48 3 3.61 .396
SILK 2.53 7 44.89 .392
TMUS 2.03 28 140.63 .392
FB .77 130 196.64 .390
STAF .58 2 2.97 .390
BP .44 30 33.23 .390
AXLA .26 2 1.33 .390
IS .59 2 3.04 .388
TTCF .59 3 4.57 .387
CPIX .24 4 2.5 .384
PTGX 1.05 3 8.22 .381
NVCR 2.63 10 67.87 .380
SQM 2.69 14 96.8 .378
HNST .41 3 3.25 .378
SH .47 13 16.2 .377
BZUN .80 2 4.25 .376
PUBM 6.66 1 17.72 .375
AMGN 5.94 17 267.23 .374
FISV 3.37 11 98.81 .374
CRNC 1.55 4 16.53 .372
USB 1.34 12 42.08 .372
IMMR .33 6 5.25 .372
BVXV .07 4 0.7452 .372
CLOV .28 2 1.51 .370
ARRY 3.14 2 17.02 .368
ERJ .23 16 9.7 .368
EDIT 1.47 3 11.98 .366
FAST .93 19 47.05 .361
UPS 3.05 20 166.49 .360
BWAY .42 3 3.5 .360
GTIM .74 1 2.065 .358
FBRX .40 1 1.12 .357
BIGC 2.58 2 14.46 .356
RNG 11.84 1 33.73 .351
ECOM 2.71 3 23.04 .351
IBM 1.84 27 134.77 .351
NTNX 4.66 2 26.58 .350
DLO 1.53 5 21.81 .350
SVFD .69 1 1.98 .348
PPC 1.15 7 23.26 .343
GPS .54 7 11.01 .343
FLGT 2.27 6 39.41 .342
LAW 1.23 3 10.77 .342
NEX 1.14 3 9.99 .342
HX 1.40 6 24.58 .336
SSRM .60 8 14.12 .336
FRO .10 48 12.78 .336
PRPO .09 3 0.8054 .333
ATIF .43 1 1.2999 .330
CARA 1.57 2 9.55 .328
RTX 2.35 13 91.8 .325
PME .26 1 0.8001 .324
CRH .82 14 35.23 .322
GS 6.89 16 337.18 .320
ABNB 3.59 10 112.06 .320
GPN 3.54 11 121.87 .319
PATI 1.33 2 8.3482 .318
XLV 1.30 35 130.71 .315
NFLX .96 105 296.94 .315
DUK .84 35 91.04 .315
GSM .27 7 5.91 .315
CMTL 3.13 1 9.96 .314
PANW 17.63 3 168.14 .312
PWR 7.38 6 140.26 .312
CELC 1.05 3 10.06 .312
NXGL .45 1 1.44 .312
IRIX .18 4 2.28 .312
NBRV .76 1 2.44 .311
LBPH .92 1 2.96 .310
IKT .24 1 0.772 .310
PTEN 1.75 3 16.85 .309
TATT .65 3 6.29 .309
JFIN .36 2 2.33 .308
MITQ .36 1 1.17 .307
SONO .82 6 15.83 .306
EQ .53 1 1.73 .306
EDU 1.14 7 26 .301
TOST 3.31 2 21.96 .300
BZ 1.22 3 12.17 .300
HRL .57 25 46.03 .300
DNUT .44 10 14.2 .300
GRU 1.62 1 5.442 .297
DELL 1.26 9 37.76 .297
AUTL .30 3 3.02 .297
OPNT .73 4 9.75 .296
SALM .13 5 2.19 .295
CHGG 2.17 3 22.06 .294
OMER 1.00 1 3.39 .294
AESE .35 1 1.19 .294
XAIR 1.97 1 6.75 .291
WDAY 3.76 12 155.24 .288
SPY 3.73 32 379.98 .288
NEWR 2.93 6 60.33 .288
TTD .88 18 53.76 .288
OHI 1.32 7 31.87 .287
JPM 1.70 22 124.6 .286
DOG 2.00 5 34.54 .285
STG 1.13 1 3.96 .285
RMBL 1.41 3 14.92 .282
XM 1.10 3 11.6 .282
MTP .56 1 1.98 .282
AXP 2.17 20 146.97 .280
TWST 1.37 7 33.47 .280
COUR 1.21 3 12.9 .279
SEMR 1.11 3 11.93 .279
FATE 1.44 4 20.65 .276
IGIC .70 3 7.53 .276
CRCT .70 4 10.01 .276
RSI .55 2 3.98 .276
AHPI .12 3 1.2938 .276
CELH 2.72 9 89.37 .270
DUOL 5.53 4 82.45 .268
KURA 1.04 4 15.42 .268
PKG 4.54 7 119.25 .266
FCX .25 38 32.74 .266
SPWH .29 8 8.61 .264
NEPT .17 2 1.28 .264
FGEN 1.47 3 16.74 .261
LMT 4.91 26 471.93 .260
WM 2.06 20 158.3 .260
GH 1.57 8 47.84 .256
XLY 1.20 32 144.83 .256
MYNZ 1.78 1 7 .254
SOS .61 2 4.78 .254
SWN .05 36 6.58 .252
AVGR .04 7 1.09 .252
CTRN 1.11 5 21.86 .250
PETZ .17 4 2.71 .248
KZR .60 3 7.3 .246
TSRI 1.84 1 7.5667 .243
CREX .15 1 0.62 .241
SIVB 7.01 8 229.38 .240
DKS 1.15 24 111.07 .240
CFVI .73 4 12.04 .240
AZN .31 48 57.61 .240
AMBP .24 4 3.98 .240
CHRA .40 1 1.67 .239
EA 2.29 14 127.7 .238
ENLV .49 2 4.15 .236
EVO .46 5 9.62 .235
DIA 4.24 18 320.46 .234
RRGB .96 2 8.17 .234
JD .74 13 39.5 .234
YMM .58 2 4.94 .234
CUE .62 1 2.66 .233
ADI 4.08 8 140.68 .232
CPE 1.31 8 45.05 .232
GBS .11 1 0.4732 .232
SITM 2.97 7 89.47 .231
ENVB .27 3 3.47 .231
DPZ 6.30 12 331.5 .228
CIVI 5.29 3 69.16 .228
CCXI 3.00 4 51.99 .228
LI .10 38 14.985 .228
AMRS .60 1 2.66 .225
KULR .06 8 2.14 .224
K .48 37 75.27 .222
MRVL .71 13 40.06 .221
OEG .14 1 0.6431 .217
TRI 2.00 12 105.53 .216
ALLO 1.11 2 10.23 .216
RAIL .24 4 4.38 .216
ORGO .35 2 3.26 .214
TISI .17 1 0.8 .212
QDEL 2.61 7 86.75 .210
INCY 1.57 10 72.86 .210
GRVY 1.33 7 43.21 .210
CALT .55 5 13.05 .210
PFE .48 21 45.74 .210
ITUB .12 10 5.5 .210
DPST 1.46 4 27.79 .208
KO .51 26 59.53 .208
VALN .35 8 13.3683 .208
ERF .15 26 17.04 .208
TESS .30 3 4.35 .204
BDTX .39 1 1.93 .202
EDTK .10 2 1 .200
SKT 1.17 3 17.5 .198
CM .99 9 44.97 .198
LJPC .62 2 6.22 .198
ADMA .54 1 2.75 .196
IWM 2.97 12 179.09 .192
SOHU .47 6 14.6 .192
COTY .08 16 6.6 .192
VIEW .13 2 1.36 .190
CRON .12 5 3.08 .190
BOX 1.83 3 28.66 .189
ESTC 1.40 9 65.18 .189
JWN .98 4 20.62 .188
GMTX .17 2 1.79 .188
DDS 5.48 11 319.38 .187
EQNR .42 17 35.87 .187
BCYC 1.49 3 24 .186
GBR .24 1 1.29 .186
INVO .22 1 1.18 .186
TDC 1.17 5 31.48 .185
LLY 3.11 23 356.33 .184
MAT .43 8 18.62 .184
T .16 23 18.03 .184
HITI .25 1 1.36 .183
DIS 1.92 10 104.44 .180
GT .37 6 12.23 .180
PLTR .77 2 8.6 .178
CPSH .53 1 2.985 .177
V 1.79 22 204.29 .176
LUV .79 8 35.29 .176
CSCO .23 35 44.42 .175
ALB 12.34 4 282.17 .172
RACE .84 43 196.29 .172
CYTH .34 1 1.97 .172
SLHG .10 1 0.5847 .171
UBS .16 17 15.94 .170
YEXT .91 1 5.37 .169
BRTX .58 1 3.4154 .169
SAM 9.40 7 379.06 .168
RGEN 4.41 7 180.71 .168
CFLT 2.29 2 27.13 .168
INMD 1.02 6 36.18 .168
ARCE .63 3 11.17 .168
NEXT .29 4 6.86 .168
DMAC .10 2 1.2 .166
QCOM .67 33 114.7 .165
MDRX .61 4 14.66 .164
AMAT 1.64 9 86.54 .162
LIVE 1.37 3 25 .162
SKX .91 6 32.64 .162
ROIV .83 1 5.12 .162
VSCO .90 7 37.87 .161
RL 1.89 8 91.82 .160
AEY .31 1 1.95 .158
MSGE 1.88 4 47.49 .156
PLCE 1.60 4 40.69 .156
TWTR 1.40 6 53.7 .156
TVTX 1.19 3 22.48 .156
MRUS 1.10 3 21.11 .156
BIG .91 3 17.46 .156
LAD 6.41 5 206.67 .155
ARMK 1.13 5 35.7 .155
BBY 1.45 7 65.84 .154
SHEN 1.11 3 21.48 .153
MAXR .83 4 21.73 .152
RWM .47 8 24.18 .152
EKSO .11 2 1.44 .152
CVV .46 2 6.07 .150
CIEN .33 21 47.07 .147
RIG .08 7 3.64 .147
SANA .82 1 5.59 .146
ARMP .49 1 3.34 .146
SMH 5.55 5 185.69 .145
HOG 1.23 5 41.65 .145
BLK 15.73 6 648.98 .144
JNJ 1.17 24 172.31 .144
UNIT .14 8 7.54 .144
PSO .15 11 10.98 .143
THC 2.02 3 42.52 .141
GURE .46 1 3.3036 .139
CLDX 1.61 3 34.62 .138
JRVR 1.10 3 23.69 .138
HPK 1.56 2 22.76 .136
UPRO 1.14 4 33.37 .136
HPQ .48 8 27.22 .136
FL .84 5 31.03 .135
XLP .27 45 71.6 .135
BQ .08 2 1.18 .134
DE 4.88 11 394.59 .132
BKE .89 6 39.37 .132
NAPA .49 4 14.7 .132
ULBI .31 2 4.63 .132
AZYO 1.08 1 8.25 .130
LL 1.01 1 7.72 .130
FRD 1.28 1 9.96 .128
BURL 2.07 9 141.14 .126
KYMR 1.69 2 26.51 .126
SPT 1.25 6 59.48 .126
WOOF .43 3 10.15 .126
PPBT .26 1 2.06 .126
GSAT .12 2 1.93 .124
LIN 1.16 41 293.26 .123
HAPP .30 1 2.43 .123
DLTR 1.72 11 156.21 .121
ABCL 1.31 1 10.74 .121
HES 3.54 5 141.75 .120
AN 1.67 8 105.22 .120
IRDM 1.55 4 50.06 .120
FFHL .44 2 7.24 .120
AZPN 4.16 7 235.81 .119
AKAM 1.52 7 87.58 .119
XLK .89 17 124.18 .119
LEGN .83 7 47.16 .119
TME .45 1 3.76 .119
IMRN .23 1 1.92 .119
PBF .42 13 46.37 .117
MOMO .19 3 4.8 .117
PEP .80 29 178.88 .116
C 1.06 5 45.44 .115
TNA .83 5 35.83 .115
TSM 1.17 6 60.95 .114
MPC .71 19 113.65 .114
LICY .33 2 5.74 .114
QQQ 3.91 8 272.87 .112
DVAX .64 2 11.4 .112
FDX 5.82 3 156.91 .111
AR 1.35 3 35.78 .111
EAT 1.21 3 32.07 .111
ORCL .28 37 75.15 .111
GWRE 1.30 5 58.3 .110
DFH 1.18 1 10.7 .110
VZ .20 22 36.18 .110
THTX .22 1 2.01 .109
TJX 1.31 6 71.91 .108
SMLP 1.07 2 19.65 .108
CYTK .80 6 42.59 .108
MDT .78 12 85.57 .108
MU .51 12 52.21 .108
D .21 36 67.37 .108
BGI .19 3 5.15 .108
INFL .64 5 30.17 .105
DUOT .40 1 3.8 .105
APPN 1.29 4 47.78 .104
GLD .72 26 154.74 .104
IRBO .64 4 24.13 .104
JAZZ 4.82 3 141.35 .102
ATVI 1.27 6 72.5 .102
TTM .16 17 24.76 .102
DB .06 17 9.72 .102
CLNE .67 1 6.78 .098
SBTX .57 1 5.78 .098
WSM 1.97 6 122.73 .096
TGT 1.12 16 166.9 .096
MYGN .98 2 20.2 .096
ACHV .11 2 2.26 .096
GM .73 5 38.16 .095
VRNT .69 5 34.6 .095
FENG .45 1 4.76 .094
DAVA 1.77 4 74.99 .092
WPP 1.00 4 43.36 .092
XLE .24 46 88.94 .092
CAH 1.01 7 75.34 .091
MS .62 13 80.69 .091
BAC .49 7 35.87 .091
REGN 7.44 9 724.88 .090
HRI 2.10 5 113.13 .090
A 1.31 10 136.49 .090
VMW 1.17 9 110.72 .090
MNST .97 9 91.73 .090
BJ .77 9 76.46 .090
CRMT .72 9 66.71 .090
BBWI .53 6 33.32 .090
WFC .44 10 45.65 .090
SBH .38 3 12.66 .090
HCM .09 9 8.65 .090
DG 2.91 8 253.54 .088
CAT 1.71 11 212.14 .088
XERS .14 1 1.59 .088
SWI .79 1 9.23 .085
SNPS 3.62 7 289.19 .084
HAS .94 6 65.11 .084
ANF .52 3 18.08 .084
PDCO .40 6 26.91 .084
KRYS 6.33 1 75.62 .083
CLSK .30 1 3.64 .082
SEDG 2.14 9 228.83 .081
INTU 4.61 8 422 .080
PSTG .50 5 29.83 .080
FHN .50 4 24.3 .080
GGAL .16 4 7.85 .080
CPG .07 10 7.91 .080
GKOS 4.45 1 57 .078
LII 2.97 6 227.61 .078
LOW 2.58 6 193.66 .078
ROST 1.31 6 94.6 .078
CROX .50 13 73.39 .078
CDEV .10 6 7.62 .078
MA 3.58 7 319.37 .077
ANET .94 11 119.13 .077
TSN 1.03 5 67.39 .075
EPM .19 3 7.4 .075
ACH .67 1 9.04 .074
BKNG 17.29 8 1833.74 .072
COF 1.87 4 102.13 .072
UNH 1.73 24 541.8 .072
NXPI 1.35 8 145.12 .072
TEDU .15 2 4.13 .072
MFGP .05 9 5.97 .072
BLFS 1.55 1 21.68 .071
TBLA .70 1 9.85 .071
TSCO 1.70 10 215.58 .070
UHS 1.65 5 112.46 .070
MOS .76 5 53.54 .070
LSI 2.53 3 106.02 .069
EVA 1.37 3 58.85 .069
PFGC 1.21 3 50.43 .069
FITB .82 3 35.35 .069
AMKR .47 3 20.03 .069
ANIX .38 1 5.49 .069
CL .28 23 73.23 .069
BALY 1.47 1 21.38 .068
NTAP 1.16 4 67.47 .068
SPTN .59 4 34.42 .068
FA .96 1 14.12 .067
JBL .75 6 63.98 .066
STE 2.26 5 171.41 .065
TTC 1.42 5 104.05 .065
EOLS .55 1 8.43 .065
EGRX 1.01 2 31.31 .064
PG .53 16 131.88 .064
HWCC .34 1 5.24 .064
FENC .27 2 8.33 .064
ADSK 2.04 7 210.15 .063
LH 1.59 9 216.3 .063
LPX 1.24 3 58.05 .063
FANG 1.19 9 153.35 .063
AMOM .86 2 26.8899 .062
PKI 2.16 4 135.3 .060
KEYS 2.15 5 173.39 .060
STT 1.48 3 73.1 .060
HP 1.01 3 49.8 .060
OKE .94 4 58.9 .060
OTIS .91 5 70.01 .060
MRTN .38 3 18.57 .060
MRK .35 20 99.74 .060
VGR .61 1 10.35 .058
WGO 1.15 3 58.57 .057
ROLL 1.78 7 212.38 .056
PAYX 1.68 4 115.76 .056
HON 1.40 8 196.49 .056
BIIB 1.18 14 277.87 .056
DD .80 4 56.77 .056
ICL .07 8 9.05 .056
ITRO .07 1 1.27 .055
LULU 3.15 6 320.61 .054
COST 1.93 18 496.54 .054
CLX 1.40 6 143.06 .054
SUPN .95 2 34.08 .054
LEN .51 9 79.46 .054
EPU .48 3 26.55 .054
SPG .46 13 106.39 .052
AU .35 2 13.46 .052
LITE 1.30 3 72.88 .051
ATHM .49 3 28.11 .051
ULTA 10.08 2 402.24 .050
LZB .64 2 24.73 .050
SM .46 5 44.52 .050
SPB 2.21 1 44.57 .049
ITCI 2.20 1 44.83 .049
HDGE .21 7 28.79 .049
CAR 6.00 2 241.35 .048
TAP 1.23 2 49.87 .048
SJM .55 16 148.69 .048
MTL .04 24 15.86 .048
BEST .01 3 0.6 .048
GLPG 1.04 2 45.1 .046
WOLF 3.86 1 87.06 .044
J 1.33 4 114.17 .044
OLLI 1.29 2 56.79 .044
HALO 1.07 2 47 .044
ATKR 1.07 4 94.53 .044
CTKB .66 1 15.3 .043
CALA .11 1 2.54 .043
AAP 1.46 6 188.08 .042
RCUS 1.22 1 28.77 .042
RCAT .02 3 1.38 .042
NOK .01 21 4.36 .042
NPTN .67 1 16.01 .041
HCA 2.20 4 217.77 .040
SNA 1.89 5 214.97 .040
XLF .36 4 33.36 .040
PCTY 8.94 1 226.84 .039
WF .32 3 24.58 .039
VCLO .25 1 6.2808 .039
TEO .08 2 4.21 .038
ENIC .06 1 1.56 .038
RDUS .38 1 10.08 .037
CI 2.12 6 316.58 .036
PCVX .53 3 41.14 .036
CRTO .90 1 25.08 .035
RMD 8.09 1 232.29 .034
EL .77 11 204.43 .033
ASC .15 3 12.86 .033
GIS .12 33 79.87 .033
GPK .38 2 23.05 .032
UTHR 1.55 5 225.81 .030
B 1.08 1 35.22 .030
PLD .67 5 111.01 .030
OLN .56 3 52.32 .030
MGTX .12 2 7.52 .030
IRTC 3.69 1 124.47 .029
SMCI 1.93 1 66.82 .028
DEN .72 4 93.77 .028
UHAL 1.98 9 573.43 .027
MCD .87 9 265.11 .027
HIPO .15 3 15.69 .027
AZO 5.11 12 2521.77 .024
STN .44 3 49.52 .024
IYC .39 4 61.3 .024
VSH .18 3 20.44 .024
APG .11 4 16.24 .024
NFE 1.27 1 54.56 .023
CORT .32 2 28.03 .022
TNET 1.38 1 64.24 .021
CNA .83 1 41.13 .020
SELF .09 1 4.86 .018
LANC 1.43 2 178.1 .016
STZ 1.17 4 238.46 .016
FRBK .05 1 3.05 .016
AIT .91 2 121.17 .014
SNDL .03 1 2.24 .013
TDG 1.87 4 564.35 .012
CHKP .20 12 127.29 .012
PSP .04 3 9.21 .012
RVI .02 4 5.61 .012
BRG .04 11 26.6 .011
VRTX 1.47 2 287.89 .010
PNRG .79 1 72.45 .010
KIN .02 2 3.91 .010
ROG .82 3 236.63 .009
CXM .09 1 9.31 .009
RTLR .02 9 15.22 .009
SAFM .97 2 204 .008
SJIV .17 4 69.2203 .008
CHNG .04 8 27.49 .008
VOOV .54 2 136.13 .006
JQUA .26 1 37.435 .006
ITRN .07 3 23.94 .006
VCAR .03 1 7.3616 .004
VG .06 1 20.99 .002
EIC .02 2 14.22 .002
PMD .01 1 6.5 .001
CCMP 11.86 1
DNK 3.12 1 0.0
ANTM 2.99 6
LWAC 1.73 5
LAIX 1.72 4
CREE 1.64 5
STMP 1.59 4
DPW 1.56 5
TSC 1.55 1
VCVC 1.46 1
HTBX 1.46 2
SBEA 1.45 2
EYEG 1.45 1
JCS 1.40 3
VERY 1.39 4
VIH 1.31 1
HJLI 1.27 1
APXT 1.27 1
THCB 1.25 1
ALXN 1.24 4
OSAT 1.21 3
WHLM 1.20 4
SGOC 1.19 9
XLNX 1.10 21
HHR 1.09 12
MTSL 1.08 3
FCBP 1.08 1
SCR 1.05 5
NETE 1.04 2
MFNC 1.02 2
HGSH 1.00 3
ACY .99 19
TRCH .98 2
KNL .92 1
GDEV .87 3
HOL .84 3
CLII .84 3
APOP .84 5
BLUW .83 2
SPRT .81 20
GNOG .78 1
CAI .78 1
BTBD .78 1
SQBG .73 2
ARPO .72 1
XONE .67 2
JRJC .67 3
FLOW .63 4
WEI .57 1
ORPH .57 4
OBLN .56 3
VNE .55 6
MOSY .55 2
FLXN .55 1
TBIO .53 3
ECHO .49 1
TRIL .47 1
NTEC .46 4
KBSF .46 2
HRC .42 6
HMHC .42 4
SRNG .41 1
GTT .41 1
CHMA .37 2
TRIT .34 5
NUAN .33 3
HNP .33 2
GTS .33 1
EPAY .33 4
BHTG .33 1
FOE .32 2
HUSN .29 4
ZGNX .26 1
CONE .24 3
SSKN .22 1
INOV .22 2
CSPR .18 4
LIVX .17 2
HFBL .16 1
ZNGA .15 4
VRS .15 2
GSKY .15 2
GRUB .15 3
SYKE .14 3
IEC .14 1
ALAC .14 3
SVBI .13 1
OSMT .13 4
SBBP .12 2
RAVN .10 3
KDMN .10 4
CNFR .10 2
TAAG .09 1
XPDI .08 14
MBII .08 1
CLDR .08 1
LMRK .07 2
CPLG .07 1
RRD .06 12
ESXB .06 2
ADMS .06 2
CXP .04 1
SIC .03 1
IRCP .03 5
SWCH .02 2 34.03 0
NWHM .02 1
DSE .02 1
PBT .01 6 20.71 0
IACB .01 3
DFP .01 3 18.65 0
WMPN 0 4 11.36 0
SLVO 0 21 78.09 0
QQC 0 4 21.5895 0
QADB 0 4 87.54 0
PGY 0 4 1.25 0
PAE 0 1
NSEC 0 1
NLSP 0 1 0.5374 0
LHAA 0 4 9.92 0
HWBK 0 1 23.4 0
GCP 0 3 32.01 0
GBNY 0 3 11.03 0
ESLT 0 26 201.31 0
DVD 0 1
APWC 0 1 1.28 0
NSYS -.12 1 10.02 -.011
SCHW -.15 18 77.33 -.018
HD -.92 29 291.06 -.087
GDYN -.55 3 13.57 -.120
ENPH -3.28 21 306.08 -.210
