SHOP 28.96 11 1282.17 .242
PANW 23.18 1 529.59 .043
DWAC 22.11 4 50.63 1.744
MSTR 14.75 8 546.39 .208
CCMP 11.86 1 184.85 .064
RNG 11.84 1 189.39 .062
BKNG 10.17 8 2208.75 .032
SAM 9.40 7 537.84 .119
PCTY 8.94 1 223.2 .040
NVAX 8.92 13 217.32 .533
RMD 8.09 1 248.03 .032
REGN 7.44 9 603.14 .108
DUOL 7.27 3 103 .210
SIVB 7.01 8 637.64 .080
AMZN 6.99 94 3341.58 .188
PUBM 6.66 1 33.37 .199
LAD 6.41 5 286.25 .110
KRYS 6.33 1 70 .090
BLK 6.24 5 913.57 .030
ASML 6.23 19 752.88 .152
SPLK 6.20 6 109.61 .336
W 6.04 9 195.98 .270
CAR 6.00 2 212.84 .056
EYPT 5.86 1 13.15 .445
DPZ 5.62 11 528.38 .110
SMH 5.57 1 291.51 .019
MDB 5.57 9 495.6 .099
DDS 5.48 11 231.57 .253
KOSS 5.35 7 12.33 3.031
VRTX 5.31 1 215.41 .024
EJH 5.21 6 1.635 19.116
AZO 5.11 12 1994.3 .024
THC 4.91 1 72.89 .067
DE 4.88 11 338.66 .154
INTU 4.61 8 604.63 .056
SI 4.55 8 132.6 .272
WBX 4.49 2 13.4 .670
GKOS 4.45 1 42.9 .103
RGEN 4.41 7 269.7 .112
EEIQ 4.33 5 3.1 6.980
SE 4.12 19 205.68 .380
CARV 3.92 6 9.53 2.466
ZM 3.91 15 197.97 .285
EL 3.86 7 345.96 .077
GOOG 3.73 28 2856.06 .028
ANVS 3.73 6 20.57 1.086
IRTC 3.69 1 108.75 .033
CCXI 3.66 3 34.58 .315
SNPS 3.62 7 346.11 .070
U 3.60 6 137.29 .156
ABNB 3.59 10 157.23 .220
MA 3.58 7 337.02 .070
GPN 3.54 11 123.67 .308
XMTR 3.46 1 43.7 .079
EBET 3.45 6 16.8 1.230
ADBE 3.38 12 549.77 .072
DQ 3.36 7 40.7 .574
SCPS 3.34 7 2.04 11.459
TOST 3.31 2 34.13 .192
SNOW 3.29 10 331.07 .090
GLSI 3.27 5 28.48 .570
ZG 3.19 7 58.34 .378
IAC 3.19 7 126.12 .175
BIIB 3.16 7 236.96 .091
ROKU 3.14 8 228.06 .104
MRNA 3.13 40 276.38 .440
LSI 3.13 2 145.47 .042
CMTL 3.13 1 23.49 .133
APPS 3.13 6 55.94 .330
NEGG 3.07 20 10.95 5.600
GDYN 3.03 1 36.58 .082
IRNT 3.02 6 4.36 4.152
BNTX 3.02 31 275.23 .310
UPST 2.99 19 131.5 .418
GME 2.99 82 157.14 1.558
ANTM 2.99 6 439.46 .036
SITM 2.97 7 263.38 .077
LII 2.97 6 307.96 .054
BKKT 2.95 2 9.04 .652
ZLAB 2.93 7 68.2 .294
NEWR 2.93 6 103.34 .168
IWM 2.93 6 212.12 .078
GS 2.93 9 371.61 .063
NRXP 2.89 8 5.2 4.440
TSLA 2.87 157 899.94 .471
CAT 2.86 8 195.46 .112
KMX 2.82 3 131.75 .063
ZS 2.76 10 305.94 .090
JAN 2.73 6 4.15 3.942
SAVA 2.72 28 36.77 2.044
PWR 2.69 2 107.44 .050
PENN 2.65 10 48.22 .540
NVCR 2.63 10 84.03 .310
NCTY 2.63 5 7.8 1.685
DOCS 2.62 8 48.39 .432
OSTK 2.60 7 61.92 .287
BIGC 2.58 2 36.16 .142
WDAY 2.57 7 269.7 .063
SEDG 2.57 8 258.36 .072
ADGI 2.56 12 10 3.072
UNH 2.55 13 483.73 .065
FULC 2.54 6 17.61 .864
INDP 2.52 5 5.61 2.245
LMT 2.51 11 344.14 .077
CRM 2.49 14 247.21 .140
LLY 2.46 9 267.42 .081
AVXL 2.41 5 18.11 .665
PEAR 2.37 1 6.8 .348
COST 2.35 14 548.56 .056
CPOP 2.34 5 1.6 7.310
DPST 2.33 3 41.88 .165
AUVI 2.32 9 4.22 4.941
TMX 2.30 2 44.17 .104
CFLT 2.29 2 65.16 .070
SPY 2.27 4 454.98 .016
FLGT 2.27 6 105 .126
STE 2.26 5 226.78 .045
GRTS 2.25 7 13.67 1.148
AXON 2.25 1 150.86 .014
SPB 2.21 1 95.15 .023
HCA 2.20 4 253.79 .032
TPST 2.19 5 6.76 1.615
AMGN 2.19 6 219.99 .054
PKG 2.17 5 129.06 .080
CHGG 2.17 3 29.66 .219
BLDR 2.17 3 76.83 .084
PKI 2.16 4 188.22 .044
PDD 2.15 5 54.78 .195
KEYS 2.15 5 194.22 .055
DG 2.15 6 220.4 .054
PYPL 2.14 9 182.68 .099
DLPN 2.14 5 7.84 1.360
AACG 2.14 5 1.15 9.300
BHVN 2.12 5 129.99 .080
ACRS 2.12 7 14.27 1.036
DASH 2.11 10 148.07 .140
HRI 2.10 5 154.91 .065
ALEC 2.10 6 23.34 .534
ROST 2.08 4 105.86 .076
AMEH 2.05 9 66.48 .270
ADSK 2.04 7 275.12 .049
MRIN 2.01 5 4.1 2.450
BYND 2.00 6 65.27 .180
UHAL 1.98 9 704.17 .018
XAIR 1.97 1 10.32 .190
WSM 1.97 6 162.55 .072
AAME 1.97 5 3.12 3.155
RNXT 1.96 4 5.06 1.548
CELH 1.96 7 65.92 .203
COHN 1.95 5 15.26 .635
ACIU 1.91 2 5.15 .740
TSP 1.90 6 32.18 .354
LCID 1.90 13 37.99 .650
DOCN 1.90 11 73 .286
DLTR 1.90 9 136.38 .117
SYTA 1.89 1 3.35 .564
SNA 1.89 5 204.51 .045
RL 1.89 8 108.9 .136
MSGE 1.88 4 64.23 .116
BIDU 1.88 118 137.56 1.534
AFRM 1.88 18 97.37 .342
TDG 1.87 4 581.06 .012
COF 1.87 4 138.35 .052
VLO 1.86 4 68.69 .108
DIS 1.86 9 146.47 .108
ESTC 1.83 7 115.64 .105
CI 1.83 5 219.62 .040
ACMR 1.83 5 74.42 .120
ENPH 1.82 8 178.73 .080
KNBE 1.80 7 23.05 .546
ROLL 1.78 7 193.71 .063
CERE 1.78 7 31.91 .385
VRPX 1.77 9 3.55 4.482
RAPT 1.77 7 32.68 .378
DAVA 1.77 4 148.64 .044
HON 1.76 7 199.85 .056
XBI 1.75 6 115.79 .090
TASK 1.74 7 45.71 .266
LWAC 1.73 5 16.98 .505
WAVE 1.72 5 5.2 1.650
LIN 1.72 9 330.32 .045
LAIX 1.72 4 0.6525 10.544
IMPL 1.70 5 9.41 .900
SPG 1.69 7 150.73 .077
NNOX 1.69 5 17.8 .470
KYMR 1.69 2 54.7 .060
SQ 1.68 24 158.3 .240
BURL 1.68 8 277.24 .048
ROG 1.67 1 269 .006
AN 1.67 8 113.95 .112
AMD 1.67 23 135.8 .276
NMRD 1.66 4 4.85 1.368
VVOS 1.65 6 2.56 3.864
NVOS 1.65 5 1.31 6.295
JNJ 1.64 5 167.75 .045
FISV 1.64 6 100.52 .096
CREE 1.64 5 79.12 .100
TRI 1.63 4 114.62 .056
JZXN 1.63 4 1.54 4.232
COIN 1.63 10 238.05 .060
WYNN 1.62 4 80.79 .080
NVTS 1.62 2 13.93 .232
KMB 1.62 9 141.3 .099
EVA 1.62 2 70.46 .044
CVS 1.62 4 100.32 .064
CLDX 1.61 3 39.12 .123
PLCE 1.60 4 71.94 .088
STMP 1.59 4 329.61 .016
LH 1.59 9 309.41 .045
LHDX 1.58 4 6.7 .940
DNA 1.58 1 11.06 .142
RLMD 1.57 4 20.54 .304
GH 1.57 8 99.67 .120
CARA 1.57 2 12.21 .256
DPW 1.56 5 1.6 4.875
TSC 1.55 1 28.81 .053
IRDM 1.55 4 39.23 .156
FANG 1.55 7 99.12 .105
CRNC 1.55 4 70.59 .084
BLFS 1.55 1 36.71 .042
ARVN 1.55 8 75 .160
CPE 1.54 7 42.83 .245
CHCI 1.54 3 4.2 1.098
TERN 1.53 4 5.7 1.072
SIEB 1.53 5 2.16 3.540
DLO 1.53 5 31.83 .240
CM 1.53 7 112.46 .091
TSCO 1.52 9 222.3 .054
MRAM 1.52 3 10.14 .447
ISPC 1.52 6 10.25 .888
CLX 1.52 4 174.16 .032
SNOA 1.51 4 4.74 1.272
GRU 1.51 1 4.635 .325
WAFU 1.50 4 3.85 1.556
RBLX 1.49 16 98.69 .240
KTTA 1.49 1 1.44 1.034
CNC 1.49 5 82.42 .090
BCYC 1.49 3 56.54 .078
ZIM 1.48 11 50.67 .319
STT 1.48 3 90.1 .048
RACE 1.48 13 249.6 .065
ADI 1.48 5 168.32 .040
NURO 1.47 11 5.57 2.893
FGEN 1.47 3 14.8 .297
EDIT 1.47 3 30.2 .144
VCVC 1.46 1 9.85 .148
LOW 1.46 12 245.62 .060
HTBX 1.46 2 4.06 .718
AAP 1.46 6 228.39 .036
SBEA 1.45 2 10 .290
EYEG 1.45 1 1.95 .743
BTBT 1.45 10 6.49 2.230
BBY 1.45 7 95.77 .105
MT 1.44 1 31.67 .045
KALV 1.44 8 13.37 .856
FATE 1.44 4 60.12 .092
TGT 1.43 13 223.31 .078
LYFT 1.43 5 38.62 .185
LANC 1.43 2 159.89 .016
ATKR 1.43 2 100.15 .028
TTC 1.42 5 93.56 .075
IMNM 1.42 4 15.38 .368
DELL 1.42 8 53.6 .208
RMBL 1.41 3 36.82 .114
KSS 1.41 10 46.87 .300
HOOD 1.41 14 18.03 1.092
TWTR 1.40 6 42.98 .192
JCS 1.40 3 2.34 1.794
HX 1.40 6 2.24 3.750
VERY 1.39 4 6.6701 .832
EOSE 1.39 2 8.13 .340
TNET 1.38 1 90.73 .015
EXPI 1.38 6 33.64 .246
APP 1.38 10 88.13 .150
TWST 1.37 7 81.74 .112
LIVE 1.37 3 30.5 .132
LGVN 1.37 5 15.78 .430
ECOM 1.37 1 23.01 .059
TAOP 1.35 3 2.11 1.917
NXPI 1.35 8 217.65 .048
EA 1.35 5 129.92 .050
WNW 1.34 1 2.3 .582
CAH 1.34 4 49.65 .104
J 1.33 4 132.83 .040
GRVY 1.33 7 66.5 .140
FIGS 1.33 6 25.13 .312
XLY 1.32 5 191.85 .030
V 1.32 10 208.74 .060
COUR 1.32 2 23.19 .112
AEO 1.32 2 22.12 .118
VIH 1.31 1 9.36 .139
TJX 1.31 6 72.48 .108
INMD 1.31 5 66.07 .095
ABCL 1.31 1 14.6 .089
A 1.31 10 150.42 .080
XLNX 1.30 14 196.15 .084
UHS 1.30 4 124.61 .040
LITE 1.30 3 103.7 .036
JG 1.30 3 1.01 3.861
GWRE 1.30 5 109.73 .055
CALT 1.30 2 26.26 .098
BNR 1.30 3 10.59 .366
VSCO 1.29 5 46.78 .135
OLLI 1.29 2 48.89 .052
JPM 1.29 14 153.94 .112
ATAI 1.29 2 8.03 .320
APPN 1.29 4 68.6 .072
JD 1.28 10 68.19 .180
FRD 1.28 1 9.42 .135
BILI 1.28 23 44.14 .644
YETI 1.27 4 79.7 .060
RHE 1.27 2 4.62 .548
NFE 1.27 1 22.52 .056
HJLI 1.27 1 10.38 .122
APXT 1.27 1 12.11 .104
AKAM 1.27 4 114.07 .044
TTWO 1.26 5 178.35 .035
SPCE 1.26 24 13.93 2.160
DOMO 1.26 4 49.68 .100
THCB 1.25 1 10 .125
SPT 1.25 6 87.9 .084
OPAD 1.25 4 7.25 .688
NVDA 1.25 162 277.19 .648
NGM 1.25 2 18.21 .136
CHKP 1.25 6 112.45 .066
BYSI 1.25 5 4.58 1.360
ABSI 1.25 2 8.98 .278
UAL 1.24 2 41.1 .060
SJ 1.24 4 4.7 1.052
RSKD 1.24 2 7.59 .326
PBTS 1.24 1 0.62 2.000
LPX 1.24 3 71.97 .051
LEDS 1.24 3 4.9 .759
EDSA 1.24 1 5.71 .217
CMMB 1.24 2 6.41 .386
BNTC 1.24 3 2.83 1.314
ANPC 1.24 2 1.07 2.316
ALXN 1.24 4 182.5 .024
TAP 1.23 2 43.38 .056
LAW 1.23 3 38.35 .096
JKS 1.23 5 42.56 .140
HOG 1.23 5 36.41 .165
ANET 1.23 1 134.33 .009
RCUS 1.22 1 41.63 .029
EYES 1.22 6 1.87 3.912
DDL 1.22 2 13.48 .180
BZ 1.22 3 32.91 .111
PFGC 1.21 3 41.61 .087
OSAT 1.21 3 3.66 .990
LYEL 1.21 3 7.52 .480
HGEN 1.21 3 3.75 .966
EAT 1.21 3 35.54 .102
ARAV 1.21 1 2.71 .446
WHLM 1.20 4 5.04 .952
MMM 1.20 7 172.64 .042
CRIS 1.20 2 4.87 .492
CETX 1.20 1 0.8593 1.396
AMTX 1.20 3 12.21 .294
TVTX 1.19 3 29.8 .117
SGOC 1.19 9 6.2 1.719
AMC 1.19 60 29.7 2.400
MQ 1.18 7 16.53 .497
MOXC 1.18 5 4.09 1.440
DFH 1.18 1 18 .065
ZEV 1.17 4 5.71 .816
VMW 1.17 9 114.79 .090
TDC 1.17 5 42.25 .135
STZ 1.17 4 239.45 .016
SKT 1.17 3 18.35 .189
MVIS 1.17 5 5.66 1.030
VOXX 1.16 3 10.16 .342
SIF 1.16 1 6.07 .191
NTAP 1.16 4 87.53 .052
LAZR 1.16 5 15.71 .365
HGSH 1.16 2 2.48 .934
AMAT 1.16 8 145.01 .056
WGO 1.15 3 65.59 .051
NTRB 1.15 2 3.14 .732
HCWB 1.14 2 2.44 .934
BBLG 1.14 1 3.49 .326
AVIR 1.14 3 8.55 .399
VNET 1.13 3 8.19 .411
STG 1.13 1 5.06 .223
PEP 1.13 5 169.42 .030
NUAN 1.13 1 54.99 .020
BTX 1.13 2 4.87 .464
SHEN 1.11 3 25.92 .126
SEMR 1.11 3 19.57 .168
PMCB 1.11 3 2.56 1.299
CTRN 1.11 5 67.27 .080
CNET 1.11 1 1.11 1.000
ALLO 1.11 2 15.48 .142
XM 1.10 3 33.31 .099
OPTT 1.10 1 1.8 .611
MRUS 1.10 3 29.87 .108
JRVR 1.10 3 26.67 .123
XTLB 1.09 2 2.9397 .740
SKX 1.09 4 40.16 .108
FOSL 1.09 2 9.26 .234
ALDX 1.09 2 7.13 .304
SFIX 1.08 3 17.94 .180
QDEL 1.08 5 174.59 .030
MTSL 1.08 3 3.37 .960
FCBP 1.08 1 29.1 .037
B 1.08 1 43.61 .024
AZYO 1.08 1 6.66 .162
ALF 1.08 2 2.31 .934
SMLP 1.07 2 23.09 .092
AXP 1.07 6 155.89 .036
VYGR 1.06 2 2.99 .708
USB 1.06 5 54.87 .095
C 1.06 5 59.54 .085
SCR 1.05 5 35.58 .145
QCOM 1.05 15 176.67 .075
PTGX 1.05 3 31.68 .099
MNST 1.05 4 91.64 .044
CELC 1.05 3 12.32 .255
WM 1.04 9 160.59 .054
RUN 1.04 6 31.44 .198
PRTA 1.04 9 46.41 .198
OCGN 1.04 12 5.17 2.412
NETE 1.04 2 13.09 .158
LEGN 1.04 6 46.98 .132
KURA 1.04 4 14.8 .280
IPA 1.04 2 5.86 .354
FSTX 1.04 1 5.19 .200
CANF 1.04 1 2.15 .483
AUPH 1.04 10 21.06 .490
VALN 1.03 5 57.93 .085
TSN 1.03 5 84.84 .060
MARA 1.03 20 32.47 .620
KMPH 1.03 3 8.31 .369
MFNC 1.02 2 21.5 .094
GIII 1.02 5 25.57 .195
DAL 1.02 5 36.37 .140
ZCMD 1.01 1 1.81 .558
TMUS 1.01 7 118.99 .056
SCHW 1.01 6 80.68 .072
OVV 1.01 3 30.99 .096
LL 1.01 1 16.76 .060
FUBO 1.01 3 16 .189
EGRX 1.01 2 55.42 .036
DKS 1.01 18 101.26 .162
CGC 1.01 2 9.59 .210
ABT 1.01 8 134.98 .056
PINS 1.00 4 35.76 .108
OMER 1.00 1 7.74 .129
MO 1.00 3 48.11 .060
LUV .99 6 39.66 .144
LOGI .99 6 81.86 .072
DKNG .99 6 27.9 .210
BRG .99 1 27.2 .036
ACY .99 19 50.55 .361
TRCH .98 2 4.95 .394
MYGN .98 2 25.72 .076
MCD .98 8 261.73 .024
JWN .98 4 20.1 .192
IMTX .98 4 12.83 .304
HOFV .98 2 1.69 1.158
HHR .98 11 51.05 .209
BGFV .97 10 17.49 .550
RRGB .96 2 15.76 .120
IMAB .96 6 47.06 .120
FA .96 1 16.74 .057
BRLT .96 4 14.51 .264
AZPN .96 4 149.03 .024
SUPN .95 2 29.74 .062
BTWN .95 1 9.8 .096
BPTH .95 2 4.21 .450
AGRI .95 5 2.1 2.260
PAYX .94 2 123.8 .014
MDT .94 9 99.53 .081
HAS .94 6 95.97 .054
ENOB .94 5 7.91 .590
UPS .93 9 202.43 .036
TGTX .93 3 18.24 .150
NIU .93 4 14.84 .248
LIFE .93 4 7.94 .468
PLUG .92 9 27.33 .297
OKE .92 3 56.53 .048
NKE .92 9 156.98 .045
LBPH .92 1 5.98 .153
KNL .92 1 25.04 .036
YEXT .91 1 10.29 .088
SSY .91 3 1.73 1.578
OTIS .91 5 84.16 .050
GM .91 4 54.04 .064
BIG .91 3 41.52 .063
AIT .91 2 97.05 .018
JBL .90 5 63.6 .070
GEG .90 1 1.87 .481
DXC .90 3 29.98 .090
CRTO .90 1 36.59 .024
BBBY .90 16 15.12 .944
SPI .89 4 3.89 .912
BKE .89 6 38.66 .138
ACHL .89 1 4.66 .190
RTX .88 3 81.03 .030
IBM .88 10 127.06 .060
GMBL .88 2 4.08 .430
WMT .87 19 139.2 .114
GDEV .87 3 7.94 .327
DTSS .87 1 1.43 .608
UTHR .86 4 202.22 .016
TTCF .86 2 16.36 .104
KODK .86 2 4.97 .346
GE .86 6 89.98 .054
VMEO .85 2 17.99 .094
SRNE .85 1 5.87 .144
SAFM .85 1 190.39 .004
BFRI .85 3 7.62 .333
STX .84 10 105.13 .070
PTIX .84 2 1.59 1.056
NLS .84 2 6.2 .270
HOL .84 3 12.35 .204
FL .84 5 39.96 .105
DTST .84 3 3.12 .807
CLII .84 3 14.36 .174
APOP .84 5 13.17 .315
TNA .83 5 76.93 .050
ROIV .83 1 10.95 .075
MAXR .83 4 27.61 .120
IRBO .83 1 40.32 .020
CNA .83 1 43.33 .019
BLUW .83 2 9.63 .172
ABBV .83 6 130.86 .036
SANA .82 1 16.03 .051
MNSO .82 1 9.48 .086
FITB .82 3 41.18 .057
BABA .82 98 115 .686
SPRT .81 20 11.8 1.360
MBRX .81 2 2.08 .778
ATVI .81 5 61.8 .065
SYPR .80 4 2.34 1.364
GTEC .80 4 6.25 .512
DD .80 4 75.21 .040
CYTK .80 6 39.5 .120
BZUN .80 2 12.94 .122
ASAN .80 16 76.47 .160
VIR .79 6 51.16 .090
SWI .79 1 13.9 .056
PNRG .79 1 65.8 .012
ERYP .79 4 2.2 1.436
ZY .78 3 7.04 .330
SJM .78 12 135.04 .060
PTON .78 6 38.7 .120
IPHA .78 4 5.02 .620
GNOG .78 1 10.4 .075
CAI .78 1 56 .013
QFIN .77 9 19.67 .351
PLTR .77 2 17.96 .084
OLB .77 3 3.32 .693
FUV .77 2 8.38 .182
ENTX .77 2 3.01 .510
ALYA .77 4 2.44 1.260
VLDR .76 2 5.01 .302
NFLX .76 105 593.74 .105
NBRV .76 1 0.658 1.155
MOS .76 5 35.54 .105
LI .76 6 28.25 .156
IS .76 1 7.67 .099
GROM .76 2 2.05 .740
FLWS .75 4 21.96 .136
SCKT .74 4 4.59 .644
MS .74 10 95.37 .070
MNOV .74 3 2.74 .810
GTIM .74 1 4.28 .172
GRVI .74 3 3.98 .555
EVOL .74 2 2.22 .666
BB .74 12 8.88 .996
ATXI .74 1 0.9301 .795
VZ .73 2 53.17 .026
VOOV .73 1 146.15 .004
UPC .73 3 1.67 1.311
SQBG .73 2 6.24 .232
SOFI .73 7 14.59 .350
RIOT .73 6 22.52 .192
OPNT .73 4 34.34 .084
NVFY .73 3 1.9 1.152
XLK .72 9 165.57 .036
RMED .72 6 1.58 2.730
RETO .72 2 0.8731 1.648
DEN .72 4 67.68 .040
CRMT .72 9 103.53 .054
COP .72 9 68.6 .090
BTCM .72 4 6.87 .416
BFLY .72 1 7.28 .098
ARPO .72 1 2.2 .327
ZKIN .71 2 1.38 1.028
UBER .71 6 39.7 .102
RFL .71 5 5.06 .700
PALI .71 3 1.9 1.119
GNFT .71 1 5.65 .125
EFOI .71 2 3.88 .364
BJ .71 8 64.81 .080
TBLA .70 1 9.85 .071
SONO .70 6 28.85 .144
ORGS .70 1 3 .233
OCX .70 1 2.24 .312
IGIC .70 3 7.81 .267
GLD .70 11 167.09 .044
DDD .70 12 21.34 .384
CRCT .70 4 23.01 .120
AMKR .70 2 21.77 .064
VRNT .69 5 50.37 .065
SLS .69 4 6.39 .428
FTEK .69 3 1.43 1.446
ASM .69 1 0.81 .851
APRE .69 3 3.26 .633
TQQQ .68 140 146.29 .560
STEM .68 6 18.08 .222
SM .68 3 27.26 .072
RIDE .68 7 3.72 1.274
ONCS .68 1 1.13 .601
ALC .68 6 84.54 .048
XONE .67 2 26.7 .050
SKLZ .67 4 7.88 .340
PPSI .67 9 7.05 .855
PLD .67 5 161.39 .020
NPTN .67 1 15.21 .044
JRJC .67 3 6.5 .309
FTCH .67 6 30.1 .132
FOE .67 1 21.63 .030
CLNE .67 1 6.4 .104
ACH .67 1 13.44 .049
WFC .66 6 46.85 .084
VIPS .66 1 8.03 .082
PG .66 11 157.86 .044
HCM .66 5 33.34 .095
CTKB .66 1 16.89 .039
ATNF .66 4 4.14 .636
AMOM .66 1 34.3617 .019
TATT .65 3 6.19 .315
STRO .65 2 15.69 .082
PCVX .65 1 22.61 .028
NEE .65 6 89.94 .042
MESO .65 2 4.69 .276
LMNL .65 3 1.07 1.821
IONQ .65 7 15.28 .294
FB .65 108 325.45 .108
AA .65 12 53.11 .144
SLGG .64 2 2.46 .520
SDC .64 2 2.56 .500
LZB .64 2 34.3 .036
LEXX .63 4 4.16 .604
FLOW .63 4 86.27 .028
ARCE .63 3 20.72 .090
ULTA .62 1 365.82 .001
LJPC .62 2 4.32 .286
LAC .62 12 27.53 .264
ISEE .62 4 15.65 .156
CUE .62 1 11.45 .054
BON .62 3 4.82 .384
BLPH .62 1 2.6 .238
BCRX .62 10 13.03 .470
ASTR .62 5 8.08 .380
AREC .62 5 1.92 1.610
APG .62 2 23.14 .052
VGR .61 1 16.85 .036
SOS .61 2 0.932 1.308
MVST .61 6 6.38 .570
BEKE .61 2 17.31 .070
AMBO .61 1 1.03 .592
PSTV .60 1 1.14 .526
KZR .60 3 14.74 .120
HD .60 19 387.98 .019
EVK .60 6 2.28 1.578
CEMI .60 8 1.7 2.816
AYRO .60 2 1.8 .666
AMRS .60 1 5.11 .117
SPTN .59 4 25.1 .092
YMM .58 2 10.01 .114
WPRT .58 2 2.22 .522
WISH .58 3 3.09 .561
STAF .58 2 0.86 1.348
M .58 17 23.57 .408
LEN .58 7 105.81 .035
IFRX .58 3 4.36 .399
CSIQ .58 4 30.18 .076
WEI .57 1 0.7384 .771
SNAP .57 113 45.29 1.356
SBTX .57 1 6.67 .085
PRFX .57 4 1.395 1.632
ORPH .57 4 2.87 .792
EZFL .57 1 1.69 .337
CLPS .57 1 2.11 .270
CLPS .57 1 2.11 .270
CLF .57 11 20.59 .297
VTSI .56 4 6.98 .320
UAA .56 4 19.94 .112
TTD .56 16 88.04 .096
SLV .56 3 20.57 .081
RY .56 8 100.43 .040
PFE .56 16 61.02 .144
OLN .56 3 54.6 .030
OBLN .56 3 3.05 .549
MTP .56 1 1.17 .478
LODE .56 3 1.4 1.200
CYAD .56 1 4.17 .134
VNE .55 6 34.9 .090
RSI .55 2 15.81 .068
MOSY .55 2 4.5 .244
MAT .55 6 20.15 .162
LOOP .55 5 12.12 .225
FLXN .55 1 9.12 .060
EOLS .55 1 6.4 .085
ENSC .55 3 2.89 .570
WHLR .54 2 1.8 .600
TSM .54 3 114.94 .012
MSFT .54 117 319.91 .117
MRK .54 11 76.41 .077
MPC .54 4 60.91 .032
INTC .54 7 49.6 .070
GPS .54 7 16.69 .224
ENZ .54 2 3.2 .336
ADMA .54 1 1.3 .415
TBIO .53 3 37.36 .042
NIO .53 77 28.16 1.386
MEDS .53 5 2.67 .990
HUYA .53 4 7.35 .288
HPQ .53 6 36.13 .084
EQ .53 1 4.38 .121
CHPT .53 4 18.01 .116
BBWI .53 6 67.98 .042
SILK .52 7 39.74 .091
RF .52 2 20.69 .050
ANF .52 3 32.81 .045
RCON .51 2 1.43 .712
OCUP .51 2 3.75 .272
GFAI .51 2 1.11 .918
DYAI .51 3 4.48 .339
CPSH .51 1 3.88 .131
BLU .51 3 7.75 .195
TIGR .50 8 4.82 .824
PSTG .50 5 31.68 .075
PATI .50 2 8.38 .118
MDIA .50 3 4.04 .369
GRTX .50 3 3.79 .393
CBAT .50 3 1.73 .867
RKDA .49 1 1.035 .473
NRBO .49 2 1.5 .652
K .49 10 64.37 .070
IGC .49 3 1.12 1.311
GP .49 3 10.75 .135
GEVO .49 4 4.78 .408
ENLV .49 2 6.32 .154
ECHO .49 1 48.24 .010
ATHM .49 3 27.29 .051
ARMP .49 1 5.51 .088
NNDM .48 3 3.96 .363
KIRK .48 3 14.72 .096
EPU .48 3 27.72 .051
CSCO .48 11 60.36 .077
TRIL .47 1 18.44 .025
TLRY .47 4 7.46 .252
SOHU .47 6 15.89 .174
EXPR .47 5 3 .780
DARE .47 1 1.8 .261
CCJ .47 11 20.77 .242
BODY .47 2 2.37 .396
BAC .47 6 43.88 .060
XPEV .46 84 39.44 .924
UFAB .46 2 1.81 .508
NTEC .46 4 9.63 .188
MARK .46 4 1.02 1.800
KO .46 9 57.54 .063
KBSF .46 2 3.05 .300
GURE .46 1 4.56 .100
EQOS .46 1 1.87 .245
CVV .46 2 4.12 .222
BCLI .46 1 3.39 .135
VERU .45 4 6.16 .292
TYME .45 4 0.704 2.556
TME .45 1 6.02 .074
ONCT .45 2 2.57 .350
FCX .45 25 37.42 .300
EVGO .45 8 9.98 .360
CRDF .45 3 6.11 .219
CCL .45 5 18.9 .115
APT .45 1 5.81 .077
ADIL .45 2 2.68 .334
WORX .44 4 1.27 1.384
STN .44 3 53.58 .024
NNVC .44 3 4.1 .321
MTTR .44 15 22.79 .285
LESL .44 2 22.5 .038
GALT .44 3 2.32 .567
FFHL .44 2 8.07 .108
DWSN .44 2 2.295 .382
CROX .44 11 131.48 .033
WOOF .43 3 19.13 .066
HOLI .43 1 12.5 .034
GAME .43 1 3.09 .139
EVGN .43 1 1.93 .222
CAN .43 4 4.9 .348
ATIF .43 1 3.065 .140
T .42 4 24.19 .068
HRC .42 6 155.96 .012
DBGI .42 5 2.43 .860
CTSO .42 4 4.26 .392
BWAY .42 3 7.5 .168
ARMK .42 4 33.95 .048
SRNG .41 1 11.42 .035
SLB .41 6 28.47 .084
RKT .41 2 14.46 .056
PDCO .41 4 27.4 .056
KZIA .41 2 7.4 .110
HNST .41 3 7.47 .162
GTT .41 1 2.36 .173
DUK .41 6 103.67 .018
BLIN .41 8 2.7 1.208
AUUD .41 7 1.93 1.484
ACOR .41 4 2.45 .668
YJ .40 2 0.572 1.398
XLF .40 3 37.66 .030
LIZI .40 4 1.81 .880
FBRX .40 1 2.18 .183
DUOT .40 1 5.5 .072
CTIB .40 5 1.1999 1.665
CHRA .40 1 4.6 .086
IYC .39 4 79.37 .016
HALO .39 1 38.53 .010
EQT .39 3 21.25 .054
CSCW .39 2 0.5189 1.502
CRTD .39 7 2.14 1.274
AQMS .39 3 1.34 .873
XOM .38 10 59.16 .060
SBH .38 3 17.61 .063
RDUS .38 1 6.88 .055
OVID .38 2 3.25 .232
OTLK .38 2 1.43 .530
MRTN .38 3 16.41 .069
GPK .38 2 18.73 .040
DNUT .38 8 17.17 .176
CL .38 6 82.52 .024
ANIX .38 1 3.07 .123
VTNR .37 10 4.05 .910
UONE .37 7 4.81 .532
MRVL .37 8 84.17 .032
HUGE .37 1 1.02 .362
GT .37 6 19.25 .114
CHMA .37 2 3.76 .196
UAVS .36 3 1.83 .588
MRKR .36 1 1.02 .352
MITQ .36 1 2.2 .163
JFIN .36 2 2.59 .276
IDEX .36 4 1.37 1.048
GOVX .36 7 3.88 .644
GNLN .36 2 0.9791 .734
BNGO .36 12 3.21 1.344
AKTX .36 1 1.53 .235
ADMP .36 1 0.6221 .578
ACB .36 3 5.66 .189
VXX .35 4 22.78 .060
PHUN .35 16 2.91 1.920
ORMP .35 19 15.12 .437
ORGO .35 2 9.02 .076
ON .35 12 60.94 .060
LMFA .35 5 5.31 .325
KHC .35 6 35.27 .054
CLSD .35 3 2.9 .360
CIFR .35 3 4.66 .225
BSQR .35 13 1.74 2.613
AESE .35 1 1.89 .185
XELB .34 2 1.16 .586
TRIT .34 5 2.66 .635
SSNT .34 2 4.52 .150
ME .34 6 6.61 .306
HWCC .34 1 5.3 .064
CYTH .34 1 4.15 .081
MU .33 9 82.03 .036
IMMR .33 6 5.77 .342
HNP .33 2 24.19 .026
GTS .33 1 35.63 .009
CIEN .33 21 74.48 .084
BHTG .33 1 0.837 .394
WATT .32 2 1.32 .484
TAL .32 2 4.15 .154
SPCB .32 2 0.5384 1.188
SGBX .32 3 2.08 .459
PRPL .32 6 12.25 .156
MINM .32 2 1.14 .560
CORT .32 2 20.8 .030
AAPL .32 112 169.75 .112
AAL .32 9 17.3 .162
XLV .31 8 136.56 .016
WINT .31 3 1.59 .582
ULBI .31 2 5.98 .102
SCYX .31 4 7.5 .164
NKLA .31 15 9.25 .495
LTHM .31 17 22.18 .221
LC .31 12 23.19 .156
HRL .31 7 48.47 .042
HMHC .31 2 15.3 .040
DMAC .31 2 3.63 .170
AEY .31 1 1.74 .178
TESS .30 3 7.83 .114
PBR .30 10 10.58 .280
OXBR .30 5 6.55 .225
LGHL .30 4 1.58 .756
KR .30 17 45.51 .102
HAPP .30 1 0.5687 .527
ENG .30 3 1.54 .582
CLSK .30 1 10.82 .027
BBIG .30 21 3.15 1.995
AVCT .30 2 1.52 .394
AUTL .30 3 5.32 .168
NEXT .29 4 2.62 .440
HUSN .29 4 2.7 .428
DRN .29 10 26.62 .100
ALTO .29 5 4.8 .300
AFMD .29 3 5.67 .153
XLE .28 10 53.01 .050
ORCL .28 37 91.64 .111
MITO .28 1 0.855 .327
FLO .28 6 27.06 .060
EPAY .28 3 56.21 .012
CLOV .28 2 3.97 .140
APTO .28 4 1.39 .804
WIMI .27 4 2.94 .364
RSLS .27 4 1.98 .544
NAOV .27 11 1.04 2.849
MGTX .27 1 21.23 .012
INCY .27 5 73.45 .015
GSM .27 7 5.92 .315
FENC .27 2 4.21 .128
ERF .27 3 9.14 .087
ENVB .27 3 1.15 .702
ACI .27 12 30.02 .096
VIVE .26 2 1.38 .376
PPBT .26 1 4.09 .063
PME .26 1 0.665 .390
JQUA .26 1 43.84 .005
AXLA .26 2 2.47 .210
XLP .25 11 74.71 .033
VCLO .25 1 15.76 .015
PBLA .25 1 1.78 .140
HITI .25 1 4.4 .056
HIPO .25 2 2.65 .188
ERJ .25 13 13.9 .221
CONE .25 2 89.51 .004
RVI .24 2 6.13 .078
RAIL .24 4 3.77 .252
PLG .24 3 1.9 .378
MOGO .24 4 3.16 .300
IKT .24 1 1.62 .148
GBR .24 1 2.64 .090
CPIX .24 4 4.2 .228
UWMC .23 4 6.26 .144
PIRS .23 7 3.43 .469
GIS .23 11 67.65 .033
THTX .22 1 3.15 .069
SSKN .22 1 1.4 .157
SPWH .22 3 10.78 .060
JFU .22 3 1.08 .609
INOV .22 2 41.06 .010
FFIE .22 2 4.79 .090
DYNT .22 5 0.9756 1.125
BIOC .22 4 3.79 .232
ABUS .22 8 4.38 .400
VBLT .21 3 2.02 .309
TENX .21 1 1.11 .189
BP .21 5 25.65 .040
AZN .21 16 56.56 .048
ATOS .21 5 1.87 .560
ANY .21 20 3.33 1.260
ALZN .21 3 2.1 .300
ALAC .21 2 11.65 .036
SALM .20 4 2.79 .284
ENSV .20 1 0.99 .202
NBEV .19 1 1.07 .177
MOMO .19 3 8.52 .066
FLGC .19 6 1.83 .618
COTY .19 8 9.49 .160
BKYI .19 2 2.25 .168
BGI .19 3 4.45 .126
AGNC .19 4 14.76 .048
VSH .18 3 20.05 .024
IRIX .18 4 5.66 .124
FCEL .18 130 6.05 3.770
BLNK .18 14 26.56 .084
TISI .17 1 1.09 .155
PPC .17 2 27.61 .012
PETZ .17 4 5.1 .132
LIVX .17 2 3.07 .110
KXIN .17 6 1.48 .684
GMTX .17 2 2.72 .124
D .17 9 77.96 .018
AHPI .17 2 5.8 .058
AEHR .17 30 15.62 .300
SNES .16 2 1.04 .306
OCG .16 4 4.55 .140
INFI .16 4 2.64 .240
IMMP .16 7 3.36 .329
HFBL .16 1 20.382 .007
GGAL .16 4 9.45 .064
ZNGA .15 4 6.47 .092
IMV .15 2 1.28 .234
GSKY .15 2 10.97 .026
GRUB .15 3 10.24 .042
CREX .15 1 1.45 .103
CHNG .15 2 20.67 .014
VRS .14 1 27.04 .005
SYKE .14 3 54 .006
OEG .14 1 2.43 .057
NXTP .14 1 0.9206 .152
INM .14 1 1.41 .099
IEC .14 1 15.34 .009
EDU .14 1 2.05 .068
VIEW .13 2 3.79 .068
TTM .13 13 29.47 .052
SVBI .13 1 13.63 .009
OSMT .13 4 1.03 .504
GENE .13 3 1.99 .195
VERB .12 8 1.38 .688
SBBP .12 2 2 .120
PSTX .12 1 7.11 .016
MRO .12 18 14.86 .144
HDGE .12 3 26.23 .012
GSAT .12 2 1.2 .200
CRON .12 5 4.1 .145
CHNR .12 4 0.65 .736
UNIT .11 3 12.85 .024
TELL .11 9 2.81 .351
SNMP .11 2 0.6406 .342
MOHO .11 3 0.42 .783
GBS .11 1 1.4 .078
FENG .11 2 0.8366 .262
FAST .11 6 61.32 .006
ET .11 6 8.25 .078
EKSO .11 2 3.08 .070
CSPR .11 1 6.65 .016
CALA .11 1 0.6769 .162
ACHV .11 2 7.32 .030
SLHG .10 1 1.31 .076
RCAT .10 2 1.9 .104
RAVN .10 3 58.08 .003
OBSV .10 6 2.16 .276
KDMN .10 4 9.5 .040
EDTK .10 2 0.99 .202
CNFR .10 2 2.36 .084
AGEN .10 12 3.53 .336
YPF .09 3 3.75 .072
XELA .09 7 1.04 .602
WTER .09 2 1.34 .134
TEDU .09 2 0.404 .444
TAAG .09 1 20.9494 .004
SELF .09 1 5.28 .017
RIG .09 6 2.77 .192
PRPO .09 3 1.67 .159
CXM .09 1 14.16 .006
CPG .09 8 4.39 .160
AEMD .09 3 1.96 .135
AEI .09 2 0.565 .318
XPDI .08 14 10.51 .098
TEO .08 2 4.92 .032
SBS .08 10 6.92 .110
MBII .08 1 0.7078 .113
LPTX .08 1 2.99 .026
CLDR .08 1 15.99 .005
BQ .08 2 0.9315 .170
VSTM .07 3 2.28 .090
SWN .07 4 4.36 .064
RRD .07 10 10.71 .060
NEPT .07 2 0.37 .378
LMRK .07 2 16.44 .008
ITRO .07 1 1.27 .055
ITRN .07 3 25.5 .006
DBVT .07 11 2.7 .275
CPLG .07 1 15.61 .004
XBIO .06 8 1.41 .336
SSL .06 22 15.27 .066
OXY .06 31 26.98 .062
MTL .06 17 2.96 .340
KULR .06 8 2.87 .160
ESXB .06 2 11.3 .010
ENIC .06 1 1.95 .030
ADMS .06 2 8.22 .014
ULTA .05 12 365.82 0
OCG .05 13 4.55 .130
MFGP .05 5 4.75 .050
MDNA .05 8 1.77 .224
FRBK .05 1 3.51 .014
PSP .04 3 14.65 .006
PBT .04 2 8.32 .008
NOK .04 6 5.91 .036
IRCP .04 4 2.1 .076
CXP .04 1 19.28 .002
CDEV .04 4 5.8 .024
AVGR .04 7 0.5199 .532
VTGN .03 5 1.86 .080
VCAR .03 1 14.19 .002
SNDL .03 1 0.5918 .050
SLVO .03 4 4.97 .024
SIC .03 1 14.49 .002
RTLR .02 9 10.6 .009
NWHM .02 1 8.99 .002
KIN .02 2 9.25 .004
EIC .02 2 17.07 .002
DSE .02 1 9.49 .002
PMD .01 1 7.22 .001
INFL .01 2 29.65 0
IACB .01 3 7.95 .003
DFP .01 3 27.47 0
BEST .01 3 0.855 .033
WMPN 0 4 12.1 0
QQC 0 2 31.9556 0
QADB 0 4 87.54 0
PAE 0 1 9.91 0
ONON 0 1 51.42 0
NLSP 0 1 1.32 0
LHAA 0 1 9.95 0
HWBK 0 1 24.95 0
FRO 0 16 6.82 0
DVD 0 1 3.6 0
APWC 0 1 2.99 0
NSYS -.12 1 10.1 -.011
