RTLR -.01 7 10.99
202PENN %:
EDTK .01 2 1.69
INFL .01 2 30.3
SLVO .01 2 5.34
WMPN .01 4 12.41
BLNK .02 11 34.09
NWHM .02 1 8.93
SIC .03 1 14.22
SNDL .03 1 0.76
IACB .04 1 9.84
IMMP .04 3 3.66
AEI .05 2 1.93
CNFR .05 2 3.14
ACY .06 15 30.62
NEPT .07 2 0.6913
AEMD .09 2 3.82
CRON .09 4 6.92
MDNA .09 6 2.18
NOK .09 2 6.12
SLHG .10 1 3.38
ATHE .11 3
MOHO .11 3 0.669
SNMP .11 2 1.44
RIG .12 2 3.5
IEC .14 1 15.27
SYKE .14 3 53.85
CHNR .15 3 1.35
IMV .15 2 1.65
RAVN .16 2 58.05
SNES .16 2 1.5401
ET .17 2 9.11
IRCP .17 1 2.37
AGEN .18 1 5.95
EVGO .18 1 12.44
OSMT .18 3 4.19
FRO .19 3 7.49
NBEV .19 1 2.27
PRPO .19 1 3.16
RAIL .20 3 5.69
HUSN .22 4 3.2
IKT .22 1 2.02
JFU .22 3 1.68
CTIB .23 4 1.89
ATOS .24 5 3.31
GEVO .24 3 5.71
AAPL .26 105 148.89
AGNC .26 2 16.18
PPBT .26 1 4.72
SONO .26 3 37.38
ASTR .27 3 11.66
BBIG .28 6 3.19
EPU .28 2 26.55
ACY .31 3 30.62
FCX .31 12 38.39
PPC .31 1 22.68
ULBI .31 2 8.37
IGC .32 3 1.69
MINM .32 2 2.2
NAOV .32 6 2.89
SPCB .32 2 1.23
SPRT .32 9 7.94
CHMA .34 2 3.76
ACI .35 2 29.62
ARPO .35 2 2.08
CLSD .35 2 5.57
M .35 3 19.3
SSL .35 2 14.79
XELA .35 7 2.96
HNST .37 1 13.83
HOFV .37 3 2.86
MRTN .38 3 15.37
MDIA .39 2 8.9
OXBR .39 4 4.08
LIZI .40 4 4.46
RRD .40 2 6.11
YJ .40 2 1.03
AAL .41 6 20.43
VSH .41 2 22.71
BGI .42 1 2.84
OBSV .42 2 2.79
AUTL .43 1 6.11
VZ .44 2 55.96
CAN .45 4 9.22
ME .45 1 1.4
NKLA .45 13 9.95
INOV .46 1 36.87
KBSF .46 2 3.77
NTEC .46 4 9.63
ACOR .47 2 3.58
D .47 6 77.36
WPRT .47 2 4.72
ABBV .48 3 115.64
DBGI .48 3 3.76
PBR .48 3 11.26
NRBO .49 2 3.62
RKDA .49 1 2.38
ALYA .50 3 2.6
APTO .50 2 2.6
LMNL .50 3 2.67
DYAI .51 3 4.87
XBIO .51 7 3.65
XOM .51 4 57.35
BLIN .52 6 5.06
ENZ .52 2 3.16
FITB .52 2 38.88
GALT .52 3 3.55
HRL .52 3 45.39
IRIX .53 2 6.6
MEDS .53 5 4.9
TBIO .53 3 37.75
BTCM .55 2 7.72
CHKP .55 4 122.46
CLOV .56 1 9.01
SBH .56 2 19.48
T .56 3 28.02
AMRS .57 1 14.79
GRVI .57 3 5.73
TAL .57 1 6.41
STAF .58 2 2.38
CCL .59 3 23.36
VERU .59 3 7.44
ANY .60 3 3.92
CVV .61 1 5.21
NKE .61 7 170.64
SOS .61 2 2.88
GLD .62 5 164.04
LJPC .62 2 4.11
HCM .63 2 41.55
CLF .64 3 25.72
AVIR .65 1 25.0
GTIM .65 1 4.47
PDCO .65 2 29.74
ERJ .66 1 15.28
MU .66 4 70.25
AUUD .67 3 2.79
BP .67 1 25.64
EVK .67 5 4.09
COP .69 4 57.04
PRPL .70 3 27.32
MRK .72 2 76.19
NVFY .73 3 2.27
APG .74 1 22.92
CHKP .74 3 122.46
FUBO .74 2 31.56
GP .75 2 15.19
PLTR .77 2 24.89
WORX .77 3 3
OTLK .78 1 2.53
ZY .78 3 10.33
BABA .79 91 191.66
SWI .79 1 10.88
VNET .79 3 19.05
ARMK .80 2 35.02
WISH .80 2 9.41
WMT .80 12 149.06
VNE .81 4 37.13
BBBY .83 12 28.98
CNA .83 1 43.9
PTIX .84 2 1.93
RKT .84 1 19.21
NKE .85 5 170.64
AEHR .86 7 5.77
RF .86 1 19.1
VTNR .87 4 8.54
K .88 4 64.41
PLUG .89 8 26.41
YMM .89 1 18.6
FB .90 100 362.65
VOOV .91 1 146.75
WNW .91 1 5.12
AEO .93 2 33.81
MO .93 2 47.72
UAA .93 2 23.83
CTSO .94 1 8
CTSO .94 1 8
RIDE .94 4 5.74
EYES .95 6 3.83
ABT .98 2 122.81
AMKR .99 1 23.53
ENSC .99 1 3.47
FLO .99 1 24.34
EGRX 1.01 2 47.73
EIC 1.01 0 16.24
GT 1.01 1 16.87
LL 1.01 1 2.88
RCON 1.01 1 3.23
FAST 1.02 1 53.15
HOG 1.02 2 40.12
CGC 1.04 1 19.19
GPS 1.04 2 30
IPA 1.04 2 7.29
OCUP 1.04 1 5.28
TTCF 1.07 1 17.03
XLE 1.07 3 50.01
MTSL 1.08 3 3.37
RSLS 1.08 1 3.45
SLB 1.08 1 28.43
ATAI 1.09 1 18.65
DDD 1.10 7 33.27
ALXN 1.12 2 182.5
QFIN 1.12 6 19.37
HGSH 1.13 2 2.03
WHLR 1.13 1 2.82
ERYP 1.14 2 5.62
QCOM 1.18 7 147.15
MAXR 1.20 3 32.17
STEM 1.20 4 24.26
TAP 1.23 2 49.23
LEN 1.24 2 107.4
HHR 1.26 1 42.84
RUN 1.28 3 49.9
BCRX 1.30 4 16.64
NLS 1.33 1 13.62
MVST 1.34 3 11.14
GTEC 1.35 2 6.94
TAOP 1.35 3 3.53
GM 1.37 1 52.85
COUR 1.39 1 40.91
EOSE 1.39 2 14.42
CVS 1.40 3 85.14
HJLI 1.40 1 6.78
LUV 1.41 2 50.99
SCHW 1.41 2 75.42
CRM 1.42 8 248.39
CNC 1.44 1 70.47
EYEG 1.45 1 1.73
PINS 1.45 3 56.76
WHLM 1.47 2 5.88
AMC 1.48 44 33.07
JNJ 1.48 2 175.2
AA 1.52 2 23.83
SPCE 1.53 18 25.94
HGEN 1.54 2 17.52
BJ 1.57 2 51.59
CSIQ 1.57 1 41.6
RIOT 1.57 2 32.89
ARVN 1.58 3 90.04
CRTD 1.60 3 3.18
BNR 1.61 2 21.93
BZ 1.61 1 34.13
MMM 1.64 4 201.43
FLOW 1.66 3 79.09
MPC 1.66 1 54.55
ATVI 1.67 3 85.17
DIS 1.67 5 179.29
MYGN 1.67 1 34.8
BLDR 1.69 1 47.31
LYFT 1.70 3 53.82
VOXX 1.70 2 11.81
PG 1.72 4 142.95
CAH 1.74 3 50.63
BILI 1.76 18 79.94
A 1.79 4 158.15
BIDU 1.80 114 159.63
AMD 1.82 7 106.5
OSAT 1.82 2 5.71
WYNN 1.82 3 96.15
LEGN 1.93 3 49.0
LI 1.94 2 30.11
BTBT 1.97 6 14.79
EIC 2.02 1 16.24
IBM 2.03 4 143.07
ZEV 2.05 2 10
CYTK 2.06 2 32.43
WM 2.10 2 145.74
AGRI 2.11 1 5.53
EXPI 2.13 3 53.66
INCY 2.13 1 77.95
STMP 2.14 3 327.14
FGEN 2.15 2 12.59
CHGG 2.22 1 85.0
LMT 2.22 8 359.75
STT 2.22 2 79.72
RTX 2.23 1 88.2
TGT 2.27 5 261.88
PRFX 2.29 1 2.665
SKX 2.32 1 54.16
AVXL 2.35 4 19.27
VLO 2.36 2 66.35
PLD 2.38 2 128.07
PYPL 2.42 4 274.59
CERE 2.43 3 25.43
ATKR 2.48 1 83.82
LOGI 2.48 2 107.98
LEXX 2.49 1 5.59
JBL 2.52 1 60.29
MRIN 2.52 4 5.67
LPX 2.53 1 55.27
BYSI 2.56 1 23.18
HOOD 2.63 7 48.1
PEP 2.63 1 153.0
WSM 2.64 2 163.5
AKAM 2.70 1 112.41
BIIB 2.70 3 340.68
MVIS 2.70 2 14.81
NXPI 2.70 3 214.53
UBER 2.78 1 43.03
WAFU 2.79 2 6.83
XBI 2.80 4 126.79
LOOP 2.88 1 10.12
CLX 2.92 2 165.71
SEMR 2.96 1 20.63
CRNC 2.97 2 116.64
J 2.97 1 15.28
FANG 3.02 1 80.54
ABNB 3.08 3 151.15
NURO 3.12 6 13.79
XLNX 3.13 3 145.95
BYND 3.16 2 130.32
OPNT 3.16 1 16.02
ALEC 3.17 3 27.91
AACG 3.20 3 2.8
CARV 3.28 3 17.99
MCD 3.30 2 236.67
GME 3.44 74 162.35
LC 3.44 3 28.91
LC 3.44 3 28.91
EDIT 3.56 1 56.48
QDEL 3.57 1 136.97
UPS 3.57 3 193.64
GS 3.61 5 415
SAVA 3.61 17 120.3
UHS 3.64 2 157.9
STX 3.65 2 90.83
PKG 3.68 2 139.12
BHVN 3.71 2 117.28
SHEN 3.71 1 61.1
ENPH 3.73 2 181.29
HCA 3.89 1 249.32
ZG 3.91 3 101.32
SPT 3.95 1 105.63
AN 4.07 2 9.96
SNA 4.15 1 221.53
APPS 4.16 1 60.05
CLDX 4.17 1 45.16
COF 4.22 1 159.96
RL 4.24 2 124.21
NEWR 4.27 1 82.6
DDS 4.31 5 191.48
HON 4.47 1 229.27
NEGG 4.54 13 18.5
RACE 4.57 1 212.51
STZ 4.57 1 234.27
UONE 4.81 2 7.13
COST 4.87 2 445.36
AXP 4.88 1 173.12
VSCO 5.01 1 69.09
APPN 5.04 2 102
AMEH 5.29 1 111.1
CPOP 5.30 1 59.65
ANVS 5.36 3 41.82
UTHR 5.48 1 205.43
SI 5.73 1 26.9
LH 5.76 2 73.31
SITM 5.79 3 203.99
CELH 5.86 1 73.31
SCR 5.96 1 33.69
SPLK 6.11 2 147.62
W 6.85 5 316.57
SPG 6.89 4 129.58
FULC 6.92 2 22.45
MA 6.96 3 361.98
FLGT 7.33 3 99.1
BLK 7.59 1 880.67
CI 7.65 1 206.05
GPN 7.75 3 167.84
AMZN 7.93 90 3303.5
ROLL 8.24 1 226.61
NRXP 8.25 3 15.41
AMGN 8.30 1 228.8
COIN 8.34 2 256.35
UPST 9.72 6 178.12
MRNA 9.78 15 391.42
RGEN 10.02 1 234.73
UHAL 10.15 3 638.16
LAD 10.32 1 371.73
NVDA 10.59 134 199.05
SEDG 10.82 1 293.07
ANTM 10.86 1 383.57
NVAX 13.55 7 247.24
BAC 13.77 3 37.85
NVCR 14.03 2 142
DASH 14.59 1 194.84
NTLA 16.26 4 160.28
SE 18.06 2 306.24
ASML 18.43 1 719.77
BNTX 20.64 2 446.24
BODY 20.64 0 8.69
REGN 21.12 2 608
WFC 22.66 2 43.13
SPG 27.56 1 129.58
USB 29.88 2 57.13
BKNG 34.22 1 2209.57
C 35.26 2 27.33
SAM 41.05 1 699.01
BODY 41.28 1 8.69
MS 48.78 2 92.62
UNH 68.04 6 405.96
NEE 77.50 1 77.22
