EJH 5.21 6 2.64 11.838
LAIX 1.72 4 0.8785 7.828
SCPS 3.34 7 4.01 5.824
AACG 2.67 4 2.35 4.544
NVOS 1.65 5 1.84 4.480
NEGG 3.07 20 13.86 4.420
CPOP 3.24 4 3.03 4.276
VRPX 1.77 9 4.7 3.384
DPW 1.56 5 2.33 3.345
EEIQ 5.44 4 6.51 3.340
FCEL .17 129 6.57 3.225
AUVI 2.90 7 7.19 2.821
JZXN 1.63 4 2.48 2.628
AAME 2.47 4 3.96 2.492
NRXP 3.86 6 9.35 2.472
JG 1.96 2 1.66 2.360
EYES 1.22 6 3.11 2.352
KOSS 5.35 7 16.05 2.331
SIEB 1.53 5 3.3 2.315
JAN 3.24 5 7.24 2.235
SGOC 1.48 8 5.66 2.088
CEMI .75 7 2.52 2.079
BSQR .35 13 2.36 1.924
INDP 4.08 4 8.49 1.920
AMC 1.23 55 35.54 1.870
TYME .45 4 1.02 1.764
BTBT 1.92 7 7.91 1.694
NURO 1.69 10 10.34 1.630
RMED 1.60 3 3.04 1.578
TAOP 1.35 3 2.59 1.563
AREC .72 4 1.85 1.556
HGSH 1.16 2 1.52 1.526
GRTS 3.97 4 10.6 1.496
CSCW .39 2 0.5208 1.496
NAOV .27 11 1.98 1.496
CARV 3.92 6 16.82 1.398
SPRT .81 20 11.8 1.360
GME 2.99 82 175.92 1.312
NCTY 2.63 5 10.07 1.305
BBIG .49 16 6 1.296
BIDU 1.78 117 151.92 1.287
SPCE 1.29 22 22.56 1.254
SAVA 3.02 26 62.14 1.248
EVK .60 6 2.95 1.218
MRIN 2.01 5 8.36 1.200
LGHL 1.46 1 1.22 1.196
SJ 1.24 4 4.14 1.196
NMRD 1.66 4 5.76 1.152
YJ .40 2 0.6966 1.148
ALYA 1.03 3 2.72 1.134
WAVE 2.15 4 7.65 1.124
PMCB 1.11 3 3.02 1.101
FTEK 1.03 2 1.87 1.100
PBTS 1.24 1 1.14 1.087
AUUD .54 5 2.53 1.065
BNTC 1.24 3 3.5 1.062
OCGN 1.45 5 6.82 1.060
PHUN .20 5 0.9449 1.055
XPEV .46 80 34.55 1.040
SSY .91 3 2.63 1.038
CETX 1.20 1 1.16 1.034
CTIB .64 3 1.88 1.020
IGC .49 3 1.48 .993
AGRI .76 3 2.3 .990
NIO .48 75 35.13 .975
NVFY .73 3 2.25 .972
MTSL 1.08 3 3.37 .960
BB .84 11 9.6 .957
UPC .73 3 2.36 .927
DLPN 2.68 4 11.57 .924
WAFU 1.94 3 6.29 .924
CHCI 1.54 3 5 .924
PTIX .84 2 1.86 .902
SNAP .58 112 71.76 .896
ASM .69 1 0.7711 .894
WHLM 1.59 3 5.35 .891
SYPR 1.65 2 3.71 .888
CNET 1.11 1 1.26 .880
RETO .66 1 0.763 .865
LMNL .65 3 2.26 .861
LHDX 1.58 4 7.38 .856
WORX .44 4 2.07 .848
ACRS 2.12 7 18 .819
BLIN .45 7 3.84 .819
IRNT 4.02 4 20.03 .800
EYEG 1.45 1 1.83 .792
PALI .71 3 2.71 .783
PRFX .77 3 2.96 .780
VVOS .78 4 4.01 .776
ENOB 1.70 3 6.67 .762
TPST 2.81 4 14.76 .760
BNGO .36 11 5.21 .759
WEI .57 1 0.7549 .755
IDEX .36 4 1.91 .752
DYNT .22 5 1.46 .750
KALV 2.54 5 17.11 .740
ANPC 1.24 2 3.36 .738
HOFV .98 2 2.65 .738
MOXC 1.77 3 7.23 .732
TSLA 4.22 145 781.31 .725
ANVS 3.73 6 31.34 .714
ANY .38 11 5.85 .704
NVDA 1.13 140 205.17 .700
SNOA 1.43 3 6.15 .696
CRTD .66 3 2.84 .696
OSAT 1.82 2 5.23 .694
EVOL 1.45 1 2.11 .687
EBET 4.40 5 32.33 .680
SCKT 1.43 3 6.32 .678
AVXL 2.41 5 17.82 .675
XELA .21 6 1.86 .672
BBBY 1.22 12 22.2 .648
SPCB .32 2 0.993 .644
NBRV .76 1 1.19 .638
SPI 1.60 2 5.03 .636
IMPL 2.05 4 12.95 .632
LODE 1.63 1 2.59 .629
CANF 1.04 1 1.67 .622
ZCMD 1.01 1 1.63 .619
STAF .58 2 1.91 .606
NVAX 13.77 9 203.53 .603
DTST .84 3 4.16 .603
CBAT .70 2 2.33 .600
SOS .61 2 2.03 .600
VTNR .51 6 5.05 .600
VERY 1.85 3 9.31 .594
HGEN 1.21 3 6.09 .594
TERN 1.53 4 10.29 .592
MNOV 1.12 2 3.8 .588
RIDE .85 5 7.36 .575
MOHO .11 3 0.575 .573
AEHR .47 17 13.84 .561
OPAD 1.25 4 8.9 .560
LIZI .40 4 2.84 .560
OBLN .56 3 3.05 .549
MVIS 1.51 4 11.12 .540
MEDS .53 5 4.9 .540
COHN 2.68 4 19.92 .536
OXBR .30 5 2.8 .535
ALEC 2.50 5 23.48 .530
MBRX 1.60 1 3.03 .528
TQQQ .54 132 125.99 .528
ATNF .90 3 5.12 .525
ORPH .73 3 4.15 .525
XTLB 1.09 2 4.17 .522
FULC 2.86 5 27.79 .510
LWAC 2.17 4 16.98 .508
ZKIN .71 2 2.8 .506
ADGI 3.43 6 40.54 .504
HOOD 1.85 12 43.13 .504
ZEV 1.49 3 8.86 .504
ATXI .74 1 1.48 .500
JCS 1.40 3 8.45 .495
HTBX 1.46 2 5.9 .494
GTEC 1.57 2 6.36 .492
KNBE 2.69 4 21.99 .488
OPTT 1.10 1 2.25 .488
LEDS 1.87 2 7.69 .486
BABA .88 96 147.58 .480
IPHA .78 4 6.48 .480
APTO .55 2 2.3 .478
ADMA .54 1 1.13 .477
ERYP 1.39 2 5.83 .476
MVST 1.01 4 8.6 .468
WINT .31 3 2 .465
HUSN .29 4 2.5 .464
GOVX .35 6 4.5 .462
DQ 3.36 7 52.35 .448
DBGI .48 3 3.25 .441
GLSI 4.33 4 39.12 .440
FGEN 1.47 3 10.31 .426
GRVI .74 3 5.24 .423
AMBO .61 1 1.44 .423
RAPT 3.42 4 32.35 .420
BILI 1.28 22 64.38 .418
XELB .34 2 1.63 .416
SLGG 1.26 1 3.03 .415
GEG .90 1 2.19 .410
DTSS .87 1 2.12 .410
RSLS 1.08 1 2.67 .404
AQMS .43 2 2.13 .402
LEXX .84 3 6.29 .399
APRE 2.02 1 5.09 .396
NEXT .37 3 2.79 .396
TRCH .98 2 4.95 .394
GDEV .87 3 6.61 .393
NNOX 2.21 4 22.68 .388
ENVB .27 3 2.1 .384
CHNR .12 4 1.24 .384
LIFE 1.69 2 8.87 .380
HX .78 1 2.05 .380
KXIN .21 5 2.75 .380
BCRX .78 7 14.38 .378
JFU .22 3 1.74 .378
VERB .11 6 1.74 .378
DWSN .96 1 2.55 .376
BTCM .72 4 7.61 .376
ADMP .36 1 0.9601 .374
WATT .77 1 2.07 .371
AVGR .04 7 0.742 .371
KMPH 1.70 2 9.15 .370
AFRM 4.66 9 112.77 .369
WHLR .54 2 2.92 .368
OTLK .78 1 2.13 .366
NKLA .28 14 10.61 .364
AYRO 1.18 1 3.26 .361
WPRT .58 2 3.23 .358
ACOR .41 4 4.69 .348
GALT .44 3 3.82 .345
MINM .32 2 1.85 .344
ENG .53 2 3.1 .340
PME .26 1 0.7655 .339
IPA 1.04 2 6.19 .336
PLG .61 1 1.82 .335
LMFA .33 4 3.96 .332
RCON 1.01 1 3.05 .331
CERE 2.10 5 31.51 .330
TATT .65 3 5.865 .330
ARAV 1.21 1 3.67 .329
NNVC .75 2 4.55 .328
ATOS .26 4 3.15 .328
ARPO .72 1 2.2 .327
ONCS .68 1 2.08 .326
MTP .56 1 1.725 .324
WNW 1.34 1 4.16 .322
VBLT .32 2 2.01 .318
TIGR .66 5 10.35 .315
PSTV .60 1 1.9 .315
HAPP .30 1 0.9522 .315
ALF 1.08 2 6.87 .314
ENTX .77 2 4.89 .314
RHE 1.27 2 8.14 .312
DDD 1.09 8 27.77 .312
GNLN .36 2 2.31 .310
WISH .58 3 5.59 .309
CRIS 1.20 2 7.77 .308
KBSF .46 2 2.97 .308
CAN .43 4 5.54 .308
ENZ .54 2 3.52 .306
QFIN .76 8 19.83 .304
LJPC .62 2 4.06 .304
GEVO .49 4 6.47 .300
VOXX 1.74 2 11.68 .296
PIRS .31 5 5.17 .295
SLS .91 3 9.22 .294
SKLZ .97 3 9.97 .291
TRIT .58 3 6.01 .288
DARE .47 1 1.64 .286
DYAI .51 3 5.39 .282
PLUG .89 8 25.19 .280
BPTH 1.44 1 5.15 .279
UAVS .83 1 2.99 .277
GRU 1.18 1 4.32 .273
ACY 1.08 17 65.94 .272
IMTX 1.15 3 12.75 .270
OBSV .28 3 3.1 .270
LAZR 1.40 3 15.61 .267
BON 2.06 1 7.8 .264
NRBO .49 2 3.69 .264
LOOP 1.57 2 11.91 .262
NNDM .48 3 5.56 .258
KULR .52 1 2.03 .256
UFAB .46 2 3.62 .254
KODK 1.72 1 6.78 .253
IGIC .70 3 8.35 .249
BTX 1.13 2 9.14 .246
TSP 1.75 5 35.01 .245
APOP .84 5 17.03 .245
RLMD 1.57 4 25.71 .244
ALDX 1.09 2 8.93 .244
SDC .64 2 5.25 .242
ORMP .50 11 22.34 .242
HUGE .37 1 1.54 .240
IMMP .32 3 3.99 .240
EXPR .31 4 5.11 .240
TELL .18 5 3.75 .240
XBIO .06 8 2 .240
ZM 4.40 14 257.41 .238
BYSI 1.25 3 15.72 .237
RKDA .49 1 2.08 .235
BHTG .33 1 1.4 .235
LYEL 1.69 2 14.56 .232
IMNM 1.42 4 24.15 .232
SQBG .73 2 6.24 .232
NEPT .07 2 0.6002 .232
EXPI 1.84 5 39.57 .230
OVID .38 2 3.31 .228
ENSC .72 1 3.17 .227
RNXT .73 2 6.43 .226
VIVE .52 1 2.3 .226
BNR 1.96 2 17.51 .222
ONCT .45 2 4.04 .222
FCX .44 17 33.11 .221
BNTX 5.69 11 277.44 .220
CMMB 1.24 2 11.23 .220
OCG .21 4 3.8 .220
AMTX 1.20 3 16.32 .219
FLGC .64 2 5.84 .218
SE 5.62 12 311.78 .216
KSS 1.96 6 53.66 .216
COTY .43 4 7.94 .216
STG 1.13 1 5.25 .215
AKTX .36 1 1.67 .215
ADIL .45 2 4.18 .214
AAPL .40 107 142.83 .214
CRDF 1.40 1 6.55 .213
AVCT .60 1 2.83 .212
RAIL .24 4 4.52 .212
MESO 1.26 1 5.96 .211
UONE .59 3 8.31 .210
MRKR .36 1 1.71 .210
SNES .16 2 1.51 .210
GPN 4.22 8 160.7 .208
VERU .59 3 8.52 .207
MITO .28 1 1.35 .207
CVV .46 2 4.46 .206
SKT 1.76 2 17.18 .204
CARA 1.57 2 15.36 .204
OCUP 1.04 1 5.09 .204
FB .87 102 339.61 .204
HOL .84 3 12.35 .204
CLPS .56 1 2.75 .203
CLPS .56 1 2.75 .203
VNET 1.13 3 16.76 .201
NVCR 2.99 8 116.17 .200
AESE .35 1 1.75 .200
EOSE 1.39 2 14.01 .198
OCX .70 1 3.53 .198
MARA .58 11 30.61 .198
HUYA .53 3 7.97 .198
CHMA .37 2 3.76 .196
OCG .06 13 3.8 .195
VTSI 1.97 1 10.17 .193
DOCS 3.99 4 82.02 .192
MTL .25 3 3.86 .192
SNMP .11 2 1.14 .192
ISEE 1.48 2 15.52 .190
MRNA 2.70 27 378.9 .189
OSMT .18 3 2.82 .189
ZG 4.16 4 86.88 .188
NTEC .46 4 9.63 .188
INFI .16 4 3.35 .188
AMZN 8.18 93 3301.12 .186
GSM .26 6 8.16 .186
TTD 2.55 5 67.81 .185
JFIN .36 2 3.88 .184
ZY .78 3 12.75 .183
W 7.31 7 270.85 .182
UPST 4.49 13 320 .182
PRTA 2.60 5 70.81 .180
SCR 2.08 3 34.2 .180
GPS .75 6 24.68 .180
IMV .15 2 1.68 .178
CLSD .35 3 5.88 .177
RBLX 3.40 4 76.31 .176
SQ 1.96 22 236.04 .176
KURA 1.66 2 18.72 .176
ZLAB 3.76 5 106.97 .175
CELC 1.58 2 18.02 .174
CLII .84 3 14.36 .174
OLB .65 1 3.73 .174
ALTO .28 3 4.76 .174
WIMI .69 1 3.97 .173
GTT .41 1 2.36 .173
TASK 3.03 4 68.9 .172
BLUW .83 2 9.63 .172
FENG .11 2 1.28 .170
CLF .48 7 19.92 .168
EDSA 1.24 1 7.4 .167
BGI .47 1 2.84 .165
BWAY 1.35 1 8.1899 .164
EVGN .43 1 2.63 .163
OPNT 1.39 3 25.28 .162
BGFV .70 6 25.91 .162
IAC 5.23 4 128.44 .160
PDD 3.58 4 89.06 .160
AZYO 1.08 1 6.75 .160
BODY .47 2 5.84 .160
AGEN .11 8 5.24 .160
EDTK .10 2 1.24 .160
ACB .36 3 6.74 .159
OSTK 2.20 6 81.78 .156
RRD .40 2 5.1 .156
MOGO .23 3 4.38 .156
MOSY .76 1 4.91 .154
AMD 1.97 8 100.35 .152
DMAC .31 2 4.04 .152
MDNA .05 8 2.56 .152
LI 1.94 2 25.73 .150
NIU 1.17 3 23.14 .150
CTSO .41 3 8.1 .150
MARK .08 2 1.06 .150
SPLK 5.11 4 137.57 .148
TVTX 1.79 2 23.99 .148
IRDM 1.55 4 40.82 .148
VCVC 1.46 1 9.85 .148
FSTX 1.04 1 6.98 .148
AFMD .87 1 5.85 .148
VLDR .86 1 5.81 .148
GSAT .12 2 1.61 .148
GRTX 1.18 1 8.02 .147
SCYX .79 1 5.34 .147
ORGS .70 1 4.76 .147
LTHM .50 7 22.75 .147
CELH 3.33 4 90.58 .144
GIII 1.11 4 30.05 .144
BCLI .46 1 3.18 .144
AAL .38 8 21.01 .144
TAL .32 2 4.41 .144
ENSV .20 1 1.4 .142
ASTR .41 3 8.6 .141
IRIX .35 3 7.43 .141
FIGS 1.12 5 38.92 .140
KR .42 14 41.34 .140
GTIM .74 1 5.3 .139
NLS 1.33 1 9.6 .138
TLRY .52 3 11.11 .138
SOHU .47 6 20.22 .138
GENE .22 2 3.16 .138
NBEV .19 1 1.38 .137
FLGT 3.14 4 89.94 .136
ORCL .37 34 91.25 .136
DPZ 7.66 9 483 .135
FUV 1.54 1 11.35 .135
JRJC .70 1 5.18 .135
DNUT .63 3 14 .135
ARMP .49 1 3.62 .135
ACHL .89 1 6.6 .134
DLO 1.91 4 56.68 .132
TEDU .09 2 1.36 .132
FBRX .40 1 3.05 .131
AEY .31 1 2.36 .131
MAT 1.28 2 19.45 .130
VIH 1.31 1 10.08 .129
ENPH 4.87 4 148.4 .128
RUN 1.35 4 41.61 .128
SAM 9.40 7 513.99 .126
VIR 1.85 3 43.16 .126
RIOT 1.57 2 24.87 .126
CYTK 1.42 3 33.59 .126
MAXR 1.20 3 28.37 .126
SIF 1.16 1 9.17 .126
NETE 1.05 1 8.27 .126
CIEN .40 18 51.32 .126
THCB 1.25 1 10 .125
M .64 5 24.7 .125
IKT .24 1 1.91 .125
FLWS 1.34 3 32.52 .123
TENX .21 1 1.7 .123
SEMR 1.48 2 24 .122
NGM 1.25 2 20.41 .122
GMBL .80 1 6.55 .122
STX 2.52 4 83.1 .120
LEGN 1.93 3 47.21 .120
JWN 1.19 3 29.06 .120
CCJ .84 3 20.58 .120
SSKN .22 1 1.83 .120
SBBP .12 2 2 .120
HJLI 1.27 1 10.59 .119
WTER .09 2 1.53 .116
TWST 2.44 5 104.33 .115
SRNE .85 1 7.41 .114
PBLA .25 1 2.18 .114
LIVX .17 2 2.98 .114
TESS .64 1 5.65 .113
REGN 8.57 8 606.7 .112
CREE 2.28 4 80.03 .112
ARVN 1.87 5 82.57 .110
MSFT .47 108 284 .108
ATIF .43 1 3.95 .108
FRD 1.28 1 11.95 .107
SSNT .66 1 6.12 .107
SHEN 1.68 2 31.62 .106
MTTR 1.03 2 19.11 .106
LIVE 1.37 3 38.65 .105
DBVT .10 5 4.74 .105
DE 4.88 8 350.87 .104
RMBL 2.04 2 38.66 .104
APXT 1.27 1 12.11 .104
DAL 1.14 4 43.36 .104
ROLL 3.70 6 214.9 .102
VSCO 1.95 3 56.49 .102
EDIT 1.47 3 42.5 .102
DDL 1.22 2 23.5 .102
NFLX .75 102 599.06 .102
CPSH .51 1 4.96 .102
GP .49 3 14.39 .102
MSGE 1.88 4 72.97 .100
GRVY 1.86 5 89.9 .100
CLSK 1.17 1 11.61 .100
HCM .93 4 36.2 .100
ENLV .49 2 9.78 .100
GURE .46 1 4.58 .100
OXY .15 25 30.03 .100
LBPH .92 1 9.21 .099
ABSI 1.13 1 11.48 .098
MDB 5.88 8 458.49 .096
APPS 2.24 3 68.12 .096
AEO 1.32 2 27.44 .096
BTWN .95 1 9.84 .096
HPQ .88 3 27.31 .096
CCL .63 4 25.52 .096
VNE .55 6 34.2 .096
AXLA .29 1 3 .096
PRPO .09 3 2.78 .096
DELL 2.08 5 105.38 .095
STEM .47 5 23.59 .095
MFNC 2.04 1 21.5 .094
CSIQ 1.59 2 33.395 .094
LYFT 1.70 3 53.32 .093
CAH 1.64 3 51.59 .093
PRPL .70 3 22.05 .093
BKYI .32 1 3.41 .093
UAA .97 2 20.72 .092
CRON .13 4 5.6 .092
SNOW 3.89 7 293.8 .091
DASH 2.82 7 205.83 .091
RGEN 5.32 5 286.19 .090
FFHL .44 2 9.58 .090
BBY 2.48 4 109.43 .088
VRNT 1.94 2 44.96 .086
JRVR 1.48 2 33.87 .086
EQ .53 1 6.15 .086
CHRA .40 1 4.62 .086
ULBI .31 2 7.08 .086
MBII .08 1 0.9224 .086
SITM 3.41 5 190.99 .085
ACI .57 5 32.07 .085
XBI 2.65 4 125.63 .084
DIS 2.12 7 172.68 .084
JD 2.03 3 71.62 .084
BKE 1.86 2 43.65 .084
CRMT 1.76 6 123.4 .084
DKS 1.55 7 127.08 .084
PINS 1.45 3 50.37 .084
JPM 1.20 12 165.95 .084
PATI .50 2 11.8016 .084
ARCE 1.78 1 21.24 .083
CLNE .67 1 8.06 .083
IMMR .28 2 6.8 .082
RRGB 1.93 1 23.63 .081
AA 1.37 3 50.58 .081
UWMC .55 1 6.76 .081
XLNX 3.06 4 148.28 .080
ABNB 2.80 5 168.07 .080
RL 2.38 4 116.89 .080
ZIM 2.07 2 51.34 .080
GH 1.98 5 121.1 .080
AUTL .51 1 6.34 .080
MDIA .39 2 9.71 .080
ANIX .38 1 4.75 .080
DLTR 2.71 3 100.51 .078
UBER 1.78 2 44.52 .078
USB 1.60 3 60.26 .078
SBS .19 3 7.1 .078
DDS 2.22 7 200.37 .077
MRO .11 11 13.79 .077
SEDG 5.15 4 261.87 .076
LOW 3.95 4 207.1 .076
CAT 3.91 4 197.87 .076
AN 2.58 4 129.01 .076
SPT 2.41 4 120.61 .076
DKNG 1.84 2 48.32 .076
YEXT .91 1 11.94 .076
WFC .91 4 47.03 .076
INM .14 1 1.82 .076
AMEH 1.50 5 95.24 .075
LAW 1.23 3 48.31 .075
BAC 1.08 3 43.07 .075
COP 1.03 5 68.04 .075
CLOV .56 1 7.4 .075
SONO .50 5 32.87 .075
EDU .14 1 1.85 .075
PFGC 1.82 2 48.17 .074
EOLS .55 1 7.36 .074
AEI .09 2 2.38 .074
ATAI 1.09 1 14.79 .073
ROKU 5.65 4 302.92 .072
LLY 4.31 4 230.36 .072
UNH 3.25 9 400.41 .072
TSN 1.98 3 80.49 .072
SFIX 1.46 2 39.48 .072
TJX 1.32 4 69.9 .072
KZIA .41 2 11.25 .072
SSL .15 9 18.07 .072
CNFR .10 2 2.75 .072
TBLA .70 1 9.85 .071
TDC 1.99 2 56.59 .070
EAT 1.81 2 51.08 .070
FISV 1.58 5 110.67 .070
MS 1.45 5 99.55 .070
HOG 1.32 2 37.66 .070
APP 1.06 5 74.16 .070
IMAB 1.00 5 71.21 .070
CSCO .56 7 55.48 .070
BQ .08 2 2.25 .070
NEWR 1.67 3 70.72 .069
MRTN .38 3 15.84 .069
WDAY 4.30 4 249.51 .068
VMW 2.68 4 150.52 .068
MDT 2.17 4 126.58 .068
C 1.23 4 71.53 .068
CGC .94 1 13.76 .068
STRO .65 2 18.65 .068
YPF .31 1 4.53 .068
ABCL 1.31 1 19.45 .067
CTRN 1.79 3 79.71 .066
FLOW 1.65 3 73.97 .066
SLV 1.32 1 19.95 .066
DFH 1.18 1 17.71 .066
LC .30 6 26.75 .066
AMAT 1.73 5 128.27 .065
EVGO .55 1 8.39 .065
DUOT .40 1 6.15 .065
AMGN 3.47 4 214.9 .064
ADI 2.86 4 168.84 .064
FL 1.59 2 49.39 .064
BZUN 1.12 1 17.28 .064
DXC 1.11 2 34.29 .064
FUBO .74 2 22.89 .064
TME .45 1 7.01 .064
HWCC .34 1 5.3 .064
FANG 2.09 3 96.05 .063
QCOM 1.18 7 129.28 .063
PLTR .77 2 24.52 .062
RIG .12 2 3.79 .062
BIIB 4.30 4 285.56 .060
ZS 3.95 4 258.88 .060
TSCO 3.14 4 208.14 .060
UPS 2.33 5 184.74 .060
PKG 2.16 4 141.38 .060
NTAP 1.88 3 90.33 .060
CLDX 1.59 2 51.97 .060
CRNC 1.55 4 100.83 .060
CHKP 1.48 5 114.89 .060
JKS 1.26 2 41.85 .060
DOMO 1.26 4 83.83 .060
KIRK 1.21 1 19.84 .060
GT 1.09 1 17.91 .060
INTC .68 5 53.49 .060
VIPS .66 1 10.99 .060
T .56 3 27.4 .060
SBH .56 2 18.24 .060
YMM .89 1 15.06 .059
LPX 1.87 2 63.74 .058
FATE 1.76 2 59.8 .058
SMLP 1.07 2 36.68 .058
PSTG .74 2 25.28 .058
XONE .67 2 23.01 .058
GGAL .57 1 9.76 .058
GBR .24 1 4.08 .058
IRCP .17 1 2.91 .058
ASAN 2.05 3 103.23 .057
LOGI 1.76 3 89.14 .057
YETI 1.72 3 87.78 .057
VMEO 1.70 1 29.7 .057
TNA 1.63 3 85.33 .057
TTCF 1.07 1 18.48 .057
PPBT .26 1 4.52 .057
THTX .22 1 3.8 .057
GS 2.81 8 384.89 .056
WSM 2.77 4 191.66 .056
VLO 2.03 2 70.31 .056
IBM 2.00 4 139.18 .056
APPN 1.29 4 91.98 .056
MNSO .82 1 14.57 .056
WMT .67 14 140.44 .056
K .51 8 65.3 .056
ADSK 3.38 5 287.99 .055
SUPN 1.50 1 26.85 .055
SILK .63 5 54.84 .055
ITRO .07 1 1.27 .055
ASML 5.22 9 750.42 .054
CM 2.09 3 111.61 .054
HAS 1.73 3 92.24 .054
TWTR 1.66 2 60.07 .054
ATVI 1.42 3 77.38 .054
DOCN 1.41 3 77.85 .054
FITB .82 3 43.34 .054
SBTX .57 1 10.55 .054
AZN .38 9 59.67 .054
FRO .06 9 9.03 .054
ECOM 1.37 1 25.8 .053
RSI 1.01 1 18.77 .053
MA 4.60 4 353.19 .052
CI 2.73 4 203.93 .052
KMB 1.88 4 135.78 .052
BHVN 1.74 4 132.41 .052
CRCT 1.61 1 30.66 .052
BYND 1.46 4 106.32 .052
ACMR 1.37 4 103.79 .052
LL 1.01 1 19.31 .052
SPTN .60 2 22.44 .052
KDMN .23 2 8.73 .052
ZNGA .20 2 7.55 .052
TTC 1.75 3 99.53 .051
MYGN 1.67 1 32.22 .051
MNST 1.59 3 89.33 .051
STT 1.48 3 86.54 .051
RKT .84 1 16.33 .051
CALA .11 1 2.12 .051
FTCH 1.88 1 36.9 .050
TAP 1.23 2 47.32 .050
MRVL .61 5 60.15 .050
KO .56 5 52.96 .050
AEMD .10 2 3.87 .050
FA .96 1 19.33 .049
IWM 2.66 4 220.82 .048
GWRE 1.92 3 118.84 .048
SI 1.88 3 115.57 .048
CVS 1.40 3 86.79 .048
JBL 1.39 2 57.23 .048
SKX 1.05 2 42.88 .048
ARMK .56 3 33.58 .048
VXX .46 3 27.81 .048
GBS .11 1 2.26 .048
CPG .11 2 4.55 .048
SWI .79 1 16.8 .047
PTON 2.02 2 85.4 .046
WOOF .51 2 21.68 .046
ORGO .35 2 14.74 .046
EKSO .20 1 4.3 .046
OEG .14 1 2.98 .046
BIOC .09 2 3.86 .046
TMUS 2.01 3 128.1 .045
LMT 1.95 9 350.29 .045
HD 1.71 9 336.93 .045
A 1.59 5 160 .045
PG 1.37 5 142.02 .045
QADB 1.34 3 87.37 .045
CHPT .93 1 20.43 .045
LUV .83 3 52.54 .045
BBWI .64 5 67.43 .045
XLE .48 5 52.89 .045
PBR .10 5 10.38 .045
BURL 3.49 4 303.18 .044
LIN 3.48 4 299.14 .044
SNPS 3.38 4 302.62 .044
HON 2.39 4 214.92 .044
NXPI 2.35 4 198.75 .044
ESTC 1.65 4 147.79 .044
MOS 1.62 1 36.49 .044
BZ 1.59 1 35.47 .044
ABT 1.40 4 119.46 .044
COUR 1.39 1 30.92 .044
MU .79 4 71.64 .044
GNOG .78 1 17.36 .044
AMRS .60 1 13.56 .044
AGNC .36 2 15.97 .044
SNDL .03 1 0.6761 .044
ANF 1.79 1 40.77 .043
AVIR 1.41 1 32.13 .043
ADBE 4.10 6 577.7 .042
OTIS 1.81 2 83.32 .042
ROST 1.70 3 114.97 .042
MMM 1.40 6 180.88 .042
NKE 1.02 7 146.02 .042
SJM .77 7 122.16 .042
PDCO .67 2 30.84 .042
EPU .58 2 26.5 .042
TBIO .53 3 37.36 .042
FLO .52 2 23.99 .042
VTGN .04 3 2.72 .042
GMTX .17 1 4.14 .041
COST 4.91 4 451.79 .040
LH 2.92 4 286.91 .040
EL 2.69 5 306.4 .040
ON 1.84 1 45.84 .040
INCY 1.38 2 68.67 .040
ALLO 1.04 1 25.74 .040
AMKR 1.03 1 25.17 .040
VIEW .21 1 5.19 .040
MFGP .11 2 5.49 .040
QDEL 1.84 3 140.01 .039
PLD 1.66 3 126.44 .039
RF .86 1 21.69 .039
BEKE .69 1 17.66 .039
SLHG .10 1 2.52 .039
OLLI 1.29 2 64.58 .038
MO .93 2 48.74 .038
ATHM .86 2 45.22 .038
SANA .82 1 21.55 .038
ERJ .66 1 17.33 .038
FCBP 1.08 1 29.1 .037
MCD 2.26 4 244.28 .036
V 2.19 4 226.68 .036
COIN 2.04 4 225.28 .036
BLFS 1.55 1 42.03 .036
TTWO 1.42 4 151.6 .036
SCHW 1.41 2 75.38 .036
WGO 1.39 2 73.86 .036
UHS 1.30 4 143.27 .036
TGT 1.11 9 235.85 .036
EGRX 1.01 2 55.09 .036
KNL .92 1 25.04 .036
APG .76 1 20.88 .036
ACH .67 1 18.27 .036
LZB .64 2 34.15 .036
XOM .40 6 59.88 .036
HRL .39 4 41.62 .036
ALAC .21 2 11.32 .036
TEO .18 1 4.95 .036
ET .18 2 9.58 .036
ME .16 2 8.53 .036
RCUS 1.22 1 34.51 .035
SLB 1.08 1 30.33 .035
SRNG .41 1 11.42 .035
HNST .37 1 10.49 .035
LITE 1.46 2 83.98 .034
SPWH .61 1 17.75 .034
AXP 2.00 3 171.54 .033
TGTX 1.11 1 33.57 .033
FENC .31 1 9.28 .033
BKNG 10.17 8 2377.82 .032
LAD 3.10 4 345.76 .032
LII 2.41 4 300.48 .032
BLDR 1.77 1 53.92 .032
ABBV .93 4 108.84 .032
MQ .74 1 22.97 .032
FOE .67 1 20.36 .032
D .31 8 74.35 .032
NOK .09 2 5.43 .032
CTKB .66 1 20.96 .031
OKE 1.82 1 58.81 .030
COF 1.82 3 166.55 .030
HRI 1.71 3 167.07 .030
AKAM 1.62 2 105.71 .030
UAL 1.50 1 48.71 .030
ATKR 1.43 2 92.38 .030
CRM 1.02 10 270.5 .030
PLCE .92 3 84.86 .030
HNP .33 2 20.71 .030
MOMO .16 2 10.44 .030
GRUB .15 3 14.99 .030
KHC 1.11 1 37.53 .029
BP .79 1 27.11 .029
DD 1.98 1 69.15 .028
CHGG .96 2 67.96 .028
LEN .73 4 96.34 .028
DRN .32 2 22.51 .028
GOOG 4.33 27 2690.42 .027
STZ 1.94 3 211.76 .027
UTHR 1.84 3 185.5 .027
ALXN 1.66 3 182.5 .027
KYMR 1.63 1 58.45 .027
CROX 1.41 3 149.81 .027
J 1.23 3 136.42 .027
MPC 1.66 1 61.93 .026
GM 1.42 1 52.93 .026
HHR 1.26 1 48.34 .026
RTX 1.21 2 86.99 .026
VZ .73 2 54.38 .026
TRIL .47 1 17.77 .026
ACHV .23 1 8.62 .026
GIS 1.53 1 60.77 .025
B 1.08 1 42.44 .025
PCVX .65 1 25.74 .025
AZO 6.83 8 1737 .024
AAP 1.93 3 216.77 .024
NEE 1.91 1 78.35 .024
DG 1.89 3 216.97 .024
PEP 1.88 2 152.3 .024
EA 1.67 2 137.94 .024
CNC 1.57 1 63.26 .024
STE 1.42 4 209.11 .024
SNA 1.40 4 215.07 .024
TSM 1.36 2 111.62 .024
WM 1.31 3 151.6 .024
SPG 1.12 3 133.85 .024
CRTO .90 1 36.11 .024
GLD .71 6 161.32 .024
BIG .59 2 48.38 .024
PFE .21 6 43.53 .024
VSH .18 3 20.28 .024
BEST .02 2 1.65 .024
RY 1.12 2 99.24 .022
PKI 1.33 3 175.05 .021
CL .61 3 77.08 .021
BLK 5.03 4 856.57 .020
SIVB 3.90 4 655.99 .020
ANTM 2.14 4 388.8 .020
IYC 1.62 1 78.42 .020
NUAN 1.13 1 55 .020
AIT 1.83 1 92.17 .019
FAST 1.02 1 52.82 .019
IRBO .83 1 42.22 .019
CNA .83 1 42.65 .019
GPK .37 1 19.47 .019
UHAL 1.98 9 661.2 .018
DUK 1.84 1 98.34 .018
JNJ 1.48 2 164.02 .018
CLX 1.16 3 168.11 .018
MRK .72 2 75.09 .018
AMOM .66 1 35.25 .018
SELF .09 1 4.99 .018
STMP 1.59 4 329.8 .016
LANC 1.43 2 171.03 .016
PSTX .12 1 7.09 .016
FRBK .05 1 3.11 .016
HCA 1.27 3 252.21 .015
HRC .84 3 150.02 .015
PYPL .80 5 259 .015
DEN .42 3 71.99 .015
PAYX 1.56 1 107.85 .014
TNET 1.38 1 95.28 .014
CHNG .15 2 21.15 .014
PBT .04 2 5.6 .014
PNRG .79 1 58 .013
CAI .78 1 55.91 .013
PYPL .31 13 259 .013
INTU 2.18 4 546.93 .012
KEYS 1.04 2 166.89 .012
RACE .92 3 209.38 .012
GE .40 4 106.28 .012
KMX 1.64 1 146.45 .011
INOV .46 1 40.4 .011
ESXB .13 1 11.25 .011
XLV .71 2 128.88 .010
ECHO .49 1 47.84 .010
PPC .17 2 29.55 .010
SVBI .13 1 12.47 .010
GTS .33 1 35.36 .009
IEC .14 1 15.33 .009
TDG 1.87 4 634.5 .008
MSTR .94 8 566.32 .008
XLP .63 1 70.1 .008
HFBL .16 1 18.75 .008
PSP .06 2 14.99 .008
LMRK .13 1 16.38 .007
SYKE .14 3 54 .006
ITRN .07 3 25.6 .006
VOOV .73 1 142.94 .005
CLDR .08 1 15.98 .005
SAFM .85 1 186.95 .004
RAVN .16 2 57.61 .004
KIN .02 2 9.25 .004
IACB .02 2 9.92 .004
SLVO .01 2 4.92 .004
SPY 1.31 1 434.45 .003
CXP .04 1 19.01 .002
VCAR .03 1 11.5889 .002
SIC .03 1 14.43 .002
NWHM .02 1 8.99 .002
DSE .02 1 9.49 .002
ULTA .62 1 378.35 .001
DFP .03 1 28.5 .001
PMD .01 1 8.355 .001
SHOP .67 5 1346.55 0
XLK .10 3 150.4 0
WYNN .06 3 83.63 0
MSTR .06 118 566.32 0
ULTA .05 12 378.35 0
WYNN .04 4 83.63 0
SHOP .03 88 1346.55 0
BLNK .02 11 27.95 0
XPDI .01 3 10.06 0
INFL .01 2 29.41 0
WMPN 0 4 12.35 0
GSKY 0 1 11.31 0
RTLR -.01 7 11.73 0
EIC -.08 1 17.59 -.004
NSYS -.12 1 11.3292 -.010
