BKNG 17.64 6 2325.5
MSTR 14.90 6 641.46
NVAX 14.88 8 233.83
AZO 12.83 6 1553.1
REGN 12.57 6 639.52
MDB 12.47 3 485
SIVB 11.41 2 584.62
DPZ 10.53 7 511.1
NTLA 10.00 7 154.32
W 9.22 6 268.15
ADGI 9.10 2 43
SAM 8.67 6 543.39
BNTX 8.38 6 351.05
SE 8.13 8 323.06
AMZN 8.07 92 3457.17
DASH 7.37 3 203.63
LAD 7.20 2 332.37
GH 7.05 1 126.47
CPOP 7.05 2 4.07
ZLAB 7.04 2 150.99
ADSK 6.99 2 287.63
MA 6.96 3 347.82
LAIX 6.87 1 0.961
IRNT 6.87 1 19.39
GPN 6.86 4 164.77
LHDX 6.82 1 9.74
TERN 6.81 1 10.76
DE 6.81 6 361.49
ASML 6.72 6 887.75
BURL 6.71 2 290.43
AAP 6.68 1 207.57
TPST 6.58 2 14.66
RLMD 6.56 1 26.56
SEDG 6.52 2 275.82
LII 6.46 3 313.47
KALV 6.45 2 20.16
KOSS 6.42 6 18.76
SNPS 6.39 2 332.36
EJH 6.39 5 3.6
RAPT 6.35 2 34.79
KMB 6.35 1 135.82
UHAL 6.33 5 657.99
PKI 6.30 1 172.11
INTU 6.27 2 557.42
CARV 6.26 4 15.93
IAC 6.22 3 130.87
GLSI 6.21 3 45.55
VIR 6.18 1 49.87
ANVS 6.15 4 34.29
ACMR 6.15 1 103.99
SCPS 6.13 4 5.64
UPST 6.02 9 278
SCR 5.96 1 35.15
AFRM 5.92 5 109.3
UTHR 5.88 1 205.43
ENPH 5.87 2 160.09
CELH 5.86 1 73.31
WDAY 5.85 2 267.37
SITM 5.79 3 203.99
NVCR 5.79 5 129.53
LOW 5.78 3 206.05
LH 5.76 2 73.31
VERY 5.74 1 9.45
SI 5.73 1 43.65
ANTM 5.66 3 371.52
HRI 5.63 1 127.59
TWST 5.55 3 115.93
EBET 5.51 4 33.12
COST 5.45 3 459.66
EEIQ 5.44 4 5.58
ROKU 5.40 3 316.88
LLY 5.39 3 237.96
CRMT 5.38 3 119.55
JAN 5.37 3 6.9
GWRE 5.32 1 121.33
V 5.11 1 224.63
SPLK 5.11 4 150.93
ASAN 5.07 1 101.45
APPN 5.04 2 102.34
AMGN 5.04 2 216.81
COIN 5.02 3 242.95
RGEN 5.01 2 294.84
SJ 4.97 1 4.21
BLK 4.95 2 901.62
AAME 4.94 2 3.9
LIN 4.89 3 313.5
AXP 4.88 1 173.12
HON 4.87 2 229.27
FULC 4.87 3 26.3
COHN 4.86 3 20.9
YETI 4.85 1 99.09
ZG 4.83 3 94.65
GRTS 4.83 3 11.99
PLCE 4.81 1 100.58
HAS 4.75 1 103.98
ABNB 4.71 3 160.32
HCA 4.67 1 249.32
GRVY 4.67 2 101.5
EDIT 4.67 1 56.48
LAZR 4.65 1 16.42
ADI 4.60 1 165.78
STZ 4.57 1 234.27
RACE 4.57 1 212.51
GOOG 4.55 25 2869.3
NNOX 4.52 2 22.64
TTWO 4.51 1 159.92
ZM 4.42 13 290.24
OCG 4.42 3 4.44
CI 4.39 2 30.46
CAT 4.36 2 206.2
LWAC 4.34 2 16.98
SNOW 4.31 5 318.45
DOCN 4.31 1 75.69
WAVE 4.30 2 8.06
IMAB 4.28 1 68.41
NEWR 4.27 1 82.6
ZS 4.26 3 267.84
RL 4.24 2 113.7
DQ 4.24 5 62.22
COF 4.22 1 159.96
ALEC 4.17 3 23.77
IMNM 4.16 1 20.82
APPS 4.16 1 60.05
AN 4.16 2 6.26
SNA 4.15 1 221.53
VMW 4.12 3 142.02
NVOS 4.12 2 1.8
AUVI 4.12 5 6.77
ROLL 4.11 2 218.85
TSLA 4.08 144 743
DOCS 3.99 4 94.96
STE 3.98 1 210.2
SPT 3.95 1 105.63
EAT 3.93 1 50.92
SIEB 3.89 2 3.65
FANG 3.89 1 80.54
NRXP 3.86 6 10.98
BNTC 3.84 1 3.9
VRNT 3.78 1 43.67
TSCO 3.73 2 205.22
SHEN 3.71 1 61.1
OCGN 3.71 2 8.28
BHVN 3.71 2 117.28
KZIA 3.69 1 10.4
PKG 3.68 2 139.12
CTRN 3.67 2 88.64
AMEH 3.61 2 111.1
LAW 3.60 1 57.46
PDD 3.58 4 104.16
QDEL 3.57 1 136.97
DLPN 3.56 3 12.7
AACG 3.56 3 2.87
ADBE 3.54 5 645.15
UHS 3.49 2 157.9
SKT 3.49 1 17.21
TVTX 3.46 1 23.9
TDC 3.44 1 50.46
OTIS 3.43 1 89.2
SFIX 3.41 1 36
RBLX 3.40 4 84.65
LIFE 3.38 1 9.15
FIGS 3.34 2 43.82
EA 3.34 1 144.68
NMRD 3.33 2 6.2
MCD 3.30 2 241.21
BIIB 3.26 3 301.94
UNH 3.25 9 414.52
SAVA 3.25 24 47.12
KURA 3.24 1 19.97
IMPL 3.20 3 15.24
OPNT 3.16 1 18.27
BYND 3.16 2 130.32
FLGT 3.14 4 87.47
BKE 3.14 1 41.56
TDG 3.11 3 612.48
MSGE 3.10 3 82.26
VSCO 3.09 2 60.5
PTON 3.08 1 104.35
OLLI 3.08 1 72.58
XLNX 3.06 4 155.02
KMPH 3.04 1 8.98
CLX 3.04 2 165.71
TASK 3.03 4 60.59
CREE 3.02 3 88.84
NEGG 3.00 20 16.89
DOMO 3.00 2 75.68
GME 2.99 82 203.4
DKS 2.98 5 130.36
J 2.97 1 24.3
ESTC 2.97 3 158.5
UBER 2.96 1 43.03
SEMR 2.96 1 27.72
ARVN 2.96 3 94.46
JRVR 2.95 1 34.68
TSM 2.93 1 117.82
FATE 2.92 1
LOOP 2.88 1 11.28
WGO 2.86 1 71.61
LITE 2.84 1 80.24
HTBX 2.80 1 6.29
WAFU 2.79 2 6.49
MOXC 2.78 2 7.35
WSM 2.77 4 178.07
STX 2.76 3 83.94
IRDM 2.75 2 46.98
ABT 2.75 2 126.62
SLS 2.74 1 9.65
PFGC 2.74 1 42.96
MNST 2.74 1 95.39
TNA 2.70 2 87.59
NXPI 2.70 3 214.77
MVIS 2.70 2 13.54
MRNA 2.70 25 419.72
AKAM 2.70 1 112.41
KNBE 2.69 4 25
EL 2.69 5 6.45
XBI 2.65 4 131.08
DDS 2.64 6 199.14
PEP 2.63 1 153.0
NCTY 2.63 5 12.64
DTST 2.61 1 6.33
DPW 2.61 3 2.62
GS 2.60 6 409.26
RMBL 2.58 1 35.09
TTD 2.55 5 71.2
IWM 2.55 3 226.16
DEN 2.54 1 71.23
LPX 2.53 1 55.27
FL 2.53 1 58.17
DDL 2.53 1 26.14
CLII 2.53 1 14.36
NTAP 2.52 2 86.98
JBL 2.52 1 62.85
HOL 2.52 1 12.35
LEXX 2.49 1 6.02
ALXN 2.49 2 182.5
LOGI 2.48 2 107.98
BBY 2.48 4 112.07
CRNC 2.46 2 116.64
AVXL 2.41 5 18.13
LYEL 2.40 1 16.05
CM 2.39 2 39.74
PLD 2.38 2 128.07
GIII 2.35 2 29.11
APP 2.35 3 74.96
UPS 2.33 5 194.39
SKX 2.32 1 54.16
CYTK 2.32 2 31.48
AGRI 2.32 1 5.53
CHCI 2.31 2 5
PRFX 2.29 1 2.81
ATKR 2.27 1 83.82
SQ 2.23 21 246.68
RTX 2.23 1 88.2
DLTR 2.23 2 89.26
TJX 2.22 3 68.7
STT 2.22 2 79.72
CHGG 2.22 1 85.0
FGEN 2.21 2 11.73
AMD 2.21 7 104.8
OSTK 2.20 6 70.76
DXC 2.19 1 38.72
XTLB 2.18 1 4.42
TSN 2.17 2 76.43
MDT 2.17 4 130.04
SPG 2.16 2 134.71
SMLP 2.15 1 37.64
PATI 2.15 1 12.6999
PATI 2.15 1 12.6999
STMP 2.14 3 328.39
EXPI 2.14 3 45.97
INCY 2.13 1 77.95
IGIC 2.12 1 9.055
ACRS 2.12 7 17.79
TGT 2.11 8 243.1
PRTA 2.11 4 72.49
WM 2.10 2 226.16
CERE 2.10 5 34.66
DELL 2.08 5 98.89
BON 2.06 1 11.4
ALDX 2.06 1 8.46
MFNC 2.04 1 21.5
BTX 2.04 1 12.68
VLO 2.03 2 66.35
JD 2.03 3 76.25
FLWS 2.02 2 30.4
APRE 2.02 1 4.4
TMUS 2.01 3 130.02
MRIN 2.01 5 5.71
IBM 2.00 4 138.15
DD 1.98 1 97.71
VTSI 1.97 1 9.9
KSS 1.96 6 52.16
JG 1.96 2 1.97
JCS 1.96 2 6.79
BNR 1.96 2 19.33
LMT 1.95 9 346.31
LI 1.94 2 29.58
RRGB 1.93 1 20.52
LEGN 1.93 3 49.0
BTBT 1.92 7 10.4
NEE 1.91 1 77.22
DLO 1.91 4 60.97
ZIM 1.89 1 45.51
DG 1.89 3 217.6
FTCH 1.88 1 38.67
LEDS 1.87 2 9.13
HOOD 1.85 12 40.6
ON 1.84 1 104.35
DUK 1.84 1 107.72
DKNG 1.84 2 60.46
AIT 1.83 1 89.31
OSAT 1.82 2 5.605
OKE 1.82 1 51.72
DIS 1.79 6 184.98
ANF 1.79 1 35.78
BIDU 1.78 117 163.26
ARCE 1.78 1 24.04
VRPX 1.77 9 9.75
BLDR 1.77 1 47.31
TTC 1.75 3 106.26
TSP 1.75 5 41.44
VOXX 1.74 2 11.28
AMAT 1.73 5 139.44
PG 1.72 4 145.68
KODK 1.72 1 7.12
HD 1.71 9 335.45
CHKP 1.71 4 118.22
VMEO 1.70 1 35.94
ROST 1.70 3 113.55
LYFT 1.70 3 51.84
ENOB 1.70 3 7.57
MYGN 1.67 1 34.8
TWTR 1.66 2 68.65
MPC 1.66 1 54.55
SYPR 1.65 2 3.64
FLOW 1.65 3 77.38
KMX 1.64 1 134.39
CAH 1.64 3 50.63
LODE 1.63 1 2.85
KYMR 1.63 1
JZXN 1.63 4 2.77
MOS 1.62 1 31.27
IYC 1.62 1 79.51
CRCT 1.61 1 40.58
USB 1.60 3 57.13
SPI 1.60 2 5.48
RMED 1.60 3 3.1
MBRX 1.60 1 3.05
WHLM 1.59 3 5.74
CSIQ 1.59 2 37.73
CLDX 1.59 2 54.06
BZ 1.59 1 34.13
A 1.59 5 172.08
FISV 1.58 5 110.07
CELC 1.58 2 21.45
RIOT 1.57 2 32.89
GTEC 1.57 2 6.7
CNC 1.57 1 70.47
CARA 1.57 2 14.9
PAYX 1.56 1 109.45
BLFS 1.55 1 51.83
MTTR 1.54 1 18.2
FUV 1.54 1 11.04
GIS 1.53 1 60.91
UAL 1.50 1 44.84
SUPN 1.50 1 26.89
ZEV 1.49 3 9.55
NURO 1.49 8 10.5
SGOC 1.48 8 6.09
JNJ 1.48 2 165.8
ISEE 1.48 2 14.79
VCVC 1.46 1 9.85
LGHL 1.46 1 1.27
PINS 1.45 3 55.13
MS 1.45 5 104.4
EYEG 1.45 1 1.68
EVOL 1.45 1 2.16
BPTH 1.44 1 5.5
SNOA 1.43 3 5.57
SCKT 1.43 3 7.26
LANC 1.43 2 179.98
GM 1.42 1 26.2
ATVI 1.42 3 78.53
SCHW 1.41 2 71.89
AVIR 1.41 1 25.0
MMM 1.40 6 185.23
CVS 1.40 3 84.51
CRDF 1.40 1 6.74
NVDA 1.39 139 221.52
ERYP 1.39 2 5.84
EOSE 1.39 2 13
COUR 1.39 1 40.91
TNET 1.38 1 79.86
LIVE 1.37 3 36
ECOM 1.37 1 26.93
ATNF 1.36 2 6
TAOP 1.35 3 3.02
RUN 1.35 4 45.95
BWAY 1.35 1 8.09
WNW 1.34 1 4.77
NLS 1.33 1 13.62
SLV 1.32 1 21.99
HOG 1.32 2 40.12
AEO 1.32 2 27.01
VIH 1.31 1 10.14
SPY 1.31 1 446.58
SJM 1.30 6 122.72
AA 1.30 2 23.83
SPCE 1.29 22 24.26
MAT 1.28 2 20.5
FRD 1.28 1 12.6
BILI 1.28 22 80.53
RHE 1.27 2 8.57
HJLI 1.27 1 8.54
APXT 1.27 1 12.11
SLGG 1.26 1 3.81
MESO 1.26 1 6.41
JKS 1.26 2 51.62
HHR 1.26 1 42.84
THCB 1.25 1 10
NGM 1.25 2 26.19
BYSI 1.25 3 23.43
PBTS 1.24 1 1.33
EDSA 1.24 1 5.74
CMMB 1.24 2 14.08
ANPC 1.24 2 3.54
TAP 1.23 2 86.98
C 1.23 4 5.76
AMC 1.23 55 51.69
RCUS 1.22 1 33.88
NKE 1.22 6 159.52
EYES 1.22 6 3.47
BBBY 1.22 12 24.21
KIRK 1.21 1 20.35
HGEN 1.21 3 6.25
ARAV 1.21 1 3.92
MAXR 1.20 3 31.24
JPM 1.20 12 159.86
CRIS 1.20 2 8.51
CETX 1.20 1 1.22
AMTX 1.20 3 13.07
JWN 1.19 3 27.02
QCOM 1.18 7 143.41
GRU 1.18 1 4.18
GRU 1.18 0 4.18
GRTX 1.18 1 7.37
DFH 1.18 1 20.98
AYRO 1.18 1 3.84
NIU 1.17 3 24.33
CLSK 1.17 1 11.69
SIF 1.16 1 8.07
HGSH 1.16 2 1.7
IMTX 1.15 3 14.8
DAL 1.14 4 38.52
VNET 1.13 3 21.04
STG 1.13 1 5.83
NUAN 1.13 1 55.21
ABSI 1.13 1 22.26
RY 1.12 2 105.72
MNOV 1.12 2 4.13
BZUN 1.12 1 19.14
TGTX 1.11 1 30.08
PMCB 1.11 3 3.41
KHC 1.11 1 37.01
CNET 1.11 1 1.33
OPTT 1.10 1 1.98
GT 1.09 1 16.32
DDD 1.09 8 30.47
ATAI 1.09 1 15.63
SLB 1.08 1 28.43
RSLS 1.08 1 2.97
MTSL 1.08 3 3.37
FCBP 1.08 1 29.1
BAC 1.08 3 37.85
B 1.08 1 45.7
AZYO 1.08 1 8.93
ALF 1.08 2 7.78
TTCF 1.07 1 17.03
NETE 1.05 1 9.24
OCUP 1.04 1 5.28
KEYS 1.04 2 168.72
IPA 1.04 2 6.93
FSTX 1.04 1 7.395
CANF 1.04 1 1.78
ALLO 1.04 1 24.77
FTEK 1.03 2 1.78
COP 1.03 5 57.59
AMKR 1.03 1 23.53
ALYA 1.03 3 2.83
QADB 1.02 3 87.2
FAST 1.02 1 53.15
CRM 1.02 10 254.11
ZCMD 1.01 1 1.58
RCON 1.01 1 3.21
MVST 1.01 4 9.98
LL 1.01 1 219.4
EGRX 1.01 2 47.73
CCJ 1.01 2 24.46
BGFV .99 5 26.13
TRCH .98 2 9.88
NFLX .98 101 589.29
HOFV .98 2 2.9
UAA .97 2 23.83
SKLZ .97 3 11.13
FA .96 1 23.7
DWSN .96 1 2
BTWN .95 1 9.81
QFIN .94 7 21.96
CGC .94 1 19.19
MO .93 2 12.92
HCM .93 4 40.04
CHPT .93 1 21.22
ABBV .93 4 107.48
LBPH .92 1 9.63
KNL .92 1 25.04
YEXT .91 1 12.85
WFC .91 4 43.13
SSY .91 3 2.66
GEG .90 1 2.21
CRTO .90 1 36.5
YMM .89 1 16.05
PLUG .89 8 24.21
ACHL .89 1 5.87
HPQ .88 3 28.38
BABA .88 96 165.41
GLD .87 5 167.74
FB .87 102 376.51
DTSS .87 1 2.42
BCRX .87 6 15.49
AFMD .87 1 6.37
VLDR .86 1 6.5
RF .86 1 19.1
LC .86 5 29.36
ATHM .86 2 40.22
SRNE .85 1
SAFM .85 1 193.28
RIDE .85 5 6.45
RKT .84 1 19.21
PTIX .84 2 1.99
HRC .84 3 151.05
BB .84 11 10.47
UAVS .83 1 3.35
LUV .83 3 48.73
IRBO .83 1 44.5409
CNA .83 1 43.9
BLUW .83 2 9.63
SANA .82 1 23.14
MNSO .82 1 16.96
FITB .82 3 39.58
SPRT .81 20 19.1
GMBL .80 1 8.28
SWI .79 1 10.88
SCYX .79 1 6.23
PNRG .79 1 70.99
MU .79 4 74.35
BP .79 1 25.64
ZY .78 3 10.33
VVOS .78 4 5.19
OTLK .78 1 2.52
HX .78 1 1.71
GNOG .78 1 21.65
CAI .78 1 55.88
WATT .77 1 2.3
PLTR .77 2 25.83
ENTX .77 2 4.54
NBRV .76 1 1.11
APG .76 1 22.92
NNVC .75 2 4.07
CEMI .75 7 2.66
SHOP .74 5 1476.87
PSTG .74 2 26.35
MQ .74 1 27.4
GTIM .74 1 4.94
GRVI .74 3 5.44
FUBO .74 2 27.45
ATXI .74 1 1.75
VZ .73 2 55.96
VOOV .73 1 144.69
UPC .73 3 2.4
SQBG .73 2 6.24
RNXT .73 2 8.49
ORPH .73 3 4.68
NVFY .73 3 2.34
LEN .73 4 99.42
MRK .72 2 16.16
ENSC .72 1 3.32
BTCM .72 4 10.3
ARPO .72 1 2.2
AREC .72 4 2.3
ZKIN .71 2 3.36
XLV .71 2 132.37
PALI .71 3 2.89
TBLA .70 1 9.85
PRPL .70 3 27.32
ORGS .70 1 5.02
OCX .70 1 3.8
JRJC .70 1 4.88
CBAT .70 2 2.89
WIMI .69 1 4.31
BEKE .69 1 19.02
ASM .69 1 0.9324
APOP .69 4 6.47
ONCS .68 1 2.06
INTC .68 5 54.99
XONE .67 2 23.48
WMT .67 14 145.06
PDCO .67 2 31.86
FOE .67 1 20.86
CLNE .67 1 8.32
BODY .67 1 6.39
ACH .67 1 23.26
VIPS .66 1 14.26
TIGR .66 5 13.79
SSNT .66 1 6.66
RETO .66 1 0.860001
ERJ .66 1 15.28
DRN .66 1 24.65
CTKB .66 1 26.11
CRTD .66 3 3.15
AMOM .66 1 36.57
TATT .65 3 5.8
STRO .65 2 19.94
PCVX .65 1 26.59
OLB .65 1 5.62
LMNL .65 3 2.54
TESS .64 1 5.48
M .64 5 21.09
LZB .64 2 34.29
GPS .64 5 24.36
FLGC .64 2 6.31
CTIB .64 3 2.06
CSCO .64 6 58.1
BBWI .64 5 63.89
ACY .64 16 33.94
XLP .63 1 72.06
DNUT .63 3 15.34
CCL .63 4 23.31
ULTA .62 1 388.74
ORMP .62 10 19.59
LJPC .62 2 4
SPWH .61 1 17.65
SOS .61 2 2.75
QADB .61 0 87.2
PYPL .61 5 280.49
PLG .61 1 2.53
MRVL .61 5 62.38
IPHA .61 2 5.65
CL .61 3 77.38
AMBO .61 1 1.57
SPTN .60 2 21.52
SDC .60 1 5.98
PSTV .60 1 1.83
EVK .60 6 2.97
AVCT .60 1 3.47
AMRS .60 1 13.52
VERU .59 3 9.09
UONE .59 3 7.87
BIG .59 2 46.35
WPRT .58 2 3.48
WISH .58 3 6.61
TRIT .58 3 5.12
STAF .58 2 2.19
SNAP .58 112 71.26
MARA .58 11 35.59
EPU .58 2 27.17
WEI .57 1 0.8999
SBTX .57 1 14.9
GGAL .57 1 11.54
ACI .57 5 30.45
T .56 3 27.52
SBH .56 2 16.55
OBLN .56 3 3.05
MTP .56 1 1.79
KO .56 5 56.47
CLPS .56 1 3.22
CLPS .56 1 3.22
CLOV .56 1 8.37
ARMK .56 3 35.02
VNE .55 6 35.6
UWMC .55 1 7.46
LTHM .55 5 24.62
EVGO .55 1 12.44
EOLS .55 1 8.09
APTO .55 2 2.74
WHLR .54 2 3.16
TQQQ .54 132 145.22
ENZ .54 2 3.55
AUUD .54 5 2.78
ADMA .54 1 1.18
TBIO .53 3 37.36
MEDS .53 5 5.23
HUYA .53 3 10.1
EQ .53 1 5.6
ENG .53 2 2.01
VIVE .52 1 2.48
TLRY .52 3 12.23
KULR .52 1 2.25
FLO .52 2 24.65
BBIG .52 13 9.59
AEHR .52 13 11.66
WOOF .51 2 21.52
VTNR .51 6 6.74
SILK .51 4 56.75
DYAI .51 3 5.76
CPSH .51 1 5.98
AUTL .51 1 6.67
SONO .50 5 36.61
RKDA .49 1 2.27
NRBO .49 2 3.93
MSFT .49 107 296.99
IGC .49 3 1.56
GP .49 3 15.19
GEVO .49 4 6.93
ENLV .49 2 11.69
ECHO .49 1 47.9
ARMP .49 1 3.92
XLE .48 5 49.16
NNDM .48 3 6.02
NIO .48 75 38.39
DBGI .48 3 2.71
TRIL .47 1 17.2
STEM .47 5 22.92
SOHU .47 6 22.55
DARE .47 1 1.68
BGI .47 1 2.31
XPEV .46 80 38.33
VXX .46 3 26.09
UFAB .46 2 2.5
NTEC .46 4 9.63
KBSF .46 2 3.79
K .46 7 63.4
INOV .46 1 36.87
GURE .46 1 4.15
CVV .46 2 5.24
BCLI .46 1 3.24
TYME .45 4 1.05
TME .45 1 8.92
ONCT .45 2 4.25
BLIN .45 7 4.6
ADIL .45 2 4.08
WORX .44 4 2.5
GALT .44 3 3.75
FFHL .44 2 10.1
CLF .44 6 22.58
ANY .44 7 6.38
FCX .43 16 35.29
EVGN .43 1 2.93
COTY .43 4 8.49
CAN .43 4 8.67
ATIF .43 1 4.36
AQMS .43 2 2.14
OBSV .42 2 3.08
KR .42 14 42.88
GTT .41 1 2.36
CTSO .41 3 8.64
ASTR .41 3 11.66
ACOR .41 4 4.7
YJ .40 2 0.7795
XOM .40 6 55.37
RRD .40 2 4.36
LIZI .40 4 3.92
GE .40 4 104.46
FBRX .40 1 4.14
DUOT .40 1 6.5
CHRA .40 1 4.78
AAPL .40 107 149.55
MDIA .39 2 7.95
HRL .39 4 42.68
CSCW .39 2 1.13
OVID .38 2 3.48
MRTN .38 3 15.37
ANIX .38 1 4.98
AAL .38 8 19.31
NEXT .37 3 2.86
HUGE .37 1 1.65
HNST .37 1 13.83
GPK .37 1 18.91
CHMA .37 2 3.76
MRKR .36 1 1.85
JFIN .36 2 3.82
IDEX .36 4 2.21
GNLN .36 2 2.74
BNGO .36 11 5.35
AKTX .36 1 1.77
AGNC .36 2 16.18
ADMP .36 1 1.1
ACB .36 3 6.63
ORGO .35 2 15.38
MFGP .35 1 5.32
IRIX .35 3 7.38
CLSD .35 3 6.8
BSQR .35 13 2.57
AESE .35 1 1.89
XELB .34 2 1.68
HWCC .34 1 5.24
CIEN .34 17 54.32
LMFA .33 4 4.82
HNP .33 2 21.27
GTS .33 1 35.3
BHTG .33 1 1.47
AZN .33 7 55.96
VBLT .32 2 2.46
TAL .32 2 4.86
SPCB .32 2 1.08
MINM .32 2 2.22
IMMP .32 3 3.91
BKYI .32 1 3.07
YPF .31 1 5.42
WINT .31 3 1.86
ULBI .31 2 7.94
PIRS .31 5 5.51
FENC .31 1 8.68
EXPR .31 4 5.74
DMAC .31 2 3.94
AEY .31 1 2.44
OXBR .30 5 3.22
HAPP .30 1 1.17
HUSN .29 4 2.83
GOVX .29 5 4.81
AXLA .29 1 3.29
NKLA .28 14 10.03
MITO .28 1 1.3
IMMR .28 2 7.25
ALTO .28 3 4.87
NAOV .27 11 2.22
ENVB .27 3 2.82
PPBT .26 1 5
PME .26 1 0.6803
ATOS .26 4 3.5
PBLA .25 1 2.26
MTL .25 3 4.49
D .25 7 76.54
RAIL .24 4 5.07
IKT .24 1 2.22
GBR .24 1 4.47
PYPL .23 13 280.49
MOGO .23 3 4.69
KDMN .23 2 9.02
ACHV .23 1 7.51
THTX .22 1 3.71
SSKN .22 1 1.8124
JFU .22 3 1.9
GENE .22 2 3.41
DYNT .22 5 1.35
XELA .21 6 2.18
VIEW .21 1 5.41
TENX .21 1 1.5
PFE .21 6 44.58
KXIN .21 5 3.07
ALAC .21 2 11.39
ZNGA .20 2 8.11
PHUN .20 5 1.04
ENSV .20 1 1.26
EKSO .20 1 4.41
SBS .19 3 6.71
NBEV .19 1 2.27
AGEN .19 4 6.35
VSH .18 3 22.71
TEO .18 1 5.29
TELL .18 5 3.22
SSL .18 6 17.02
OSMT .18 3 3.06
ET .18 2 32.92
PPC .17 2 28.02
OXY .17 24 26.65
LIVX .17 2 2.94
IRCP .17 1 3.12
GSM .17 5 9.05
GMTX .17 1 4.58
SNES .16 2 1.71
RAVN .16 2 57.86
MOMO .16 2 12.92
ME .16 2 8.13
INFI .16 4 3.47
HFBL .16 1 18.99
FCEL .16 128 5.62
IMV .15 2 1.73
GRUB .15 3 18.25
CHNG .15 2 21.74
SYKE .14 3 54
OEG .14 1 3.04
INM .14 1 2.05
IEC .14 1 15.32
EDU .14 1 2.09
CPG .14 1 3.88
SVBI .13 1 12.37
LMRK .13 1 16.5
ESXB .13 1 10.58
DBVT .13 4 5.03
CRON .13 4 6.92
SBBP .12 2 2.2
RIG .12 2 3.5
PSTX .12 1 8.4
GSAT .12 2 2.28
CHNR .12 4 1.3
VERB .11 6 1.93
SNMP .11 2 0.9585
MOHO .11 3 0.6654
GBS .11 1 3.29
FENG .11 2 1.3
CALA .11 1 2.11
XLK .10 3 156.68
SLHG .10 1 3.25
PBR .10 5 10.31
EDTK .10 2 1.61
CNFR .10 2 3.165
AEMD .10 2 3.46
WTER .09 2 1.79
TEDU .09 2 1.515
SELF .09 1 5.25
PRPO .09 3 3.16
NOK .09 2 6.12
MRO .09 10 12.08
BIOC .09 2 3.91
AEI .09 2 2.84
MDNA .08 7 2.62
MBII .08 1 1.2
MARK .08 2 1.16
CLDR .08 1 15.94
BQ .08 2 2.76
NEPT .07 2 0.6193
ITRO .07 1 1.27
ITRN .07 3 26.1
XBIO .06 8 2.52
WYNN .06 3 96.15
PSP .06 2 16.17
FRO .06 7 7.77
ULTA .05 12 388.74
FRBK .05 1 3.14
WYNN .04 4 96.15
VTGN .04 3 3.02
SHOP .04 88 1476.87
PBT .04 2 5.25
CXP .04 1 19.09
AVGR .04 7 0.8739
XPDI .03 2 10.08
VCAR .03 1 11.9519
SNDL .03 1 0.76
SIC .03 1 14.4
DFP .03 1 29.25
NWHM .02 1 8.99
KIN .02 2 9.25
IACB .02 2 9.85
DSE .02 1 9.49
BLNK .02 11 29.79
BEST .02 2 1.06
SLVO .01 2 5.42
PMD .01 1 7.56
INFL .01 2 30.01
WMPN 0 4 12.44
RTLR -.01 7 11.18
EIC -.08 1 16.24
NSYS -.12 1 11.78
