SHOP 34.02 8 1490.34 .176
DWAC 30.01 3 58.08 1.548
MSTR 14.75 8 818.36 .144
CAR 12.01 1 270.2 .044
RNG 11.84 1 269.4 .043
NVAX 10.57 12 169.38 .744
BKNG 10.17 8 2479.04 .032
SAM 9.40 7 468.32 .140
WBX 8.99 1 16.98 .529
AMZN 8.18 93 3472.5 .186
REGN 7.44 9 626.64 .099
DUOL 7.27 3 151.51 .141
SIVB 7.01 8 741.97 .072
W 6.80 8 244.07 .216
AZO 6.70 11 1886.89 .033
PUBM 6.66 1 39.91 .166
LAD 6.41 5 321 .095
BLK 6.24 5 965.6 .030
DDS 6.22 9 325.61 .171
MDB 5.88 8 548.68 .080
DPZ 5.62 11 506.96 .121
DE 5.37 10 356.01 .150
KOSS 5.35 7 16 2.338
EJH 5.21 6 2.42 12.912
SE 5.17 14 333.3 .210
SI 5.04 5 208.38 .120
THC 4.91 1 79.34 .061
BIGC 4.50 1 58.44 .077
GKOS 4.45 1 51.31 .086
RGEN 4.41 7 267.02 .112
ZM 4.40 14 247.6 .238
EEIQ 4.33 5 4.09 5.290
SPLK 4.15 5 163.79 .125
ADBE 4.10 6 643.17 .036
TSLA 4.09 153 1063.51 .459
CFLT 4.09 1 88.13 .046
BIIB 4.00 5 266.57 .075
ASML 3.98 12 833.39 .048
CARV 3.92 6 14.65 1.602
EL 3.86 7 344.41 .077
ZG 3.78 6 63.48 .354
BNTX 3.78 20 235.89 .320
GOOG 3.73 28 2934.96 .028
ANVS 3.73 6 32.57 .684
SNPS 3.69 6 340.36 .060
CCXI 3.66 3 38.61 .282
EVA 3.59 1 66.94 .053
SEDG 3.56 6 358.25 .054
GPN 3.54 11 128.67 .297
MA 3.51 6 354.34 .054
EBET 3.45 6 31.77 .648
ZLAB 3.42 6 85.2 .240
PWR 3.42 1 116.54 .029
DQ 3.36 7 70.77 .329
SCPS 3.34 7 3.42 6.832
TOST 3.31 2 48.36 .136
NRXP 3.30 7 6.44 3.584
GLSI 3.27 5 36.09 .450
DPST 3.25 1 59.56 .054
JAN 3.24 5 5.88 2.755
ADGI 3.21 7 19.19 1.169
IAC 3.19 7 136.76 .161
CMTL 3.13 1 26.97 .116
APPS 3.13 6 70.01 .264
ENPH 3.10 6 250.49 .072
UNH 3.07 11 457.39 .066
NEGG 3.07 20 16.05 3.820
GDYN 3.03 1 37.13 .081
IRNT 3.02 6 10.63 1.704
BRLT 3.00 1 14.15 .212
GME 2.99 82 204.32 1.148
ANTM 2.99 6 430.67 .036
SITM 2.97 7 249.07 .077
LII 2.97 6 311.33 .054
ADSK 2.96 6 325.21 .054
BKKT 2.95 2 26.15 .224
NEWR 2.93 6 123.19 .138
IWM 2.93 6 239.26 .072
MRNA 2.92 34 225.82 .408
SNOW 2.91 8 369.14 .056
DLTR 2.90 5 113.58 .125
ZS 2.89 6 343.62 .048
ROKU 2.89 7 271.79 .070
CAT 2.86 8 208.53 .104
UPST 2.84 18 246.02 .198
GS 2.81 8 402.34 .048
SAVA 2.72 28 72.43 1.036
LMT 2.70 10 335.89 .080
PENN 2.65 10 58.19 .450
GRTS 2.64 6 11.24 1.404
NVCR 2.63 10 111.73 .230
NCTY 2.63 5 11.55 1.135
DOCS 2.62 8 76.69 .272
WDAY 2.61 5 295.24 .040
INTU 2.61 5 606.87 .020
OSTK 2.60 7 98.47 .182
AUVI 2.56 8 5.1 4.008
WSM 2.54 5 206.34 .060
FULC 2.54 6 18.28 .828
MRAM 2.53 1 6.58 .384
KEYS 2.52 4 185.76 .052
INDP 2.52 5 7.34 1.715
CNC 2.42 3 75.29 .096
AVXL 2.41 5 22.48 .535
NXPI 2.38 6 219.1 .060
CPOP 2.34 5 2.8 4.175
LIN 2.33 6 335.66 .036
LLY 2.28 7 262.63 .056
XBI 2.27 5 126.31 .085
FLGT 2.27 6 85.43 .156
AMGN 2.27 5 211.56 .050
STE 2.26 5 231.52 .045
AFRM 2.25 15 151.83 .210
VMW 2.23 6 124.18 .102
ABNB 2.23 7 191.61 .077
HCA 2.20 4 243.99 .036
TPST 2.19 5 11.61 .940
PKG 2.17 5 135.1 .080
CHGG 2.17 3 29.64 .219
PKI 2.16 4 179.02 .048
PDD 2.15 5 92.87 .115
PYPL 2.14 9 202.03 .090
DLPN 2.14 5 10.28 1.040
AACG 2.14 5 2.21 4.840
BHVN 2.12 5 121.5 .085
ACRS 2.12 7 15.25 .973
ALEC 2.10 6 22.64 .552
V 2.08 7 210.42 .063
ROST 2.08 4 115.47 .072
BBY 2.06 5 132.9 .075
CELH 2.05 6 97.71 .120
RBLX 2.04 9 98.12 .180
DG 2.03 4 221.28 .036
MRIN 2.01 5 6.11 1.640
BYND 2.00 6 81.93 .144
UHAL 1.98 9 746.95 .018
AAME 1.97 5 4.13 2.380
RNXT 1.96 4 8.5 .920
KMB 1.96 6 134.02 .084
MDT 1.95 5 119.58 .080
COHN 1.95 5 17.95 .540
ARVN 1.91 7 85.67 .154
ACIU 1.91 2 6.05 .630
COST 1.90 8 512.18 .024
MSGE 1.88 4 77.22 .096
DASH 1.88 9 227.42 .072
TDG 1.87 4 656.21 .008
COF 1.87 4 157.15 .044
VLO 1.86 4 77.22 .096
DIS 1.86 9 162.11 .099
LOW 1.83 7 232.32 .049
CI 1.83 5 217.7 .040
ACMR 1.83 5 105.12 .085
DKS 1.82 13 130.36 .169
AAP 1.82 4 238.45 .028
KNBE 1.80 7 26 .483
DOCN 1.79 7 114.29 .105
ROLL 1.78 7 234.38 .049
CERE 1.78 7 38.3 .322
BIDU 1.78 117 167.26 1.170
VRPX 1.77 9 4 3.978
TSCO 1.77 8 218.63 .064
RAPT 1.77 7 37.54 .329
DAVA 1.77 4 167.07 .040
CTRN 1.77 4 85 .080
HON 1.76 7 221.01 .049
TSP 1.75 5 39.96 .215
DELL 1.75 7 56.19 .217
TASK 1.74 7 64.05 .189
COIN 1.74 8 336.39 .040
TMUS 1.73 6 118.47 .084
SQ 1.73 23 226.51 .161
LWAC 1.73 5 16.98 .505
WAVE 1.72 5 7 1.225
LAIX 1.72 4 0.8853 7.768
IMPL 1.70 5 11.77 .720
TWTR 1.69 5 51.98 .160
RL 1.69 6 125.16 .078
NNOX 1.69 5 23.64 .355
KYMR 1.69 2 63.2 .052
TTD 1.68 9 91.55 .162
BURL 1.68 8 269.82 .048
ROG 1.67 1 269.58 .006
AN 1.67 8 124.94 .104
XM 1.66 2 39.64 .082
NMRD 1.66 4 6.02 1.100
NVOS 1.65 5 1.62 5.090
ESTC 1.65 4 174.75 .036
FISV 1.64 6 99.92 .096
CREE 1.64 5 79.12 .100
A 1.64 7 158.79 .070
KSS 1.63 7 58.2 .196
JZXN 1.63 4 2.25 2.896
LEGN 1.61 5 47.95 .165
CLDX 1.61 3 44.4 .108
TTC 1.60 4 101.24 .060
STMP 1.59 4 329.61 .016
LH 1.59 7 286.88 .035
LHDX 1.58 4 7.06 .892
ALC 1.58 2 81.46 .038
RLMD 1.57 4 25.66 .244
GTEC 1.57 2 5.8 .540
GH 1.57 8 105.28 .112
CARA 1.57 2 16.17 .194
DPW 1.56 5 2.05 3.800
TSC 1.55 1 30.36 .051
IRDM 1.55 4 42.57 .144
CRNC 1.55 4 101.96 .060
BLFS 1.55 1 48.8 .031
FUV 1.54 1 11.85 .129
CHCI 1.54 3 4.91 .939
TERN 1.53 4 9.03 .676
SIEB 1.53 5 3.23 2.365
FANG 1.53 5 108.77 .070
DLO 1.53 5 45.02 .165
CLX 1.52 4 165.94 .036
SNOA 1.51 4 5.71 1.056
OVV 1.51 2 36.74 .082
LCID 1.51 6 44.98 .198
GRU 1.51 1 4.62 .326
EA 1.51 4 144.45 .040
WAFU 1.50 4 5.82 1.028
SUPN 1.50 1 33.24 .045
BCYC 1.49 3 57.94 .075
STT 1.48 3 98.48 .045
SEMR 1.48 2 25.53 .114
JRVR 1.48 2 28.18 .104
ADI 1.48 5 183.1 .040
NURO 1.47 11 8.05 2.002
FGEN 1.47 3 12.22 .360
EDIT 1.47 3 38.2 .114
VCVC 1.46 1 9.85 .148
SFIX 1.46 2 34.05 .084
LITE 1.46 2 91.16 .032
HTBX 1.46 2 5.22 .558
APP 1.46 9 114.85 .108
SBEA 1.45 2 10.17 .284
EYEG 1.45 1 1.95 .743
BTBT 1.45 10 11.87 1.220
KALV 1.44 8 17.51 .656
LYFT 1.43 5 53.18 .130
LANC 1.43 2 163.21 .016
ATKR 1.43 2 104.21 .026
TSN 1.42 4 83.13 .068
IMNM 1.42 4 18.26 .308
RMBL 1.41 3 46.54 .090
HOOD 1.41 14 34.17 .574
SNA 1.40 4 220.1 .024
JCS 1.40 3 3.71 1.131
HX 1.40 6 3.6 2.328
CVS 1.40 3 94.21 .042
CRDF 1.40 1 5.64 .248
WGO 1.39 2 74.08 .036
VERY 1.39 4 8.01 .692
KURA 1.39 3 17.51 .237
JBL 1.39 2 64.51 .042
EOSE 1.39 2 10.97 .252
TNET 1.38 1 108.07 .012
EXPI 1.38 6 43.72 .186
TWST 1.37 7 116.3 .077
LIVE 1.37 3 31.975 .126
JKS 1.37 4 60.97 .088
ECOM 1.37 1 26.93 .050
SM 1.36 1 34.98 .038
FATE 1.36 3 56.49 .072
TAOP 1.35 3 3.32 1.218
WNW 1.34 1 3.36 .398
OLN 1.34 1 61.94 .021
CM 1.34 5 118.8 .055
CAH 1.34 4 49.88 .104
MOXC 1.33 4 5.68 .936
LAZR 1.33 4 20.01 .264
GRVY 1.33 7 111.5 .077
FIGS 1.33 6 34.1 .234
ABT 1.33 6 127.25 .060
TJX 1.32 4 68.22 .076
TDC 1.32 3 48.93 .078
COUR 1.32 2 34.85 .074
AEO 1.32 2 26.43 .098
VIH 1.31 1 9.36 .139
SPY 1.31 1 463.77 .002
RACE 1.31 9 258.1 .045
ABCL 1.31 1 15.05 .087
UHS 1.30 4 130.27 .036
PPSI 1.30 4 7.82 .664
JG 1.30 3 1.47 2.652
GWRE 1.30 5 125.42 .050
BNR 1.30 3 14.44 .270
BKE 1.30 3 48.69 .078
WM 1.29 6 161.24 .048
OLLI 1.29 2 66.25 .038
LI 1.29 3 30.64 .126
ATAI 1.29 2 14.57 .176
APPN 1.29 4 89.2 .056
AMD 1.29 14 146.01 .112
VSCO 1.28 4 50.33 .100
FRD 1.28 1 14 .091
BILI 1.28 22 84.83 .330
YETI 1.27 4 96.61 .052
RHE 1.27 2 7.24 .350
NFE 1.27 1 27.33 .046
HJLI 1.27 1 10.38 .122
CPE 1.27 5 62.31 .100
APXT 1.27 1 12.11 .104
TTWO 1.26 5 185.71 .030
SPCE 1.26 24 19.27 1.560
MESO 1.26 1 6.07 .207
DOMO 1.26 4 85.74 .056
USB 1.25 4 60.78 .080
THCB 1.25 1 10 .125
SPT 1.25 6 131.59 .054
OPAD 1.25 4 7.65 .652
NGM 1.25 2 20.38 .122
CHKP 1.25 6 117.66 .060
BYSI 1.25 3 14.93 .249
ABSI 1.25 2 12.96 .192
UAL 1.24 2 51.34 .048
SJ 1.24 4 5.6734 .872
PBTS 1.24 1 1.21 1.024
LPX 1.24 3 65.69 .054
LEDS 1.24 3 7.11 .522
KMX 1.24 2 150.15 .016
EDSA 1.24 1 7.04 .176
CMMB 1.24 2 9.44 .262
BNTC 1.24 3 3.45 1.077
ANPC 1.24 2 1.6 1.550
ALXN 1.24 4 182.5 .024
TAP 1.23 2 47.34 .050
LAW 1.23 3 48.15 .075
J 1.23 3 144.6 .024
C 1.23 4 68.87 .068
RCUS 1.22 1 37.44 .032
EYES 1.22 6 2.68 2.730
DDL 1.22 2 30 .080
VIR 1.21 5 33.06 .180
RTX 1.21 2 89.05 .026
PFGC 1.21 3 47.95 .075
OSAT 1.21 3 5.15 .702
LYEL 1.21 3 11.52 .315
JNJ 1.21 3 163.06 .021
HGEN 1.21 3 6.24 .579
HD 1.21 12 367.63 .036
EAT 1.21 3 43.13 .084
ARAV 1.21 1 3.8 .318
AMC 1.21 57 39.46 1.710
WHLM 1.20 4 5.75 .832
MMM 1.20 7 180.21 .042
JPM 1.20 12 167.61 .084
IBM 1.20 8 120.27 .072
CRIS 1.20 2 6.04 .396
CETX 1.20 1 1.28 .937
AMTX 1.20 3 20.34 .174
AKAM 1.20 3 109.33 .030
TVTX 1.19 3 30.03 .117
SGOC 1.19 9 6.32 1.692
JWN 1.19 3 34.38 .102
PRTA 1.18 8 56.51 .160
MQ 1.18 7 23.75 .343
ENOB 1.18 4 10 .472
DFH 1.18 1 17 .069
ZEV 1.17 4 8.94 .520
STZ 1.17 4 224.75 .020
SKT 1.17 3 20.26 .171
NIU 1.17 3 26 .135
MVIS 1.17 5 9.06 .645
CLSK 1.17 1 21.47 .054
VOXX 1.16 3 12.76 .270
TRI 1.16 3 119.33 .027
SIF 1.16 1 7.88 .147
NTAP 1.16 4 91.93 .048
MAT 1.16 3 22.71 .153
LOGI 1.16 5 78.85 .070
INMD 1.16 2 93.22 .024
HGSH 1.16 2 2.22 1.044
GT 1.16 2 23.46 .098
AMEH 1.16 8 105.05 .088
AMAT 1.16 8 153.9 .056
ZIM 1.15 6 49.55 .138
UPS 1.15 7 213.29 .035
NTRB 1.15 2 5.98 .384
JD 1.15 6 84.2 .078
BZ 1.15 2 36.88 .062
ATVI 1.15 4 67.5 .068
TGT 1.14 10 256.01 .040
HCWB 1.14 2 2.9 .786
BBLG 1.14 1 3.88 .293
AVIR 1.14 3 10.64 .321
VNET 1.13 3 17.31 .195
STG 1.13 1 4.68 .241
SCHW 1.13 4 81.4 .052
PEP 1.13 5 162.69 .030
NVDA 1.13 153 303.9 .459
NUAN 1.13 1 54.97 .020
HAS 1.13 5 98.22 .055
BTX 1.13 2 8.37 .270
MNOV 1.12 2 3.49 .640
BZUN 1.12 1 18.04 .062
TGTX 1.11 1 33.17 .033
SHEN 1.11 3 28.51 .114
PMCB 1.11 3 2.78 1.197
GIII 1.11 4 32.49 .136
DXC 1.11 2 33.98 .064
CNET 1.11 1 1.47 .755
ALLO 1.11 2 19.23 .114
RUN 1.10 5 58.12 .090
OPTT 1.10 1 2.09 .526
MRUS 1.10 3 28.32 .114
XTLB 1.09 2 3.58 .608
SKX 1.09 4 47.36 .092
LIFE 1.09 3 8.63 .378
FOSL 1.09 2 16.98 .128
ALDX 1.09 2 8.96 .242
MTSL 1.08 3 3.37 .960
FCBP 1.08 1 29.1 .037
B 1.08 1 44.09 .024
AZYO 1.08 1 5.85 .184
ALF 1.08 2 4.77 .452
SMLP 1.07 2 32.85 .064
VYGR 1.06 2 3.49 .606
SPI 1.06 3 5.42 .585
CRM 1.06 11 302.98 .033
BAC 1.06 4 47.49 .088
SCR 1.05 5 35.58 .145
RIOT 1.05 4 39.53 .104
PTGX 1.05 3 36.25 .084
PLD 1.05 4 148.91 .028
MNST 1.05 4 92.27 .044
CELC 1.05 3 17.25 .180
OCUP 1.04 1 3.96 .262
OCGN 1.04 12 8.69 1.428
NETE 1.04 2 13.09 .158
IPA 1.04 2 5.95 .348
FSTX 1.04 1 6.3 .165
EVGO 1.04 5 19.23 .270
CANF 1.04 1 1.4 .742
KMPH 1.03 3 9.36 .330
BLDR 1.03 2 67.46 .030
MFNC 1.02 2 21.5 .094
DAL 1.02 5 43.45 .115
BBBY 1.02 14 23.08 .616
AXP 1.02 5 181.3 .025
ZCMD 1.01 1 1.8 .561
LL 1.01 1 17.34 .058
FUBO 1.01 3 25 .120
EGRX 1.01 2 52.18 .038
CGC 1.01 2 13.52 .148
PINS 1.00 4 45.01 .088
MO 1.00 3 44.9 .066
IMAB 1.00 5 61 .080
DKNG .99 6 40.71 .144
ACY .99 19 44.8 .418
VTSI .98 2 8.08 .242
TRCH .98 2 4.95 .394
MYGN .98 2 31.51 .062
MCD .98 8 250.16 .024
IMTX .98 4 11.54 .336
HOFV .98 2 2.25 .870
UBER .97 5 43.28 .110
BGFV .97 10 44.3 .210
RRGB .96 2 20.52 .092
HRI .96 4 195.27 .016
FA .96 1 19.8 .048
CYTK .96 5 39.51 .120
AZPN .96 4 152.26 .024
QDEL .95 4 134.06 .028
PG .95 8 146.4 .048
NEE .95 2 85.37 .022
BTWN .95 1 9.96 .095
BPTH .95 2 4.74 .400
AGRI .95 5 2.23 2.130
PAYX .94 2 123.4 .014
INCY .93 4 65.11 .056
HCM .93 4 30.54 .120
PLUG .92 9 43.44 .189
PLCE .92 3 96.86 .027
OKE .92 3 63.35 .042
LBPH .92 1 6.2 .148
KNL .92 1 25.04 .036
FL .92 4 53.86 .068
YEXT .91 1 11.6 .078
WFC .91 4 50.59 .068
SSY .91 3 2.47 1.104
SLS .91 3 8.81 .309
AIT .91 2 104.51 .016
HOG .90 4 37.69 .092
GEG .90 1 1.9 .473
CRTO .90 1 41.09 .021
ATNF .90 3 4.1 .657
NKE .89 8 166.97 .040
ERYP .89 3 2.38 1.119
ARCE .89 2 18.05 .098
ACHL .89 1 6.51 .136
XLNX .88 10 208.78 .040
OTIS .88 4 83.4 .040
KHC .88 2 37.28 .046
GMBL .88 2 5.72 .306
CROX .88 6 176.19 .024
GM .87 3 61.82 .042
GDEV .87 3 8.45 .306
DTSS .87 1 2.05 .424
ASAN .87 11 132.45 .066
UTHR .86 4 200.9 .016
TTCF .86 2 17.03 .100
RF .86 1 24.12 .035
KODK .86 2 6.97 .246
VMEO .85 2 24.25 .070
SRNE .85 1 6.36 .133
SAFM .85 1 187.13 .004
LUV .85 5 49.08 .085
ABBV .85 5 116.63 .035
PTIX .84 2 2.03 .826
NLS .84 2 8.78 .190
LEXX .84 3 6.52 .384
HOL .84 3 12.35 .204
DTST .84 3 4.22 .597
CLII .84 3 14.36 .174
BB .84 11 10.54 .869
APOP .84 5 13.17 .315
TNA .83 5 107.15 .035
MAXR .83 4 30.68 .108
IRBO .83 1 46.37 .017
CNA .83 1 45.62 .018
BLUW .83 2 9.63 .172
SANA .82 1 21.77 .037
MS .82 9 98.88 .072
MNSO .82 1 16.94 .048
FITB .82 3 44.3 .054
SPRT .81 20 11.8 1.360
ON .81 7 58.2 .091
MBRX .81 2 2.54 .636
GE .81 5 107 .035
CRTD .81 6 3.11 1.560
SYPR .80 4 3.27 .976
DD .80 4 80.98 .036
SWI .79 1 16.5 .047
SLV .79 2 23.35 .066
SCYX .79 1 5.27 .149
PNRG .79 1 68.9999 .011
GLD .79 10 174.12 .040
BJ .79 7 61.19 .084
ZY .78 3 10.64 .219
VVOS .78 4 3.92 .792
UAA .78 3 24.78 .093
SJM .78 12 126.08 .072
IPHA .78 4 5.35 .580
GNOG .78 1 14.71 .053
COP .78 6 72.14 .060
CAI .78 1 55.95 .013
BABA .78 98 167.85 .392
AA .78 10 51.21 .150
PRFX .77 3 2.43 .948
PLTR .77 2 22.99 .066
OLB .77 3 6.38 .360
LESL .77 1 23.9 .032
ENTX .77 2 3.81 .404
ALYA .77 4 2.79 1.100
VLDR .76 2 6.97 .218
STX .76 9 105.26 .063
QFIN .76 8 25.08 .240
NFLX .76 105 657.58 .105
NBRV .76 1 1.12 .678
MOS .76 5 36.81 .100
GROM .76 2 3.27 .464
QCOM .75 9 164.42 .036
GPS .75 6 24.96 .180
FLWS .75 4 35.21 .084
FB .75 106 327.74 .212
SPTN .74 3 25.12 .087
SCKT .74 4 6.19 .476
PTON .74 5 50.52 .070
PSTG .74 2 28.39 .052
LOOP .74 4 16.14 .180
GTIM .74 1 5.1 .145
GRVI .74 3 4.96 .447
EVOL .74 2 2.73 .542
ATXI .74 1 1.34 .552
VZ .73 2 52.45 .026
VOOV .73 1 148.86 .004
UPC .73 3 2.35 .930
SQBG .73 2 6.24 .232
SOFI .73 7 22.97 .217
OPNT .73 4 28.42 .100
NVFY .73 3 2.2 .993
RMED .72 6 2.92 1.476
PFE .72 8 50.18 .112
ENSC .72 1 2.26 .318
DEN .72 4 86.1 .032
CRMT .72 9 127.19 .045
BTCM .72 4 7.91 .364
ARPO .72 1 2.2 .327
ZKIN .71 2 2.74 .518
RFL .71 5 6.91 .510
PALI .71 3 2.68 .792
MVST .71 5 9.46 .375
FTCH .71 4 39.41 .072
WMT .70 16 148.5 .064
TBLA .70 1 9.85 .071
SONO .70 6 34.44 .120
ORGS .70 1 4.05 .172
OCX .70 1 3.4 .205
INTC .70 6 50.53 .078
IGIC .70 3 8.42 .249
DDD .70 12 25.21 .324
CRCT .70 4 23.65 .116
AMKR .70 2 23.1 .060
VRNT .69 5 47.31 .070
MTTR .69 8 22.2 .248
FTEK .69 3 2.07 .999
AUPH .69 6 28.9 .138
ASM .69 1 1.05 .657
APRE .69 3 4.91 .420
RIDE .68 7 6.89 .686
PRPL .68 5 13.55 .250
ONCS .68 1 1.74 .390
IYC .68 3 84.77 .024
BWAY .68 2 7.99 .170
BCRX .68 9 12.36 .495
XONE .67 2 26.7 .050
XLK .67 5 165.3 .020
SKLZ .67 4 12.12 .220
NPTN .67 1 15.7 .042
JRJC .67 3 6.46 .309
FOE .67 1 21.36 .031
CLNE .67 1 8.74 .076
ANF .67 2 45.3 .028
ACH .67 1 14.04 .047
VIPS .66 1 12.45 .053
SSNT .66 1 5.55 .118
RETO .66 1 1.79 .368
CTKB .66 1 22.74 .029
AMOM .66 1 37.72 .017
TATT .65 3 6.315 .306
STRO .65 2 20.44 .062
PCVX .65 1 25.76 .025
LMNL .65 3 1.64 1.188
IONQ .65 7 19.25 .231
SLGG .64 2 3.98 .320
SDC .64 2 4.19 .304
LZB .64 2 36.94 .034
HPQ .63 4 31.69 .076
FLOW .63 4 79.89 .028
ULTA .62 1 395.57 .001
PDCO .62 3 33.62 .054
MPC .62 3 66 .027
LJPC .62 2 3.97 .312
ISEE .62 4 17.25 .140
IFRX .62 2 4.91 .252
DNUT .62 5 14.3 .215
BON .62 3 6 .309
AREC .62 5 2.27 1.365
APG .62 2 24.54 .050
SOS .61 2 1.51 .806
RY .61 7 105.82 .035
CL .61 4 77.99 .028
BEKE .61 2 23.34 .052
AMBO .61 1 1.27 .480
SLB .60 4 32.78 .072
PSTV .60 1 1.71 .350
KIRK .60 2 26.63 .044
EVK .60 6 3.18 1.128
CEMI .60 8 2.04 2.352
AYRO .60 2 2.85 .420
AVCT .60 1 1.85 .324
AMRS .60 1 7.66 .078
LEN .59 5 106.42 .025
BIG .59 2 48.41 .024
YMM .58 2 16.49 .070
WPRT .58 2 2.95 .392
WISH .58 3 5.47 .318
STAF .58 2 1.65 .702
SPG .58 6 165.44 .018
EQT .58 2 21.2 .054
CSIQ .58 4 40.95 .056
WEI .57 1 0.9159 .622
SNAP .57 113 53.29 1.130
SBTX .57 1 8.42 .067
ORPH .57 4 3.98 .572
GGAL .57 1 11.88 .047
EZFL .57 1 2.71 .210
DUK .57 5 100.25 .025
CLF .57 11 22.47 .275
TQQQ .56 137 160.36 .411
T .56 3 24.92 .066
OBLN .56 3 3.05 .549
MTP .56 1 1.67 .335
MRK .56 8 84.02 .048
LODE .56 3 2.03 .825
CLPS .56 1 3.14 .178
CLPS .56 1 3.14 .178
CLOV .56 1 7.15 .078
VNE .55 6 35.21 .090
RSI .55 2 20.04 .054
MU .55 6 74.55 .042
MOSY .55 2 5.74 .190
GIS .55 6 62.9 .048
FLXN .55 1 9.19 .059
EOLS .55 1 7.26 .075
WHLR .54 2 2.58 .418
TSM .54 3 118.19 .012
NIO .54 76 42.2 .912
LAC .54 5 34.3 .075
ENZ .54 2 3.35 .322
CHPT .54 3 25.68 .063
ADMA .54 1 1.59 .339
TBIO .53 3 37.36 .042
MEDS .53 5 3.95 .670
M .53 10 30.89 .170
HUYA .53 3 9.69 .162
EQ .53 1 5.67 .093
CCJ .53 8 27.55 .152
BBWI .53 6 75.64 .042
ASTR .53 4 9.72 .216
SILK .52 7 51.46 .070
CSCO .52 8 56.76 .072
WOOF .51 2 24.6 .040
RCON .51 2 2.15 .474
MRVL .51 6 73.42 .036
KO .51 6 56.74 .048
K .51 8 63.26 .064
GFAI .51 2 1.765 .576
DYAI .51 3 4.02 .378
CPSH .51 1 5.05 .100
TIGR .50 8 7.12 .560
PATI .50 2 14.36 .068
MDIA .50 3 7.04 .213
GRTX .50 3 1.67 .897
CBAT .50 3 2.38 .630
RKDA .49 1 1.91 .256
NRBO .49 2 1.8 .544
IGC .49 3 1.43 1.026
GP .49 3 14.43 .099
GEVO .49 4 7.4 .264
ENLV .49 2 8.15 .120
ECHO .49 1 48.17 .010
ATHM .49 3 38 .036
ARMP .49 1 3.39 .144
STN .48 1 55.87 .008
NNDM .48 3 5.62 .255
MARA .48 19 70.69 .114
HRL .48 5 43.34 .055
EPU .48 3 30.19 .045
DRN .48 4 26.62 .072
XPEV .47 81 47.58 .729
XLE .47 6 57.69 .048
TRIL .47 1 17.82 .026
TLRY .47 4 11.86 .156
STEM .47 5 25.95 .090
SOHU .47 6 21.55 .126
EXPR .47 5 4.22 .555
DARE .47 1 1.65 .284
BODY .47 2 4.58 .204
VXX .46 3 21.14 .063
UFAB .46 2 3.02 .304
NTEC .46 4 9.63 .188
MARK .46 4 1.61 1.140
KBSF .46 2 3.05 .300
GURE .46 1 6.46 .071
FLGC .46 5 4.8 .475
EQOS .46 1 5.25 .087
CVV .46 2 5.43 .168
BCLI .46 1 2.98 .154
VERU .45 4 8.93 .200
TYME .45 4 0.9504 1.892
TME .45 1 8.72 .051
ONCT .45 2 4.08 .220
CCL .45 5 23.02 .095
ANY .45 17 6.61 1.156
ADIL .45 2 3.36 .266
XLV .44 6 133.15 .018
WORX .44 4 1.67 1.052
NNVC .44 3 4.62 .285
GALT .44 3 2.88 .456
FFHL .44 2 9.48 .092
DWSN .44 2 2.33 .376
CIEN .44 19 60.86 .133
EVGN .43 1 2.55 .168
CAN .43 4 10.66 .160
ATIF .43 1 3.94 .109
AFMD .43 2 5.87 .146
HRC .42 6 155.1 .012
DBGI .42 5 3.92 .535
CTSO .42 4 6.2 .268
ARMK .42 4 38.25 .040
SRNG .41 1 11.42 .035
RKT .41 2 16.29 .050
MSFT .41 112 332.43 .112
ME .41 5 13.06 .155
KZIA .41 2 11.44 .070
HNST .41 3 9.81 .123
GTT .41 1 2.36 .173
FFIE .41 1 8.49 .048
FCX .41 24 40.9 .240
ERJ .41 7 17.04 .168
BLIN .41 8 3.29 .992
AUUD .41 7 2.53 1.134
ACOR .41 4 3.63 .448
YJ .40 2 0.835 .958
PHUN .40 12 3.91 1.224
ORMP .40 13 27.92 .182
LIZI .40 4 2.81 .568
KR .40 15 42.27 .135
FBRX .40 1 3.28 .121
DUOT .40 1 6.3987 .062
CTIB .40 5 1.88 1.060
CHRA .40 1 4.41 .090
UWMC .39 2 6.97 .110
LC .39 10 43.75 .080
FAST .39 4 59.3 .024
CSCW .39 2 0.5879 1.326
AQMS .39 3 2.05 .570
SBH .38 3 19.97 .057
OVID .38 2 3.51 .216
OTLK .38 2 2.03 .374
MRTN .38 3 17.45 .063
ANIX .38 1 4.7 .080
VTNR .37 9 4.71 .702
UONE .37 7 6.44 .399
ORCL .37 34 94.04 .102
HUGE .37 1 1.49 .248
HHR .37 4 57.73 .024
GPK .37 1 20.6 .017
CHMA .37 2 3.76 .196
UAVS .36 3 2.76 .390
MRKR .36 1 1.42 .253
MITQ .36 1 2.7 .133
JFIN .36 2 3.8 .188
IDEX .36 4 1.94 .740
GNLN .36 2 1.76 .408
BNGO .36 12 5.1 .840
AKTX .36 1 1.67 .215
ADMP .36 1 1.01 .356
ACB .36 3 7.57 .141
ORGO .35 2 11.04 .062
LMFA .35 5 6.54 .265
IRIX .35 3 9 .114
GOVX .35 6 3.85 .540
FLO .35 4 25.5 .052
CLSD .35 3 4.89 .213
CIFR .35 3 8.17 .126
BSQR .35 13 2.325 1.950
AESE .35 1 2.28 .153
XELB .34 2 1.45 .468
TRIT .34 5 6.42 .260
TESS .34 2 6.27 .108
HWCC .34 1 5.3 .064
AZN .34 13 62.92 .065
XOM .33 9 64.31 .045
KULR .33 2 3.44 .190
IMMR .33 6 6.77 .288
HNP .33 2 18.13 .036
GTS .33 1 35.8 .009
BHTG .33 1 1.21 .272
ACI .33 9 34.68 .081
WATT .32 2 1.93 .330
TAL .32 2 4.27 .148
SPCB .32 2 0.832 .768
SGBX .32 3 2.85 .336
MINM .32 2 1.53 .418
CDEV .32 2 7.29 .086
BKYI .32 1 3.1 .103
AAPL .32 108 147.87 .216
AAL .32 9 21.33 .135
WINT .31 3 1.76 .528
ULBI .31 2 5.79 .106
PBR .31 8 10.18 .240
NKLA .31 15 14.36 .315
HMHC .31 2 16.48 .036
FENC .31 1 9.35 .033
DMAC .31 2 4.53 .136
D .31 8 75.07 .032
AEY .31 1 2.19 .141
OXBR .30 5 3.56 .420
LGHL .30 4 2.02 .592
HAPP .30 1 0.8818 .340
ENG .30 3 2.4 .375
BBIG .30 20 4.5 1.320
AUTL .30 3 6.75 .132
UNIT .29 2 13.52 .042
NEXT .29 4 3.85 .300
HUSN .29 4 2.36 .488
ALTO .29 5 5.99 .240
MITO .28 1 1.03 .271
BP .28 4 27.41 .040
APTO .28 4 2.4 .464
XLP .27 5 72.84 .015
WIMI .27 4 5.03 .212
RSLS .27 4 2.49 .432
NAOV .27 11 1.43 2.068
MGTX .27 1 19.81 .013
GSM .27 7 6.97 .266
ENVB .27 3 1.83 .441
VIVE .26 2 2.13 .244
PPBT .26 1 4.37 .059
PME .26 1 0.6631 .392
AXLA .26 2 3.04 .170
AGNC .26 3 16 .048
PBLA .25 1 2.08 .120
LTHM .25 13 30.48 .104
HIPO .25 2 4.1 .120
RVI .24 2 6.21 .076
RAIL .24 4 4.79 .200
PLG .24 3 2.97 .240
MOGO .24 4 5.56 .172
IKT .24 1 2.03 .118
GBR .24 1 3.35 .071
PIRS .23 7 3.93 .406
OCG .23 4 4.67 .196
BGI .23 2 2.93 .156
THTX .22 1 3.39 .064
SSKN .22 1 1.71 .128
SPWH .22 3 17.31 .036
JFU .22 3 1.34 .492
INOV .22 2 40.78 .010
DYNT .22 5 1.46 .750
VIEW .21 1 5.41 .038
VBLT .21 3 2.52 .249
TENX .21 1 1.41 .148
IMMP .21 6 3.98 .312
ATOS .21 5 2.57 .405
ALAC .21 2 11.5846 .036
SALM .20 4 3.61 .220
ENSV .20 1 1.33 .150
NBEV .19 1 1.39 .136
MOMO .19 3 13.58 .039
AEHR .19 26 22.98 .208
VSH .18 3 20.79 .024
OBSV .18 5 2.39 .375
FCEL .18 130 11.12 2.080
YPF .17 2 4.3 .078
PPC .17 2 29.06 .010
PETZ .17 4 6.11 .108
LIVX .17 2 3.07 .110
KXIN .17 6 2.03 .498
GMTX .17 1 3.4 .050
SWN .16 2 5.26 .060
SNES .16 2 1.58 .202
RRD .16 5 9.11 .085
INFI .16 4 2.5 .256
HFBL .16 1 19.25 .008
COTY .16 7 10.79 .098
ZNGA .15 4 7.57 .076
SSL .15 15 17.18 .120
IMV .15 2 1.53 .196
GSKY .15 2 11.93 .024
GRUB .15 3 13.57 .033
CHNG .15 2 21.37 .014
SYKE .14 3 54 .006
OEG .14 1 2.64 .053
NXTP .14 1 1.33 .105
MRO .14 16 16.73 .128
INM .14 1 1.34 .104
IEC .14 1 15.34 .009
EDU .14 1 2.17 .064
ABUS .14 2 3.47 .080
TELL .13 7 3.87 .231
SVBI .13 1 13.63 .009
OSMT .13 4 2.03 .256
LMRK .13 1 16.33 .007
GENE .13 3 2.68 .144
ESXB .13 1 12.27 .010
VERB .12 8 1.85 .512
SBBP .12 2 2 .120
PSTX .12 1 7.17 .016
MTL .12 9 4.11 .261
GSAT .12 2 1.63 .146
CRON .12 5 5.68 .105
CHNR .12 4 1.22 .392
XPDI .11 11 12.9 .088
TTM .11 8 33.59 .024
SNMP .11 2 1.16 .188
MOHO .11 3 0.6187 .531
GBS .11 1 1.94 .056
FENG .11 2 1.52 .144
EKSO .11 2 4.05 .054
CALA .11 1 0.8712 .126
ACHV .11 2 8.32 .026
SLHG .10 1 2.4 .041
SBS .10 7 6.84 .098
RCAT .10 2 2.51 .078
RAVN .10 3 57.9 .003
KDMN .10 4 9.5 .040
EDTK .10 2 1.4 .142
CNFR .10 2 2.55 .078
XELA .09 7 1.6 .392
WTER .09 2 1.51 .118
TEDU .09 2 0.8 .224
TAAG .09 1 20.9494 .004
SELF .09 1 5.14 .017
RIG .09 6 3.45 .156
PRPO .09 3 2.18 .123
CPG .09 6 4.65 .114
BIOC .09 2 3.82 .046
AGEN .09 11 4.26 .231
AEMD .09 3 2.96 .090
AEI .09 2 1.83 .098
TEO .08 2 5.52 .028
MBII .08 1 0.88 .090
ET .08 5 9.17 .040
CLDR .08 1 15.99 .005
BQ .08 2 2.04 .078
OCG .07 13 4.67 .182
NEPT .07 2 0.5001 .278
ITRO .07 1 1.27 .055
ITRN .07 3 26.97 .006
FRO .07 11 8.47 .088
DBVT .07 11 3.19 .231
CPLG .07 1 15.6 .004
ALZN .07 1 2.4 .029
XBIO .06 8 1.67 .280
WYNN .06 3 94.38 0
VSTM .06 2 2.93 .040
ADMS .06 2 8.14 .014
ULTA .05 12 395.57 0
OXY .05 30 32.12 .030
MDNA .05 8 2.035 .192
FRBK .05 1 3.54 .014
WYNN .04 4 94.38 0
PSP .04 3 16.5 .006
PBT .04 2 8.21 .008
NOK .04 6 5.71 .042
IRCP .04 4 2.84 .056
CXP .04 1 19.15 .002
AVGR .04 7 0.7699 .357
VTGN .03 5 2.34 .060
VCAR .03 1 16.3219 .001
VALN .03 1 49.9 0
SNDL .03 1 0.7199 .041
SIC .03 1 14.49 .002
MFGP .03 4 5.31 .020
SLVO .02 3 5.55 .009
NWHM .02 1 8.99 .002
KIN .02 2 9.25 .004
EIC .02 2 18.07 .002
DSE .02 1 9.49 .002
BLNK .02 12 35.51 0
RTLR .01 8 11.69 0
PMD .01 1 8.51 .001
INFL .01 2 31.69 0
IACB .01 3 9.99 .003
HDGE .01 1 23.99 0
DFP .01 2 28.785 0
BEST .01 3 1.23 .024
WMPN 0 4 12.25 0
QQC 0 1 33.29 0
QADB 0 4 87.54 0
PAE 0 1 9.93 0
NLSP 0 1 2.01 0
LHAA 0 1 9.82 0
HWBK 0 1 25.7 0
EPAY 0 1 46.18 0
DVD 0 1 3.59 0
NSYS -.12 1 10.3 -.011
