SHOP 28.96 11 1377.39 .231
PANW 23.18 1 544.21 .042
DWAC 22.11 4 51.43 1.716
MSTR 14.75 8 544.49 .216
CCMP 11.86 1 191.69 .061
RNG 11.84 1 187.35 .063
BKNG 10.17 8 2399.23 .032
SAM 9.40 7 505.1 .126
PCTY 8.94 1 236.16 .037
RMD 8.09 1 260.48 .031
REGN 7.44 9 631.52 .099
NVAX 7.31 16 143.07 .816
DUOL 7.27 3 106.11 .204
SIVB 7.01 8 678.24 .080
AMZN 6.99 94 3334.34 .188
PUBM 6.66 1 34.05 .195
LAD 6.41 5 297.79 .105
KRYS 6.33 1 72.11 .087
BLK 6.24 5 915.56 .030
SPLK 6.20 6 115.72 .318
W 6.04 9 195.77 .270
CAR 6.00 2 207.37 .056
EYPT 5.86 1 12.24 .478
DPZ 5.62 11 564.33 .099
MDB 5.57 9 487.56 .099
DDS 5.48 11 245.02 .242
KOSS 5.35 7 10.68 3.500
ASML 5.32 21 796.14 .126
VRTX 5.31 1 219.6 .024
EJH 5.21 6 1.54 20.298
AZO 5.11 12 2096.39 .024
THC 4.91 1 81.69 .060
DE 4.88 11 350.11 .143
INTU 4.61 8 643.22 .056
SI 4.55 8 148.2 .240
WBX 4.49 2 16.34 .548
GKOS 4.45 1 47.42 .093
RGEN 4.41 7 257.96 .119
SMH 4.39 2 308.79 .028
EEIQ 4.33 5 3.3 6.560
ISIG 4.32 1 19.68 .219
SE 3.92 20 223.31 .340
CARV 3.92 6 8.54 2.754
ZM 3.91 15 184.26 .315
WOLF 3.86 1 111.77 .034
EL 3.86 7 370.2 .070
GOOG 3.73 28 2893.59 .028
ANVS 3.73 6 17.58 1.272
IRTC 3.69 1 117.69 .031
CCXI 3.66 3 36.41 .300
SNPS 3.62 7 361.1 .070
U 3.60 6 142.99 .150
ABNB 3.59 10 166.49 .210
MA 3.58 7 359.32 .063
GPN 3.54 11 135.18 .286
XMTR 3.46 1 51.25 .067
EBET 3.45 6 20.56 1.002
TSLA 3.42 160 1056.78 .480
ADBE 3.38 12 567.06 .060
DQ 3.36 7 41.97 .560
SCPS 3.34 7 1.635 14.294
TOST 3.31 2 34.71 .190
SNOW 3.29 10 332.01 .090
GLSI 3.27 5 23.6 .690
ZG 3.19 7 62.22 .357
IAC 3.19 7 130.71 .168
ROKU 3.14 8 228.2 .104
LSI 3.13 2 153.18 .040
CMTL 3.13 1 23.69 .132
NEGG 3.07 20 10.37 5.920
BIIB 3.06 8 239.92 .096
MRNA 3.05 41 253.98 .492
GDYN 3.03 1 37.97 .079
IRNT 3.02 6 4.25 4.260
UPST 2.99 19 144.66 .380
GME 2.99 82 148.39 1.640
ANTM 2.99 6 463.54 .036
SITM 2.97 7 292.54 .070
LII 2.97 6 324.36 .054
BKKT 2.95 2 8.51 .692
ZLAB 2.93 7 62.85 .322
NEWR 2.93 6 109.96 .156
IWM 2.93 6 225.32 .078
GS 2.93 9 382.55 .063
NRXP 2.89 8 4.78 4.832
ZS 2.76 10 321.33 .080
LLY 2.74 11 276.22 .099
SAVA 2.73 29 47.94 1.624
JAN 2.73 6 4.19 3.906
PENN 2.65 10 51.85 .510
NVCR 2.63 10 75.08 .350
NCTY 2.63 5 6.7 1.960
DOCS 2.62 8 50.13 .416
OSTK 2.60 7 59.01 .308
BIGC 2.58 2 35.37 .144
WDAY 2.57 7 263.72 .063
SEDG 2.57 8 282.45 .072
ADGI 2.56 12 7.26 4.224
UNH 2.55 13 502.14 .065
FULC 2.54 6 17.69 .858
INDP 2.52 5 6.17 2.040
LMT 2.51 11 355.41 .077
CRM 2.49 14 254.13 .126
PWR 2.42 3 114.66 .063
AVXL 2.41 5 17.34 .690
PEAR 2.37 1 6.2 .382
COST 2.35 14 567.7 .056
CPOP 2.34 5 3.63 3.220
DPST 2.33 3 52.36 .132
QDEL 2.32 6 134.99 .102
CFLT 2.29 2 76.24 .060
SPY 2.27 4 474.96 .016
FLGT 2.27 6 100.59 .132
STE 2.26 5 242.57 .045
GRTS 2.25 7 12.86 1.218
AXON 2.25 1 157 .014
KMX 2.23 4 130.23 .068
SPB 2.21 1 101.72 .021
HCA 2.20 4 254.08 .032
TPST 2.19 5 5.28 2.070
AMGN 2.19 6 224.97 .054
PKG 2.17 5 134.61 .080
CHGG 2.17 3 30.7 .210
PKI 2.16 4 201.06 .040
PDD 2.15 5 58.3 .180
LGVN 2.15 6 12.07 1.068
KEYS 2.15 5 206.51 .050
DG 2.15 6 235.83 .054
PYPL 2.14 9 188.58 .099
DLPN 2.14 5 8.76 1.220
AACG 2.14 5 1.0705 9.995
CI 2.12 6 229.63 .054
BHVN 2.12 5 139.16 .075
ACRS 2.12 7 14.54 1.015
DASH 2.11 10 148.9 .140
APPS 2.11 7 60.99 .238
HRI 2.10 5 156.55 .065
AUVI 2.10 10 2.7 7.770
ALEC 2.10 6 20.78 .606
ROST 2.08 4 114.28 .072
TSP 2.05 7 35.85 .399
AMEH 2.05 9 73.48 .243
ADSK 2.04 7 281.19 .049
MRIN 2.01 5 3.71 2.705
BYND 2.00 6 65.16 .180
UHAL 1.98 9 726.23 .018
XAIR 1.97 1 9.53 .206
WSM 1.97 6 169.13 .066
AAME 1.97 5 2.45 4.020
RNXT 1.96 4 4.84 1.616
CELH 1.96 7 74.57 .182
COHN 1.95 5 14.81 .655
BNTX 1.93 32 231.85 .256
ACIU 1.91 2 4.95 .770
LCID 1.90 13 38.05 .637
DOCN 1.90 11 80.33 .253
DLTR 1.90 9 141.17 .117
SNA 1.89 5 213.32 .040
RL 1.89 8 118.86 .120
MSGE 1.88 4 70.34 .104
CAT 1.88 10 206.74 .090
BIDU 1.88 118 148.79 1.416
AFRM 1.88 18 100.56 .324
TDG 1.87 4 636.28 .008
COF 1.87 4 145.09 .048
VLO 1.86 4 77.14 .096
DIS 1.86 9 154.89 .108
ESTC 1.83 7 123.09 .098
ACMR 1.83 5 85.27 .105
ENPH 1.82 8 182.94 .072
KNBE 1.80 7 22.94 .546
ROLL 1.78 7 204.9 .056
CERE 1.78 7 32.42 .378
VRPX 1.77 9 3.61 4.410
RAPT 1.77 7 38.72 .315
DAVA 1.77 4 167.92 .040
HON 1.76 7 206.8 .056
XBI 1.75 6 115.44 .090
TASK 1.74 7 54.42 .217
LWAC 1.73 5 16.98 .505
WAVE 1.72 5 4.3104 1.995
LIN 1.72 9 346.43 .036
LAIX 1.72 4 0.5806 11.848
IMPL 1.70 5 8.63 .980
NNOX 1.69 5 14.54 .580
KYMR 1.69 2 64.68 .052
SQ 1.68 24 161.51 .240
PAYX 1.68 4 134.51 .048
BURL 1.68 8 291.51 .040
ROG 1.67 1 273.4 .006
AN 1.67 8 114.05 .112
NMRD 1.66 4 4.56 1.456
IMMX 1.66 1 5.78 .287
VVOS 1.65 6 2.25 4.398
NVOS 1.65 5 1.4 5.890
FISV 1.64 6 103.79 .090
CREE 1.64 5 79.12 .100
TRI 1.63 4 119.62 .052
JZXN 1.63 4 1.47 4.432
NVTS 1.62 2 17.01 .190
KMB 1.62 9 142.92 .099
GRU 1.62 1 4.73 .342
EVA 1.62 2 70.42 .046
CVS 1.62 4 103.16 .060
CLDX 1.61 3 38.64 .123
PLCE 1.60 4 79.29 .080
STMP 1.59 4 329.61 .016
LH 1.59 9 314.21 .045
AMD 1.59 27 150.24 .270
TMX 1.58 3 45.23 .102
LHDX 1.58 4 8.83 .712
DNA 1.58 1 8.69 .181
XLNX 1.57 16 212.03 .112
WYNN 1.57 5 87.77 .085
RLMD 1.57 4 23.67 .264
GH 1.57 8 100.02 .120
CARA 1.57 2 12.65 .248
DPW 1.56 5 1.6 4.875
TSC 1.55 1 30.26 .051
SPG 1.55 8 160.3 .072
IRDM 1.55 4 41.29 .148
FANG 1.55 7 111.84 .091
CRNC 1.55 4 76.64 .080
BLFS 1.55 1 37.27 .041
ARVN 1.55 8 82.14 .144
CPE 1.54 7 47.25 .224
CHCI 1.54 3 4.85 .951
TERN 1.53 4 7.07 .864
SIEB 1.53 5 2.4 3.185
DLO 1.53 5 35.69 .210
TSCO 1.52 9 238.6 .054
MRAM 1.52 3 11.3 .402
SNOA 1.51 4 4.56 1.324
WAFU 1.50 4 3.99 1.500
RBLX 1.49 16 98.81 .240
KTTA 1.49 1 1.77 .841
CNC 1.49 5 82.4 .090
BCYC 1.49 3 59.5 .075
ZIM 1.48 11 58.86 .275
STT 1.48 3 93 .045
RACE 1.48 13 258.82 .065
JNJ 1.48 6 171.07 .048
ADI 1.48 5 175.77 .040
NURO 1.47 11 5.21 3.102
FGEN 1.47 3 14.1 .312
EDIT 1.47 3 26.55 .165
VCVC 1.46 1 9.85 .148
LOW 1.46 12 258.48 .060
HTBX 1.46 2 3.04 .960
AAP 1.46 6 239.88 .036
SBEA 1.45 2 10.15 .284
EYEG 1.45 1 1.95 .743
COIN 1.45 11 252.37 .055
BTBT 1.45 10 6.08 2.380
BLDR 1.45 4 85.71 .064
BBY 1.45 7 102.12 .098
KALV 1.44 8 13.23 .864
FATE 1.44 4 58.51 .096
LYFT 1.43 5 42.73 .165
LANC 1.43 2 165.6 .016
ATKR 1.43 2 111.19 .024
TTC 1.42 5 99.91 .070
IMNM 1.42 4 12.96 .436
DELL 1.42 8 56.17 .200
RMBL 1.41 3 41.52 .099
KSS 1.41 10 49.58 .280
HOOD 1.41 14 17.76 1.106
TWTR 1.40 6 43.22 .192
JCS 1.40 3 2.4 1.749
HX 1.40 6 2.24 3.750
VERY 1.39 4 6.9416 .800
EOSE 1.39 2 7.52 .368
TNET 1.38 1 96.44 .014
EXPI 1.38 6 33.69 .240
APP 1.38 10 94.26 .140
TWST 1.37 7 77.39 .119
LIVE 1.37 3 31.53 .129
ECOM 1.37 1 24.68 .055
TAOP 1.35 3 1.89 2.142
NXPI 1.35 8 227.78 .040
EA 1.35 5 131.9 .050
WNW 1.34 1 2.36 .567
CAH 1.34 4 51.49 .104
J 1.33 4 139.58 .036
GRVY 1.33 7 68.12 .133
FIGS 1.33 6 26.8 .294
COUR 1.32 2 24.44 .108
VIH 1.31 1 9.36 .139
TJX 1.31 6 75.92 .102
INMD 1.31 5 70.58 .090
BFRI 1.31 6 7.52 1.044
ABCL 1.31 1 14.3 .091
A 1.31 10 159.65 .080
UHS 1.30 4 129.66 .040
LITE 1.30 3 105.77 .036
JG 1.30 3 1.04 3.750
GWRE 1.30 5 113.53 .055
BNR 1.30 3 9.53 .408
OLLI 1.29 2 51.19 .050
JPM 1.29 14 158.35 .112
ATAI 1.29 2 7.63 .338
APPN 1.29 4 65.84 .076
FRD 1.28 1 9.38 .136
BILI 1.28 23 44.39 .644
YETI 1.27 4 82.83 .060
RHE 1.27 2 4.51 .562
NFE 1.27 1 25.03 .050
HJLI 1.27 1 10.38 .122
APXT 1.27 1 12.11 .104
AKAM 1.27 4 117.04 .040
TTWO 1.26 5 177.72 .035
SPCE 1.26 24 13.38 2.256
DOMO 1.26 4 49.6 .100
THCB 1.25 1 10 .125
SPT 1.25 6 90.69 .078
OPAD 1.25 4 6.4 .780
NGM 1.25 2 17.71 .140
CHKP 1.25 6 116.56 .060
BYSI 1.25 5 4.53 1.375
ABSI 1.25 2 8.2 .304
SJ 1.24 4 5.85 .844
RSKD 1.24 2 7.86 .314
PBTS 1.24 1 0.5227 2.372
NVDA 1.24 166 294.11 .664
LPX 1.24 3 78.35 .045
LEDS 1.24 3 4.62 .804
JD 1.24 12 70.07 .204
EDSA 1.24 1 5.63 .220
CMMB 1.24 2 7.2 .344
BNTC 1.24 3 2.74 1.356
ANPC 1.24 2 1.22 2.032
ALXN 1.24 4 182.5 .024
TAP 1.23 2 46.35 .052
LAW 1.23 3 34.51 .105
JKS 1.23 5 46.37 .130
HOG 1.23 5 37.7 .160
ANET 1.23 1 143.75 .008
RCUS 1.22 1 40.47 .030
EYES 1.22 6 1.83 3.996
DDL 1.22 2 16.17 .150
BZ 1.22 3 34.88 .102
PFGC 1.21 3 45.89 .078
OSAT 1.21 3 3.24 1.119
LYEL 1.21 3 7.7 .471
HGEN 1.21 3 3.72 .975
EAT 1.21 3 36.59 .099
ARAV 1.21 1 2.19 .552
WHLM 1.20 4 5.18 .924
MMM 1.20 7 177.63 .042
MARA 1.20 21 32.86 .756
CRIS 1.20 2 4.76 .504
CLX 1.20 5 174.36 .030
CETX 1.20 1 0.8199 1.463
AMTX 1.20 3 12.3 .291
TVTX 1.19 3 31.04 .114
SGOC 1.19 9 6.2 1.719
AMC 1.19 60 27.2 2.580
V 1.18 11 221.43 .055
MQ 1.18 7 17.17 .476
DFH 1.18 1 19.45 .060
ZEV 1.17 4 6.01 .776
VMW 1.17 9 115.88 .090
TDC 1.17 5 42.47 .135
STZ 1.17 4 250.97 .016
SKT 1.17 3 19.28 .180
MVIS 1.17 5 5.01 1.165
VOXX 1.16 3 10.17 .342
SIF 1.16 1 6.5 .178
NTAP 1.16 4 91.99 .048
LAZR 1.16 5 16.91 .340
HGSH 1.16 2 1.9801 1.170
AMAT 1.16 8 157.36 .056
WGO 1.15 3 75.64 .045
HCWB 1.14 2 2.32 .982
BBLG 1.14 1 3.52 .323
AVIR 1.14 3 8.94 .381
VNET 1.13 3 9.03 .375
VIR 1.13 8 41.87 .208
SYTA 1.13 3 3.7 .915
STG 1.13 1 5.2 .217
BTX 1.13 2 4.17 .540
ARDS 1.12 1 2.33 .480
SHEN 1.11 3 25.5 .129
SEMR 1.11 3 20.85 .159
PMCB 1.11 3 2.5 1.332
CTRN 1.11 5 88.97 .060
CNET 1.11 1 1 1.110
ALLO 1.11 2 14.92 .148
XM 1.10 3 35.4 .093
OPTT 1.10 1 1.48 .743
MRUS 1.10 3 30.91 .105
JRVR 1.10 3 28.81 .114
XTLB 1.09 2 2.77 .786
SKX 1.09 4 43.4 .100
FOSL 1.09 2 10.73 .202
ALDX 1.09 2 4 .544
TGT 1.08 14 231.95 .056
SFIX 1.08 3 18.92 .171
MTSL 1.08 3 3.37 .960
FCBP 1.08 1 29.1 .037
B 1.08 1 46.59 .023
AZYO 1.08 1 6.3 .171
ALF 1.08 2 2.3 .938
SMLP 1.07 2 23.55 .090
AXP 1.07 6 163.6 .036
VYGR 1.06 2 2.99 .708
C 1.06 5 60.39 .085
XLY 1.05 7 204.44 .035
SCR 1.05 5 35.58 .145
QCOM 1.05 15 186.21 .075
PTGX 1.05 3 34.2 .090
MNST 1.05 4 96.54 .040
CELC 1.05 3 13.19 .237
RUN 1.04 6 35.47 .174
PRTA 1.04 9 49.4 .189
OCGN 1.04 12 4.55 2.736
NETE 1.04 2 13.09 .158
LEGN 1.04 6 46.61 .132
KURA 1.04 4 14 .296
IPA 1.04 2 5.36 .388
FSTX 1.04 1 5.02 .207
AUPH 1.04 10 22.48 .460
TSN 1.03 5 87.8 .055
KMPH 1.03 3 8.71 .354
MFNC 1.02 2 21.5 .094
GIII 1.02 5 27.64 .180
ZCMD 1.01 1 1.78 .567
TMUS 1.01 7 115.98 .056
SCHW 1.01 6 84.1 .072
OVV 1.01 3 33.7 .087
MOXC 1.01 6 2.86 2.118
LL 1.01 1 17.07 .059
FUBO 1.01 3 16.2 .186
EGRX 1.01 2 50.92 .038
DKS 1.01 18 114.99 .144
PINS 1.00 4 36.35 .108
OMER 1.00 1 6.43 .155
ISPC 1.00 7 7.81 .896
UAL .99 3 45.49 .063
LOGI .99 6 85.23 .066
DKNG .99 6 27.47 .216
CM .99 9 116.56 .072
ACY .99 19 62.45 .285
TRCH .98 2 4.95 .394
MYGN .98 2 27.6 .070
MCD .98 8 268.07 .024
MBOT .98 2 7.5 .260
JWN .98 4 22.62 .172
IMTX .98 4 13.44 .288
HOFV .98 2 1.78 1.100
HHR .98 11 51.09 .209
SAFM .97 2 191.08 .010
BGFV .97 10 19.01 .510
RRGB .96 2 17.24 .110
IMAB .96 6 47.39 .120
FA .96 1 19.04 .050
BRLT .96 4 18.06 .212
AZPN .96 4 152.2 .024
AEO .96 3 25.32 .111
SUPN .95 2 29.16 .064
HD .95 20 415.01 .040
BTWN .95 1 9.82 .096
BPTH .95 2 3.77 .502
AGRI .95 5 2.14 2.215
MDT .94 9 103.45 .081
HAS .94 6 101.78 .054
ENOB .94 5 7.29 .640
UPS .93 9 214.34 .036
TGTX .93 3 19 .144
NIU .93 4 16.65 .220
LIFE .93 4 7.47 .496
ABT .93 11 140.74 .066
PLUG .92 9 28.23 .288
OKE .92 3 59.99 .045
LBPH .92 1 4.88 .188
KNL .92 1 25.04 .036
YEXT .91 1 9.92 .091
SSY .91 3 1.54 1.770
OTIS .91 5 87.07 .050
GM .91 4 58.63 .060
BIG .91 3 45.05 .060
AIT .91 2 102.7 .016
VSCO .90 7 56.14 .112
GEG .90 1 2.06 .436
DXC .90 3 32.19 .081
CRTO .90 1 38.87 .023
BBBY .90 16 14.58 .976
SPI .89 4 3.61 .984
BKE .89 6 42.31 .126
ACHL .89 1 5.01 .177
RTX .88 3 86.06 .030
IBM .88 10 136.04 .060
GMBL .88 2 3.51 .500
WMT .87 19 144.69 .114
USB .87 6 56.17 .090
RELI .87 4 6.44 .540
GDEV .87 3 8.06 .321
DTSS .87 1 1.56 .557
UTHR .86 4 216.08 .012
TTCF .86 2 15.54 .110
KODK .86 2 4.68 .366
GE .86 6 94.47 .054
APT .86 2 5.97 .288
VMEO .85 2 17.96 .094
SRNE .85 1 4.9 .173
DAL .85 6 39.08 .126
STX .84 10 112.98 .070
PTIX .84 2 1.385 1.212
NLS .84 2 6.13 .274
MO .84 4 47.39 .068
HOL .84 3 12.35 .204
FL .84 5 43.63 .095
DTST .84 3 3.06 .822
CLII .84 3 14.36 .174
APOP .84 5 13.17 .315
XLK .83 10 175.52 .040
TNA .83 5 84.75 .045
ROIV .83 1 10.08 .082
MAXR .83 4 30.21 .108
IRBO .83 1 41.38 .020
CNA .83 1 44.08 .018
BLUW .83 2 9.63 .172
ABBV .83 6 135.4 .036
SANA .82 1 15.48 .052
MNSO .82 1 10.34 .079
FITB .82 3 44.67 .054
BABA .82 99 120.38 .594
SPRT .81 20 11.8 1.360
MBRX .81 2 1.86 .870
ATVI .81 5 66.53 .060
SYPR .80 4 2.46 1.300
GTEC .80 4 6.43 .496
DD .80 4 80.78 .036
CYTK .80 6 46 .102
CALT .80 3 24.76 .096
BZUN .80 2 13.9 .114
ASAN .80 16 74.55 .160
SWI .79 1 14.19 .055
PNRG .79 1 70.1 .011
LUV .79 8 42.84 .144
ERYP .79 4 2.3136 1.364
ZY .78 3 6.69 .348
PTON .78 6 35.76 .126
IPHA .78 4 4.56 .684
GNOG .78 1 9.95 .078
CAI .78 1 56 .013
QFIN .77 9 22.93 .297
PLTR .77 2 18.21 .084
OLB .77 3 2.71 .852
FUV .77 2 7.78 .196
ENTX .77 2 2.815 .546
ALYA .77 4 2.55 1.204
VLDR .76 2 4.64 .326
NFLX .76 105 602.44 .105
NBRV .76 1 0.5989 1.268
MOS .76 5 40.19 .090
GROM .76 2 1.8 .844
JBL .75 6 70.35 .060
FLWS .75 4 23.95 .124
SCKT .74 4 4.08 .724
MS .74 10 98.16 .070
MNOV .74 3 2.78 .798
GTIM .74 1 4.34 .170
GRVI .74 3 4.28 .516
EVOL .74 2 2.24 .660
BB .74 12 9.35 .948
ATXI .74 1 0.908 .814
VZ .73 2 51.96 .028
UPC .73 3 1.635 1.338
SQBG .73 2 6.24 .232
SOFI .73 7 15.81 .322
RIOT .73 6 22.33 .192
OPNT .73 4 33.63 .084
NVFY .73 3 1.87 1.170
LI .73 7 32.1 .154
RMED .72 6 1.56 2.766
RETO .72 2 1.7 .846
DEN .72 4 80.82 .032
CRMT .72 9 102.4 .063
COP .72 9 73.77 .081
BTCM .72 4 6.14 .468
BFLY .72 1 6.69 .107
ARPO .72 1 2.2 .327
ZKIN .71 2 1.39 1.020
VALN .71 6 55.51 .072
UBER .71 6 41.93 .096
RFL .71 5 5.1 .695
PALI .71 3 1.3 1.638
BJ .71 8 66.97 .080
TBLA .70 1 9.85 .071
SONO .70 6 29.8 .138
ORGS .70 1 2.88 .243
OCX .70 1 2.17 .322
IGIC .70 3 8.1 .258
DDD .70 12 21.54 .384
CRCT .70 4 22.09 .124
AMKR .70 2 24.79 .056
VRNT .69 5 52.51 .065
SLS .69 4 5.53 .496
FTEK .69 3 1.4 1.476
ASM .69 1 0.861 .801
APRE .69 3 2.87 .720
STEM .68 6 19.24 .210
SM .68 3 29.48 .069
RIDE .68 7 3.45 1.379
ONCS .68 1 0.9596 .708
CGC .68 3 8.73 .231
XONE .67 2 26.7 .050
SKLZ .67 4 7.44 .360
PPSI .67 9 7.5 .801
PLD .67 5 168.36 .015
NPTN .67 1 15.37 .043
JRJC .67 3 6.53 .306
FTCH .67 6 33.43 .120
CROX .67 12 128.22 .060
CLNE .67 1 6.13 .109
ACH .67 1 13.73 .048
VIPS .66 1 8.4 .078
TSM .66 4 120.31 .020
PG .66 11 162.9 .044
PEP .66 7 173.71 .021
HCM .66 5 35.08 .090
GLD .66 13 170.96 .039
CTKB .66 1 16.32 .040
ATNF .66 4 3.9 .676
AMOM .66 1 35.9843 .018
TATT .65 3 6.3092 .309
STRO .65 2 14.88 .086
PCVX .65 1 23.79 .027
NEE .65 6 93.36 .036
MESO .65 2 4.8 .270
LMNL .65 3 1.09 1.788
LEN .65 8 111.81 .040
IONQ .65 7 16.7 .266
FB .65 108 336.35 .108
AA .65 12 59.58 .120
TQQQ .64 143 171.13 .429
SLGG .64 2 2.36 .542
SDC .64 2 2.35 .544
LZB .64 2 36.72 .034
SJM .63 14 135.82 .056
NKE .63 10 164.67 .030
LEXX .63 4 4.03 .624
FLOW .63 4 86.48 .028
CANF .63 2 1.29 .976
ARCE .63 3 20.89 .090
ULTA .62 1 413.23 .001
LJPC .62 2 4.88 .254
LAC .62 13 29.12 .273
ISEE .62 4 16.57 .148
CUE .62 1 11.31 .054
BON .62 3 4.45 .417
BLPH .62 1 3.1 .200
BCRX .62 10 13.85 .440
ASTR .62 5 6.75 .455
AREC .62 5 2.01 1.540
APG .62 2 25.75 .048
WM .61 11 166.9 .033
VGR .61 1 11.48 .053
SOS .61 2 0.8222 1.482
MVST .61 6 5.98 .612
ENSC .61 4 4.7 .516
BEKE .61 2 20.12 .060
AMBO .61 1 0.9373 .650
PSTV .60 1 1.05 .571
MRVL .60 9 87.49 .054
KZR .60 3 16.72 .105
EVK .60 6 2.5 1.440
CEMI .60 8 1.23 3.896
AYRO .60 2 1.61 .744
AMRS .60 1 5.41 .110
SPTN .59 4 25.58 .092
IS .59 2 7.74 .152
YMM .58 2 8.37 .138
WPRT .58 2 2.37 .488
WISH .58 3 3.11 .558
STAF .58 2 0.915 1.266
M .58 17 26.18 .374
IFRX .58 3 4.76 .363
ICCM .58 1 3.05 .190
CSIQ .58 4 31.29 .072
BRTX .58 1 4.34 .133
WEI .57 1 0.75 .760
SNAP .57 113 46.59 1.356
SBTX .57 1 6.66 .085
PRFX .57 4 1.33 1.712
ORPH .57 4 2.41 .944
EZFL .57 1 1.38 .413
CLPS .57 1 1.96 .290
CLPS .57 1 1.96 .290
VTSI .56 4 7 .320
UAA .56 4 21.19 .104
TTD .56 16 91.64 .096
RY .56 8 106.14 .040
OLN .56 3 55.85 .030
OBLN .56 3 3.05 .549
MTP .56 1 1.05 .533
LODE .56 3 1.29 1.302
CYAD .56 1 3.66 .153
VNE .55 6 35.48 .090
RSI .55 2 16.5 .066
MOSY .55 2 4.5 .244
MAT .55 6 21.56 .150
LOOP .55 5 12.78 .215
K .55 11 64.68 .088
FLXN .55 1 9.12 .060
EOLS .55 1 6.51 .084
WHLR .54 2 1.94 .556
VOOV .54 2 152.16 .006
MSFT .54 117 336.32 .117
MPC .54 4 63.99 .032
INTC .54 7 53.21 .070
GPS .54 7 18.4 .203
ENZ .54 2 3.13 .344
ADMA .54 1 1.47 .367
TBIO .53 3 37.36 .042
NIO .53 77 31.68 1.232
MEDS .53 5 2.36 1.120
HUYA .53 4 6.94 .304
HPQ .53 6 38.02 .078
EQ .53 1 4.19 .126
DVAX .53 1 14.07 .037
CHPT .53 4 19.05 .108
BBWI .53 6 69.79 .042
ALC .53 8 87.12 .048
SILK .52 7 42.61 .084
ANF .52 3 34.83 .042
WFC .51 7 47.98 .070
RCON .51 2 1.31 .778
OCUP .51 2 3.73 .272
GFAI .51 2 1.08 .944
DYAI .51 3 4.52 .336
CPSH .51 1 3.91 .130
BLU .51 3 8.05 .189
TIGR .50 8 4.82 .824
PSTG .50 5 32 .075
PATI .50 2 8.22 .120
MDIA .50 3 5.35 .279
CBAT .50 3 1.56 .960
RKDA .49 1 1.04 .471
NTRB .49 4 9.43 .204
NRBO .49 2 1.22 .802
IGC .49 3 1.04 1.413
GP .49 3 9.29 .156
GEVO .49 4 4.86 .400
ENLV .49 2 6.25 .156
ECHO .49 1 48.24 .010
ATHM .49 3 29.48 .048
ARMP .49 1 5.87 .083
NNDM .48 3 3.8 .378
MT .48 2 31.83 .030
KIRK .48 3 14.93 .096
EPU .48 3 30.105 .045
TRIL .47 1 18.44 .025
TLRY .47 4 7.03 .264
SPRB .47 3 4.46 .315
SOHU .47 6 16.28 .168
EXPR .47 5 3.08 .760
DARE .47 1 2 .235
BODY .47 2 2.37 .396
BAC .47 6 44.49 .060
XPEV .46 84 50.33 .756
UFAB .46 2 2.02 .454
NTEC .46 4 9.63 .188
MARK .46 4 0.9915 1.852
KO .46 9 59.21 .063
KBSF .46 2 3.05 .300
GURE .46 1 4.33 .106
EQOS .46 1 1.87 .245
CVV .46 2 4.13 .222
VERU .45 4 5.89 .304
TYME .45 4 0.6031 2.984
TME .45 1 6.85 .065
ONCT .45 2 2.27 .396
FCX .45 25 41.73 .250
EVGO .45 8 10.62 .336
CSCO .45 12 63.37 .084
CRDF .45 3 6.01 .222
CCL .45 5 20.12 .110
ADIL .45 2 2.7 .332
WORX .44 4 1.29 1.364
STN .44 3 55.7 .021
NNVC .44 3 3.72 .354
MTTR .44 15 20.64 .315
LESL .44 2 24.2 .036
GALT .44 3 2.07 .636
FFHL .44 2 7.93 .110
DWSN .44 2 2.32 .378
WOOF .43 3 20.02 .063
PFE .43 19 59.05 .133
MU .43 11 93.15 .044
HOLI .43 1 14.63 .029
GAME .43 1 3.04 .141
EVGN .43 1 1.64 .262
CLF .43 12 21.77 .228
CAN .43 4 5.25 .324
ATIF .43 1 3.22 .133
T .42 4 24.6 .068
HRC .42 6 155.96 .012
DUK .42 10 104.9 .040
DBGI .42 5 2.3 .910
CTSO .42 4 4.19 .400
CCJ .42 13 21.81 .247
BWAY .42 3 7.7 .162
ARMK .42 4 36.85 .044
SRNG .41 1 11.42 .035
SLB .41 6 29.95 .078
RKT .41 2 14 .058
PDCO .41 4 29.31 .052
KZIA .41 2 8.42 .096
HNST .41 3 8.09 .150
GTT .41 1 2.36 .173
BLIN .41 8 2.26 1.448
AUUD .41 7 1.78 1.610
ACOR .41 4 2.39 .684
YJ .40 2 0.6251 1.278
XLF .40 3 39.05 .030
LIZI .40 4 1.85 .864
GRTX .40 4 4.59 .348
FBRX .40 1 2.14 .186
DUOT .40 1 5.1299 .077
CTIB .40 5 1.19 1.680
CHRA .40 1 4.73 .084
IYC .39 4 84 .016
HALO .39 1 40.21 .009
EQT .39 3 21.81 .051
DNUT .39 9 18.92 .180
CSCW .39 2 0.5025 1.552
CRTD .39 7 2.09 1.302
AQMS .39 3 1.23 .951
XOM .38 10 61.19 .060
SBH .38 3 18.86 .060
RDUS .38 1 6.92 .054
OVID .38 2 3.21 .236
OTLK .38 2 1.36 .558
MRTN .38 3 17.19 .066
GPK .38 2 19.5 .038
ANIX .38 1 2.97 .127
VTNR .37 10 4.88 .750
UONE .37 7 4.65 .553
MRK .37 12 76.64 .048
LICY .37 1 9.96 .037
HUGE .37 1 1.02 .362
GT .37 6 21.32 .102
CHMA .37 2 3.76 .196
UAVS .36 3 1.57 .687
MRKR .36 1 0.9502 .378
MITQ .36 1 2.1 .171
JFIN .36 2 2.31 .310
IDEX .36 4 1.2 1.200
GOVX .36 7 3.62 .693
GNLN .36 2 0.9641 .746
CL .36 8 85.34 .032
BNGO .36 12 3.23 1.332
AKTX .36 1 1.5 .240
ADMP .36 1 0.605 .595
ACB .36 3 5.41 .198
VXX .35 4 18.53 .072
SLV .35 5 21.51 .080
PHUN .35 16 2.63 2.128
ORMP .35 19 14.28 .456
ORGO .35 2 9.24 .074
ON .35 12 67.92 .060
LMFA .35 5 4.86 .360
KHC .35 6 35.9 .054
CLSD .35 3 2.75 .381
CIFR .35 3 4.61 .225
BSQR .35 13 1.74 2.613
AESE .35 1 1.71 .204
XELB .34 2 1.09 .622
TRIT .34 5 2.35 .720
SSNT .34 2 4.8451 .140
ME .34 6 6.66 .306
HWCC .34 1 5.3 .064
CYTH .34 1 3.73 .091
NUAN .33 3 55.32 .015
IMMR .33 6 5.71 .342
HNP .33 2 26.41 .024
GTS .33 1 35.68 .009
CIEN .33 21 76.97 .084
BHTG .33 1 0.837 .394
WATT .32 2 1.25 .512
TAL .32 2 3.81 .166
SPCB .32 2 0.555 1.152
SGBX .32 3 1.88 .510
PRPL .32 6 13.27 .144
MINM .32 2 1.25 .512
FOE .32 2 21.79 .028
CORT .32 2 19.8 .032
AAPL .32 112 182.01 .112
AAL .32 9 17.96 .153
WINT .31 3 1.605 .579
ULBI .31 2 6.04 .102
SCYX .31 4 6.1 .200
LC .31 12 24.18 .144
HRL .31 7 49.13 .042
HMHC .31 2 16.1 .038
DMAC .31 2 3.73 .166
AEY .31 1 1.73 .179
TESS .30 3 6.3099 .141
OXBR .30 5 5.62 .265
LGHL .30 4 1.32 .908
HAPP .30 1 0.5699 .526
ENG .30 3 1.32 .681
CLSK .30 1 9.52 .031
BRG .30 3 26.39 .033
BBIG .30 21 2.38 2.646
AUTL .30 3 5.19 .171
NEXT .29 4 3 .384
HUSN .29 4 2.77 .416
EFOI .29 4 4.27 .268
DRN .29 10 30.43 .090
ALTO .29 5 4.81 .300
AFMD .29 3 5.52 .156
XLE .28 10 55.5 .050
RF .28 3 21.8 .036
ORCL .28 37 87.9 .111
NKLA .28 17 10.24 .459
MITO .28 1 0.83 .337
FLO .28 6 27.47 .060
EPAY .28 3 56.47 .012
CLOV .28 2 3.72 .150
APTO .28 4 1.35 .828
XLV .27 9 140.89 .009
WIMI .27 4 3.04 .352
RSLS .27 4 1.64 .656
NAOV .27 11 1.04 2.849
MGTX .27 1 23.74 .011
INCY .27 5 73.4 .015
GSM .27 7 6.21 .301
FENC .27 2 4.4 .122
ENVB .27 3 1.03 .786
ACI .27 12 30.19 .096
VIVE .26 2 1.14 .456
PPBT .26 1 3.89 .066
PME .26 1 0.625 .416
JQUA .26 1 45.5 .005
AXLA .26 2 2.09 .248
VCLO .25 1 15.28 .016
PBLA .25 1 1.7301 .144
HITI .25 1 4.25 .058
ERF .25 4 10.58 .092
AVCT .25 6 2.43 .612
RAIL .24 4 3.69 .260
PLG .24 3 1.69 .426
MOGO .24 4 3.42 .280
IKT .24 1 1.65 .145
GBR .24 1 2.38 .100
CPIX .24 4 4.67 .204
CONE .24 3 89.69 .006
UWMC .23 4 5.92 .152
PIRS .23 7 3.78 .420
GIS .23 13 67.26 .039
ERJ .23 15 17.74 .180
BCLI .23 2 4 .114
THTX .22 1 3 .073
SSKN .22 1 1.465 .150
SPWH .22 3 11.8 .054
PBR .22 12 10.98 .240
KR .22 19 45.26 .076
JFU .22 3 1.1 .600
INOV .22 2 41.06 .010
FFIE .22 2 6.06 .072
DYNT .22 5 1 1.100
D .22 11 78.56 .022
BIOC .22 4 3.62 .240
ABUS .22 8 3.89 .448
VBLT .21 3 1.97 .318
TENX .21 1 1.11 .189
AZN .21 16 58.25 .048
ATOS .21 5 1.6 .655
ALZN .21 3 1.9 .330
ALAC .21 2 11.6905 .034
ENSV .20 1 0.853 .234
ANY .20 21 3.5 1.197
AEHR .20 32 23.39 .256
NBEV .19 1 1.03 .184
MOMO .19 3 8.98 .063
FLGC .19 6 1.78 .636
COTY .19 8 10.5 .144
BKYI .19 2 2.21 .170
BGI .19 3 4.85 .117
VSH .18 3 21.87 .024
IRIX .18 4 6.11 .116
GNFT .18 7 5 .252
FCEL .18 131 5.78 4.061
BLNK .18 14 26.51 .084
TISI .17 1 1.09 .155
PPC .17 2 28.2 .012
PETZ .17 4 4.22 .160
LIVX .17 2 3.07 .110
KXIN .17 6 1.14 .894
GMTX .17 2 2.91 .116
AGNC .17 5 15.04 .055
SNES .16 2 1.03 .310
OCG .16 4 5.11 .124
INFI .16 4 2.25 .284
IMMP .16 7 3.28 .336
HFBL .16 1 20.382 .007
GGAL .16 4 9.49 .064
BP .16 7 26.63 .042
ZNGA .15 4 6.4 .092
XLP .15 14 77.11 .014
VRS .15 2 27.02 .010
IMV .15 2 1.22 .244
HIPO .15 3 2.83 .159
GSKY .15 2 11.36 .026
GRUB .15 3 10.76 .039
CREX .15 1 1.4 .107
CHNG .15 2 21.38 .014
XERS .14 1 2.93 .047
SYKE .14 3 54 .006
OEG .14 1 2.19 .063
NXTP .14 1 0.9041 .154
INM .14 1 1.31 .106
IEC .14 1 15.34 .009
EDU .14 1 2.1 .066
VIEW .13 2 3.91 .066
SVBI .13 1 13.63 .009
SALM .13 5 3.06 .210
OSMT .13 4 1.08 .480
GENE .13 3 1.88 .207
VERB .12 8 1.24 .768
SBBP .12 2 2 .120
PSTX .12 1 6.81 .017
MRO .12 18 16.42 .126
LTHM .12 19 24.38 .076
HDGE .12 3 24.66 .012
GSAT .12 2 1.16 .206
CRON .12 5 3.92 .150
CHNR .12 4 0.620101 .772
AHPI .12 3 5.82 .060
UNIT .11 3 14.01 .021
TELL .11 9 3.08 .315
SNMP .11 2 0.5888 .372
MOHO .11 3 0.405 .813
GBS .11 1 1.435 .076
FENG .11 2 0.862 .254
FAST .11 6 64.06 .006
ET .11 6 8.23 .078
EKSO .11 2 2.65 .082
CSPR .11 1 6.68 .016
CALA .11 1 0.6652 .165
ACHV .11 2 7.78 .028
TTM .10 15 32.09 .045
SLHG .10 1 1.325 .075
RAVN .10 3 58.08 .003
OBSV .10 6 1.99 .300
KDMN .10 4 9.5 .040
EDTK .10 2 0.9452 .210
CNFR .10 2 2.32 .086
CDEV .10 5 6.45 .075
AGEN .10 12 3.47 .336
YPF .09 3 3.82 .069
XELA .09 7 0.8774 .714
WTER .09 2 1.18 .152
TEDU .09 2 1.84 .096
TAAG .09 1 20.9494 .004
SELF .09 1 5.7 .015
RIG .09 6 3.12 .168
PRPO .09 3 1.58 .168
CXM .09 1 15.87 .005
CPG .09 8 5.34 .128
AEMD .09 3 1.86 .144
AEI .09 2 0.558 .322
XPDI .08 14 10.95 .098
TEO .08 2 5.1 .030
SSL .08 23 16.4 .092
MBII .08 1 0.7202 .111
CLDR .08 1 15.99 .005
BQ .08 2 0.8818 .180
VSTM .07 3 2.05 .102
SWN .07 4 4.66 .060
SBS .07 11 7.34 .099
NEPT .07 2 0.41 .340
LMRK .07 2 16.49 .008
ITRO .07 1 1.27 .055
ITRN .07 3 26.67 .006
CPLG .07 1 15.7 .004
BVXV .07 4 2.34 .116
XBIO .06 8 1.29 .368
VG .06 1 20.77 .002
RVI .06 3 6.42 .027
RRD .06 12 11.26 .060
OXY .06 31 28.99 .062
KULR .06 8 2.85 .168
ESXB .06 2 11.3 .010
ENIC .06 1 1.81 .033
DBVT .06 12 1.6 .444
ADMS .06 2 8.22 .014
ULTA .05 12 413.23 0
OCG .05 13 5.11 .117
MTL .05 19 3.18 .285
MDNA .05 8 1.63 .240
FRBK .05 1 3.72 .013
PSP .04 3 15.49 .006
PBT .04 2 10.26 .006
NOK .04 6 6.29 .036
MFGP .04 7 5.57 .049
IRCP .04 4 2.32 .068
CXP .04 1 19.28 .002
AVGR .04 7 0.45 .616
VTGN .03 5 1.95 .075
VCAR .03 1 15.5 .001
SNDL .03 1 0.5783 .051
SIC .03 1 14.49 .002
LPTX .03 5 3.24 .045
FRO .03 19 7.07 .076
RTLR .02 9 11.38 .009
RCAT .02 3 2.08 .027
NWHM .02 1 8.99 .002
KIN .02 2 9.25 .004
EIC .02 2 17.03 .002
DSE .02 1 9.49 .002
PMD .01 1 7.02 .001
INFL .01 2 31.21 0
IACB .01 3 7.95 .003
DFP .01 3 27.78 0
BEST .01 3 0.8515 .033
WMPN 0 4 12.08 0
SLVO 0 5 5.08 0
QQC 0 2 33.5078 0
QADB 0 4 87.54 0
PAE 0 1 9.93 0
ONON 0 1 51.42 0
NLSP 0 1 1.11 0
LHAA 0 1 9.84 0
HWBK 0 1 25.9395 0
DVD 0 1 3.61 0
APWC 0 1 2.99 0
NSYS -.12 1 10.35 -.011
