EJH 5.21 6 1.54 20.298
SCPS 3.34 7 1.635 14.294
LAIX 1.72 4 0.5806 11.848
AACG 2.14 5 1.0705 9.995
AUVI 2.10 10 2.7 7.770
EEIQ 4.33 5 3.3 6.560
NEGG 3.07 20 10.37 5.920
NVOS 1.65 5 1.4 5.890
DPW 1.56 5 1.6 4.875
NRXP 2.89 8 4.78 4.832
JZXN 1.63 4 1.47 4.432
VRPX 1.77 9 3.61 4.410
VVOS 1.65 6 2.25 4.398
IRNT 3.02 6 4.25 4.260
ADGI 2.56 12 7.26 4.224
FCEL .18 131 5.78 4.061
AAME 1.97 5 2.45 4.020
EYES 1.22 6 1.83 3.996
JAN 2.73 6 4.19 3.906
CEMI .60 8 1.23 3.896
HX 1.40 6 2.24 3.750
JG 1.30 3 1.04 3.750
KOSS 5.35 7 10.68 3.500
CPOP 2.34 5 3.63 3.220
SIEB 1.53 5 2.4 3.185
NURO 1.47 11 5.21 3.102
TYME .45 4 0.6031 2.984
NAOV .27 11 1.04 2.849
RMED .72 6 1.56 2.766
CARV 3.92 6 8.54 2.754
OCGN 1.04 12 4.55 2.736
MRIN 2.01 5 3.71 2.705
BBIG .30 21 2.38 2.646
BSQR .35 13 1.74 2.613
AMC 1.19 60 27.2 2.580
BTBT 1.45 10 6.08 2.380
PBTS 1.24 1 0.5227 2.372
SPCE 1.26 24 13.38 2.256
AGRI .95 5 2.14 2.215
TAOP 1.35 3 1.89 2.142
PHUN .35 16 2.63 2.128
MOXC 1.01 6 2.86 2.118
TPST 2.19 5 5.28 2.070
INDP 2.52 5 6.17 2.040
ANPC 1.24 2 1.22 2.032
WAVE 1.72 5 4.3104 1.995
NCTY 2.63 5 6.7 1.960
MARK .46 4 0.9915 1.852
LMNL .65 3 1.09 1.788
SSY .91 3 1.54 1.770
JCS 1.40 3 2.4 1.749
SGOC 1.19 9 6.2 1.719
DWAC 22.11 4 51.43 1.716
PRFX .57 4 1.33 1.712
CTIB .40 5 1.19 1.680
GME 2.99 82 148.39 1.640
PALI .71 3 1.3 1.638
SAVA 2.73 29 47.94 1.624
RNXT 1.96 4 4.84 1.616
AUUD .41 7 1.78 1.610
CSCW .39 2 0.5025 1.552
AREC .62 5 2.01 1.540
WAFU 1.50 4 3.99 1.500
SOS .61 2 0.8222 1.482
FTEK .69 3 1.4 1.476
CETX 1.20 1 0.8199 1.463
NMRD 1.66 4 4.56 1.456
BLIN .41 8 2.26 1.448
EVK .60 6 2.5 1.440
BIDU 1.88 118 148.79 1.416
IGC .49 3 1.04 1.413
RIDE .68 7 3.45 1.379
BYSI 1.25 5 4.53 1.375
ERYP .79 4 2.3136 1.364
WORX .44 4 1.29 1.364
SPRT .81 20 11.8 1.360
BNTC 1.24 3 2.74 1.356
SNAP .57 113 46.59 1.356
UPC .73 3 1.635 1.338
PMCB 1.11 3 2.5 1.332
BNGO .36 12 3.23 1.332
SNOA 1.51 4 4.56 1.324
LODE .56 3 1.29 1.302
CRTD .39 7 2.09 1.302
SYPR .80 4 2.46 1.300
YJ .40 2 0.6251 1.278
ANVS 3.73 6 17.58 1.272
NBRV .76 1 0.5989 1.268
STAF .58 2 0.915 1.266
NIO .53 77 31.68 1.232
DLPN 2.14 5 8.76 1.220
GRTS 2.25 7 12.86 1.218
PTIX .84 2 1.385 1.212
ALYA .77 4 2.55 1.204
IDEX .36 4 1.2 1.200
ANY .20 21 3.5 1.197
HGSH 1.16 2 1.9801 1.170
NVFY .73 3 1.87 1.170
MVIS 1.17 5 5.01 1.165
SPCB .32 2 0.555 1.152
MEDS .53 5 2.36 1.120
OSAT 1.21 3 3.24 1.119
CNET 1.11 1 1 1.110
HOOD 1.41 14 17.76 1.106
HOFV .98 2 1.78 1.100
DYNT .22 5 1 1.100
LGVN 2.15 6 12.07 1.068
BFRI 1.31 6 7.52 1.044
ZKIN .71 2 1.39 1.020
ACRS 2.12 7 14.54 1.015
EBET 3.45 6 20.56 1.002
SPI .89 4 3.61 .984
HCWB 1.14 2 2.32 .982
IMPL 1.70 5 8.63 .980
BBBY .90 16 14.58 .976
CANF .63 2 1.29 .976
HGEN 1.21 3 3.72 .975
HTBX 1.46 2 3.04 .960
MTSL 1.08 3 3.37 .960
CBAT .50 3 1.56 .960
CHCI 1.54 3 4.85 .951
AQMS .39 3 1.23 .951
BB .74 12 9.35 .948
ORPH .57 4 2.41 .944
GFAI .51 2 1.08 .944
ALF 1.08 2 2.3 .938
WHLM 1.20 4 5.18 .924
SYTA 1.13 3 3.7 .915
DBGI .42 5 2.3 .910
LGHL .30 4 1.32 .908
ISPC 1.00 7 7.81 .896
KXIN .17 6 1.14 .894
MBRX .81 2 1.86 .870
TERN 1.53 4 7.07 .864
KALV 1.44 8 13.23 .864
LIZI .40 4 1.85 .864
FULC 2.54 6 17.69 .858
OLB .77 3 2.71 .852
RETO .72 2 1.7 .846
SJ 1.24 4 5.85 .844
GROM .76 2 1.8 .844
KTTA 1.49 1 1.77 .841
APTO .28 4 1.35 .828
TIGR .50 8 4.82 .824
DTST .84 3 3.06 .822
NVAX 7.31 16 143.07 .816
ATXI .74 1 0.908 .814
MOHO .11 3 0.405 .813
LEDS 1.24 3 4.62 .804
NRBO .49 2 1.22 .802
ASM .69 1 0.861 .801
PPSI .67 9 7.5 .801
VERY 1.39 4 6.9416 .800
MNOV .74 3 2.78 .798
XTLB 1.09 2 2.77 .786
ENVB .27 3 1.03 .786
OPAD 1.25 4 6.4 .780
RCON .51 2 1.31 .778
ZEV 1.17 4 6.01 .776
CHNR .12 4 0.620101 .772
ACIU 1.91 2 4.95 .770
VERB .12 8 1.24 .768
WEI .57 1 0.75 .760
EXPR .47 5 3.08 .760
MARA 1.20 21 32.86 .756
XPEV .46 84 50.33 .756
VTNR .37 10 4.88 .750
GNLN .36 2 0.9641 .746
AYRO .60 2 1.61 .744
EYEG 1.45 1 1.95 .743
OPTT 1.10 1 1.48 .743
SCKT .74 4 4.08 .724
APRE .69 3 2.87 .720
TRIT .34 5 2.35 .720
XELA .09 7 0.8774 .714
LHDX 1.58 4 8.83 .712
VYGR 1.06 2 2.99 .708
ONCS .68 1 0.9596 .708
RFL .71 5 5.1 .695
GOVX .36 7 3.62 .693
BKKT 2.95 2 8.51 .692
GLSI 3.27 5 23.6 .690
AVXL 2.41 5 17.34 .690
UAVS .36 3 1.57 .687
IPHA .78 4 4.56 .684
ACOR .41 4 2.39 .684
ENG .30 3 1.32 .681
ATNF .66 4 3.9 .676
NVDA 1.24 166 294.11 .664
EVOL .74 2 2.24 .660
RSLS .27 4 1.64 .656
COHN 1.95 5 14.81 .655
ATOS .21 5 1.6 .655
AMBO .61 1 0.9373 .650
BILI 1.28 23 44.39 .644
ENOB .94 5 7.29 .640
LCID 1.90 13 38.05 .637
GALT .44 3 2.07 .636
FLGC .19 6 1.78 .636
LEXX .63 4 4.03 .624
XELB .34 2 1.09 .622
AVGR .04 7 0.45 .616
MVST .61 6 5.98 .612
AVCT .25 6 2.43 .612
ALEC 2.10 6 20.78 .606
JFU .22 3 1.1 .600
ADMP .36 1 0.605 .595
BABA .82 99 120.38 .594
NNOX 1.69 5 14.54 .580
WINT .31 3 1.605 .579
PSTV .60 1 1.05 .571
WNW 1.34 1 2.36 .567
ZCMD 1.01 1 1.78 .567
RHE 1.27 2 4.51 .562
DQ 3.36 7 41.97 .560
WISH .58 3 3.11 .558
OTLK .38 2 1.36 .558
DTSS .87 1 1.56 .557
WHLR .54 2 1.94 .556
UONE .37 7 4.65 .553
ARAV 1.21 1 2.19 .552
OBLN .56 3 3.05 .549
WBX 4.49 2 16.34 .548
KNBE 1.80 7 22.94 .546
ENTX .77 2 2.815 .546
ALDX 1.09 2 4 .544
SDC .64 2 2.35 .544
SLGG .64 2 2.36 .542
BTX 1.13 2 4.17 .540
RELI .87 4 6.44 .540
MTP .56 1 1.05 .533
HAPP .30 1 0.5699 .526
GRVI .74 3 4.28 .516
ENSC .61 4 4.7 .516
WATT .32 2 1.25 .512
MINM .32 2 1.25 .512
PENN 2.65 10 51.85 .510
BGFV .97 10 19.01 .510
SGBX .32 3 1.88 .510
LWAC 1.73 5 16.98 .505
CRIS 1.20 2 4.76 .504
BPTH .95 2 3.77 .502
GMBL .88 2 3.51 .500
LIFE .93 4 7.47 .496
GTEC .80 4 6.43 .496
SLS .69 4 5.53 .496
MRNA 3.05 41 253.98 .492
WPRT .58 2 2.37 .488
TSLA 3.42 160 1056.78 .480
ARDS 1.12 1 2.33 .480
OSMT .13 4 1.08 .480
EYPT 5.86 1 12.24 .478
MQ 1.18 7 17.17 .476
LYEL 1.21 3 7.7 .471
RKDA .49 1 1.04 .471
BTCM .72 4 6.14 .468
AUPH 1.04 10 22.48 .460
NKLA .28 17 10.24 .459
ORMP .35 19 14.28 .456
VIVE .26 2 1.14 .456
ASTR .62 5 6.75 .455
UFAB .46 2 2.02 .454
ABUS .22 8 3.89 .448
DBVT .06 12 1.6 .444
BCRX .62 10 13.85 .440
IMNM 1.42 4 12.96 .436
GEG .90 1 2.06 .436
TQQQ .64 143 171.13 .429
PLG .24 3 1.69 .426
PIRS .23 7 3.78 .420
BON .62 3 4.45 .417
DOCS 2.62 8 50.13 .416
HUSN .29 4 2.77 .416
PME .26 1 0.625 .416
EZFL .57 1 1.38 .413
BNR 1.30 3 9.53 .408
MRAM 1.52 3 11.3 .402
GEVO .49 4 4.86 .400
CTSO .42 4 4.19 .400
TSP 2.05 7 35.85 .399
BODY .47 2 2.37 .396
ONCT .45 2 2.27 .396
TRCH .98 2 4.95 .394
BHTG .33 1 0.837 .394
IPA 1.04 2 5.36 .388
DDD .70 12 21.54 .384
NEXT .29 4 3 .384
PEAR 2.37 1 6.2 .382
AVIR 1.14 3 8.94 .381
CLSD .35 3 2.75 .381
UPST 2.99 19 144.66 .380
CERE 1.78 7 32.42 .378
NNDM .48 3 3.8 .378
DWSN .44 2 2.32 .378
MRKR .36 1 0.9502 .378
VNET 1.13 3 9.03 .375
M .58 17 26.18 .374
SNMP .11 2 0.5888 .372
EOSE 1.39 2 7.52 .368
XBIO .06 8 1.29 .368
ADMA .54 1 1.47 .367
KODK .86 2 4.68 .366
IFRX .58 3 4.76 .363
HUGE .37 1 1.02 .362
SKLZ .67 4 7.44 .360
LMFA .35 5 4.86 .360
ZG 3.19 7 62.22 .357
KMPH 1.03 3 8.71 .354
NNVC .44 3 3.72 .354
WIMI .27 4 3.04 .352
NVCR 2.63 10 75.08 .350
ZY .78 3 6.69 .348
GRTX .40 4 4.59 .348
CMMB 1.24 2 7.2 .344
ENZ .54 2 3.13 .344
GRU 1.62 1 4.73 .342
VOXX 1.16 3 10.17 .342
IMMR .33 6 5.71 .342
SE 3.92 20 223.31 .340
LAZR 1.16 5 16.91 .340
NEPT .07 2 0.41 .340
ATAI 1.29 2 7.63 .338
MITO .28 1 0.83 .337
DYAI .51 3 4.52 .336
EVGO .45 8 10.62 .336
IMMP .16 7 3.28 .336
AGEN .10 12 3.47 .336
ADIL .45 2 2.7 .332
ALZN .21 3 1.9 .330
ARPO .72 1 2.2 .327
VLDR .76 2 4.64 .326
AFRM 1.88 18 100.56 .324
CAN .43 4 5.25 .324
BBLG 1.14 1 3.52 .323
ZLAB 2.93 7 62.85 .322
SOFI .73 7 15.81 .322
OCX .70 1 2.17 .322
AEI .09 2 0.558 .322
GDEV .87 3 8.06 .321
VTSI .56 4 7 .320
SPLK 6.20 6 115.72 .318
VBLT .21 3 1.97 .318
ZM 3.91 15 184.26 .315
RAPT 1.77 7 38.72 .315
APOP .84 5 13.17 .315
SPRB .47 3 4.46 .315
MTTR .44 15 20.64 .315
TELL .11 9 3.08 .315
RSKD 1.24 2 7.86 .314
FGEN 1.47 3 14.1 .312
JFIN .36 2 2.31 .310
SNES .16 2 1.03 .310
TATT .65 3 6.3092 .309
OSTK 2.60 7 59.01 .308
JRJC .67 3 6.53 .306
ME .34 6 6.66 .306
ABSI 1.25 2 8.2 .304
HUYA .53 4 6.94 .304
VERU .45 4 5.89 .304
GSM .27 7 6.21 .301
CCXI 3.66 3 36.41 .300
KBSF .46 2 3.05 .300
ALTO .29 5 4.81 .300
OBSV .10 6 1.99 .300
QFIN .77 9 22.93 .297
KURA 1.04 4 14 .296
FIGS 1.33 6 26.8 .294
AMTX 1.20 3 12.3 .291
CLPS .57 1 1.96 .290
CLPS .57 1 1.96 .290
IMTX .98 4 13.44 .288
PLUG .92 9 28.23 .288
APT .86 2 5.97 .288
IMMX 1.66 1 5.78 .287
GPN 3.54 11 135.18 .286
ACY .99 19 62.45 .285
MTL .05 19 3.18 .285
SBEA 1.45 2 10.15 .284
INFI .16 4 2.25 .284
KSS 1.41 10 49.58 .280
MOGO .24 4 3.42 .280
MDIA .50 3 5.35 .279
ZIM 1.48 11 58.86 .275
NLS .84 2 6.13 .274
LAC .62 13 29.12 .273
OCUP .51 2 3.73 .272
W 6.04 9 195.77 .270
AMD 1.59 27 150.24 .270
MESO .65 2 4.8 .270
EFOI .29 4 4.27 .268
IONQ .65 7 16.7 .266
OXBR .30 5 5.62 .265
RLMD 1.57 4 23.67 .264
TLRY .47 4 7.03 .264
EVGN .43 1 1.64 .262
MBOT .98 2 7.5 .260
RAIL .24 4 3.69 .260
IGIC .70 3 8.1 .258
BNTX 1.93 32 231.85 .256
AEHR .20 32 23.39 .256
LJPC .62 2 4.88 .254
FENG .11 2 0.862 .254
DOCN 1.90 11 80.33 .253
GNFT .18 7 5 .252
FCX .45 25 41.73 .250
CARA 1.57 2 12.65 .248
AXLA .26 2 2.09 .248
CCJ .42 13 21.81 .247
EQOS .46 1 1.87 .245
MOSY .55 2 4.5 .244
IMV .15 2 1.22 .244
AMEH 2.05 9 73.48 .243
ORGS .70 1 2.88 .243
DDS 5.48 11 245.02 .242
SI 4.55 8 148.2 .240
SQ 1.68 24 161.51 .240
RBLX 1.49 16 98.81 .240
EXPI 1.38 6 33.69 .240
AKTX .36 1 1.5 .240
PBR .22 12 10.98 .240
BIOC .22 4 3.62 .240
MDNA .05 8 1.63 .240
APPS 2.11 7 60.99 .238
CELC 1.05 3 13.19 .237
OVID .38 2 3.21 .236
DARE .47 1 2 .235
ENSV .20 1 0.853 .234
SQBG .73 2 6.24 .232
SHOP 28.96 11 1377.39 .231
CGC .68 3 8.73 .231
CLF .43 12 21.77 .228
CIFR .35 3 4.61 .225
CPE 1.54 7 47.25 .224
CVV .46 2 4.13 .222
CRDF .45 3 6.01 .222
EDSA 1.24 1 5.63 .220
NIU .93 4 16.65 .220
ISIG 4.32 1 19.68 .219
TASK 1.74 7 54.42 .217
STG 1.13 1 5.2 .217
MSTR 14.75 8 544.49 .216
DKNG .99 6 27.47 .216
LOOP .55 5 12.78 .215
BRLT .96 4 18.06 .212
ABNB 3.59 10 166.49 .210
CHGG 2.17 3 30.7 .210
DLO 1.53 5 35.69 .210
STEM .68 6 19.24 .210
SALM .13 5 3.06 .210
EDTK .10 2 0.9452 .210
HHR .98 11 51.09 .209
VIR 1.13 8 41.87 .208
FSTX 1.04 1 5.02 .207
GENE .13 3 1.88 .207
XAIR 1.97 1 9.53 .206
GSAT .12 2 1.16 .206
DUOL 7.27 3 106.11 .204
JD 1.24 12 70.07 .204
HOL .84 3 12.35 .204
NTRB .49 4 9.43 .204
AESE .35 1 1.71 .204
CPIX .24 4 4.67 .204
GPS .54 7 18.4 .203
FOSL 1.09 2 10.73 .202
DELL 1.42 8 56.17 .200
BLPH .62 1 3.1 .200
SCYX .31 4 6.1 .200
ACB .36 3 5.41 .198
FUV .77 2 7.78 .196
CHMA .37 2 3.76 .196
PUBM 6.66 1 34.05 .195
TWTR 1.40 6 43.22 .192
RIOT .73 6 22.33 .192
TOST 3.31 2 34.71 .190
NVTS 1.62 2 17.01 .190
ICCM .58 1 3.05 .190
PRTA 1.04 9 49.4 .189
BLU .51 3 8.05 .189
TENX .21 1 1.11 .189
AMZN 6.99 94 3334.34 .188
LBPH .92 1 4.88 .188
NTEC .46 4 9.63 .188
FUBO 1.01 3 16.2 .186
FBRX .40 1 2.14 .186
NBEV .19 1 1.03 .184
CELH 1.96 7 74.57 .182
DNA 1.58 1 8.69 .181
PDD 2.15 5 58.3 .180
BYND 2.00 6 65.16 .180
SKT 1.17 3 19.28 .180
GIII 1.02 5 27.64 .180
DNUT .39 9 18.92 .180
ERJ .23 15 17.74 .180
BQ .08 2 0.8818 .180
AEY .31 1 1.73 .179
SIF 1.16 1 6.5 .178
ACHL .89 1 5.01 .177
RUN 1.04 6 35.47 .174
CLII .84 3 14.36 .174
SRNE .85 1 4.9 .173
GTT .41 1 2.36 .173
JWN .98 4 22.62 .172
BLUW .83 2 9.63 .172
SFIX 1.08 3 18.92 .171
AZYO 1.08 1 6.3 .171
MITQ .36 1 2.1 .171
AUTL .30 3 5.19 .171
GTIM .74 1 4.34 .170
BKYI .19 2 2.21 .170
IAC 3.19 7 130.71 .168
SOHU .47 6 16.28 .168
RIG .09 6 3.12 .168
PRPO .09 3 1.58 .168
KULR .06 8 2.85 .168
TAL .32 2 3.81 .166
DMAC .31 2 3.73 .166
EDIT 1.47 3 26.55 .165
LYFT 1.43 5 42.73 .165
CALA .11 1 0.6652 .165
BWAY .42 3 7.7 .162
HOG 1.23 5 37.7 .160
ASAN .80 16 74.55 .160
PETZ .17 4 4.22 .160
SEMR 1.11 3 20.85 .159
HIPO .15 3 2.83 .159
NETE 1.04 2 13.09 .158
NEWR 2.93 6 109.96 .156
GP .49 3 9.29 .156
ENLV .49 2 6.25 .156
AFMD .29 3 5.52 .156
OMER 1.00 1 6.43 .155
TISI .17 1 1.09 .155
LI .73 7 32.1 .154
NXTP .14 1 0.9041 .154
CYAD .56 1 3.66 .153
AAL .32 9 17.96 .153
IS .59 2 7.74 .152
UWMC .23 4 5.92 .152
WTER .09 2 1.18 .152
U 3.60 6 142.99 .150
DDL 1.22 2 16.17 .150
MAT .55 6 21.56 .150
HNST .41 3 8.09 .150
CLOV .28 2 3.72 .150
SSKN .22 1 1.465 .150
CRON .12 5 3.92 .150
IRDM 1.55 4 41.29 .148
VCVC 1.46 1 9.85 .148
ALLO 1.11 2 14.92 .148
ISEE .62 4 16.57 .148
SCR 1.05 5 35.58 .145
IKT .24 1 1.65 .145
BIGC 2.58 2 35.37 .144
ARVN 1.55 8 82.14 .144
DKS 1.01 18 114.99 .144
TGTX .93 3 19 .144
LUV .79 8 42.84 .144
PRPL .32 6 13.27 .144
LC .31 12 24.18 .144
PBLA .25 1 1.7301 .144
COTY .19 8 10.5 .144
AEMD .09 3 1.86 .144
DE 4.88 11 350.11 .143
GAME .43 1 3.04 .141
TESS .30 3 6.3099 .141
DASH 2.11 10 148.9 .140
APP 1.38 10 94.26 .140
NGM 1.25 2 17.71 .140
SSNT .34 2 4.8451 .140
VIH 1.31 1 9.36 .139
SONO .70 6 29.8 .138
YMM .58 2 8.37 .138
FRD 1.28 1 9.38 .136
TDC 1.17 5 42.47 .135
GRVY 1.33 7 68.12 .133
BRTX .58 1 4.34 .133
PFE .43 19 59.05 .133
ATIF .43 1 3.22 .133
CMTL 3.13 1 23.69 .132
DPST 2.33 3 52.36 .132
FLGT 2.27 6 100.59 .132
LEGN 1.04 6 46.61 .132
JKS 1.23 5 46.37 .130
CPSH .51 1 3.91 .130
LIVE 1.37 3 31.53 .129
SHEN 1.11 3 25.5 .129
CPG .09 8 5.34 .128
ANIX .38 1 2.97 .127
SAM 9.40 7 505.1 .126
ASML 5.32 21 796.14 .126
CRM 2.49 14 254.13 .126
BKE .89 6 42.31 .126
DAL .85 6 39.08 .126
PTON .78 6 35.76 .126
EQ .53 1 4.19 .126
MRO .12 18 16.42 .126
THCB 1.25 1 10 .125
FLWS .75 4 23.95 .124
CRCT .70 4 22.09 .124
OCG .16 4 5.11 .124
CLDX 1.61 3 38.64 .123
HJLI 1.27 1 10.38 .122
FENC .27 2 4.4 .122
RL 1.89 8 118.86 .120
GH 1.57 8 100.02 .120
IMAB .96 6 47.39 .120
FTCH .67 6 33.43 .120
AA .65 12 59.58 .120
PATI .50 2 8.22 .120
SBBP .12 2 2 .120
RGEN 4.41 7 257.96 .119
TWST 1.37 7 77.39 .119
DLTR 1.90 9 141.17 .117
MSFT .54 117 336.32 .117
BGI .19 3 4.85 .117
OCG .05 13 5.11 .117
IRIX .18 4 6.11 .116
GMTX .17 2 2.91 .116
BVXV .07 4 2.34 .116
TVTX 1.19 3 31.04 .114
JRVR 1.10 3 28.81 .114
WMT .87 19 144.69 .114
BZUN .80 2 13.9 .114
BCLI .23 2 4 .114
AN 1.67 8 114.05 .112
XLNX 1.57 16 212.03 .112
JPM 1.29 14 158.35 .112
VSCO .90 7 56.14 .112
AAPL .32 112 182.01 .112
AEO .96 3 25.32 .111
ORCL .28 37 87.9 .111
MBII .08 1 0.7202 .111
RRGB .96 2 17.24 .110
TTCF .86 2 15.54 .110
AMRS .60 1 5.41 .110
CCL .45 5 20.12 .110
FFHL .44 2 7.93 .110
LIVX .17 2 3.07 .110
CLNE .67 1 6.13 .109
DIS 1.86 9 154.89 .108
COUR 1.32 2 24.44 .108
PINS 1.00 4 36.35 .108
MAXR .83 4 30.21 .108
FB .65 108 336.35 .108
CHPT .53 4 19.05 .108
BFLY .72 1 6.69 .107
CREX .15 1 1.4 .107
GURE .46 1 4.33 .106
INM .14 1 1.31 .106
LAD 6.41 5 297.79 .105
ACMR 1.83 5 85.27 .105
LAW 1.23 3 34.51 .105
MRUS 1.10 3 30.91 .105
NFLX .76 105 602.44 .105
KZR .60 3 16.72 .105
ROKU 3.14 8 228.2 .104
MSGE 1.88 4 70.34 .104
CAH 1.34 4 51.49 .104
APXT 1.27 1 12.11 .104
UAA .56 4 21.19 .104
QDEL 2.32 6 134.99 .102
TMX 1.58 3 45.23 .102
TJX 1.31 6 75.92 .102
BZ 1.22 3 34.88 .102
CYTK .80 6 46 .102
GT .37 6 21.32 .102
ULBI .31 2 6.04 .102
VSTM .07 3 2.05 .102
CREE 1.64 5 79.12 .100
DOMO 1.26 4 49.6 .100
SKX 1.09 4 43.4 .100
GBR .24 1 2.38 .100
REGN 7.44 9 631.52 .099
DPZ 5.62 11 564.33 .099
MDB 5.57 9 487.56 .099
LLY 2.74 11 276.22 .099
PYPL 2.14 9 188.58 .099
KMB 1.62 9 142.92 .099
RMBL 1.41 3 41.52 .099
EAT 1.21 3 36.59 .099
SBS .07 11 7.34 .099
ESTC 1.83 7 123.09 .098
BBY 1.45 7 102.12 .098
XPDI .08 14 10.95 .098
BIIB 3.06 8 239.92 .096
VLO 1.86 4 77.14 .096
FATE 1.44 4 58.51 .096
BTWN .95 1 9.82 .096
CALT .80 3 24.76 .096
UBER .71 6 41.93 .096
TTD .56 16 91.64 .096
KIRK .48 3 14.93 .096
KZIA .41 2 8.42 .096
ACI .27 12 30.19 .096
TEDU .09 2 1.84 .096
FL .84 5 43.63 .095
MFNC 1.02 2 21.5 .094
VMEO .85 2 17.96 .094
GKOS 4.45 1 47.42 .093
XM 1.10 3 35.4 .093
SPTN .59 4 25.58 .092
ERF .25 4 10.58 .092
ZNGA .15 4 6.4 .092
SSL .08 23 16.4 .092
FANG 1.55 7 111.84 .091
ABCL 1.31 1 14.3 .091
YEXT .91 1 9.92 .091
CYTH .34 1 3.73 .091
SNOW 3.29 10 332.01 .090
CAT 1.88 10 206.74 .090
XBI 1.75 6 115.44 .090
FISV 1.64 6 103.79 .090
CNC 1.49 5 82.4 .090
INMD 1.31 5 70.58 .090
VMW 1.17 9 115.88 .090
SMLP 1.07 2 23.55 .090
PTGX 1.05 3 34.2 .090
USB .87 6 56.17 .090
MOS .76 5 40.19 .090
HCM .66 5 35.08 .090
ARCE .63 3 20.89 .090
VNE .55 6 35.48 .090
DRN .29 10 30.43 .090
K .55 11 64.68 .088
KRYS 6.33 1 72.11 .087
OVV 1.01 3 33.7 .087
STRO .65 2 14.88 .086
CNFR .10 2 2.32 .086
WYNN 1.57 5 87.77 .085
C 1.06 5 60.39 .085
SBTX .57 1 6.66 .085
PLTR .77 2 18.21 .084
OPNT .73 4 33.63 .084
EOLS .55 1 6.51 .084
SILK .52 7 42.61 .084
CSCO .45 12 63.37 .084
CHRA .40 1 4.73 .084
CIEN .33 21 76.97 .084
BLNK .18 14 26.51 .084
ARMP .49 1 5.87 .083
ROIV .83 1 10.08 .082
EKSO .11 2 2.65 .082
MDT .94 9 103.45 .081
DXC .90 3 32.19 .081
COP .72 9 73.77 .081
SIVB 7.01 8 678.24 .080
ZS 2.76 10 321.33 .080
PKG 2.17 5 134.61 .080
PLCE 1.60 4 79.29 .080
CRNC 1.55 4 76.64 .080
A 1.31 10 159.65 .080
BJ .71 8 66.97 .080
SLV .35 5 21.51 .080
GDYN 3.03 1 37.97 .079
MNSO .82 1 10.34 .079
IWM 2.93 6 225.32 .078
SPT 1.25 6 90.69 .078
PFGC 1.21 3 45.89 .078
GNOG .78 1 9.95 .078
VIPS .66 1 8.4 .078
HPQ .53 6 38.02 .078
SLB .41 6 29.95 .078
ET .11 6 8.23 .078
LMT 2.51 11 355.41 .077
DUOT .40 1 5.1299 .077
APPN 1.29 4 65.84 .076
KR .22 19 45.26 .076
LTHM .12 19 24.38 .076
GBS .11 1 1.435 .076
FRO .03 19 7.07 .076
BHVN 2.12 5 139.16 .075
BCYC 1.49 3 59.5 .075
QCOM 1.05 15 186.21 .075
PSTG .50 5 32 .075
SLHG .10 1 1.325 .075
CDEV .10 5 6.45 .075
VTGN .03 5 1.95 .075
ORGO .35 2 9.24 .074
THTX .22 1 3 .073
SEDG 2.57 8 282.45 .072
ROST 2.08 4 114.28 .072
ENPH 1.82 8 182.94 .072
SPG 1.55 8 160.3 .072
SCHW 1.01 6 84.1 .072
CM .99 9 116.56 .072
VALN .71 6 55.51 .072
CSIQ .58 4 31.29 .072
VXX .35 4 18.53 .072
FFIE .22 2 6.06 .072
TBLA .70 1 9.85 .071
EL 3.86 7 370.2 .070
SNPS 3.62 7 361.1 .070
SITM 2.97 7 292.54 .070
TTC 1.42 5 99.91 .070
MYGN .98 2 27.6 .070
STX .84 10 112.98 .070
MS .74 10 98.16 .070
INTC .54 7 53.21 .070
WFC .51 7 47.98 .070
SM .68 3 29.48 .069
YPF .09 3 3.82 .069
KMX 2.23 4 130.23 .068
MO .84 4 47.39 .068
T .42 4 24.6 .068
IRCP .04 4 2.32 .068
XMTR 3.46 1 51.25 .067
WSM 1.97 6 169.13 .066
LOGI .99 6 85.23 .066
ABT .93 11 140.74 .066
RSI .55 2 16.5 .066
MRTN .38 3 17.19 .066
PPBT .26 1 3.89 .066
EDU .14 1 2.1 .066
VIEW .13 2 3.91 .066
UNH 2.55 13 502.14 .065
HRI 2.10 5 156.55 .065
RACE 1.48 13 258.82 .065
VRNT .69 5 52.51 .065
TME .45 1 6.85 .065
BLDR 1.45 4 85.71 .064
SUPN .95 2 29.16 .064
HWCC .34 1 5.3 .064
GGAL .16 4 9.49 .064
RNG 11.84 1 187.35 .063
MA 3.58 7 359.32 .063
GS 2.93 9 382.55 .063
WDAY 2.57 7 263.72 .063
PWR 2.42 3 114.66 .063
UAL .99 3 45.49 .063
CRMT .72 9 102.4 .063
KO .46 9 59.21 .063
WOOF .43 3 20.02 .063
MOMO .19 3 8.98 .063
OEG .14 1 2.19 .063
OXY .06 31 28.99 .062
CCMP 11.86 1 191.69 .061
THC 4.91 1 81.69 .060
ADBE 3.38 12 567.06 .060
CFLT 2.29 2 76.24 .060
CVS 1.62 4 103.16 .060
LOW 1.46 12 258.48 .060
YETI 1.27 4 82.83 .060
CHKP 1.25 6 116.56 .060
DFH 1.18 1 19.45 .060
CTRN 1.11 5 88.97 .060
GM .91 4 58.63 .060
BIG .91 3 45.05 .060
IBM .88 10 136.04 .060
ATVI .81 5 66.53 .060
JBL .75 6 70.35 .060
CROX .67 12 128.22 .060
BEKE .61 2 20.12 .060
FLXN .55 1 9.12 .060
BAC .47 6 44.49 .060
XOM .38 10 61.19 .060
SBH .38 3 18.86 .060
ON .35 12 67.92 .060
FLO .28 6 27.47 .060
AHPI .12 3 5.82 .060
SWN .07 4 4.66 .060
RRD .06 12 11.26 .060
LL 1.01 1 17.07 .059
RKT .41 2 14 .058
HITI .25 1 4.25 .058
CAR 6.00 2 207.37 .056
INTU 4.61 8 643.22 .056
COST 2.35 14 567.7 .056
ROLL 1.78 7 204.9 .056
HON 1.76 7 206.8 .056
AMAT 1.16 8 157.36 .056
TGT 1.08 14 231.95 .056
TMUS 1.01 7 115.98 .056
AMKR .70 2 24.79 .056
SJM .63 14 135.82 .056
COIN 1.45 11 252.37 .055
ECOM 1.37 1 24.68 .055
GWRE 1.30 5 113.53 .055
V 1.18 11 221.43 .055
TSN 1.03 5 87.8 .055
SWI .79 1 14.19 .055
AGNC .17 5 15.04 .055
ITRO .07 1 1.27 .055
LII 2.97 6 324.36 .054
AMGN 2.19 6 224.97 .054
DG 2.15 6 235.83 .054
CI 2.12 6 229.63 .054
TSCO 1.52 9 238.6 .054
HAS .94 6 101.78 .054
GE .86 6 94.47 .054
FITB .82 3 44.67 .054
CUE .62 1 11.31 .054
MRVL .60 9 87.49 .054
RDUS .38 1 6.92 .054
KHC .35 6 35.9 .054
SPWH .22 3 11.8 .054
VGR .61 1 11.48 .053
KYMR 1.69 2 64.68 .052
TRI 1.63 4 119.62 .052
TAP 1.23 2 46.35 .052
SANA .82 1 15.48 .052
PDCO .41 4 29.31 .052
TSC 1.55 1 30.26 .051
EQT .39 3 21.81 .051
SNDL .03 1 0.5783 .051
KEYS 2.15 5 206.51 .050
EA 1.35 5 131.9 .050
OLLI 1.29 2 51.19 .050
NFE 1.27 1 25.03 .050
FA .96 1 19.04 .050
OTIS .91 5 87.07 .050
XONE .67 2 26.7 .050
XLE .28 10 55.5 .050
ADSK 2.04 7 281.19 .049
MFGP .04 7 5.57 .049
COF 1.87 4 145.09 .048
PAYX 1.68 4 134.51 .048
JNJ 1.48 6 171.07 .048
NTAP 1.16 4 91.99 .048
ACH .67 1 13.73 .048
APG .62 2 25.75 .048
ALC .53 8 87.12 .048
ATHM .49 3 29.48 .048
MRK .37 12 76.64 .048
AZN .21 16 58.25 .048
XERS .14 1 2.93 .047
EVA 1.62 2 70.42 .046
STE 2.26 5 242.57 .045
LH 1.59 9 314.21 .045
STT 1.48 3 93 .045
LPX 1.24 3 78.35 .045
WGO 1.15 3 75.64 .045
OKE .92 3 59.99 .045
TNA .83 5 84.75 .045
EPU .48 3 30.105 .045
TTM .10 15 32.09 .045
LPTX .03 5 3.24 .045
PG .66 11 162.9 .044
MU .43 11 93.15 .044
ARMK .42 4 36.85 .044
NPTN .67 1 15.37 .043
PANW 23.18 1 544.21 .042
MMM 1.20 7 177.63 .042
TBIO .53 3 37.36 .042
BBWI .53 6 69.79 .042
ANF .52 3 34.83 .042
HRL .31 7 49.13 .042
BP .16 7 26.63 .042
BLFS 1.55 1 37.27 .041
LSI 3.13 2 153.18 .040
PKI 2.16 4 201.06 .040
SNA 1.89 5 213.32 .040
DAVA 1.77 4 167.92 .040
BURL 1.68 8 291.51 .040
ADI 1.48 5 175.77 .040
NXPI 1.35 8 227.78 .040
UHS 1.30 4 129.66 .040
AKAM 1.27 4 117.04 .040
MNST 1.05 4 96.54 .040
HD .95 20 415.01 .040
XLK .83 10 175.52 .040
CTKB .66 1 16.32 .040
LEN .65 8 111.81 .040
RY .56 8 106.14 .040
DUK .42 10 104.9 .040
KDMN .10 4 9.5 .040
GLD .66 13 170.96 .039
GIS .23 13 67.26 .039
GRUB .15 3 10.76 .039
EGRX 1.01 2 50.92 .038
GPK .38 2 19.5 .038
HMHC .31 2 16.1 .038
PCTY 8.94 1 236.16 .037
FCBP 1.08 1 29.1 .037
DVAX .53 1 14.07 .037
LICY .37 1 9.96 .037
ANTM 2.99 6 463.54 .036
LIN 1.72 9 346.43 .036
AAP 1.46 6 239.88 .036
J 1.33 4 139.58 .036
LITE 1.30 3 105.77 .036
AXP 1.07 6 163.6 .036
UPS .93 9 214.34 .036
KNL .92 1 25.04 .036
ABBV .83 6 135.4 .036
DD .80 4 80.78 .036
NEE .65 6 93.36 .036
LESL .44 2 24.2 .036
RF .28 3 21.8 .036
NOK .04 6 6.29 .036
TTWO 1.26 5 177.72 .035
XLY 1.05 7 204.44 .035
SRNG .41 1 11.42 .035
WOLF 3.86 1 111.77 .034
LZB .64 2 36.72 .034
ALAC .21 2 11.6905 .034
WM .61 11 166.9 .033
BRG .30 3 26.39 .033
ENIC .06 1 1.81 .033
BEST .01 3 0.8515 .033
BKNG 10.17 8 2399.23 .032
HCA 2.20 4 254.08 .032
DEN .72 4 80.82 .032
MPC .54 4 63.99 .032
CL .36 8 85.34 .032
CORT .32 2 19.8 .032
RMD 8.09 1 260.48 .031
IRTC 3.69 1 117.69 .031
CLSK .30 1 9.52 .031
BLK 6.24 5 915.56 .030
RCUS 1.22 1 40.47 .030
CLX 1.20 5 174.36 .030
RTX .88 3 86.06 .030
NKE .63 10 164.67 .030
OLN .56 3 55.85 .030
MT .48 2 31.83 .030
XLF .40 3 39.05 .030
TEO .08 2 5.1 .030
HOLI .43 1 14.63 .029
SMH 4.39 2 308.79 .028
GOOG 3.73 28 2893.59 .028
VZ .73 2 51.96 .028
FLOW .63 4 86.48 .028
FOE .32 2 21.79 .028
ACHV .11 2 7.78 .028
PCVX .65 1 23.79 .027
RVI .06 3 6.42 .027
RCAT .02 3 2.08 .027
GSKY .15 2 11.36 .026
TRIL .47 1 18.44 .025
VRTX 5.31 1 219.6 .024
AZO 5.11 12 2096.39 .024
ATKR 1.43 2 111.19 .024
ALXN 1.24 4 182.5 .024
MCD .98 8 268.07 .024
AZPN .96 4 152.2 .024
HNP .33 2 26.41 .024
VSH .18 3 21.87 .024
B 1.08 1 46.59 .023
CRTO .90 1 38.87 .023
D .22 11 78.56 .022
SPB 2.21 1 101.72 .021
PEP .66 7 173.71 .021
STN .44 3 55.7 .021
UNIT .11 3 14.01 .021
IRBO .83 1 41.38 .020
TSM .66 4 120.31 .020
UHAL 1.98 9 726.23 .018
CNA .83 1 44.08 .018
AMOM .66 1 35.9843 .018
PSTX .12 1 6.81 .017
SPY 2.27 4 474.96 .016
STMP 1.59 4 329.61 .016
LANC 1.43 2 165.6 .016
STZ 1.17 4 250.97 .016
AIT .91 2 102.7 .016
IYC .39 4 84 .016
VCLO .25 1 15.28 .016
CSPR .11 1 6.68 .016
PLD .67 5 168.36 .015
NUAN .33 3 55.32 .015
INCY .27 5 73.4 .015
SELF .09 1 5.7 .015
AXON 2.25 1 157 .014
TNET 1.38 1 96.44 .014
XLP .15 14 77.11 .014
CHNG .15 2 21.38 .014
ADMS .06 2 8.22 .014
CAI .78 1 56 .013
FRBK .05 1 3.72 .013
UTHR .86 4 216.08 .012
HRC .42 6 155.96 .012
EPAY .28 3 56.47 .012
PPC .17 2 28.2 .012
HDGE .12 3 24.66 .012
PNRG .79 1 70.1 .011
MGTX .27 1 23.74 .011
SAFM .97 2 191.08 .010
ECHO .49 1 48.24 .010
INOV .22 2 41.06 .010
VRS .15 2 27.02 .010
ESXB .06 2 11.3 .010
HALO .39 1 40.21 .009
GTS .33 1 35.68 .009
XLV .27 9 140.89 .009
IEC .14 1 15.34 .009
SVBI .13 1 13.63 .009
RTLR .02 9 11.38 .009
TDG 1.87 4 636.28 .008
ANET 1.23 1 143.75 .008
LMRK .07 2 16.49 .008
HFBL .16 1 20.382 .007
ROG 1.67 1 273.4 .006
VOOV .54 2 152.16 .006
CONE .24 3 89.69 .006
SYKE .14 3 54 .006
FAST .11 6 64.06 .006
ITRN .07 3 26.67 .006
PSP .04 3 15.49 .006
PBT .04 2 10.26 .006
JQUA .26 1 45.5 .005
CXM .09 1 15.87 .005
CLDR .08 1 15.99 .005
TAAG .09 1 20.9494 .004
CPLG .07 1 15.7 .004
KIN .02 2 9.25 .004
RAVN .10 3 58.08 .003
IACB .01 3 7.95 .003
VG .06 1 20.77 .002
CXP .04 1 19.28 .002
SIC .03 1 14.49 .002
NWHM .02 1 8.99 .002
EIC .02 2 17.03 .002
DSE .02 1 9.49 .002
ULTA .62 1 413.23 .001
VCAR .03 1 15.5 .001
PMD .01 1 7.02 .001
ULTA .05 12 413.23 0
INFL .01 2 31.21 0
DFP .01 3 27.78 0
WMPN 0 4 12.08 0
SLVO 0 5 5.08 0
QQC 0 2 33.5078 0
QADB 0 4 87.54 0
PAE 0 1 9.93 0
ONON 0 1 51.42 0
NLSP 0 1 1.11 0
LHAA 0 1 9.84 0
HWBK 0 1 25.9395 0
DVD 0 1 3.61 0
APWC 0 1 2.99 0
NSYS -.12 1 10.35 -.011
