DWAC 30.01 3 59.07 1.524
SHOP 16.27 6 1363.7 .066
NVAX 13.77 9 134.99 .918
BKNG 10.17 8 2443.03 .032
SAM 9.40 7 500.14 .126
WBX 8.99 1 16.31 .551
AMZN 8.18 93 3376.07 .186
REGN 7.44 9 592.15 .108
W 7.31 7 236 .210
DUOL 7.27 3 188.05 .114
SIVB 7.01 8 745.32 .072
AZO 6.70 11 1826 .033
LAD 6.41 5 327.2 .095
BLK 6.24 5 931.58 .030
DDS 6.22 9 233.62 .234
MDB 5.88 8 501.68 .088
DPZ 5.62 11 465.78 .132
UPST 5.44 16 327.08 .256
KOSS 5.35 7 16.71 2.240
BNTX 5.27 15 292.39 .270
EJH 5.21 6 3.11 10.050
SE 5.17 14 343.57 .210
THC 4.91 1 68.32 .071
DE 4.88 8 341.15 .112
SI 4.86 4 159.84 .120
TSLA 4.74 147 1018.43 .588
RGEN 4.41 7 273.83 .112
ZM 4.40 14 278.7 .210
EEIQ 4.33 5 4 5.410
FLGT 4.22 5 83.03 .250
SPLK 4.15 5 167.38 .120
ASML 4.13 11 791.23 .055
ADBE 4.10 6 642.5 .036
ROKU 4.06 6 324.01 .072
AFRM 4.06 10 151.86 .260
BIIB 4.00 5 271.12 .070
NVCR 3.93 9 113.51 .306
MRNA 3.93 31 345.74 .341
CARV 3.92 6 14.45 1.626
SEDG 3.89 5 313.88 .060
NRXP 3.86 6 9.95 2.322
GOOG 3.73 28 2793.44 .028
ANVS 3.73 6 27.4 .816
SNPS 3.69 6 328.03 .066
CCXI 3.66 3 33.72 .324
EVA 3.59 1 66.87 .053
IRNT 3.52 5 10.3 1.705
EBET 3.45 6 28.36 .726
GPN 3.44 10 155.97 .220
ZLAB 3.42 6 105.21 .192
SITM 3.41 5 242.95 .070
DQ 3.36 7 70.88 .329
SCPS 3.34 7 3.71 6.300
GLSI 3.27 5 35.15 .465
JAN 3.24 5 6 2.700
ADGI 3.21 7 32.76 .679
IAC 3.19 7 156.01 .140
CAT 3.19 6 199.64 .090
ZG 3.17 5 96.19 .160
COST 3.15 6 485.53 .036
GRTS 3.14 5 10.3 1.520
ENPH 3.10 6 173.46 .102
UNH 3.07 11 454.64 .066
NEGG 3.07 20 12.68 4.840
DOCS 3.04 6 66.47 .270
SAVA 3.02 26 47.17 1.664
GME 2.99 82 177.84 1.312
ANTM 2.99 6 436.24 .036
LII 2.97 6 302.75 .054
MA 2.96 5 357.32 .040
ADSK 2.96 6 312.8 .054
IWM 2.93 6 227.84 .072
SNOW 2.91 8 342.24 .064
DLTR 2.90 5 104.96 .135
ZS 2.89 6 315.32 .054
GS 2.81 8 417.61 .048
CELH 2.77 5 98.92 .140
LLY 2.73 6 248.44 .060
LMT 2.70 10 331.91 .080
NCTY 2.63 5 11.04 1.190
WDAY 2.61 5 282.76 .045
INTU 2.61 5 608.61 .020
AUVI 2.56 8 5.4 3.792
WSM 2.54 5 182.32 .065
PYPL 2.54 8 243 .080
FULC 2.54 6 23.53 .642
KEYS 2.52 4 177.78 .056
INDP 2.52 5 7.13 1.765
AVXL 2.41 5 17.9 .670
DASH 2.38 8 212.93 .088
RBLX 2.36 7 80.89 .203
CPOP 2.34 5 2.83 4.130
LIN 2.33 6 316.77 .042
VMW 2.32 5 158.08 .070
NXPI 2.32 5 196.15 .055
XBI 2.27 5 124.01 .090
AMGN 2.27 5 208.68 .050
OSTK 2.20 6 82.1 .156
HCA 2.20 4 241.4 .036
EA 2.20 3 142.4 .045
TPST 2.19 5 11.76 .930
PKG 2.17 5 136.03 .075
ASAN 2.17 8 125.62 .136
PDD 2.15 5 93.19 .115
DLPN 2.14 5 11.31 .945
AACG 2.14 5 2.34 4.570
DIS 2.12 7 172.04 .084
ACRS 2.12 7 15.96 .924
EL 2.10 6 331.05 .036
ALEC 2.10 6 23.41 .534
XLNX 2.08 7 171.88 .084
ROST 2.08 4 113.86 .072
KNBE 2.06 5 22.87 .450
COIN 2.06 6 319.49 .036
BBY 2.06 5 121.23 .080
DG 2.03 4 221.53 .036
DKS 2.02 11 124.36 .176
MRIN 2.01 5 6.41 1.565
UHAL 1.98 9 730.39 .018
AAME 1.97 5 4.08 2.410
SPT 1.96 5 121.99 .080
KMB 1.96 6 133.27 .084
RL 1.95 5 124.39 .075
MDT 1.95 5 124.05 .075
HON 1.95 6 218.32 .048
COHN 1.95 5 22.11 .440
ARVN 1.91 7 85.25 .154
MSGE 1.88 4 69.95 .104
TDG 1.87 4 642.94 .008
COF 1.87 4 164.85 .044
VLO 1.86 4 81.88 .088
LOW 1.83 7 231.07 .049
CI 1.83 5 215.67 .040
ACMR 1.83 5 106.47 .085
AAP 1.82 4 232.56 .028
LEGN 1.79 4 52.27 .136
TMUS 1.78 5 116.36 .075
ROLL 1.78 7 222.59 .049
CERE 1.78 7 39.11 .315
BIDU 1.78 117 168.83 1.170
VRPX 1.77 9 4.09 3.888
TSCO 1.77 8 206.82 .064
RAPT 1.77 7 32.81 .371
DAVA 1.77 4 155.84 .044
CTRN 1.77 4 75.36 .092
JKS 1.76 3 53.52 .096
TSP 1.75 5 36 .240
TASK 1.74 7 57.87 .210
DELL 1.74 6 110.21 .090
BHVN 1.74 4 141.42 .048
SQ 1.73 23 263.39 .138
RACE 1.73 5 230 .035
LWAC 1.73 5 16.98 .505
WAVE 1.72 5 6.865 1.250
LAIX 1.72 4 0.97 7.092
IMPL 1.70 5 10.15 .835
CM 1.70 4 121.87 .052
TWTR 1.69 5 61.43 .135
NNOX 1.69 5 22.55 .370
KYMR 1.69 2 56.52 .058
BURL 1.68 8 277.17 .048
AN 1.67 8 125.43 .104
NMRD 1.66 4 5.94 1.116
NVOS 1.65 5 1.73 4.765
ESTC 1.65 4 171.92 .036
HX 1.64 5 5.1 1.605
FISV 1.64 6 109.84 .084
CREE 1.64 5 79.12 .100
A 1.64 7 158.19 .070
KSS 1.63 7 48.8 .231
JZXN 1.63 4 2.12 3.072
TTD 1.62 7 76.78 .147
CLDX 1.61 3 45.82 .105
TTC 1.60 4 99.63 .064
STMP 1.59 4 329.61 .016
LH 1.59 7 283.56 .035
HOOD 1.59 13 39.57 .520
LHDX 1.58 4 5.7 1.108
ABNB 1.58 6 171.14 .054
RLMD 1.57 4 23.41 .268
LYFT 1.57 4 47.54 .132
GTEC 1.57 2 5.99 .524
GH 1.57 8 114.48 .104
CNC 1.57 1 70.97 .022
CARA 1.57 2 14.19 .220
PAYX 1.56 1 123.53 .012
DPW 1.56 5 2.37 3.290
TSC 1.55 1 30.91 .050
IRDM 1.55 4 41.07 .148
CRNC 1.55 4 98.08 .060
BLFS 1.55 1 47.27 .032
FUV 1.54 1 10.31 .149
CHCI 1.54 3 4.79 .963
XM 1.53 1 45.64 .033
TERN 1.53 4 9.2 .664
SIEB 1.53 5 3.08 2.480
FANG 1.53 5 111.69 .065
DLO 1.53 5 50.5 .150
OVV 1.51 2 39.46 .076
MVIS 1.51 4 8.79 .684
GRU 1.51 1 4.39 .343
WAFU 1.50 4 6.03 .992
UAL 1.50 1 46.79 .032
SUPN 1.50 1 30.03 .049
AMD 1.50 11 122.93 .132
BCYC 1.49 3 53.73 .081
STT 1.48 3 98.27 .045
SEMR 1.48 2 23.19 .126
JRVR 1.48 2 32.75 .090
JNJ 1.48 2 165.75 .016
CPE 1.48 4 56.05 .104
ADI 1.48 5 179.88 .040
NURO 1.47 11 7.29 2.211
FGEN 1.47 3 10.83 .405
EDIT 1.47 3 37.9 .114
VCVC 1.46 1 9.85 .148
SFIX 1.46 2 33.45 .086
LITE 1.46 2 80.78 .036
HTBX 1.46 2 5.38 .542
BYND 1.46 5 94.37 .075
EYEG 1.45 1 2.03 .714
MRUS 1.44 2 27.13 .106
KALV 1.44 8 16.38 .696
JD 1.44 5 81.48 .085
SNOA 1.43 3 6.11 .702
LANC 1.43 2 175.01 .016
ATKR 1.43 2 93.81 .030
TTWO 1.42 4 182.54 .028
TSN 1.42 4 82.49 .068
STE 1.42 4 235.36 .024
IMNM 1.42 4 19.38 .292
ATVI 1.42 3 80.76 .051
APPS 1.42 5 84.14 .080
RMBL 1.41 3 38.07 .111
SNA 1.40 4 205.62 .024
LAZR 1.40 3 16.18 .258
JCS 1.40 3 3.76 1.116
CVS 1.40 3 88.32 .045
CRDF 1.40 1 6.03 .232
WGO 1.39 2 65.26 .042
VERY 1.39 4 7.9001 .700
OPNT 1.39 3 23.38 .177
KURA 1.39 3 17.17 .240
JBL 1.39 2 61.53 .044
EOSE 1.39 2 11.18 .248
COUR 1.39 1 33.55 .041
TNET 1.38 1 98.49 .014
INCY 1.38 2 66.55 .040
EXPI 1.38 6 52.83 .156
TWST 1.37 7 117.68 .077
LIVE 1.37 3 32.35 .126
ECOM 1.37 1 27.22 .050
TSM 1.36 2 114.18 .022
FATE 1.36 3 59.31 .066
TAOP 1.35 3 3.08 1.314
IBM 1.35 6 127.13 .060
BWAY 1.35 1 7.955 .169
WNW 1.34 1 3.59 .373
OLN 1.34 1 58.06 .023
CAH 1.34 4 48.7 .108
V 1.33 6 231.82 .030
UBER 1.33 4 46.02 .112
PKI 1.33 3 176.98 .021
NLS 1.33 1 10.39 .128
MOXC 1.33 4 6 .884
GRVY 1.33 7 103.23 .084
VRNT 1.32 3 46.36 .084
TJX 1.32 4 65.33 .080
TDC 1.32 3 57.48 .066
AEO 1.32 2 24.62 .106
VIH 1.31 1 9.36 .139
SPY 1.31 1 455.96 .002
OCGN 1.31 8 9.15 1.144
ABCL 1.31 1 15.58 .084
UHS 1.30 4 126.17 .040
NEWR 1.30 4 77.9 .064
JG 1.30 3 1.54 2.532
GWRE 1.30 5 125.06 .050
BTBT 1.30 9 10.13 1.152
BNR 1.30 3 14.31 .270
BKE 1.30 3 42.23 .090
WM 1.29 6 159.28 .048
OLLI 1.29 2 67.81 .038
LI 1.29 3 33.08 .114
HOG 1.29 3 35.47 .108
DOCN 1.29 4 96.1 .052
APPN 1.29 4 96.04 .052
VSCO 1.28 4 53.77 .092
FRD 1.28 1 13.89 .092
BILI 1.28 22 76.14 .352
ABT 1.28 5 128.13 .045
YETI 1.27 4 93.99 .052
RHE 1.27 2 7.02 .360
NFE 1.27 1 29.79 .042
HJLI 1.27 1 10.38 .122
APXT 1.27 1 12.11 .104
SPCE 1.26 24 19.61 1.536
OKE 1.26 2 65.85 .038
MQ 1.26 4 32.1 .156
MESO 1.26 1 6.24 .201
DOMO 1.26 4 89.96 .056
USB 1.25 4 62.44 .080
THCB 1.25 1 10 .125
RIOT 1.25 3 28.44 .129
PEP 1.25 3 161.17 .021
OPAD 1.25 4 7.67 .648
NGM 1.25 2 19.05 .130
CHKP 1.25 6 120.36 .060
BYSI 1.25 3 15.21 .246
SJ 1.24 4 5.04 .984
PBTS 1.24 1 1.36 .911
LPX 1.24 3 63.2 .057
LEDS 1.24 3 7.64 .486
KMX 1.24 2 137.44 .018
EDSA 1.24 1 7.72 .160
CMMB 1.24 2 9.81 .252
BNTC 1.24 3 3.62 1.026
ANPC 1.24 2 2.7361 .906
ALXN 1.24 4 182.5 .024
TAP 1.23 2 43.55 .056
LAW 1.23 3 50.18 .072
J 1.23 3 138.27 .024
C 1.23 4 70.65 .068
RCUS 1.22 1 33.67 .036
EYES 1.22 6 2.79 2.622
DDL 1.22 2 28.05 .086
RTX 1.21 2 89.16 .026
PFGC 1.21 3 45.15 .078
OSAT 1.21 3 5.15 .702
LYEL 1.21 3 15.19 .237
HGEN 1.21 3 6.97 .519
HD 1.21 12 369.2 .036
EAT 1.21 3 43.06 .084
ARAV 1.21 1 3.66 .330
AMC 1.21 57 36.05 1.881
WHLM 1.20 4 5.43 .880
MMM 1.20 7 182.16 .042
MAXR 1.20 3 28.19 .126
JPM 1.20 12 171.4 .084
CRIS 1.20 2 6.81 .352
CETX 1.20 1 1.06 1.132
AMTX 1.20 3 18.61 .192
AKAM 1.20 3 106.81 .033
TVTX 1.19 3 26.75 .132
SGOC 1.19 9 6.41 1.665
MPC 1.19 2 68.47 .034
JWN 1.19 3 28.77 .123
PRTA 1.18 8 61.02 .152
ENOB 1.18 4 8.58 .548
DFH 1.18 1 16.32 .072
ZEV 1.17 4 7.8 .600
STZ 1.17 4 218.21 .020
SKT 1.17 3 17.19 .204
NIU 1.17 3 25.53 .135
CYTK 1.17 4 35.85 .128
CLSK 1.17 1 18.2 .064
VOXX 1.16 3 11.02 .315
SIF 1.16 1 8.0248 .144
NTAP 1.16 4 90.66 .048
MAT 1.16 3 20.53 .168
LOGI 1.16 5 84.32 .065
HGSH 1.16 2 1.92 1.208
CLX 1.16 3 161.21 .021
AMEH 1.16 8 71.49 .128
AMAT 1.16 8 132 .064
ZIM 1.15 6 49.18 .138
UPS 1.15 7 218.07 .035
NTRB 1.15 2 5.18 .444
IMTX 1.15 3 13.32 .258
BZ 1.15 2 36.27 .062
AGRI 1.15 4 2.16 2.128
DAL 1.14 4 39.71 .112
AVIR 1.14 3 12.39 .276
VNET 1.13 3 16.77 .201
STG 1.13 1 4.65 .243
SCHW 1.13 4 83.06 .052
NUAN 1.13 1 55.01 .020
HAS 1.13 5 91.36 .060
BTX 1.13 2 8.74 .258
ABSI 1.13 1 12.91 .087
MNOV 1.12 2 3.51 .638
FIGS 1.12 5 35.65 .155
BZUN 1.12 1 17.89 .062
TGTX 1.11 1 31.74 .034
TGT 1.11 9 258.73 .036
SHEN 1.11 3 30.32 .108
PMCB 1.11 3 3.15 1.056
PG 1.11 6 142.85 .042
NVDA 1.11 146 247.17 .584
GIII 1.11 4 28.59 .152
DXC 1.11 2 32.78 .066
CNET 1.11 1 1.54 .720
ALLO 1.11 2 16.02 .138
RUN 1.10 5 52.58 .100
OPTT 1.10 1 2.04 .539
XTLB 1.09 2 3.755 .580
LIFE 1.09 3 8.47 .384
GT 1.09 1 19.28 .056
DDD 1.09 8 28.71 .296
ATAI 1.09 1 13.74 .079
ALDX 1.09 2 8.01 .272
MTSL 1.08 3 3.37 .960
FCBP 1.08 1 29.1 .037
B 1.08 1 41.79 .025
AZYO 1.08 1 5.96 .181
ALF 1.08 2 5.48 .394
TTCF 1.07 1 17.78 .060
SMLP 1.07 2 32.53 .064
BBBY 1.07 13 14.13 .975
VYGR 1.06 2 3.72 .568
SPI 1.06 3 5 .636
CRM 1.06 11 295.11 .033
BAC 1.06 4 47.96 .088
SCR 1.05 5 35.58 .145
PTGX 1.05 3 32.42 .096
PLD 1.05 4 146.23 .028
NETE 1.05 1 7.71 .136
MNST 1.05 4 85.58 .048
CELC 1.05 3 17.81 .174
RFL 1.04 2 31.05 .066
OCUP 1.04 1 4.07 .255
IPA 1.04 2 6.24 .332
FSTX 1.04 1 6.87 .151
CANF 1.04 1 1.5 .693
LUV 1.03 4 47.59 .084
KMPH 1.03 3 10.26 .300
BLDR 1.03 2 58.76 .034
ALYA 1.03 3 2.82 1.095
MFNC 1.02 2 21.5 .094
AXP 1.02 5 180.95 .025
ZCMD 1.01 1 1.69 .597
MVST 1.01 4 7.93 .508
LL 1.01 1 18.58 .054
EGRX 1.01 2 50.4 .040
PINS 1.00 4 47.89 .080
IMAB 1.00 5 63.5 .075
GLD 1.00 9 167.68 .045
DKNG 1.00 5 48.75 .100
FL .99 3 48.27 .060
DD .99 2 71.93 .026
ACY .99 19 41.57 .437
VTSI .98 2 7.29 .268
TRCH .98 2 4.95 .394
MYGN .98 2 30.65 .062
HOFV .98 2 2.2 .890
UAA .97 2 21.55 .090
SKLZ .97 3 11.1 .261
MS .97 8 103.47 .072
MCD .97 7 236.42 .028
RRGB .96 2 20.28 .094
HRI .96 4 172.92 .020
FA .96 1 21.25 .045
CRCT .96 2 27.59 .068
CHGG .96 2 59.03 .032
AZPN .96 4 153.89 .024
QDEL .95 4 133.89 .028
NEE .95 2 85.47 .022
BTWN .95 1 10.09 .094
BPTH .95 2 4.95 .382
MSTR .94 8 734.86 .008
FTCH .94 2 39.21 .046
CGC .94 1 13.17 .071
MO .93 2 48.11 .038
HCM .93 4 31.64 .116
CHPT .93 1 22.84 .040
ABBV .93 4 109.49 .032
PLCE .92 3 83.61 .033
ON .92 2 45.14 .040
LBPH .92 1 7.96 .115
KNL .92 1 25.04 .036
DUK .92 2 103.29 .016
YEXT .91 1 12.65 .071
WFC .91 4 50.63 .068
SSY .91 3 2.5 1.092
SLS .91 3 8.63 .315
AIT .91 2 101.54 .016
GEG .90 1 2.06 .436
CRTO .90 1 33.36 .026
ATNF .90 3 5.39 .498
YMM .89 1 15.41 .057
PLUG .89 8 34.17 .208
NKE .89 8 163.79 .040
LOOP .89 3 13.21 .201
ERYP .89 3 3.02 .882
ARCE .89 2 17.72 .100
ACHL .89 1 6.56 .135
OTIS .88 4 80.27 .040
KHC .88 2 36.44 .048
GM .87 3 57.37 .045
GDEV .87 3 8.99 .288
DTSS .87 1 2.06 .422
AFMD .87 1 6.69 .130
VLDR .86 1 6.38 .134
UTHR .86 4 190.45 .016
RF .86 1 24.08 .035
KODK .86 2 6.59 .260
VMEO .85 2 34.19 .048
SRNE .85 1 6.73 .126
SAFM .85 1 189.74 .004
RIDE .85 5 5.01 .845
RKT .84 1 16.53 .050
PTIX .84 2 1.82 .922
LEXX .84 3 6.35 .396
IYC .84 2 83.12 .020
HOL .84 3 12.35 .204
DTST .84 3 4.28 .588
CLII .84 3 14.36 .174
BB .84 11 10.83 .847
APOP .84 5 13.2 .315
UAVS .83 1 2.73 .304
TNA .83 5 93.27 .040
IRBO .83 1 44.86 .018
CNA .83 1 45.77 .018
BLUW .83 2 9.63 .172
SANA .82 1 21.18 .038
MNSO .82 1 15.98 .051
FITB .82 3 44.79 .054
AUPH .82 2 30.35 .054
SPRT .81 20 11.8 1.360
MBRX .81 2 2.68 .604
CRTD .81 6 4.08 1.188
APP .81 8 94.01 .064
SYPR .80 4 3.77 .848
MU .80 5 68.94 .055
GMBL .80 1 5.63 .142
SWI .79 1 18.48 .042
SLV .79 2 22.37 .070
SCYX .79 1 5.06 .156
PNRG .79 1 70.41 .011
ZY .78 3 10 .234
VVOS .78 4 3.59 .868
IPHA .78 4 5.66 .548
GNOG .78 1 17.56 .044
COP .78 6 77.03 .060
CAI .78 1 55.95 .013
BABA .78 98 169.99 .392
WMT .77 15 148.75 .075
PRFX .77 3 2.38 .969
PLTR .77 2 25.52 .060
FB .77 105 315.81 .210
ENTX .77 2 4.1 .374
STX .76 9 88.07 .072
QFIN .76 8 22.34 .272
NFLX .76 105 668.52 .105
NBRV .76 1 1.14 .666
MOSY .76 1 6.29 .120
GROM .76 2 3.68 .412
SJM .75 11 124.7 .066
GPS .75 6 22.71 .198
FLWS .75 4 29.6 .100
CEMI .75 7 2.29 2.289
SCKT .74 4 6.17 .476
PSTG .74 2 26.74 .054
GTIM .74 1 4.75 .155
GRVI .74 3 5.72 .387
FUBO .74 2 29.27 .050
EVOL .74 2 2.66 .556
ATXI .74 1 1.55 .477
VZ .73 2 53.08 .026
VOOV .73 1 148.37 .004
UPC .73 3 2.35 .930
SQBG .73 2 6.24 .232
RNXT .73 2 5.54 .262
NVFY .73 3 2.2 .993
EQT .73 1 22.53 .032
RMED .72 6 3.06 1.410
ENSC .72 1 2.37 .303
DEN .72 4 82.96 .032
CRMT .72 9 117 .054
BTCM .72 4 9.03 .316
ARPO .72 1 2.2 .327
ZKIN .71 2 2.62 .540
PALI .71 3 2.75 .774
CCJ .71 5 26.83 .130
TBLA .70 1 9.85 .071
PRPL .70 3 19.59 .105
ORGS .70 1 4.7 .148
OCX .70 1 3.4 .205
MTTR .70 4 18.96 .144
INTC .70 6 48.28 .084
IGIC .70 3 8.45 .246
CBAT .70 2 2.13 .656
BGFV .70 6 24.89 .168
AMKR .70 2 22.25 .062
FTEK .69 3 1.935 1.068
BEKE .69 1 20.8 .033
ASM .69 1 0.91935 .750
APRE .69 3 5.06 .408
TRI .68 2 118.48 .010
ONCS .68 1 1.68 .404
XONE .67 2 22.18 .060
PDCO .67 2 31.03 .042
JRJC .67 3 6.94 .288
FOE .67 1 20.94 .031
CROX .67 5 154.24 .020
CLNE .67 1 8.84 .075
ANF .67 2 39.25 .034
ACH .67 1 16.8 .039
VIPS .66 1 11.88 .055
SSNT .66 1 5.21 .126
SKX .66 3 46.12 .042
RETO .66 1 0.9062 .728
LGHL .66 2 2.16 .610
CTKB .66 1 23.78 .027
BCRX .66 8 15.38 .336
AMOM .66 1 37.25 .017
XLK .65 4 159.38 .016
TATT .65 3 6.35 .306
STRO .65 2 19.01 .068
PCVX .65 1 22.65 .028
OLB .65 1 4.49 .144
MOS .65 3 41.87 .045
LMNL .65 3 1.81 1.077
AA .65 8 49.55 .104
TESS .64 1 5.54 .115
SOFI .64 2 19.96 .064
SLGG .64 2 3.05 .418
SDC .64 2 5.37 .238
LZB .64 2 33.93 .036
XLV .63 5 132.48 .020
TIGR .63 7 8.67 .504
MRK .63 4 82.25 .028
HPQ .63 4 30.14 .080
FLOW .63 4 77.97 .032
DNUT .63 3 13.26 .141
CLF .63 10 25.63 .240
CCL .63 4 21.82 .112
ULTA .62 1 366.06 .001
LJPC .62 2 3.74 .330
ISEE .62 4 17.05 .144
GIS .62 4 62.09 .036
BON .62 3 6.82 .270
AREC .62 5 2.45 1.265
APG .62 2 22.13 .056
SOS .61 2 2.41 .506
PLG .61 1 2.44 .250
ERJ .61 4 16.64 .144
CL .61 4 76.16 .032
AMBO .61 1 1.4 .435
SPTN .60 2 22.86 .052
SLB .60 4 34.26 .068
PSTV .60 1 1.69 .355
KIRK .60 2 23.01 .052
EVK .60 6 2.66 1.350
AYRO .60 2 2.86 .418
AVCT .60 1 2.4 .250
AMRS .60 1 14.24 .042
VERU .59 3 8.2 .213
LEN .59 5 100.45 .025
BIG .59 2 44.69 .026
WPRT .58 2 3.22 .360
WISH .58 3 5.24 .330
TRIT .58 3 6.67 .258
STAF .58 2 1.83 .632
CSIQ .58 4 38.21 .060
WEI .57 1 0.96 .593
SNAP .57 113 55.39 1.130
SBTX .57 1 9 .063
PHUN .57 8 4.35 1.048
ORPH .57 4 3.91 .580
GGAL .57 1 11.69 .048
EZFL .57 1 2.74 .208
T .56 3 25.37 .066
SBH .56 2 15.75 .070
OBLN .56 3 3.05 .549
MTP .56 1 1.69 .331
LODE .56 3 2.36 .711
CLPS .56 1 3.16 .177
CLPS .56 1 3.16 .177
CLOV .56 1 7.38 .075
VNE .55 6 35.14 .090
UWMC .55 1 6.95 .079
RSI .55 2 20.66 .052
FLXN .55 1 9.31 .059
FLGC .55 4 4.28 .512
EVGO .55 1 8.29 .066
EOLS .55 1 7.94 .069
WHLR .54 2 2.6 .414
M .54 7 26.29 .140
ENZ .54 2 3.33 .324
ADMA .54 1 1.35 .400
TBIO .53 3 37.36 .042
MEDS .53 5 4.16 .635
HUYA .53 3 8.91 .177
EQ .53 1 5.63 .094
BBWI .53 6 71.17 .042
ASTR .53 4 9.39 .224
XOM .52 8 65.84 .056
TLRY .52 3 10.71 .144
SILK .52 7 60.61 .056
CSCO .52 8 55.81 .072
WOOF .51 2 24.46 .040
RY .51 6 107.06 .024
RCON .51 2 2.59 .392
MRVL .51 6 67.73 .042
KO .51 6 54.47 .054
K .51 8 61.6 .064
DYAI .51 3 4.33 .351
CPSH .51 1 4.74 .107
SONO .50 5 32.09 .075
PATI .50 2 13.5001 .074
MDIA .50 3 8.36 .177
MARA .50 13 52.86 .117
GRTX .50 3 1.89 .792
RKDA .49 1 1.96 .250
NRBO .49 2 1.86 .526
IGC .49 3 1.42 1.035
GP .49 3 13.14 .111
GEVO .49 4 6.64 .292
ENLV .49 2 8.58 .114
ECHO .49 1 48.18 .010
ATHM .49 3 43.38 .033
ARMP .49 1 3 .163
NNDM .48 3 5.89 .243
NIO .48 75 40.47 .825
HRL .48 5 42.19 .055
HRC .48 5 154.72 .015
EPU .48 3 30.46 .045
DRN .48 4 26.67 .068
CIFR .48 1 8.76 .054
XLE .47 6 59.14 .042
TRIL .47 1 17.96 .026
STEM .47 5 25.09 .090
SOHU .47 6 20.91 .132
QCOM .47 8 131.94 .024
EXPR .47 5 3.94 .595
DARE .47 1 1.42 .330
BODY .47 2 5.23 .178
AUUD .47 6 2.4 1.170
XPEV .46 80 45.34 .800
WIMI .46 2 3.9 .234
VXX .46 3 21.47 .063
UFAB .46 2 2.83 .324
NTEC .46 4 9.63 .188
MARK .46 4 2.18 .844
KBSF .46 2 3.05 .300
GURE .46 1 5.28 .087
EQOS .46 1 5.37 .085
CVV .46 2 4.89 .188
BCLI .46 1 2.97 .154
TYME .45 4 0.9636 1.864
TME .45 1 8.01 .056
ONCT .45 2 3.69 .242
ME .45 4 11.94 .148
HHR .45 3 58.25 .021
ADIL .45 2 3.3 .272
WORX .44 4 1.83 .960
UONE .44 4 10.59 .164
SGBX .44 2 3.35 .262
NNVC .44 3 4.9 .267
GALT .44 3 3.26 .402
FFHL .44 2 9.71 .090
DWSN .44 2 2.33 .376
XLP .43 3 71.49 .018
EVGN .43 1 2.62 .164
CAN .43 4 8.91 .192
ATIF .43 1 4.05 .106
ACI .43 8 30.26 .112
TQQQ .42 136 146.88 .272
FCX .42 23 38.85 .230
CTSO .42 4 5.83 .288
ARMK .42 4 36.75 .044
SRNG .41 1 11.42 .035
MSFT .41 111 310.11 .111
KZIA .41 2 10.5 .078
GTT .41 1 2.36 .173
FLO .41 3 25.16 .048
BLIN .41 8 3.49 .936
ACOR .41 4 4.09 .400
YJ .40 2 0.92 .868
ORMP .40 13 23.17 .221
LIZI .40 4 3.18 .500
KR .40 15 39.96 .150
GE .40 4 107.44 .012
FBRX .40 1 2.74 .145
DUOT .40 1 5.91 .067
CTIB .40 5 2.05 .975
CIEN .40 18 52.47 .126
CHRA .40 1 4.64 .086
AAPL .40 107 149.32 .214
VTNR .39 8 4.28 .728
VIR .39 4 40.29 .036
FAST .39 4 56.03 .024
CSCW .39 2 0.568 1.372
AQMS .39 3 1.96 .594
APTO .39 3 2.09 .558
UNIT .38 1 14.22 .026
OVID .38 2 3.5 .216
OTLK .38 2 2.12 .358
MRTN .38 3 16.8 .066
ANIX .38 1 4.55 .083
AAL .38 8 19.39 .152
PTON .37 4 93.46 .012
ORCL .37 34 96.98 .102
HUGE .37 1 1.42 .260
HNST .37 1 9.47 .039
GPK .37 1 20.33 .018
CHMA .37 2 3.76 .196
CDEV .37 1 7.75 .047
MRKR .36 1 1.57 .229
JFIN .36 2 4.09 .176
IDEX .36 4 1.89 .760
GNLN .36 2 1.79 .402
BNGO .36 12 5.16 .828
AKTX .36 1 1.7 .211
AGNC .36 2 16.51 .042
ADMP .36 1 1.04 .346
ACB .36 3 7.03 .153
ORGO .35 2 10.9 .064
LTHM .35 10 25.81 .130
LMFA .35 5 6.5 .265
IRIX .35 3 7.56 .138
GOVX .35 6 3.8 .552
CLSD .35 3 5.27 .198
BSQR .35 13 2.27 2.002
AESE .35 1 1.83 .191
AEHR .35 21 20.05 .357
XELB .34 2 1.35 .502
PBR .34 7 10.54 .224
HWCC .34 1 5.3 .064
KULR .33 2 2.89 .228
HNP .33 2 17.87 .036
GTS .33 1 35.25 .009
BP .33 3 29.64 .033
BHTG .33 1 1.24 .266
AZN .33 11 62.26 .055
WATT .32 2 1.9 .336
VBLT .32 2 2.36 .270
TAL .32 2 4.42 .144
SPCB .32 2 1.09 .586
MINM .32 2 1.73 .368
IMMP .32 3 4.66 .204
BKYI .32 1 3.09 .103
WINT .31 3 1.84 .504
ULBI .31 2 7 .088
FENC .31 1 9.15 .033
DMAC .31 2 4.1 .150
DBGI .31 4 3.28 .376
D .31 8 76.59 .032
AUTL .31 2 5.61 .110
AEY .31 1 2.21 .140
OXBR .30 5 3.24 .460
HAPP .30 1 0.9854 .304
ENG .30 3 2.23 .402
BBIG .30 20 5.04 1.180
NEXT .29 4 3.83 .300
IMMR .29 3 7.32 .117
HUSN .29 4 2.17 .532
NKLA .28 14 10.84 .350
MITO .28 1 1.15 .243
ALTO .28 3 5.45 .153
RSLS .27 4 2.82 .380
NAOV .27 11 1.43 2.068
GSM .27 7 7.09 .266
ENVB .27 3 1.72 .468
VIVE .26 2 2.18 .238
RRD .26 3 6.6 .117
PPBT .26 1 4.5 .057
PME .26 1 0.698899 .372
AXLA .26 2 3.61 .144
PBLA .25 1 2.01 .124
HIPO .25 2 4.3 .116
RAIL .24 4 4.36 .220
MOGO .24 4 5.64 .168
LC .24 8 34.7 .048
IKT .24 1 1.93 .124
GBR .24 1 3.91 .061
PIRS .23 7 4.56 .350
OCG .23 4 3.96 .232
BGI .23 2 4.96 .092
ANY .23 16 6.42 .560
ACHV .23 1 8.13 .028
THTX .22 1 3.5 .062
SSKN .22 1 1.83 .120
SPWH .22 3 17.78 .036
JFU .22 3 1.59 .414
INOV .22 2 40.78 .010
DYNT .22 5 1.44 .760
VIEW .21 1 4.99 .042
TENX .21 1 1.52 .138
SALM .21 3 3.63 .171
PFE .21 6 43.56 .024
ATOS .21 5 2.66 .390
ALAC .21 2 11.57 .036
ZNGA .20 2 7.37 .054
TTM .20 6 33.17 .036
ENSV .20 1 1.22 .163
EKSO .20 1 4 .050
NBEV .19 1 1.57 .121
MOMO .19 3 13.14 .042
VSH .18 3 19.36 .027
TEO .18 1 5.4 .033
OBSV .18 5 2.66 .335
ADMS .18 1 8.07 .022
YPF .17 2 4.64 .072
PPC .17 2 28.96 .010
LIVX .17 2 3.07 .110
KXIN .17 6 2.16 .468
GMTX .17 1 3.66 .046
FCEL .17 129 7.17 2.967
SPG .16 4 146.37 .004
SNES .16 2 1.48 .216
INFI .16 4 2.52 .252
HFBL .16 1 18.95 .008
SWN .15 1 5.27 .028
SBS .15 5 6.37 .115
IMV .15 2 1.57 .190
GRUB .15 3 15.35 .027
CHNG .15 2 21.36 .014
AGEN .15 10 3.79 .390
SYKE .14 3 54 .006
OEG .14 1 2.71 .051
NXTP .14 1 2.22 .063
INM .14 1 1.59 .088
IEC .14 1 15.34 .009
EDU .14 1 2.19 .063
TELL .13 7 3.81 .238
SVBI .13 1 12.73 .010
OSMT .13 4 1.82 .284
MTL .13 7 4.63 .196
LMRK .13 1 16.45 .007
GENE .13 3 3.01 .129
ESXB .13 1 11.71 .011
CRON .13 4 5.48 .092
VERB .12 8 2.18 .440
SBBP .12 2 2 .120
PSTX .12 1 6.49 .018
GSAT .12 2 1.55 .154
CHNR .12 4 1.34 .356
SNMP .11 2 1.03 .212
RIG .11 5 3.98 .135
MOHO .11 3 0.74 .444
GBS .11 1 2.13 .051
FENG .11 2 1.46 .150
CALA .11 1 1.91 .057
SSL .10 13 17.57 .065
SLHG .10 1 2.94 .034
RCAT .10 2 2.83 .070
RAVN .10 3 57.74 .003
MRO .10 14 16.85 .070
KDMN .10 4 9.42 .040
EDTK .10 2 1.29 .154
CNFR .10 2 2.75 .072
XELA .09 7 1.92 .322
WTER .09 2 1.7 .104
TEDU .09 2 1.08 .166
TAAG .09 1 20.9494 .004
SELF .09 1 5.145 .017
PRPO .09 3 2.37 .111
DBVT .09 8 5.05 .136
CPG .09 6 5.05 .102
BIOC .09 2 3.76 .046
AEMD .09 3 3.44 .078
AEI .09 2 1.96 .090
MBII .08 1 0.8848 .090
COTY .08 5 8.58 .045
CLDR .08 1 15.99 .005
BQ .08 2 2.11 .074
OCG .07 13 3.96 .221
NEPT .07 2 0.543 .256
MFGP .07 3 5.04 .039
ITRO .07 1 1.27 .055
ITRN .07 3 26.01 .006
FRO .07 11 9.13 .077
ALZN .07 1 2.13 .032
XBIO .06 8 1.68 .280
WYNN .06 3 92.16 0
VSTM .06 2 2.61 .044
PSP .06 2 16.4 .006
MSTR .06 118 734.86 0
ET .06 4 9.86 .024
ABUS .06 1 4.07 .014
ULTA .05 12 366.06 0
OXY .05 29 35.36 .029
MDNA .05 8 2.22 .176
FRBK .05 1 3.3 .015
XPDI .04 8 12.5 .024
WYNN .04 4 92.16 0
PBT .04 2 7.8 .010
NOK .04 5 5.7 .035
IRCP .04 4 2.87 .052
CXP .04 1 19.16 .002
AVGR .04 7 0.7186 .385
VTGN .03 4 2.3 .052
VCAR .03 1 14.1052 .002
SNDL .03 1 0.6648 .045
SIC .03 1 14.49 .002
SLVO .02 3 5.39 .009
NWHM .02 1 8.99 .002
KIN .02 2 9.25 .004
IACB .02 2 9.94 .004
DSE .02 1 9.49 .002
BLNK .02 11 29.14 0
RTLR .01 8 11.92 0
PMD .01 1 8.27 .001
INFL .01 2 31.71 0
DFP .01 2 28.46 0
BEST .01 3 2.27 .012
WMPN 0 4 12.28 0
QADB 0 4 87.525 0
PAE 0 1 9.9 0
GSKY 0 1 12.32 0
EIC -.08 1 19.29 -.004
NSYS -.12 1 10.9412 -.010
