SHOP 28.96 11 1397.15 .220
PANW 23.18 1 534.92 .043
DWAC 22.11 4 50.49 1.748
MSTR 14.75 8 571.64 .200
RNG 11.84 1 188.5 .062
BKNG 10.17 8 2149.51 .032
SAM 9.40 7 532.27 .119
PCTY 8.94 1 237.91 .037
NVAX 8.92 13 169.06 .676
RMD 8.09 1 263.49 .030
REGN 7.44 9 660.15 .099
DUOL 7.27 3 97.08 .222
SIVB 7.01 8 675.6 .080
AMZN 6.99 94 3391.35 .188
PUBM 6.66 1 35.65 .186
DDS 6.58 10 244.9 .260
LAD 6.41 5 282.72 .110
KRYS 6.33 1 71.45 .088
BLK 6.24 5 917.66 .030
SPLK 6.20 6 111.5 .330
W 6.04 9 205.55 .261
CAR 6.00 2 234.71 .050
EYPT 5.86 1 14.5 .404
DPZ 5.62 11 537.36 .110
MDB 5.57 9 494.93 .099
KOSS 5.35 7 12.51 2.989
VRTX 5.31 1 208.15 .025
EJH 5.21 6 1.86 16.806
AZO 5.11 12 1986.1 .024
THC 4.91 1 76.37 .064
DE 4.88 11 351.42 .143
INTU 4.61 8 668.74 .048
SI 4.55 8 139.03 .256
WBX 4.49 2 14.52 .618
GKOS 4.45 1 41.13 .108
RGEN 4.41 7 258.71 .119
EEIQ 4.33 5 3.47 6.235
SE 4.12 19 231.04 .323
ADBE 4.11 9 658.3 .054
U 4.07 5 139.75 .145
CARV 3.92 6 11.38 2.064
ZM 3.91 15 184.57 .315
EL 3.86 7 360.34 .070
SNOW 3.82 9 353.91 .090
GOOG 3.73 28 2934.09 .028
ANVS 3.73 6 20.51 1.086
SNPS 3.69 6 362.23 .060
IRTC 3.69 1 91.9 .040
BIIB 3.69 6 234.5 .090
CCXI 3.66 3 33.96 .321
MA 3.58 7 345.31 .070
GPN 3.54 11 126.95 .297
XMTR 3.46 1 43.12 .080
EBET 3.45 6 20.3 1.014
ZLAB 3.42 6 64.5 .318
PWR 3.42 1 112.01 .030
DQ 3.36 7 43.83 .532
SCPS 3.34 7 2 11.690
TOST 3.31 2 34.5 .190
GLSI 3.27 5 29 .560
BNTX 3.21 30 278.22 .330
ZG 3.19 7 57.97 .385
IAC 3.19 7 126.33 .175
ASML 3.16 17 764.47 .068
MRNA 3.13 39 271.99 .429
LSI 3.13 2 142.81 .042
CMTL 3.13 1 24.16 .129
APPS 3.13 6 51.09 .366
TSLA 3.09 156 966.41 .468
NEGG 3.07 20 12.32 4.980
GDYN 3.03 1 37.22 .081
IRNT 3.02 6 6.66 2.718
UPST 2.99 19 151.06 .361
GME 2.99 82 136.88 1.722
ANTM 2.99 6 430.04 .036
ADGI 2.98 10 34.26 .860
SITM 2.97 7 268.01 .077
LII 2.97 6 331.3 .048
BKKT 2.95 2 12.58 .468
NEWR 2.93 6 99.95 .174
IWM 2.93 6 216.04 .078
GS 2.93 9 384.64 .063
ROKU 2.89 7 221.92 .091
NRXP 2.89 8 5.76 4.008
CAT 2.86 8 201.25 .112
KMX 2.82 3 143.25 .057
ZS 2.79 7 308.54 .063
JAN 2.73 6 4.31 3.798
SAVA 2.72 28 44.85 1.680
SEDG 2.70 7 303.67 .056
PENN 2.65 10 47.5 .550
COST 2.65 12 557.22 .048
NVCR 2.63 10 86.59 .300
NCTY 2.63 5 8.58 1.530
DOCS 2.62 8 55.68 .376
OSTK 2.60 7 68.16 .266
AFRM 2.60 16 109.96 .368
BIGC 2.58 2 37.45 .136
ENPH 2.57 7 213.52 .084
UNH 2.55 13 478.14 .065
WSM 2.54 5 169.64 .070
FULC 2.54 6 16.47 .924
INDP 2.52 5 6.32 1.990
LMT 2.51 11 345.55 .077
WDAY 2.46 6 280.92 .048
SPY 2.43 2 466.57 .010
AVXL 2.41 5 18.56 .645
RL 2.39 7 120.08 .133
PEAR 2.37 1 6.6 .359
RBLX 2.35 14 111.77 .294
CPOP 2.34 5 1.82 6.425
DPST 2.33 3 44.98 .153
AUVI 2.32 9 4.64 4.500
CFLT 2.29 2 63.77 .070
LLY 2.28 7 248.53 .063
FLGT 2.27 6 86.95 .156
AMGN 2.27 5 211.39 .050
STE 2.26 5 230.02 .045
GRTS 2.25 7 11.88 1.323
AXON 2.25 1 138.89 .016
SPB 2.21 1 96.6 .022
HCA 2.20 4 244.1 .036
TPST 2.19 5 7.41 1.475
PKG 2.17 5 130.52 .080
CHGG 2.17 3 27.92 .231
BLDR 2.17 3 77.44 .084
PKI 2.16 4 187.42 .044
LOW 2.16 11 257.24 .088
PDD 2.15 5 61.61 .170
KEYS 2.15 5 204.09 .050
DG 2.15 6 226 .054
PYPL 2.14 9 186.38 .099
DLPN 2.14 5 8.06 1.325
AACG 2.14 5 1.42 7.535
CRM 2.12 13 265.76 .091
BHVN 2.12 5 101.7 .100
ACRS 2.12 7 14.03 1.057
DASH 2.11 10 155.25 .130
ALEC 2.10 6 21.5 .582
ROST 2.08 4 109.68 .072
AMEH 2.05 9 73.01 .252
ADSK 2.04 7 268.88 .049
MRIN 2.01 5 4.62 2.175
BYND 2.00 6 63.42 .186
UHAL 1.98 9 705.21 .018
XAIR 1.97 1 8.45 .233
AMD 1.97 21 133.8 .294
AAME 1.97 5 3.69 2.665
RNXT 1.96 4 5.79 1.352
CELH 1.96 7 63.39 .210
COHN 1.95 5 16.08 .605
KMB 1.92 8 139.28 .104
ACIU 1.91 2 4.95 .770
LCID 1.90 13 39.15 .624
DLTR 1.90 9 140.88 .117
SYTA 1.89 1 3.48 .543
MSGE 1.88 4 65.24 .112
BIDU 1.88 118 144.55 1.534
TDG 1.87 4 591.9 .012
COF 1.87 4 146.04 .048
VLO 1.86 4 68.22 .108
DIS 1.86 9 150.43 .108
ESTC 1.83 7 116.85 .105
CI 1.83 5 215.15 .040
ACMR 1.83 5 74.11 .120
CNC 1.81 4 78.15 .092
KNBE 1.80 7 23.36 .539
ROLL 1.78 7 204.22 .056
CERE 1.78 7 31.9 .385
VRPX 1.77 9 3.98 3.996
RAPT 1.77 7 31.58 .392
DAVA 1.77 4 147.66 .044
HON 1.76 7 209.23 .056
XBI 1.75 6 110.8 .090
TSP 1.75 5 35.94 .240
DELL 1.75 7 55.72 .217
TASK 1.74 7 42.85 .280
DOCN 1.74 10 80.55 .210
XLY 1.73 3 199.71 .024
TMUS 1.73 6 115.01 .090
SQ 1.73 23 175.44 .207
LWAC 1.73 5 16.98 .505
WAVE 1.72 5 5.45 1.575
LIN 1.72 9 334.19 .045
LAIX 1.72 4 0.7227 9.516
IMPL 1.70 5 9.23 .920
SPG 1.69 7 151.1 .077
NNOX 1.69 5 16.88 .500
KYMR 1.69 2 53.68 .062
BURL 1.68 8 278.17 .048
ROG 1.67 1 271.25 .006
AN 1.67 8 114.28 .112
NMRD 1.66 4 5.25 1.264
MDT 1.66 7 112.86 .098
VVOS 1.65 6 2.71 3.648
V 1.65 9 211.02 .063
NVOS 1.65 5 1.31 6.295
FISV 1.64 6 104.29 .090
CREE 1.64 5 79.12 .100
TRI 1.63 4 119.84 .052
JZXN 1.63 4 1.67 3.904
COIN 1.63 10 251.37 .060
WYNN 1.62 4 84.77 .076
NVTS 1.62 2 17.1 .188
EVA 1.62 2 70.28 .046
CVS 1.62 4 98.9 .064
CLDX 1.61 3 38.31 .126
PLCE 1.60 4 81.5 .076
STMP 1.59 4 329.61 .016
LHDX 1.58 4 4.94 1.276
DNA 1.58 1 10.11 .156
RLMD 1.57 4 19.54 .320
GH 1.57 8 94.16 .128
CARA 1.57 2 12.18 .256
DPW 1.56 5 1.6 4.875
BFRI 1.56 2 6.82 .456
TSC 1.55 1 29.16 .053
IRDM 1.55 4 40.53 .152
FANG 1.55 7 106.61 .098
CRNC 1.55 4 79.36 .076
BLFS 1.55 1 34.62 .044
ARVN 1.55 8 66.34 .184
CPE 1.54 7 48.74 .217
CHCI 1.54 3 4.4 1.050
TERN 1.53 4 6.23 .980
SIEB 1.53 5 2.47 3.095
DLO 1.53 5 34.46 .220
TSCO 1.52 9 233.16 .054
MRAM 1.52 3 10.65 .426
CLX 1.52 4 172.08 .032
SNOA 1.51 4 4.87 1.240
GRU 1.51 1 4.64 .325
WAFU 1.50 4 4.6 1.304
KTTA 1.49 1 2.22 .671
BCYC 1.49 3 52.99 .084
STT 1.48 3 91.26 .048
ADI 1.48 5 178.47 .040
NURO 1.47 11 6.05 2.662
FGEN 1.47 3 13.89 .315
EDIT 1.47 3 29.26 .150
VCVC 1.46 1 9.85 .148
HTBX 1.46 2 4.06 .718
AAP 1.46 6 234.12 .036
SBEA 1.45 2 10.16 .284
EYEG 1.45 1 1.95 .743
BTBT 1.45 10 6.89 2.100
BBY 1.45 7 100.24 .098
KALV 1.44 8 13.71 .840
BRLT 1.44 3 16.55 .261
LYFT 1.43 5 38.41 .185
LANC 1.43 2 156.61 .018
ISPC 1.43 5 13.15 .540
ATKR 1.43 2 109.81 .026
TTC 1.42 5 98.46 .070
TSN 1.42 4 84.93 .064
IMNM 1.42 4 16.74 .336
CM 1.42 6 110.43 .072
RMBL 1.41 3 38.53 .108
KSS 1.41 10 48.57 .290
HOOD 1.41 14 19.7 .994
TWTR 1.40 6 44.6 .186
SNA 1.40 4 213.19 .024
JD 1.40 9 78.05 .153
JCS 1.40 3 2.38 1.764
HX 1.40 6 2.44 3.438
AUPH 1.40 8 19.9 .560
WGO 1.39 2 69.46 .040
VERY 1.39 4 7.55 .736
LH 1.39 8 292.44 .032
EOSE 1.39 2 7.85 .354
TNET 1.38 1 96.04 .014
EXPI 1.38 6 33.25 .246
APP 1.38 10 88.85 .150
TWST 1.37 7 85.49 .112
LIVE 1.37 3 33.25 .123
LGVN 1.37 5 18.24 .375
ECOM 1.37 1 25 .054
FATE 1.36 3 48.98 .081
TAOP 1.35 3 2.39 1.692
NXPI 1.35 8 221.79 .048
EA 1.35 5 126.77 .050
WNW 1.34 1 2.54 .527
OLN 1.34 1 53.94 .024
CAH 1.34 4 48.44 .108
MOXC 1.33 4 4.22 1.260
J 1.33 4 140.89 .036
GRVY 1.33 7 70.44 .126
FIGS 1.33 6 25.74 .306
NVDA 1.32 160 281.61 .640
COUR 1.32 2 25.71 .102
AEO 1.32 2 23.56 .112
VIH 1.31 1 9.36 .139
ABCL 1.31 1 13.78 .095
A 1.31 10 156.29 .080
UHS 1.30 4 128.8 .040
LITE 1.30 3 99.46 .039
JG 1.30 3 1.13 3.450
GWRE 1.30 5 113.87 .055
BNR 1.30 3 11.71 .333
VSCO 1.29 5 49.9 .125
OLLI 1.29 2 50.47 .050
JPM 1.29 14 157.92 .112
ATAI 1.29 2 11.02 .234
APPN 1.29 4 72.52 .068
FRD 1.28 1 9.3 .137
BILI 1.28 23 55.56 .529
YETI 1.27 4 87.35 .056
RHE 1.27 2 5.53 .458
NFE 1.27 1 23.8 .053
HJLI 1.27 1 10.38 .122
APXT 1.27 1 12.11 .104
TTWO 1.26 5 166.26 .035
SPCE 1.26 24 14.81 2.040
DOMO 1.26 4 48.46 .104
THCB 1.25 1 10 .125
SPT 1.25 6 93.94 .078
OPAD 1.25 4 7.07 .704
NGM 1.25 2 18.54 .134
CHKP 1.25 6 112.05 .066
BYSI 1.25 5 4.21 1.480
ABSI 1.25 2 10.5 .238
UAL 1.24 2 41.74 .058
SJ 1.24 4 5 .992
RSKD 1.24 2 8.05 .308
PBTS 1.24 1 0.7503 1.652
LPX 1.24 3 75.44 .048
LEDS 1.24 3 5.28 .702
EDSA 1.24 1 5.37 .230
CMMB 1.24 2 7.88 .314
BNTC 1.24 3 3.11 1.194
ASAN 1.24 15 64.2 .285
ANPC 1.24 2 1.17 2.118
ALXN 1.24 4 182.5 .024
TAP 1.23 2 46.02 .052
LAW 1.23 3 37.51 .096
JKS 1.23 5 46.54 .130
HOG 1.23 5 38.54 .155
EFOI 1.23 1 4.7 .261
RCUS 1.22 1 40.67 .029
EYES 1.22 6 1.9 3.852
DDL 1.22 2 15.61 .156
BZ 1.22 3 40.62 .090
PFGC 1.21 3 43.06 .084
OSAT 1.21 3 3.81 .951
LYEL 1.21 3 10.01 .360
JNJ 1.21 3 168.45 .021
HGEN 1.21 3 4.62 .783
EAT 1.21 3 35.22 .102
ARAV 1.21 1 2.69 .449
AMC 1.21 57 23.24 2.964
ZIM 1.20 10 49.47 .240
WHLM 1.20 4 4.79 1.000
MMM 1.20 7 174.58 .042
CRIS 1.20 2 4.64 .516
CETX 1.20 1 0.9401 1.276
AMTX 1.20 3 14.53 .246
AKAM 1.20 3 115.41 .030
TVTX 1.19 3 27.8 .126
SGOC 1.19 9 6.2 1.719
MQ 1.18 7 17.01 .483
DFH 1.18 1 18.78 .062
ZEV 1.17 4 6.4 .728
WM 1.17 8 164.23 .056
VMW 1.17 9 111.88 .090
TDC 1.17 5 41.89 .135
STZ 1.17 4 237.37 .016
SKT 1.17 3 19.18 .183
MVIS 1.17 5 6.01 .970
VOXX 1.16 3 10.25 .339
SIF 1.16 1 7.9 .146
NTAP 1.16 4 87.19 .052
LAZR 1.16 5 14.67 .395
HGSH 1.16 2 2.23 1.040
AMAT 1.16 8 147.1 .056
UPS 1.15 7 206.31 .035
NTRB 1.15 2 5.25 .438
HCWB 1.14 2 2.51 .908
BBLG 1.14 1 3.89 .293
AVIR 1.14 3 8.15 .417
ABT 1.14 7 135.96 .056
VNET 1.13 3 8.21 .411
STG 1.13 1 3.76 .300
PEP 1.13 5 169.81 .030
NUAN 1.13 1 55.02 .020
BTX 1.13 2 5.03 .448
XLNX 1.11 13 209.52 .065
SHEN 1.11 3 25.36 .129
SEMR 1.11 3 18.8 .177
PMCB 1.11 3 2.44 1.362
DXC 1.11 2 30.66 .072
CTRN 1.11 5 77.53 .070
CNET 1.11 1 1.2 .925
ALLO 1.11 2 14.11 .156
ABNB 1.11 9 171.04 .054
XM 1.10 3 33.46 .096
RUN 1.10 5 42.11 .130
OPTT 1.10 1 1.84 .597
MRUS 1.10 3 28.43 .114
JRVR 1.10 3 25.67 .126
XTLB 1.09 2 3.03 .718
SKX 1.09 4 43.66 .096
FOSL 1.09 2 10.1 .214
ALDX 1.09 2 7.01 .310
SFIX 1.08 3 18.92 .171
SCHW 1.08 5 79.38 .065
MTSL 1.08 3 3.37 .960
FCBP 1.08 1 29.1 .037
B 1.08 1 46.59 .023
AZYO 1.08 1 6.07 .177
ALF 1.08 2 2.88 .750
SMLP 1.07 2 26.66 .080
AXP 1.07 6 163.3 .036
VYGR 1.06 2 2.96 .716
USB 1.06 5 56.82 .090
TGT 1.06 12 234.17 .048
C 1.06 5 60.18 .085
SCR 1.05 5 35.58 .145
PTGX 1.05 3 31.94 .096
MNST 1.05 4 89.78 .044
CELC 1.05 3 12.75 .246
PRTA 1.04 9 44.17 .207
OCGN 1.04 12 5.3 2.352
NETE 1.04 2 13.09 .158
LEGN 1.04 6 50.67 .120
KURA 1.04 4 12.8 .324
IPA 1.04 2 5.06 .410
FSTX 1.04 1 5.02 .207
CANF 1.04 1 1.07 .971
TJX 1.03 6 73.13 .084
MARA 1.03 20 36.84 .540
KMPH 1.03 3 7.77 .396
IBM 1.03 9 122.58 .072
MFNC 1.02 2 21.5 .094
GIII 1.02 5 26.64 .190
DAL 1.02 5 36.87 .135
ZCMD 1.01 1 1.78 .567
OVV 1.01 3 32.75 .090
LL 1.01 1 17.54 .057
FUBO 1.01 3 17.14 .174
EGRX 1.01 2 47.17 .042
DKS 1.01 18 105.26 .162
CGC 1.01 2 9.31 .216
PINS 1.00 4 36.04 .108
OMER 1.00 1 7.36 .135
MO 1.00 3 45.36 .066
IMAB 1.00 5 51.2 .095
LUV .99 6 40.48 .144
LOGI .99 6 81.83 .072
INMD .99 3 66.7 .042
DKNG .99 6 28.85 .204
ACY .99 19 36.82 .494
TRCH .98 2 4.95 .394
MYGN .98 2 25.52 .076
MCD .98 8 263.09 .024
JWN .98 4 19.6 .200
IMTX .98 4 10.81 .360
HOFV .98 2 1.8 1.088
HHR .98 11 51.05 .209
BGFV .97 10 19.36 .500
RRGB .96 2 16.55 .116
HRI .96 4 173.84 .020
FA .96 1 16.89 .056
AZPN .96 4 148.2 .024
SUPN .95 2 28 .066
QDEL .95 4 141.4 .024
BTWN .95 1 9.82 .096
BPTH .95 2 4.29 .442
AGRI .95 5 2.1 2.260
PAYX .94 2 124.4 .014
HAS .94 6 100.58 .054
ENOB .94 5 9.54 .490
TGTX .93 3 16.09 .171
NIU .93 4 17.82 .208
LIFE .93 4 7.96 .464
HCM .93 4 32.92 .112
PLUG .92 9 32.23 .252
OKE .92 3 60.2 .045
NKE .92 9 166.84 .045
LBPH .92 1 5.75 .160
KNL .92 1 25.04 .036
JBL .92 4 64.03 .056
YEXT .91 1 10.41 .087
SSY .91 3 1.83 1.491
OTIS .91 5 85.38 .050
ALC .91 5 83.57 .050
AIT .91 2 101.5 .016
GEG .90 1 2.04 .441
CRTO .90 1 40.98 .021
BBBY .90 16 16.56 .864
SPI .89 4 3.96 .896
BKE .89 6 47.57 .108
ARCE .89 2 21.6 .082
ACHL .89 1 4.69 .189
RTX .88 3 84.33 .030
GMBL .88 2 4.6 .382
BLU .88 1 8.3 .106
GM .87 3 59.13 .042
GDEV .87 3 7.63 .342
DTSS .87 1 1.23 .707
UTHR .86 4 191.21 .016
TTCF .86 2 16.12 .106
KODK .86 2 5.2 .330
GE .86 6 93.13 .054
VMEO .85 2 17.53 .096
SRNE .85 1 6.23 .136
SAFM .85 1 188.82 .004
PG .85 9 157.67 .045
STX .84 10 101.68 .080
PTIX .84 2 1.71 .982
NLS .84 2 6.75 .248
HOL .84 3 12.35 .204
FL .84 5 42.15 .095
DTST .84 3 3.63 .693
CLII .84 3 14.36 .174
BB .84 11 8.66 1.056
APOP .84 5 13.17 .315
TNA .83 5 78.29 .050
ROIV .83 1 8.26 .100
MAXR .83 4 27.34 .120
IRBO .83 1 41.74 .019
CNA .83 1 43.36 .019
BLUW .83 2 9.63 .172
ABBV .83 6 126.51 .036
SANA .82 1 18.27 .044
MNSO .82 1 10.74 .076
KZR .82 2 13.31 .122
FITB .82 3 42.4 .057
BABA .82 98 122.24 .588
SPRT .81 20 11.8 1.360
MBRX .81 2 2.17 .746
ATVI .81 5 58.7 .065
VALN .80 4 53.53 .056
SYPR .80 4 2.43 1.316
GTEC .80 4 6.44 .496
DD .80 4 77.63 .040
CYTK .80 6 36.47 .126
BZUN .80 2 14.18 .112
VIR .79 6 44.49 .102
SWI .79 1 14.52 .054
PNRG .79 1 65.2 .012
ERYP .79 4 2.48 1.272
BJ .79 7 66.55 .077
ZY .78 3 8.27 .282
WMT .78 18 143.57 .090
SJM .78 12 134.62 .060
PTON .78 6 41.34 .108
IPHA .78 4 4.92 .632
GNOG .78 1 10.51 .074
CAI .78 1 56 .013
AA .78 10 47.78 .160
QFIN .77 9 20.74 .333
QCOM .77 13 183.32 .052
PLTR .77 2 18.4 .082
OLB .77 3 4.1 .561
LESL .77 1 20.6 .037
FUV .77 2 9.13 .168
ENTX .77 2 3.11 .494
ALYA .77 4 2.6 1.184
VLDR .76 2 5.09 .298
NFLX .76 105 604.56 .105
NBRV .76 1 0.666 1.141
MOS .76 5 35.87 .105
LI .76 6 31.36 .144
IS .76 1 7.75 .098
GROM .76 2 2.21 .686
FLWS .75 4 22.69 .132
SPTN .74 3 24.5 .090
SCKT .74 4 4.82 .612
MS .74 10 97.17 .070
MNOV .74 3 2.97 .747
GTIM .74 1 4.32 .171
GRVI .74 3 4.66 .474
EVOL .74 2 2.25 .656
ATXI .74 1 1 .740
XLK .73 6 172.28 .024
VZ .73 2 50.28 .028
VOOV .73 1 147.66 .004
UPC .73 3 1.77 1.236
SQBG .73 2 6.24 .232
SOFI .73 7 14.58 .350
RIOT .73 6 24.37 .174
OPNT .73 4 32.91 .088
NVFY .73 3 2.01 1.089
RMED .72 6 1.82 2.370
RETO .72 2 0.8263 1.742
FB .72 108 334.49 .216
DEN .72 4 79.65 .036
CRMT .72 9 106.45 .054
COP .72 9 71.02 .090
BTCM .72 4 6.44 .444
BFLY .72 1 7.09 .101
ARPO .72 1 2.2 .327
ZKIN .71 2 1.49 .952
UBER .71 6 35.73 .114
RFL .71 5 5.4 .655
PALI .71 3 2 1.065
TBLA .70 1 9.85 .071
SONO .70 6 29.38 .138
ORGS .70 1 3.03 .231
OCX .70 1 2.19 .319
LEN .70 6 113.15 .036
IGIC .70 3 7.95 .264
GLD .70 11 167 .044
DDD .70 12 21.33 .384
CRCT .70 4 23.5 .116
AMKR .70 2 22.4 .062
VRNT .69 5 49.56 .065
SLS .69 4 6.41 .428
FTEK .69 3 1.47 1.407
ASM .69 1 0.8052 .856
APRE .69 3 3.78 .546
STEM .68 6 18.29 .222
SM .68 3 30.18 .066
RIDE .68 7 4.1 1.155
PRPL .68 5 9.8 .345
ONCS .68 1 1.25 .544
HD .68 17 405.24 .017
BWAY .68 2 7.9 .172
XONE .67 2 26.7 .050
SKLZ .67 4 8.34 .320
PPSI .67 9 8.3 .720
PLD .67 5 161.08 .020
NPTN .67 1 15.21 .044
JRJC .67 3 6.65 .300
FTCH .67 6 31.3 .126
FOE .67 1 21.56 .031
CLNE .67 1 6.65 .100
ACH .67 1 13.24 .050
WFC .66 6 48.56 .078
VIPS .66 1 9 .073
CTKB .66 1 18.18 .036
ATNF .66 4 3.93 .668
AMOM .66 1 35.2198 .018
TATT .65 3 6.4 .303
STRO .65 2 14.92 .086
PCVX .65 1 21.59 .030
MESO .65 2 5.76 .224
LMNL .65 3 0.9186 2.121
IONQ .65 7 16.67 .266
TQQQ .64 138 160.27 .414
SLGG .64 2 2.68 .476
SDC .64 2 2.62 .488
LZB .64 2 35.9 .034
MAT .63 5 20.15 .155
LEXX .63 4 5.16 .488
FLOW .63 4 86.12 .028
ULTA .62 1 388.29 .001
TTD .62 14 92.5 .084
LJPC .62 2 4.37 .282
ISEE .62 4 15.16 .160
CUE .62 1 11.56 .053
BON .62 3 4.83 .384
BCRX .62 10 11.58 .530
ASTR .62 5 8.45 .365
AREC .62 5 1.74 1.780
APG .62 2 23.56 .052
VGR .61 1 15.22 .040
SOS .61 2 1.02 1.196
RY .61 7 100.02 .042
MVST .61 6 7.37 .492
CL .61 4 81.14 .028
BEKE .61 2 18.73 .064
AMBO .61 1 0.9076 .672
PSTV .60 1 1.21 .495
LAC .60 9 31.55 .171
EVK .60 6 2.35 1.530
CEMI .60 8 1.66 2.888
AYRO .60 2 1.94 .618
AMRS .60 1 5.51 .108
NEE .59 5 91.74 .030
BIG .59 2 43.97 .026
YMM .58 2 10.78 .106
XLF .58 2 38.63 .030
WPRT .58 2 2.21 .524
WISH .58 3 3.41 .510
STAF .58 2 0.973 1.192
RACE .58 11 258.4 .022
IFRX .58 3 4.29 .405
CSIQ .58 4 32.96 .068
WEI .57 1 0.9095 .626
SNAP .57 113 48.14 1.243
SBTX .57 1 6.83 .083
PRFX .57 4 1.68 1.356
PFE .57 13 55.2 .130
ORPH .57 4 2.73 .832
MRVL .57 7 86.59 .042
EZFL .57 1 2.15 .265
DRN .57 8 26.61 .168
CLPS .57 1 2.16 .263
CLPS .57 1 2.16 .263
CLF .57 11 20.13 .308
VTSI .56 4 6.25 .356
UAA .56 4 22.6 .096
T .56 3 22.44 .072
SLV .56 3 20.61 .081
OBLN .56 3 3.05 .549
MTP .56 1 1.41 .397
M .56 16 24.95 .352
LODE .56 3 1.45 1.158
CYAD .56 1 4.44 .126
VNE .55 6 35.1 .090
RSI .55 2 16.36 .066
MOSY .55 2 4.05 .270
LOOP .55 5 12.26 .220
FLXN .55 1 9.12 .060
EOLS .55 1 5.76 .095
ENSC .55 3 3.63 .453
WHLR .54 2 1.85 .582
TSM .54 3 116.42 .012
MPC .54 4 61.81 .032
INTC .54 7 50 .070
GPS .54 7 16.31 .231
ENZ .54 2 3.54 .304
ADMA .54 1 1.3 .415
XLE .53 9 55.65 .081
TBIO .53 3 37.36 .042
NIO .53 77 33.66 1.155
MEDS .53 5 2.85 .925
HUYA .53 4 7.48 .280
HPQ .53 6 35.28 .090
EQ .53 1 4.65 .113
CHPT .53 4 20.89 .100
BBWI .53 6 72.79 .042
SILK .52 7 41.37 .084
RF .52 2 21.45 .048
ANF .52 3 33.48 .045
RCON .51 2 1.5 .680
OCUP .51 2 3.8 .268
MSFT .51 114 339.4 .114
GFAI .51 2 1.24 .822
DYAI .51 3 3.63 .420
CPSH .51 1 3.27 .155
TIGR .50 8 5.43 .736
PATI .50 2 8.55 .116
MDIA .50 3 4.25 .351
GRTX .50 3 1.38 1.086
CBAT .50 3 2.03 .738
RKDA .49 1 1.21 .404
PSTG .49 3 31.86 .045
NRBO .49 2 1.4 .700
K .49 10 63.48 .070
IGC .49 3 1.17 1.254
GP .49 3 12.23 .120
GEVO .49 4 5.05 .388
ENLV .49 2 6.61 .148
ECHO .49 1 48.24 .010
ATHM .49 3 31.02 .045
ARMP .49 1 4.99 .098
NNDM .48 3 4.07 .351
MTTR .48 14 22.86 .280
KIRK .48 3 14.22 .099
EPU .48 3 28.06 .051
CSCO .48 11 58.61 .088
TRIL .47 1 18.44 .025
TLRY .47 4 8.29 .224
SOHU .47 6 16.66 .168
EXPR .47 5 3.2 .730
DARE .47 1 1.8 .261
CCJ .47 11 21.42 .231
BODY .47 2 2.27 .414
BAC .47 6 43.58 .060
XPEV .46 84 45.32 .840
UFAB .46 2 1.92 .478
NTEC .46 4 9.63 .188
MARK .46 4 1.07 1.716
KO .46 9 57.76 .063
KBSF .46 2 3.05 .300
GURE .46 1 5 .092
EQOS .46 1 2.77 .166
CVV .46 2 4.25 .216
CROX .46 9 156.91 .018
CONE .46 1 89.49 .005
BCLI .46 1 3.8 .121
VERU .45 4 6.11 .292
TYME .45 4 0.739 2.432
TME .45 1 6.43 .069
ONCT .45 2 2.56 .350
EVGO .45 8 12.06 .296
CRDF .45 3 5.66 .237
CCL .45 5 18.34 .120
APT .45 1 5.14 .087
ADIL .45 2 2.63 .342
WORX .44 4 1.28 1.372
STN .44 3 55.17 .021
NNVC .44 3 4.2 .312
GALT .44 3 2.22 .594
FFHL .44 2 7.4 .118
DWSN .44 2 2.31 .380
WOOF .43 3 19.42 .066
HOLI .43 1 15.29 .028
GAME .43 1 3.01 .142
EVGN .43 1 1.85 .232
CAN .43 4 5.64 .304
ATIF .43 1 3.179 .135
MRK .42 10 73.42 .050
HRC .42 6 155.96 .012
DBGI .42 5 2.35 .890
CTSO .42 4 4.77 .352
ARMK .42 4 34.67 .048
SRNG .41 1 11.42 .035
SLB .41 6 29.83 .078
RKT .41 2 15.9 .050
PDCO .41 4 28.28 .056
KZIA .41 2 7.71 .106
HNST .41 3 7.85 .156
GTT .41 1 2.36 .173
GIS .41 9 65.93 .054
FCX .41 24 37.63 .240
ERF .41 2 10.08 .080
DUK .41 6 103.04 .018
BLIN .41 8 2.55 1.280
AUUD .41 7 2.2 1.302
ACOR .41 4 2.54 .644
YJ .40 2 0.6194 1.290
LIZI .40 4 1.8 .888
FBRX .40 1 2.31 .173
DUOT .40 1 5.3 .075
CTIB .40 5 1.33 1.500
CHRA .40 1 4.5 .088
LC .39 10 26.84 .140
IYC .39 4 81.93 .016
HALO .39 1 34.66 .011
ERJ .39 10 14.57 .260
EQT .39 3 20.12 .057
CSCW .39 2 0.4588 1.700
CRTD .39 7 2.22 1.225
AQMS .39 3 1.43 .816
XOM .38 10 61.63 .060
SBH .38 3 19.86 .057
RDUS .38 1 6.99 .054
OVID .38 2 3.22 .236
OTLK .38 2 1.43 .530
MRTN .38 3 16.51 .069
GPK .38 2 20.04 .036
DNUT .38 8 15.98 .184
ANIX .38 1 3.2 .118
VTNR .37 10 4.27 .860
UONE .37 7 4.93 .525
HUGE .37 1 1.18 .313
GT .37 6 20.53 .108
CHMA .37 2 3.76 .196
UAVS .36 3 1.88 .573
MRKR .36 1 1.07 .336
MITQ .36 1 2.24 .160
JFIN .36 2 2.63 .272
IDEX .36 4 1.44 1.000
GOVX .36 7 3.77 .665
GNLN .36 2 1.12 .642
BNGO .36 12 3.33 1.296
AKTX .36 1 1.55 .232
ADMP .36 1 0.655 .549
ACB .36 3 5.99 .180
VXX .35 4 21.64 .064
PHUN .35 16 3.09 1.808
ORMP .35 19 15.69 .418
ORGO .35 2 9.62 .072
ORCL .35 36 100.89 .108
LMFA .35 5 5.64 .310
KHC .35 6 34.48 .060
CLSD .35 3 2.85 .366
CIFR .35 3 5.01 .207
BSQR .35 13 1.85 2.457
AESE .35 1 1.82 .192
XELB .34 2 1.23 .552
TRIT .34 5 3.26 .520
SSNT .34 2 4.49 .150
ME .34 6 7.55 .270
HWCC .34 1 5.3 .064
CYTH .34 1 4.255 .079
AAPL .34 110 175.74 .110
MU .33 9 84.35 .027
IMMR .33 6 5.22 .378
HNP .33 2 22.5 .028
GTS .33 1 35.49 .009
CIEN .33 21 74.12 .084
BHTG .33 1 0.837 .394
WATT .32 2 1.38 .462
TAL .32 2 4.65 .136
SPCB .32 2 0.6205 1.030
SGBX .32 3 2.3 .417
MINM .32 2 1.22 .524
AAL .32 9 17.12 .162
XLV .31 7 135.85 .014
WINT .31 3 1.59 .582
ULBI .31 2 5.21 .118
SCYX .31 4 7.33 .168
NKLA .31 15 9.51 .480
HRL .31 7 47.28 .042
HMHC .31 2 15.15 .040
DMAC .31 2 3.86 .160
AEY .31 1 1.87 .165
TESS .30 3 6.82 .129
PBR .30 10 11.05 .270
OXBR .30 5 5.905 .250
LGHL .30 4 1.72 .696
KR .30 17 45.63 .102
HAPP .30 1 0.6076 .493
ENG .30 3 1.56 .576
CLSK .30 1 12.24 .024
BBIG .30 21 3.05 2.058
AVCT .30 2 1.69 .354
AUTL .30 3 5.98 .150
UWMC .29 3 6.68 .129
NEXT .29 4 2.79 .412
HUSN .29 4 3 .384
ALTO .29 5 4.79 .300
AFMD .29 3 5.6 .153
MITO .28 1 0.85 .329
FLO .28 6 26.34 .060
CLOV .28 2 4.24 .132
APTO .28 4 1.95 .572
WIMI .27 4 3.32 .324
RSLS .27 4 2.05 .524
NAOV .27 11 1.06 2.794
MGTX .27 1 20.77 .012
INCY .27 5 67.81 .015
GSM .27 7 6.1 .308
FENC .27 2 4.18 .128
ENVB .27 3 1.18 .684
ACI .27 12 31.32 .096
VIVE .26 2 1.44 .360
PPBT .26 1 4.1 .063
PME .26 1 0.7898 .329
JQUA .26 1 44.55 .005
AXLA .26 2 2.49 .208
VCLO .25 1 16.43 .015
PBLA .25 1 1.72 .145
HIPO .25 2 2.7 .184
RVI .24 2 6.06 .078
RAIL .24 4 3.88 .244
PLG .24 3 1.92 .375
MOGO .24 4 3.44 .276
IKT .24 1 1.61 .149
GBR .24 1 2.74 .087
CPIX .24 4 4.21 .228
PIRS .23 7 3.34 .476
THTX .22 1 3.22 .068
SSKN .22 1 1.43 .153
SPWH .22 3 11.54 .057
JFU .22 3 1.19 .552
INOV .22 2 41.06 .010
FFIE .22 2 4.88 .090
DYNT .22 5 1.09 1.005
BIOC .22 4 3.86 .224
ABUS .22 8 4.36 .400
VBLT .21 3 2.17 .288
TENX .21 1 1.19 .176
LTHM .21 15 27.02 .105
BP .21 5 26.59 .035
AZN .21 16 54.58 .048
ATOS .21 5 1.97 .530
ANY .21 20 3.69 1.120
ALAC .21 2 11.6271 .036
SALM .20 4 2.91 .272
ENSV .20 1 0.9734 .205
NBEV .19 1 1.1 .172
MOMO .19 3 9.43 .060
FLGC .19 6 2.08 .546
COTY .19 8 9.66 .152
BKYI .19 2 2.32 .162
BGI .19 3 5.08 .111
AGNC .19 4 15.34 .048
AEHR .19 29 14.95 .348
VSH .18 3 20.67 .024
IRIX .18 4 6.19 .116
FCEL .18 130 6.89 3.380
BLNK .18 14 30.73 .070
TISI .17 1 1.25 .136
PPC .17 2 28.11 .012
PETZ .17 4 5.01 .132
LIVX .17 2 3.07 .110
KXIN .17 6 1.32 .768
GMTX .17 1 2.51 .067
D .17 9 76.75 .018
AHPI .17 1 5.1 .033
SNES .16 2 1.06 .300
ON .16 11 62.58 .022
OCG .16 4 4.07 .156
INFI .16 4 2.39 .264
IMMP .16 7 3.27 .336
HFBL .16 1 19.55 .008
GGAL .16 4 9.1 .068
ZNGA .15 4 6.24 .096
IMV .15 2 1.36 .220
GSKY .15 2 11.51 .026
GRUB .15 3 10.84 .039
CREX .15 1 1.55 .096
CHNG .15 2 20.59 .014
SYKE .14 3 54 .006
OEG .14 1 2.76 .050
NXTP .14 1 0.9407 .148
INM .14 1 1.43 .097
IEC .14 1 15.34 .009
EDU .14 1 2.2 .063
XLP .13 8 75.16 .008
VIEW .13 2 4.45 .058
TTM .13 11 31.95 .044
SVBI .13 1 13.63 .009
OSMT .13 4 1.01 .512
LMRK .13 1 16.45 .007
GENE .13 3 2.11 .183
VERB .12 8 1.61 .592
SBBP .12 2 2 .120
PSTX .12 1 7.03 .017
MRO .12 18 15.39 .126
HDGE .12 3 25.0105 .012
GSAT .12 2 1.26 .190
CRON .12 5 4.16 .140
CHNR .12 4 0.64 .748
UNIT .11 3 12.97 .024
TELL .11 9 2.95 .333
SNMP .11 2 0.7482 .294
MOHO .11 3 0.4698 .702
GBS .11 1 1.76 .062
FENG .11 2 0.92 .238
FAST .11 6 64.09 .006
ET .11 6 8.23 .078
EKSO .11 2 3.18 .068
CSPR .11 1 6.41 .017
CALA .11 1 0.75 .146
ACHV .11 2 6.89 .030
SSL .10 20 17.09 .100
SLHG .10 1 1.47 .068
RCAT .10 2 2.13 .092
RAVN .10 3 58.08 .003
OBSV .10 6 2.21 .270
KDMN .10 4 9.5 .040
EDTK .10 2 1.05 .190
CNFR .10 2 2.33 .084
AGEN .10 12 3.21 .372
YPF .09 3 3.88 .069
XPDI .09 13 10.57 .104
XELA .09 7 1.18 .532
WTER .09 2 1.27 .140
TEDU .09 2 0.4925 .364
TAAG .09 1 20.9494 .004
SELF .09 1 5.44 .016
RRD .09 8 11.07 .064
RIG .09 6 2.95 .180
PRPO .09 3 1.81 .147
CXM .09 1 15.82 .005
CPG .09 8 5.03 .136
AEMD .09 3 2.16 .123
AEI .09 2 0.67 .268
TEO .08 2 5.05 .030
SBS .08 10 6.99 .110
MBII .08 1 0.6927 .115
LPTX .08 1 2.42 .033
CLDR .08 1 15.99 .005
BQ .08 2 1.21 .132
SWN .07 4 5 .056
NEPT .07 2 0.409 .342
MTL .07 15 2.6 .390
ITRO .07 1 1.27 .055
ITRN .07 3 24.62 .006
DBVT .07 11 2.61 .286
CPLG .07 1 15.46 .004
ALZN .07 1 2.4 .029
XBIO .06 8 1.44 .328
VSTM .06 2 2.34 .050
OXY .06 31 29.23 .062
KULR .06 7 2.93 .140
ESXB .06 2 11.3 .010
ENIC .06 1 2.02 .029
ADMS .06 2 8.22 .014
ULTA .05 12 388.29 0
OCG .05 13 4.07 .156
MFGP .05 5 4.47 .055
MDNA .05 8 1.59 .248
FRBK .05 1 3.58 .013
PSP .04 3 15.5101 .006
PBT .04 2 9 .008
NOK .04 6 5.98 .036
IRCP .04 4 2.29 .068
CXP .04 1 19.28 .002
CDEV .04 4 6.41 .024
AVGR .04 7 0.525 .532
VTGN .03 5 1.8 .080
VCAR .03 1 14.83 .002
SNDL .03 1 0.57 .052
SLVO .03 4 4.95 .024
SIC .03 1 14.49 .002
FRO .03 15 6.85 .060
RTLR .02 9 10.72 .009
NWHM .02 1 8.99 .002
KIN .02 2 9.25 .004
EPAY .02 2 48.94 0
EIC .02 2 17.25 .002
DSE .02 1 9.49 .002
PMD .01 1 7.4 .001
INFL .01 2 30.21 0
IACB .01 3 7.95 .003
DFP .01 3 27.95 0
BEST .01 3 0.97 .030
WMPN 0 4 12.06 0
QQC 0 2 33.2201 0
QADB 0 4 87.54 0
PAE 0 1 9.91 0
ONON 0 1 51.42 0
NLSP 0 1 1.29 0
LHAA 0 1 9.81 0
HWBK 0 1 24.12 0
DVD 0 1 3.6 0
APWC 0 1 2.99 0
NSYS -.12 1 10.505 -.011
