SHOP 25.67 12 1030.95 .288
PANW 23.18 1 519.61 .044
DWAC 19.74 5 77.45 1.270
LULU 16.03 1 330.95 .048
MSTR 14.75 8 460.42 .256
CCMP 11.86 1 183.78 .064
RNG 11.84 1 168.77 .070
BKNG 10.17 8 2377.09 .032
ULTA 10.08 2 371.68 .054
SAM 9.40 7 456.16 .140
PCTY 8.94 1 194.88 .045
RMD 8.09 1 241.39 .033
REGN 7.44 9 618.11 .108
NVAX 7.31 16 92.33 1.264
ASML 7.25 25 698.82 .250
SIVB 7.01 8 655 .080
AMZN 6.99 94 3125.98 .188
SMH 6.94 4 285.08 .096
PUBM 6.66 1 24.69 .269
LAD 6.41 5 306.11 .100
KRYS 6.33 1 58.38 .108
DPZ 6.30 12 469.39 .156
BLK 6.24 5 825.5 .035
SPLK 6.20 6 118.78 .312
W 6.04 9 156.02 .342
CAR 6.00 2 187.69 .062
ADBE 5.88 13 516.58 .143
EYPT 5.86 1 8.98 .652
MDB 5.57 9 384.59 .126
DUOL 5.53 4 87.7 .252
DDS 5.48 11 242.04 .242
KOSS 5.35 7 9.14 4.095
EJH 5.21 6 0.98 31.896
AZO 5.11 12 1945.89 .024
DE 4.88 11 375.9 .132
QQQ 4.69 3 366.48 .036
INTU 4.61 8 545.35 .064
WBX 4.49 2 12.39 .724
GKOS 4.45 1 51.76 .085
RGEN 4.41 7 189.58 .161
EEIQ 4.33 5 2.66 8.135
SE 3.92 20 167.83 .460
CARV 3.92 6 7.67 3.066
ZM 3.91 15 157.23 .360
WOLF 3.86 1 96.55 .039
GOOG 3.73 28 2713.04 .028
ANVS 3.73 6 14.02 1.596
EL 3.72 9 309.52 .108
SI 3.69 9 109.23 .297
IRTC 3.69 1 127.67 .028
GME 3.68 83 106.57 2.822
SNPS 3.62 7 312.14 .077
ABNB 3.59 10 154.58 .230
MA 3.58 7 360.73 .063
GPN 3.54 11 145.86 .264
XMTR 3.46 1 51.48 .067
EBET 3.45 6 12.72 1.626
UNH 3.38 13 462.52 .091
U 3.37 7 113.07 .203
DQ 3.36 7 42.75 .546
SCPS 3.34 7 1.3 17.983
TOST 3.31 2 24.2 .272
GLSI 3.27 5 18.88 .865
ZG 3.19 7 53.05 .420
IAC 3.19 7 131.8 .168
ROKU 3.14 8 166.49 .144
CMTL 3.13 1 21.58 .145
NEGG 3.07 20 7.61 8.060
GS 3.07 10 347.32 .080
MRNA 3.05 41 174.07 .697
THC 3.03 2 77.17 .078
IRNT 3.02 6 3.34 5.424
CCXI 3.00 4 29.49 .404
UPST 2.99 19 106.01 .532
ANTM 2.99 6 448.29 .036
SITM 2.97 7 216.99 .091
LII 2.97 6 290.77 .060
BKKT 2.95 2 4.98 1.184
ZLAB 2.93 7 51.97 .392
NEWR 2.93 6 105.59 .162
IWM 2.93 6 204.45 .084
DG 2.91 8 219.94 .104
NRXP 2.89 8 3.49 6.624
LLY 2.85 12 245.05 .132
TSLA 2.82 161 995.65 .322
ZS 2.76 10 253.11 .100
SAVA 2.73 29 41.17 1.914
JAN 2.73 6 3.145 5.208
PENN 2.65 10 43 .610
NVCR 2.63 10 64.18 .400
NCTY 2.63 5 5.54 2.370
DOCS 2.62 8 43.32 .480
QDEL 2.61 7 112.32 .161
OSTK 2.60 7 46.45 .385
BIGC 2.58 2 28.99 .176
WDAY 2.57 7 249.46 .070
ADGI 2.56 12 5.55 5.532
FULC 2.54 6 12.69 1.200
LSI 2.53 3 136.13 .054
INDP 2.52 5 5.12 2.460
LMT 2.51 11 377.33 .066
COST 2.46 16 490.16 .080
PWR 2.42 3 102.16 .069
AVXL 2.41 5 13.58 .885
DASH 2.39 11 131.76 .198
PEAR 2.37 1 4.31 .549
ENPH 2.35 9 134.58 .153
CPOP 2.34 5 1.56 7.500
ISIG 2.30 3 19.87 .345
CFLT 2.29 2 61.32 .074
SPY 2.27 4 451.75 .020
FLGT 2.27 6 69.24 .192
STE 2.26 5 231.86 .045
GRTS 2.25 7 5.53 2.842
BHVN 2.25 6 115.04 .114
AXON 2.25 1 132.55 .016
KMX 2.23 4 107.63 .080
SPB 2.21 1 93.14 .023
NUE 2.21 2 104.25 .042
ITCI 2.20 1 38.74 .056
HCA 2.20 4 245.33 .032
TPST 2.19 5 3.91 2.800
AMGN 2.19 6 231.3 .054
PKG 2.17 5 137.12 .075
CHGG 2.17 3 27.79 .234
PKI 2.16 4 176.8 .048
PDD 2.15 5 64.35 .165
LGVN 2.15 6 7.42 1.734
KEYS 2.15 5 180.45 .055
SEDG 2.14 9 232.09 .081
PYPL 2.14 9 173.55 .108
DLPN 2.14 5 6.05 1.765
CI 2.12 6 238.8 .048
ACRS 2.12 7 10.14 1.463
SNOW 2.11 12 282.56 .084
APPS 2.11 7 43.7 .336
HRI 2.10 5 158.12 .065
AUVI 2.10 10 1.86 11.290
ALEC 2.10 6 16.17 .774
BURL 2.07 9 224 .081
TSP 2.05 7 21.25 .672
AMEH 2.05 9 54.16 .333
ADSK 2.04 7 254.35 .056
BYND 2.00 6 63.2 .186
UHAL 1.98 9 647.23 .027
XAIR 1.97 1 7.42 .265
WSM 1.97 6 147.9 .078
AAME 1.97 5 2.5 3.940
RNXT 1.96 4 3.9605 1.976
CELH 1.96 7 45.09 .301
COHN 1.95 5 14.5289 .670
BNTX 1.93 32 161.66 .352
DIS 1.92 10 150.11 .120
ACIU 1.91 2 4.52 .844
LCID 1.90 13 40.03 .611
SNA 1.89 5 212.61 .040
RL 1.89 8 113.09 .128
MSGE 1.88 4 72.8 .100
CAT 1.88 10 221.66 .080
BIDU 1.88 118 154.48 1.416
AFRM 1.88 18 64.3 .522
TDG 1.87 4 630.25 .008
COF 1.87 4 151.61 .048
VLO 1.86 4 84.21 .088
TSRI 1.84 1 11.76 .156
ACMR 1.83 5 81.73 .110
MRIN 1.81 6 3.34 3.246
KNBE 1.80 7 21.49 .581
ROLL 1.78 7 196.76 .063
MYNZ 1.78 1 24.59 .072
CERE 1.78 7 25.89 .476
VRPX 1.77 9 2.8 5.688
RAPT 1.77 7 23.61 .518
DAVA 1.77 4 119.34 .056
XBI 1.75 6 93.5 .108
EA 1.75 6 136.91 .072
TASK 1.74 7 35.59 .336
LWAC 1.73 5 16.98 .505
WAVE 1.72 5 4.7 1.825
LAIX 1.72 4 0.5008 13.736
DLTR 1.72 11 131.32 .143
LIN 1.71 11 322.19 .055
TSCO 1.70 10 220.66 .070
IMPL 1.70 5 8.2 1.035
DOCN 1.70 12 56.61 .360
NNOX 1.69 5 10.66 .790
KYMR 1.69 2 38.74 .086
SQ 1.68 24 128.14 .312
PAYX 1.68 4 121.27 .052
ROG 1.67 1 273.04 .006
AN 1.67 8 106.83 .120
NMRD 1.66 4 4.2 1.580
VVOS 1.65 6 2.3 4.302
TMUS 1.65 10 105.38 .150
NVOS 1.65 5 1.34 6.155
CREE 1.64 5 79.12 .100
AMAT 1.64 9 143.07 .099
TRI 1.63 4 107.34 .060
LVS 1.63 1 43.92 .037
JZXN 1.63 4 1.38 4.724
NVTS 1.62 2 10.39 .310
GRU 1.62 1 5.035 .321
EVA 1.62 2 74.98 .042
CLDX 1.61 3 30.32 .159
PLCE 1.60 4 68.3 .092
STMP 1.59 4 329.61 .016
LH 1.59 9 272.02 .045
TMX 1.58 3 42.1 .111
LHDX 1.58 4 5.42 1.164
XLNX 1.57 16 189.09 .128
RLMD 1.57 4 19.26 .324
GH 1.57 8 72 .168
CARA 1.57 2 11.94 .262
DPW 1.56 5 1.6 4.875
AMD 1.56 31 128.27 .372
UTHR 1.55 5 205.07 .035
TSC 1.55 1 30.68 .050
IRDM 1.55 4 35.52 .172
CRNC 1.55 4 63.51 .096
BLFS 1.55 1 29.25 .052
CPE 1.54 7 52.4 .203
CHCI 1.54 3 5.14 .897
TERN 1.53 4 5.81 1.052
SIEB 1.53 5 2.15 3.555
DLO 1.53 5 27.07 .280
MRAM 1.52 3 8.86 .513
FISV 1.52 7 106.05 .098
TTWO 1.51 8 163.36 .072
SNOA 1.51 4 4.35 1.388
WAFU 1.50 4 3.5437 1.692
BTCS 1.50 1 6.48 .231
RBLX 1.49 16 76.16 .304
KTTA 1.49 1 1.3 1.146
CNC 1.49 5 77.61 .095
BCYC 1.49 3 46.63 .093
AACG 1.49 7 1.82 5.726
ZIM 1.48 11 61.53 .264
STT 1.48 3 93.88 .045
ADI 1.48 5 163.06 .045
VRTX 1.47 2 230.84 .012
NURO 1.47 11 5.45 2.959
FGEN 1.47 3 13.4 .327
EDIT 1.47 3 19.93 .219
VCVC 1.46 1 9.85 .148
JKS 1.46 6 45.5 .192
HTBX 1.46 2 2.9 1.006
DPST 1.46 4 58.18 .100
AAP 1.46 6 234.34 .036
SBEA 1.45 2 9.97 .290
KMB 1.45 10 142.68 .100
EYEG 1.45 1 1.95 .743
COIN 1.45 11 219.5 .066
BTBT 1.45 10 5.02 2.880
BBY 1.45 7 99.35 .098
KALV 1.44 8 11.77 .976
FATE 1.44 4 39.31 .144
LANC 1.43 2 164.25 .016
CRM 1.43 15 226.27 .090
TTC 1.42 5 98.9 .070
IMNM 1.42 4 8.78 .644
RMBL 1.41 3 36.09 .117
HOOD 1.41 14 13.89 1.414
TWTR 1.40 6 37.35 .222
JCS 1.40 3 2.32 1.809
HX 1.40 6 2.24 3.750
HON 1.40 8 210.73 .048
ESTC 1.40 9 89.23 .135
VERY 1.39 4 6.77 .820
FANG 1.39 8 125.71 .088
EOSE 1.39 2 5.02 .552
APP 1.39 11 70.12 .209
TNET 1.38 1 84.38 .016
EXPI 1.38 6 26.49 .312
BLDR 1.38 7 72.63 .133
TWST 1.37 7 55.21 .168
LIVE 1.37 3 26.9106 .150
ECOM 1.37 1 21.01 .065
V 1.35 12 214.68 .072
TAOP 1.35 3 1.71 2.367
NXPI 1.35 8 210.95 .048
WNW 1.34 1 1.9 .705
J 1.33 4 128.98 .040
GRVY 1.33 7 64.5 .140
FIGS 1.33 6 21.6 .366
CVS 1.33 5 103.45 .060
COUR 1.32 2 20.49 .128
VIH 1.31 1 9.36 .139
TJX 1.31 6 68.51 .114
ROST 1.31 6 99.03 .078
KSS 1.31 11 51.83 .275
BFRI 1.31 6 4.15 1.890
ABCL 1.31 1 9.42 .139
A 1.31 10 140.43 .090
UHS 1.30 4 129.42 .040
LITE 1.30 3 99.44 .039
JG 1.30 3 0.9321 4.182
GWRE 1.30 5 101.66 .060
BNR 1.30 3 9.26 .420
OLLI 1.29 2 45.61 .056
ATAI 1.29 2 5.58 .462
APPN 1.29 4 53.26 .096
FRD 1.28 1 10.48 .122
BILI 1.28 23 37.72 .759
RHE 1.27 2 3.99 .636
NFE 1.27 1 22.86 .055
HJLI 1.27 1 10.38 .122
ATVI 1.27 6 82.15 .090
APXT 1.27 1 12.11 .104
DOMO 1.26 4 42.86 .116
DELL 1.26 9 57.96 .189
THCB 1.25 1 10 .125
SPT 1.25 6 64.28 .114
OPAD 1.25 4 3.9 1.280
NGM 1.25 2 14.98 .166
BYSI 1.25 5 3.55 1.760
SJ 1.24 4 6.01 .824
RSKD 1.24 2 6.32 .392
PBTS 1.24 1 0.398 3.115
LPX 1.24 3 68.49 .054
LEDS 1.24 3 3.74 .993
EDSA 1.24 1 4.64 .267
CMMB 1.24 2 5.93 .418
BNTC 1.24 3 2.57 1.446
ANPC 1.24 2 1.09 2.274
ALXN 1.24 4 182.5 .024
YETI 1.23 5 69.5 .085
TAP 1.23 2 50.24 .048
NVDA 1.23 167 250.67 .668
LAW 1.23 3 30.14 .120
HOG 1.23 5 35.54 .170
ANET 1.23 1 125.31 .009
RCUS 1.22 1 33.5 .036
LYFT 1.22 6 36.91 .198
EYES 1.22 6 1.44 5.082
DDL 1.22 2 6.1 .400
BZ 1.22 3 28.18 .129
BRLT 1.22 5 11.36 .535
PFGC 1.21 3 45.86 .078
OSAT 1.21 3 3.69 .981
LYEL 1.21 3 5.56 .651
HGEN 1.21 3 2.65 1.368
EAT 1.21 3 34.46 .105
ARAV 1.21 1 2.36 .512
AKAM 1.21 5 113.17 .050
WHLM 1.20 4 4.73 1.012
MMM 1.20 7 178.48 .042
MARA 1.20 21 24.85 1.008
CRIS 1.20 2 3.33 .720
CLX 1.20 5 181.13 .030
CETX 1.20 1 0.784 1.530
AMTX 1.20 3 9.5 .378
TVTX 1.19 3 25.89 .135
SGOC 1.19 9 6.2 1.719
DKS 1.19 20 114.36 .200
MQ 1.18 7 12.54 .658
DFH 1.18 1 18.13 .065
BIIB 1.18 9 230.81 .045
AMC 1.18 61 18.32 3.904
WYNN 1.17 6 89.06 .078
VMW 1.17 9 124.21 .081
TSM 1.17 6 131.01 .048
TDC 1.17 5 42.31 .135
STZ 1.17 4 242.81 .016
SKT 1.17 3 18.3 .189
MVIS 1.17 5 3.45 1.695
VOXX 1.16 3 9.97 .348
SIF 1.16 1 6.55 .177
NTAP 1.16 4 89.41 .048
LAZR 1.16 5 13.45 .430
WGO 1.15 3 72.03 .045
RACE 1.15 15 239.08 .060
QCOM 1.14 16 172.47 .096
HCWB 1.14 2 2.07 1.100
AVIR 1.14 3 6.88 .495
VNET 1.13 3 9.31 .363
VIR 1.13 8 34 .264
STG 1.13 1 6.52 .173
CAH 1.13 6 52.07 .126
BTX 1.13 2 2.92 .772
TGT 1.12 16 223.84 .080
HD 1.12 23 359.69 .069
ARDS 1.12 1 1.41 .794
SHEN 1.11 3 23.21 .141
SEMR 1.11 3 17.17 .192
PMCB 1.11 3 2.28 1.458
CTRN 1.11 5 56.49 .095
CNET 1.11 1 0.8447 1.314
ALLO 1.11 2 11.68 .190
XM 1.10 3 26.59 .123
OPTT 1.10 1 1.2 .916
MRUS 1.10 3 26.52 .123
JRVR 1.10 3 27.91 .117
IMMX 1.10 2 5.66 .388
XTLB 1.09 2 2.75 .792
SKX 1.09 4 43.44 .100
HHR 1.09 12 38.37 .336
FOSL 1.09 2 10.25 .212
ALDX 1.09 2 3.54 .614
SPCE 1.08 25 9.09 2.950
SFIX 1.08 3 15.94 .201
MTSL 1.08 3 3.37 .960
FCBP 1.08 1 29.1 .037
B 1.08 1 46.56 .023
AZYO 1.08 1 6.375 .169
ALF 1.08 2 1.86 1.160
ABSI 1.08 3 6.8 .474
SMLP 1.07 2 24.11 .088
HALO 1.07 2 33.75 .062
AXP 1.07 6 161.39 .036
ATKR 1.07 4 99.97 .040
VYGR 1.06 2 2.94 .720
JPM 1.06 15 148.93 .105
IBM 1.06 11 131.58 .088
C 1.06 5 64.24 .080
XLY 1.05 7 189.32 .035
SCR 1.05 5 35.58 .145
PTGX 1.05 3 34.27 .090
CELC 1.05 3 11.72 .267
RUN 1.04 6 27.71 .222
PRTA 1.04 9 36.13 .252
OCGN 1.04 12 3.73 3.336
NETE 1.04 2 13.09 .158
KURA 1.04 4 12.75 .324
IPA 1.04 2 6.2 .334
FSTX 1.04 1 4.07 .255
AUPH 1.04 10 18.54 .560
TSN 1.03 5 92.71 .055
KMPH 1.03 3 7.68 .402
MFNC 1.02 2 21.5 .094
INMD 1.02 6 44.92 .132
GIII 1.02 5 27.06 .185
ZCMD 1.01 1 1.83 .551
SCHW 1.01 6 91.51 .066
MOXC 1.01 6 2.56 2.364
LL 1.01 1 15.69 .064
FUBO 1.01 3 11.94 .252
EGRX 1.01 2 46.4 .042
PINS 1.00 4 31.64 .124
OMER 1.00 1 5.16 .193
HGSH 1.00 3 1.79 1.674
UAL .99 3 44.4 .066
DNA .99 2 5.04 .392
DKNG .99 6 21.4 .276
CM .99 9 130.62 .063
ARVN .99 9 64.42 .135
ACY .99 19 9.39 1.995
TRCH .98 2 4.95 .394
NFLX .98 104 515.86 .104
MYGN .98 2 26.68 .072
MCD .98 8 255.22 .024
MBOT .98 2 6.27 .312
JWN .98 4 21.82 .176
IMTX .98 4 11.24 .348
HOFV .98 2 1.33 1.472
SAFM .97 2 188.35 .010
RRGB .96 2 15.36 .124
JNJ .96 7 166.58 .035
IMAB .96 6 32.75 .174
FA .96 1 17.25 .055
AZPN .96 4 149.92 .024
SUPN .95 2 29.15 .064
SPG .95 9 148.59 .054
BTWN .95 1 9.81 .096
BPTH .95 2 3.85 .492
AGRI .95 5 1.63 2.910
HAS .94 6 99.13 .054
ENOB .94 5 5.27 .890
UPS .93 9 203.76 .036
TGTX .93 3 14.25 .195
NIU .93 4 15.1 .244
LIFE .93 4 6.5 .572
PLUG .92 9 20.99 .387
OKE .92 3 60.21 .045
MNST .92 5 86.73 .050
LBPH .92 1 4.77 .192
KNL .92 1 25.04 .036
YEXT .91 1 8.47 .107
SSY .91 3 1.45 1.881
OTIS .91 5 83.1 .050
BIG .91 3 40.85 .066
AIT .91 2 97.25 .018
ZEV .90 5 5.12 .875
VSCO .90 7 53.5 .112
OVV .90 5 39.24 .110
GEG .90 1 2.11 .426
DXC .90 3 32.01 .084
CRTO .90 1 34.56 .026
SPI .89 4 3.03 1.172
BKE .89 6 36.12 .144
ACHL .89 1 4.23 .210
TTD .88 18 69 .216
RTX .88 3 89.7 .027
MOLN .88 4 27.92 .124
GMBL .88 2 2.84 .618
GDEV .87 3 7.6 .342
DTSS .87 1 1.22 .713
TTCF .86 2 13.82 .124
MDT .86 10 107.76 .070
KODK .86 2 4.29 .400
GE .86 6 100.62 .048
APT .86 2 5.18 .332
WMT .85 20 143.94 .100
VMEO .85 2 14.58 .116
SRNE .85 1 4.31 .197
STX .84 10 102.36 .080
PTIX .84 2 1.21 1.388
NLS .84 2 5.52 .304
MO .84 4 50.09 .064
ISPC .84 8 5.39 1.240
HOL .84 3 12.35 .204
FL .84 5 44.21 .095
CLII .84 3 14.36 .174
APOP .84 5 13.17 .315
TNA .83 5 65.11 .060
ROIV .83 1 6.92 .119
MAXR .83 4 27.05 .120
LEGN .83 7 40.35 .140
IRBO .83 1 37.53 .022
CNA .83 1 45.38 .018
BLUW .83 2 9.63 .172
AEO .83 4 22.92 .144
SONO .82 6 26 .186
SANA .82 1 9.16 .089
MNSO .82 1 9.66 .084
FITB .82 3 47.97 .051
BGFV .82 11 19.2 .462
XLK .81 13 159.52 .065
USB .81 7 57.37 .098
SPRT .81 20 11.8 1.360
MBRX .81 2 1.71 .946
GDYN .81 2 28.28 .056
BABA .81 100 127.74 .600
SYPR .80 4 2.22 1.440
NKE .80 11 145.11 .055
GTEC .80 4 5.38 .592
DD .80 4 81.58 .036
CYTK .80 6 31.71 .150
BZUN .80 2 13.02 .122
ASAN .80 16 53.08 .240
SWI .79 1 13.63 .057
PNRG .79 1 78.8785 .010
LUV .79 8 44.43 .136
ERYP .79 4 2.17 1.456
BBBY .79 17 13.7 .969
ZY .78 3 5.16 .453
PTON .78 6 31.84 .144
IPHA .78 4 4.3 .724
GNOG .78 1 7.77 .100
CAI .78 1 56 .013
QFIN .77 9 20.41 .333
PLTR .77 2 14.56 .104
OLB .77 3 1.87 1.233
FUV .77 2 6.89 .222
ENTX .77 2 2.61 .590
BJ .77 9 59.4 .108
ALYA .77 4 2.65 1.160
VLDR .76 2 3.65 .416
NBRV .76 1 0.501 1.516
MOS .76 5 41.94 .090
GROM .76 2 1.86 .816
ABT .76 12 126.05 .072
JBL .75 6 66.85 .066
FLWS .75 4 23.19 .128
SCKT .74 4 3.8 .776
MS .74 10 95.73 .070
MNOV .74 3 2.39 .927
LOGI .74 8 79.39 .072
JD .74 13 72.3 .130
GTIM .74 1 4.58 .161
GRVI .74 3 4.04 .549
EVOL .74 2 2.11 .700
BB .74 12 8.93 .984
ATXI .74 1 0.8298 .891
ABBV .74 8 135.21 .040
UPC .73 3 1.63 1.341
SQBG .73 2 6.24 .232
RIOT .73 6 17.49 .246
OPNT .73 4 25.97 .112
NVFY .73 3 1.76 1.242
LI .73 7 29.26 .168
GM .73 5 56.24 .060
COP .73 10 87.28 .080
RMED .72 6 1.21 3.570
RETO .72 2 2.16 .666
PG .72 13 162 .052
DEN .72 4 74.98 .036
CRMT .72 9 95.87 .063
BTCM .72 4 3.38 .852
BBLG .72 3 3.11 .693
ARPO .72 1 2.2 .327
ZKIN .71 2 1.45 .978
UBER .71 6 37.86 .108
RFL .71 5 4.35 .815
PALI .71 3 1.19 1.788
DAL .71 7 38.82 .126
TBLA .70 1 9.85 .071
ORGS .70 1 2.54 .275
OCX .70 1 1.66 .421
IGIC .70 3 7.85 .267
DDD .70 12 18.54 .444
CRCT .70 4 20.46 .136
VRNT .69 5 53.57 .060
SLS .69 4 5.46 .504
FTEK .69 3 1.21 1.710
ASM .69 1 0.9034 .763
APRE .69 3 2.45 .843
STEM .68 6 13.83 .294
RIDE .68 7 2.88 1.652
ONCS .68 1 0.8426 .807
CGC .68 3 7.64 .267
XONE .67 2 26.7 .050
SKLZ .67 4 5.52 .484
PPSI .67 9 6.83 .882
PLD .67 5 153.59 .020
NPTN .67 1 14.9 .044
JRJC .67 3 6.44 .312
FTCH .67 6 24.1 .162
CLNE .67 1 5.73 .116
ACH .67 1 14.7 .045
VIPS .66 1 9.14 .072
GLD .66 13 172.08 .039
CTKB .66 1 13.97 .047
ATNF .66 4 2.895 .908
AMOM .66 1 30.57 .021
TATT .65 3 6.26 .309
STRO .65 2 10.37 .124
NEE .65 6 82.59 .042
MESO .65 2 4.52 .286
LMNL .65 3 1.1 1.770
IONQ .65 7 11.79 .385
FB .65 108 319.59 .216
SLGG .64 2 2.06 .620
SDC .64 2 2.11 .606
LZB .64 2 33.92 .036
LOW .64 14 234.7 .028
DVAX .64 2 12.73 .100
LEXX .63 4 4.65 .540
FLOW .63 4 85.49 .028
CHKP .63 8 124.88 .040
CANF .63 2 1.29 .976
ARCE .63 3 19.51 .096
TQQQ .62 145 64.37 1.305
LJPC .62 2 4.55 .272
ISEE .62 4 13.06 .188
HCM .62 6 29.73 .120
CUE .62 1 9.08 .068
BON .62 3 3.25 .570
BLPH .62 1 2.73 .227
ASTR .62 5 5.1 .605
AREC .62 5 1.97 1.570
APG .62 2 23.01 .052
WM .61 11 155.08 .033
VGR .61 1 11.59 .052
VALN .61 7 47.52 .084
SOS .61 2 0.7901 1.544
MVST .61 6 5.39 .678
ENSC .61 4 3.1 .784
AMBO .61 1 0.82 .743
PSTV .60 1 0.97 .618
KZR .60 3 12.72 .141
EVK .60 6 2.22 1.620
CEMI .60 8 1.01 4.752
AYRO .60 2 1.31 .916
AMRS .60 1 4.71 .127
AA .60 14 59.63 .140
SPTN .59 4 24.98 .092
IS .59 2 6.72 .174
YMM .58 2 8.32 .138
WPRT .58 2 1.94 .596
WISH .58 3 2.45 .708
STAF .58 2 0.8581 1.350
M .58 17 25.27 .374
IFRX .58 3 4.04 .429
ICCM .58 1 2.23 .260
CSIQ .58 4 26.4 .084
BRTX .58 1 3.82 .151
ALC .58 12 78.25 .084
WEI .57 1 0.5298 1.075
SNAP .57 113 35.05 1.808
SBTX .57 1 4.53 .125
PRFX .57 4 1.28 1.780
ORPH .57 4 2.27 1.004
LAC .57 15 27.62 .300
EZFL .57 1 1.18 .483
CLPS .57 1 2 .285
CLPS .57 1 2 .285
VTSI .56 4 6.44 .344
UAA .56 4 18.8 .116
SJM .56 15 143.4 .045
RY .56 8 117.48 .032
OLN .56 3 52.18 .030
OBLN .56 3 3.05 .549
MTP .56 1 1.12 .500
LODE .56 3 1.61 1.041
EAR .56 1 5.15 .108
CYAD .56 1 3.71 .150
BFLY .56 2 6.22 .180
VNE .55 6 35.33 .090
RSI .55 2 10.19 .106
MOSY .55 2 4.5 .244
MAT .55 7 22.13 .168
LOOP .55 5 8.95 .305
FLXN .55 1 9.12 .060
EOLS .55 1 5.29 .103
WHLR .54 2 1.67 .646
VOOV .54 2 150.07 .006
MPC .54 4 73.35 .028
INTC .54 7 53.62 .070
GPS .54 7 16.65 .224
ENZ .54 2 3.17 .340
CALT .54 4 22.27 .096
BCRX .54 13 14.54 .481
ADMA .54 1 1.42 .380
TBIO .53 3 37.36 .042
PCVX .53 3 17.63 .090
NIO .53 77 28.63 1.386
MEDS .53 5 2.2 1.200
HUYA .53 4 7.13 .296
HPQ .53 6 36.6 .084
EQ .53 1 3.86 .137
CHPT .53 4 14.24 .148
BBWI .53 6 55.57 .054
SILK .52 7 32.72 .105
ANF .52 3 34.14 .045
RCON .51 2 1.08 .944
OCUP .51 2 3.39 .300
MU .51 12 90 .060
MSFT .51 119 303.33 .119
LEN .51 9 96.86 .045
GFAI .51 2 1.14 .894
DYAI .51 3 4.04 .378
CPSH .51 1 3.57 .142
CCJ .51 16 21.82 .368
BLU .51 3 5.81 .261
TIGR .50 8 4.56 .872
PSTG .50 5 26.12 .095
PATI .50 2 8.15 .122
MDIA .50 3 6.26 .237
CROX .50 13 113.52 .052
CBAT .50 3 1.17 1.281
BEKE .50 4 22.71 .088
WFC .49 9 55.57 .072
SOFI .49 9 13.71 .315
RKDA .49 1 0.97 .505
RELI .49 8 8 .488
NTRB .49 4 6.41 .304
NRBO .49 2 1.22 .802
IGC .49 3 0.99 1.482
GP .49 3 6.53 .225
GEVO .49 4 3.77 .516
ENLV .49 2 5.8 .168
ECHO .49 1 48.24 .010
BAC .49 7 46.44 .070
ATHM .49 3 36.49 .039
ARMP .49 1 5.47 .089
NNDM .48 3 3.36 .426
KIRK .48 3 16.74 .084
EPU .48 3 34.1 .042
TRIL .47 1 18.44 .025
TLRY .47 4 5.97 .312
SPRB .47 3 2.76 .510
SOHU .47 6 17.34 .162
PEP .47 8 175.21 .016
EXPR .47 5 3.03 .775
DARE .47 1 1.61 .291
BODY .47 2 1.8 .522
AMKR .47 3 22.56 .060
XPEV .46 84 43.8 .840
UFAB .46 2 1.95 .470
SYTA .46 5 1.54 1.490
SM .46 5 33.68 .065
NTEC .46 4 9.63 .188
MARK .46 4 0.8548 2.152
KO .46 9 61 .063
KBSF .46 2 3.05 .300
GURE .46 1 4.16 .110
EQOS .46 1 1.96 .234
DUK .46 11 102.17 .044
CVV .46 2 4.8 .190
VERU .45 4 5.31 .336
TYME .45 4 0.597 3.012
TME .45 1 6.82 .065
ONCT .45 2 2.06 .436
NXGL .45 1 2.9 .155
EVGO .45 8 8.34 .424
CCL .45 5 21.22 .105
ADIL .45 2 2.51 .358
WORX .44 4 1.28 1.372
STN .44 3 53.16 .024
NNVC .44 3 2.68 .492
MTTR .44 15 11.91 .540
MRVL .44 10 76.89 .050
LESL .44 2 21.06 .040
GALT .44 3 2.01 .654
FFHL .44 2 7.93 .110
DWSN .44 2 2.3302 .376
DNUT .44 10 15.29 .280
WOOF .43 3 17.74 .072
PFE .43 19 53.54 .152
HOLI .43 1 14.2 .030
GAME .43 1 2.75 .156
EVGN .43 1 1.39 .309
CAN .43 4 5.14 .332
ATIF .43 1 4.34 .099
HRC .42 6 155.96 .012
HMHC .42 4 17.37 .096
DTST .42 6 3.17 .792
CTSO .42 4 3.42 .488
BWAY .42 3 7.77 .162
ARMK .42 4 34.49 .048
SRNG .41 1 11.42 .035
SLB .41 6 37.1 .066
RKT .41 2 13.26 .060
PDCO .41 4 27.84 .056
KZIA .41 2 7.43 .110
HNST .41 3 6.51 .186
GTT .41 1 2.36 .173
BLIN .41 8 1.94 1.688
AUUD .41 7 1.74 1.645
ACOR .41 4 1.8 .908
YJ .40 2 0.5782 1.382
LIZI .40 4 1.49 1.072
GRTX .40 4 2.78 .572
FCX .40 26 44.08 .234
FBRX .40 1 1.53 .261
DUOT .40 1 5.39 .074
CTIB .40 5 1.18 1.690
CHRA .40 1 5.66 .070
MT .39 5 35.62 .050
IYC .39 4 77.55 .020
EQT .39 3 22.2 .051
CSCW .39 2 0.4687 1.664
CRTD .39 7 1.97 1.379
BDTX .39 1 4.05 .096
AQMS .39 3 0.9704 1.203
XOM .38 10 73.11 .050
SBH .38 3 17.88 .063
RDUS .38 1 6.38 .059
OVID .38 2 3.04 .250
OTLK .38 2 1.29 .588
MRTN .38 3 16.47 .069
K .38 14 66.6 .070
GPK .38 2 19.4 .038
ANIX .38 1 3.24 .117
VTNR .37 10 4.74 .780
UONE .37 7 4.79 .539
MRK .37 12 81.29 .048
HUGE .37 1 1.03 .359
GT .37 6 22.49 .096
DRN .37 13 23.72 .195
CRDF .37 4 4.55 .324
CHMA .37 2 3.76 .196
XLF .36 4 39.25 .036
UAVS .36 3 1.3 .828
MRKR .36 1 0.8396 .428
MITQ .36 1 1.52 .236
JFIN .36 2 2.06 .348
IDEX .36 4 1.05 1.368
GOVX .36 7 2.64 .952
GNLN .36 2 0.8299 .866
CLF .36 14 19.55 .252
BNGO .36 12 2.32 1.860
AKTX .36 1 1.43 .251
ADMP .36 1 0.6093 .590
ACB .36 3 4.86 .222
VXX .35 4 20.36 .068
ORMP .35 19 10.59 .627
ORGO .35 2 7.72 .090
ON .35 12 59.01 .060
LMFA .35 5 4.04 .430
KHC .35 6 37.22 .054
CSCO .35 14 58.9 .070
CLSD .35 3 2.11 .495
CIFR .35 3 3.08 .339
BSQR .35 13 1.6 2.834
AESE .35 1 1.73 .202
XELB .34 2 1.15 .590
TRIT .34 5 2 .850
SSNT .34 2 4.02 .168
NKLA .34 18 8.63 .702
HWCC .34 1 5.3 .064
CYTH .34 1 4.04 .084
NUAN .33 3 55.24 .015
ME .33 7 4.81 .476
LICY .33 2 8.15 .080
IMMR .33 6 5.16 .378
HNP .33 2 22.47 .028
GTS .33 1 35.58 .009
EPAY .33 4 56.37 .020
CIEN .33 21 68.21 .084
BHTG .33 1 0.837 .394
WATT .32 2 1.11 .576
TAL .32 2 3.59 .178
SPCB .32 2 0.481 1.330
SGBX .32 3 2.25 .426
PRPL .32 6 9.38 .204
PHUN .32 17 2.83 1.921
MINM .32 2 1.25 .512
FOE .32 2 21.63 .028
CORT .32 2 17.89 .034
CL .32 9 84.06 .027
AAPL .32 112 166.23 .112
AAL .32 9 17.31 .162
WINT .31 3 1.46 .636
VZ .31 4 53.5 .020
ULBI .31 2 5.48 .112
SCYX .31 4 5.42 .228
DMAC .31 2 2.93 .210
DBGI .31 6 1.33 1.398
AEY .31 1 1.35 .229
TESS .30 3 5.99 .150
OXBR .30 5 5.32 .280
LGHL .30 4 1.1 1.088
LC .30 13 21.92 .169
HAPP .30 1 0.5128 .585
ENG .30 3 1.06 .849
CLSK .30 1 7.13 .042
BRG .30 3 26.53 .033
AUTL .30 3 4.14 .216
ACI .30 14 29.37 .140
NEXT .29 4 2.46 .468
HUSN .29 4 2.41 .480
EFOI .29 4 2.04 .568
ALTO .29 5 5.03 .285
AFMD .29 3 4.26 .204
RF .28 3 23.65 .033
ORCL .28 37 83.38 .111
MLCO .28 1 11.08 .025
MITO .28 1 0.8498 .329
KR .28 21 48.58 .105
FLO .28 6 28.93 .054
CLOV .28 2 2.78 .200
APTO .28 4 1.22 .916
XLV .27 9 131.65 .018
WIMI .27 4 3 .360
RSLS .27 4 1.51 .712
NAOV .27 11 0.8844 3.355
INCY .27 5 74.78 .015
GSM .27 7 5.38 .350
FENC .27 2 4.48 .120
ENVB .27 3 0.6732 1.203
ZGNX .26 1 25.92 .010
VIVE .26 2 1.1 .472
PPBT .26 1 3.66 .071
PME .26 1 0.68 .382
JQUA .26 1 42.7 .006
GIS .26 14 69.15 .042
BBIG .26 22 4.53 1.254
AXLA .26 2 1.83 .284
VCLO .25 1 12.45 .020
PBLA .25 1 1.71 .146
HITI .25 1 4.37 .057
AVCT .25 6 1.42 1.056
RAIL .24 4 3.69 .260
PLG .24 3 1.98 .363
MOGO .24 4 2.39 .400
IKT .24 1 1.54 .155
GBR .24 1 2.62 .091
CPIX .24 4 3.64 .260
CONE .24 3 89.21 .006
UWMC .23 4 5.5 .164
PIRS .23 7 3.46 .462
NXE .23 2 4.34 .104
IMRN .23 1 3.84 .059
ERJ .23 16 15.03 .240
BCLI .23 2 3.32 .138
AZN .23 17 59.48 .051
XLE .22 11 64.3 .033
THTX .22 1 2.88 .076
SSKN .22 1 1.52 .144
SLV .22 7 22.37 .063
PBR .22 12 12.61 .204
JFU .22 3 1.06 .621
INOV .22 2 41.06 .010
FFIE .22 2 5.03 .086
DYNT .22 5 0.9229 1.190
BIOC .22 4 3.14 .280
ABUS .22 8 3.01 .584
VBLT .21 3 1.52 .414
TENX .21 1 0.7159 .293
SPWH .21 5 10.4 .100
ATOS .21 5 1.35 .775
ALZN .21 3 1.62 .387
ALAC .21 2 11.77 .034
ERF .20 5 11.61 .085
ENSV .20 1 0.8 .250
ANY .20 21 2.32 1.806
AEHR .20 34 11.7 .578
NBEV .19 1 0.7712 .246
MOMO .19 3 9.22 .060
FLGC .19 6 1.62 .702
COTY .19 8 8.59 .176
BKYI .19 2 2.19 .172
BGI .19 3 4.7 .120
VSH .18 3 21.13 .024
IRIX .18 4 5.4 .132
GNFT .18 7 4.57 .273
FCEL .18 131 4.3 5.371
CSPR .18 2 5.73 .062
BLNK .18 14 23.34 .098
TISI .17 1 0.7159 .237
PPC .17 2 27.89 .012
PETZ .17 4 0.4486 1.512
LIVX .17 2 3.07 .110
KXIN .17 6 1.02 .996
HRL .17 10 49.15 .030
GMTX .17 2 2.01 .168
AGNC .17 5 15.06 .055
SNES .16 2 0.9886 .322
OCG .16 4 5.13 .124
INFI .16 4 1.27 .500
IMMP .16 7 3.19 .350
HFBL .16 1 20.4 .007
GGAL .16 4 9 .068
ZNGA .15 4 9.02 .064
XLP .15 14 76.4 .014
VRS .15 2 26.68 .010
PBT .15 3 13.63 .033
IMV .15 2 1.23 .242
HIPO .15 3 2.25 .198
GSKY .15 2 10.32 .028
GRUB .15 3 10.63 .042
CREX .15 1 1.51 .099
CHNG .15 2 20.11 .014
XERS .14 1 2.34 .059
TTM .14 16 34.3 .064
SYKE .14 3 54 .006
OEG .14 1 1.75 .080
NXTP .14 1 0.6387 .219
INM .14 1 1.29 .108
IEC .14 1 15.34 .009
EDU .14 1 1.73 .080
VIEW .13 2 2.85 .090
SVBI .13 1 13.63 .009
SALM .13 5 3.04 .210
OSMT .13 4 1.11 .468
GENE .13 3 2.06 .189
VERB .12 8 1.18 .808
SBBP .12 2 2 .120
PSTX .12 1 4.88 .024
MGTX .12 2 16.48 .014
LTHM .12 19 23.11 .095
HDGE .12 3 25.37 .012
GSAT .12 2 0.9849 .242
CRON .12 5 3.59 .165
CHNR .12 4 0.9101 .524
BP .12 8 32.1 .024
AHPI .12 3 4.29 .081
UNIT .11 3 12.38 .024
TELL .11 9 2.98 .324
T .11 7 27.28 .028
SNMP .11 2 0.3925 .560
MRO .11 19 19.1 .095
MOHO .11 3 0.346 .951
GBS .11 1 1.6 .068
FENG .11 2 0.7593 .288
ET .11 6 9.59 .066
EKSO .11 2 2.48 .088
CALA .11 1 0.4944 .222
ACHV .11 2 8.24 .026
SLHG .10 1 0.976 .102
RAVN .10 3 58.08 .003
OBSV .10 6 1.83 .324
KDMN .10 4 9.5 .040
EDTK .10 2 1.2 .166
D .10 12 79.03 .012
CNFR .10 2 2.45 .080
CDEV .10 6 7.41 .078
YPF .09 3 4.09 .066
XELA .09 7 0.4718 1.330
WTER .09 2 1.13 .158
TEDU .09 2 2.03 .088
TAAG .09 1 20.9494 .004
SELF .09 1 5.93 .015
PRPO .09 3 1.43 .186
CXM .09 1 12.51 .007
AGEN .09 13 2.81 .416
AEMD .09 3 1.72 .156
AEI .09 2 0.43 .418
XPDI .08 14 9.6 .112
TEO .08 2 5.04 .030
RIG .08 7 3.41 .161
MBII .08 1 0.7007 .114
CLDR .08 1 15.99 .005
BQ .08 2 0.7 .228
VSTM .07 3 1.59 .132
SWN .07 4 4.57 .060
SSL .07 26 20.46 .078
NEPT .07 2 0.4111 .340
LMRK .07 2 16.49 .008
ITRO .07 1 1.27 .055
ITRN .07 3 25.56 .006
CPLG .07 1 15.66 .004
CPG .07 10 6.52 .100
BVXV .07 4 1.55 .180
XBIO .06 8 1.15 .416
VG .06 1 20.8 .002
SBS .06 12 6.55 .108
RRD .06 12 10.61 .060
KULR .06 8 2.44 .192
ESXB .06 2 11.3 .010
ENIC .06 1 2.02 .029
DBVT .06 12 1.63 .432
ADMS .06 2 8.22 .014
OXY .05 32 35.83 .032
OCG .05 13 5.13 .117
MFGP .05 9 5.95 .072
MDNA .05 8 1.54 .256
FRBK .05 1 3.7 .013
FAST .05 8 58.02 0
PSP .04 3 14.4 .006
NOK .04 6 5.74 .036
MTL .04 22 3.11 .264
CXP .04 1 19.28 .002
AVGR .04 7 0.3061 .910
VTGN .03 5 1.62 .090
VCAR .03 1 14.01 .002
SNDL .03 1 0.5209 .057
SIC .03 1 14.49 .002
IRCP .03 5 2.2 .065
FRO .03 21 7.08 .084
RVI .02 4 3.22 .024
RTLR .02 9 12.57 .009
RCAT .02 3 1.93 .030
NWHM .02 1 8.99 .002
KIN .02 2 9.25 .004
EIC .02 2 17.21 .002
DSE .02 1 9.49 .002
PMD .01 1 7.14 .001
LPTX .01 8 2.85 .024
INFL .01 2 30.91 0
IACB .01 3 7.95 .003
DFP .01 3 27.19 0
BEST .01 3 0.805 .036
WMPN 0 4 12.5 0
SLVO 0 6 5.24 0
QQC 0 2 30.718 0
QADB 0 4 87.54 0
PAE 0 1 9.99 0
ONON 0 1 51.42 0
NLSP 0 1 1.07 0
LHAA 0 1 9.7244 0
HWBK 0 1 25.89 0
ESLT 0 1 176.96 0
DVD 0 1 3.61 0
APWC 0 1 2.99 0
NSYS -.12 1 10.1201 -.011
