SHOP 32.80 7 1457 .154
DWAC 30.01 3 72.76 1.236
MSTR 14.75 8 717.13 .160
NVAX 13.77 9 150.62 .819
BKNG 10.17 8 2429.77 .032
SAM 9.40 7 496.61 .126
WBX 8.99 1 16.08 .559
AMZN 8.18 93 3446.57 .186
REGN 7.44 9 625.19 .099
W 7.31 7 250.51 .203
DUOL 7.27 3 172.83 .126
SIVB 7.01 8 710.49 .072
AZO 6.70 11 1780.1 .033
LAD 6.41 5 317.48 .100
BLK 6.24 5 935.48 .030
DDS 6.22 9 227.14 .243
MDB 5.88 8 504.62 .088
DPZ 5.62 11 479.33 .121
KOSS 5.35 7 16.51 2.268
BNTX 5.27 15 283.98 .270
EJH 5.21 6 2.69 11.616
SE 5.17 14 352.73 .196
SI 5.04 5 157.08 .160
THC 4.91 1 71.77 .068
DE 4.88 8 349.7 .104
UPST 4.74 17 330 .238
BKKT 4.57 1 25.6 .178
RGEN 4.41 7 290.02 .105
ZM 4.40 14 276.58 .210
EEIQ 4.33 5 4.02 5.385
FLGT 4.22 5 84.59 .245
SPLK 4.15 5 164.5 .125
ASML 4.13 11 813.19 .055
ADBE 4.10 6 639.28 .036
ROKU 4.06 6 320.56 .072
BIIB 4.00 5 264.87 .075
MRNA 3.93 31 347.92 .341
CARV 3.92 6 14.63 1.602
SEDG 3.89 5 351.58 .055
NRXP 3.86 6 10.3 2.244
GOOG 3.73 28 2922.58 .028
ANVS 3.73 6 26.53 .840
SNPS 3.69 6 326.78 .066
CCXI 3.66 3 34.38 .318
AFRM 3.62 11 161.89 .242
EVA 3.59 1 68.05 .052
MA 3.51 6 333.03 .060
EBET 3.45 6 27.65 .744
GPN 3.44 10 142.84 .240
ZLAB 3.42 6 105.19 .192
SITM 3.41 5 256.63 .065
LCID 3.40 1 35.48 .095
DQ 3.36 7 76.51 .301
SCPS 3.34 7 3.45 6.776
GLSI 3.27 5 35.51 .460
JAN 3.24 5 6.09 2.660
ADGI 3.21 7 32.45 .686
IAC 3.19 7 154 .140
ZG 3.17 5 100.56 .155
COST 3.15 6 490.53 .036
GRTS 3.14 5 10.94 1.435
ENPH 3.10 6 224.46 .078
CAT 3.09 7 204.09 .105
UNH 3.07 11 455.44 .066
NEGG 3.07 20 12.41 4.940
DOCS 3.04 6 69.21 .258
SAVA 3.02 26 44.46 1.742
IRNT 3.02 6 12.39 1.458
GME 2.99 82 182.85 1.312
ANTM 2.99 6 433.36 .036
LII 2.97 6 297.9 .054
ADSK 2.96 6 317.1 .054
IWM 2.93 6 228.11 .072
SNOW 2.91 8 348 .064
DLTR 2.90 5 107.28 .135
ZS 2.89 6 316.34 .054
GS 2.81 8 414.82 .048
CELH 2.77 5 97.74 .140
LLY 2.73 6 253.35 .060
LMT 2.70 10 331.39 .080
TSLA 2.64 149 1077.04 .298
NVCR 2.63 10 101.74 .250
NCTY 2.63 5 11.06 1.185
WDAY 2.61 5 286.74 .045
INTU 2.61 5 615.41 .020
OSTK 2.60 7 93 .189
AUVI 2.56 8 5.2 3.936
WSM 2.54 5 184.15 .065
PYPL 2.54 8 236.83 .080
FULC 2.54 6 23.51 .648
KEYS 2.52 4 179.35 .056
INDP 2.52 5 7.43 1.695
AVXL 2.41 5 18.11 .665
DASH 2.38 8 196 .096
RBLX 2.36 7 82.75 .196
CPOP 2.34 5 3.22 3.630
LIN 2.33 6 317.96 .042
VMW 2.32 5 152.31 .075
NXPI 2.32 5 199.9 .055
XBI 2.27 5 126.17 .085
AMGN 2.27 5 207.17 .050
HCA 2.20 4 250.67 .032
EA 2.20 3 140.23 .045
TPST 2.19 5 12.17 .895
PKG 2.17 5 138.8 .075
ASAN 2.17 8 131.83 .128
PDD 2.15 5 92.45 .115
DLPN 2.14 5 11.1 .960
AACG 2.14 5 2.25 4.755
DIS 2.12 7 169.68 .084
ACRS 2.12 7 16.73 .882
EL 2.10 6 325.5 .036
ALEC 2.10 6 22.15 .564
V 2.08 7 209.84 .063
ROST 2.08 4 112.97 .072
KNBE 2.06 5 23.05 .445
COIN 2.06 6 319.13 .036
BBY 2.06 5 121.12 .085
DG 2.03 4 220.92 .036
MRIN 2.01 5 6.51 1.540
UHAL 1.98 9 737.14 .018
AAME 1.97 5 4.11 2.395
SPT 1.96 5 122.47 .080
KMB 1.96 6 130.06 .090
RL 1.95 5 124.75 .075
MDT 1.95 5 121.27 .080
HON 1.95 6 218.48 .048
COHN 1.95 5 20.82 .465
ARVN 1.91 7 86.84 .147
MSGE 1.88 4 70.09 .104
TDG 1.87 4 628.39 .008
COF 1.87 4 152.5 .048
VLO 1.86 4 78.46 .092
LOW 1.83 7 231.76 .049
CI 1.83 5 215.75 .040
ACMR 1.83 5 105.85 .085
AAP 1.82 4 225 .032
LEGN 1.79 4 51.27 .136
TMUS 1.78 5 116.04 .075
ROLL 1.78 7 228.51 .049
CERE 1.78 7 41.4 .294
BIDU 1.78 117 168.71 1.170
VRPX 1.77 9 4.18 3.807
TSCO 1.77 8 210.09 .064
RAPT 1.77 7 32.78 .371
DAVA 1.77 4 159.02 .044
CTRN 1.77 4 74.85 .092
JKS 1.76 3 59.48 .087
TSP 1.75 5 39.63 .220
TASK 1.74 7 59.36 .203
DELL 1.74 6 110.08 .090
BHVN 1.74 4 140.74 .048
SQ 1.73 23 261.33 .138
LWAC 1.73 5 16.98 .505
WAVE 1.72 5 6.59 1.305
LAIX 1.72 4 0.93 7.396
IMPL 1.70 5 10.4 .815
CM 1.70 4 122.01 .052
TWTR 1.69 5 54.29 .155
NNOX 1.69 5 22.76 .370
KYMR 1.69 2 59.19 .056
BURL 1.68 8 275.86 .048
AN 1.67 8 120.86 .104
NMRD 1.66 4 6.175 1.072
NVOS 1.65 5 1.7104 4.820
ESTC 1.65 4 171.65 .036
FISV 1.64 6 98.53 .096
CREE 1.64 5 79.12 .100
A 1.64 7 155.76 .070
KSS 1.63 7 48.27 .231
JZXN 1.63 4 2.1 3.104
TTD 1.62 7 75.43 .147
CLDX 1.61 3 44.58 .108
TTC 1.60 4 95.15 .064
STMP 1.59 4 329.61 .016
LH 1.59 7 285.23 .035
HOOD 1.59 13 35.47 .572
LHDX 1.58 4 5.7 1.108
ABNB 1.58 6 171.7 .054
RLMD 1.57 4 23.39 .268
LYFT 1.57 4 46.92 .132
GTEC 1.57 2 5.81 .540
GH 1.57 8 118.19 .104
CNC 1.57 1 71.61 .021
CARA 1.57 2 16.95 .184
XLNX 1.56 8 180.84 .064
PAYX 1.56 1 123.36 .012
DPW 1.56 5 2.36 3.305
TSC 1.55 1 30.37 .051
IRDM 1.55 4 40.2 .152
CRNC 1.55 4 101.84 .060
BLFS 1.55 1 50.75 .030
FUV 1.54 1 10.91 .141
CHCI 1.54 3 4.44 1.038
XM 1.53 1 45.75 .033
TERN 1.53 4 9.18 .664
SIEB 1.53 5 3.16 2.420
FANG 1.53 5 109.01 .070
DLO 1.53 5 49.95 .150
OVV 1.51 2 38.27 .078
MVIS 1.51 4 8.99 .668
GRU 1.51 1 4.58 .329
WAFU 1.50 4 6.08 .984
UAL 1.50 1 46.01 .032
SUPN 1.50 1 29.52 .050
DKS 1.50 12 123.37 .144
AMD 1.50 11 121.16 .132
BCYC 1.49 3 53.74 .081
STT 1.48 3 98.82 .042
SEMR 1.48 2 23.23 .126
JRVR 1.48 2 31.99 .092
JNJ 1.48 2 162.85 .018
CPE 1.48 4 53.14 .108
ADI 1.48 5 172.46 .040
NURO 1.47 11 7.57 2.134
FGEN 1.47 3 11.13 .396
EDIT 1.47 3 38.15 .114
VCVC 1.46 1 9.85 .148
SFIX 1.46 2 34.09 .084
RACE 1.46 6 235.06 .036
LITE 1.46 2 82.1 .034
HTBX 1.46 2 5.47 .532
BYND 1.46 5 100.18 .070
EYEG 1.45 1 1.89 .767
MRUS 1.44 2 27.04 .106
KALV 1.44 8 17.57 .648
JD 1.44 5 80.92 .085
SNOA 1.43 3 5.89 .726
LANC 1.43 2 171.46 .016
ATKR 1.43 2 94.72 .030
TTWO 1.42 4 181.11 .028
TSN 1.42 4 81.01 .068
STE 1.42 4 232.94 .024
IMNM 1.42 4 22.85 .248
ATVI 1.42 3 78.88 .054
APPS 1.42 5 87.8 .080
RMBL 1.41 3 39.5 .105
SNA 1.40 4 205.81 .024
LAZR 1.40 3 16.37 .255
JCS 1.40 3 3.74 1.122
HX 1.40 6 4.51 1.860
CVS 1.40 3 88.62 .045
CRDF 1.40 1 6.06 .231
WGO 1.39 2 67.76 .040
VERY 1.39 4 7.96 .696
OPNT 1.39 3 23.17 .177
KURA 1.39 3 16.9 .246
JBL 1.39 2 60.02 .046
EOSE 1.39 2 11.12 .250
COUR 1.39 1 35.19 .039
TNET 1.38 1 100.17 .013
INCY 1.38 2 65.74 .040
EXPI 1.38 6 51.91 .156
TWST 1.37 7 121.66 .077
LIVE 1.37 3 31.377 .129
ECOM 1.37 1 24.98 .054
FATE 1.36 3 55.98 .072
TAOP 1.35 3 3.01 1.344
IBM 1.35 6 125.84 .060
BWAY 1.35 1 7.75 .174
WNW 1.34 1 3.42 .391
OLN 1.34 1 56.65 .023
CAH 1.34 4 47.72 .112
UBER 1.33 4 44.62 .116
PKI 1.33 3 177.33 .021
NLS 1.33 1 10.15 .131
MOXC 1.33 4 5.67 .936
GRVY 1.33 7 106.03 .084
VRNT 1.32 3 46.53 .084
TJX 1.32 4 65.2 .080
TDC 1.32 3 56.12 .069
AEO 1.32 2 24.2 .108
VIH 1.31 1 9.36 .139
SPY 1.31 1 458.32 .002
OCGN 1.31 8 10.48 1.000
ABCL 1.31 1 15.92 .082
UHS 1.30 4 126.17 .040
NEWR 1.30 4 78.24 .064
JG 1.30 3 1.49 2.616
GWRE 1.30 5 125.25 .050
BTBT 1.30 9 10.05 1.161
BNR 1.30 3 14.39 .270
BKE 1.30 3 41.55 .093
AUPH 1.30 4 29.96 .172
WM 1.29 6 157.5 .048
OLLI 1.29 2 68.43 .036
LI 1.29 3 33.41 .114
HOG 1.29 3 37 .102
DOCN 1.29 4 95.53 .052
APPN 1.29 4 97.41 .052
VSCO 1.28 4 51.08 .100
FRD 1.28 1 13.7 .093
BILI 1.28 22 76.45 .352
ABT 1.28 5 127.71 .050
YETI 1.27 4 95.15 .052
RHE 1.27 2 6.61 .384
NFE 1.27 1 30.56 .041
HJLI 1.27 1 10.38 .122
APXT 1.27 1 12.11 .104
SPCE 1.26 24 18.56 1.608
MQ 1.26 4 31.19 .160
MESO 1.26 1 6.01 .209
DOMO 1.26 4 87.7 .056
USB 1.25 4 60.93 .080
THCB 1.25 1 10 .125
RIOT 1.25 3 27.54 .135
OPAD 1.25 4 7.96 .628
NGM 1.25 2 18.94 .130
CHKP 1.25 6 118.73 .060
BYSI 1.25 3 14.17 .264
SJ 1.24 4 5.86 .844
PBTS 1.24 1 1.25 .992
LPX 1.24 3 61.54 .060
LEDS 1.24 3 7.55 .492
KMX 1.24 2 136.12 .018
EDSA 1.24 1 7.96 .155
CMMB 1.24 2 10.03 .246
BNTC 1.24 3 3.73 .996
ANPC 1.24 2 2.67 .928
ALXN 1.24 4 182.5 .024
TAP 1.23 2 43.86 .056
NVDA 1.23 147 249.41 .588
LAW 1.23 3 53.74 .066
J 1.23 3 139.28 .024
C 1.23 4 70.88 .068
RCUS 1.22 1 33.71 .036
EYES 1.22 6 2.7 2.706
DDL 1.22 2 27.85 .086
RTX 1.21 2 89.19 .026
PFGC 1.21 3 45.83 .078
OSAT 1.21 3 5.32 .681
LYEL 1.21 3 14.67 .246
HGEN 1.21 3 7.02 .516
HD 1.21 12 371.57 .036
EAT 1.21 3 42.58 .084
ARAV 1.21 1 3.63 .333
AMC 1.21 57 35.23 1.938
WHLM 1.20 4 5.48 .872
PG 1.20 7 142.68 .056
MMM 1.20 7 179.87 .042
MAXR 1.20 3 27.53 .129
JPM 1.20 12 170.36 .084
CRIS 1.20 2 6.71 .356
CETX 1.20 1 1.33 .902
AMTX 1.20 3 19.34 .186
AKAM 1.20 3 104.71 .033
TVTX 1.19 3 26.59 .132
SGOC 1.19 9 6.35 1.683
JWN 1.19 3 28.51 .123
PRTA 1.18 8 56.57 .160
ENOB 1.18 4 8.89 .528
DFH 1.18 1 16.15 .073
ZEV 1.17 4 8.3 .560
STZ 1.17 4 216.77 .020
SKT 1.17 3 16.9 .207
NIU 1.17 3 25.71 .135
CYTK 1.17 4 35.95 .128
CLSK 1.17 1 19.71 .059
VOXX 1.16 3 11.24 .309
SIF 1.16 1 7.75 .149
NTAP 1.16 4 89.71 .048
MAT 1.16 3 21.39 .162
LOGI 1.16 5 84.3 .065
HGSH 1.16 2 1.8 1.288
CLX 1.16 3 161.86 .021
AMEH 1.16 8 72.27 .128
AMAT 1.16 8 136.02 .064
ZIM 1.15 6 49.4 .138
UPS 1.15 7 213.9 .035
NTRB 1.15 2 6.08 .378
IMTX 1.15 3 13.55 .252
BZ 1.15 2 36 .062
HCWB 1.14 2 4.73 .482
DAL 1.14 4 39.15 .116
AVIR 1.14 3 11.96 .285
VNET 1.13 3 16.67 .201
STG 1.13 1 4.97 .227
SCHW 1.13 4 81.99 .052
PEP 1.13 5 161.62 .030
NUAN 1.13 1 55.1 .020
HAS 1.13 5 96.59 .055
BTX 1.13 2 8.49 .266
ABSI 1.13 1 14.3 .079
MNOV 1.12 2 3.5 .640
FIGS 1.12 5 33.15 .165
BZUN 1.12 1 17.78 .062
TGTX 1.11 1 31.58 .035
TGT 1.11 9 258.22 .036
SHEN 1.11 3 27.36 .120
PMCB 1.11 3 2.82 1.179
GIII 1.11 4 28.49 .152
DXC 1.11 2 32.63 .068
CNET 1.11 1 1.46 .760
ALLO 1.11 2 17.15 .128
RUN 1.10 5 56.02 .095
OPTT 1.10 1 2.19 .502
XTLB 1.09 2 3.8 .572
SKX 1.09 4 45.93 .092
LIFE 1.09 3 8.85 .369
GT 1.09 1 19.24 .056
ATAI 1.09 1 14.18 .076
ALDX 1.09 2 9 .242
MTSL 1.08 3 3.37 .960
FCBP 1.08 1 29.1 .037
B 1.08 1 41.04 .026
AZYO 1.08 1 5.8 .186
ALF 1.08 2 5.66 .380
TTCF 1.07 1 18.04 .059
SMLP 1.07 2 32.58 .064
GFAI 1.07 1 2.42 .442
BBBY 1.07 13 14.39 .962
VYGR 1.06 2 3.68 .576
SPI 1.06 3 5.25 .603
CRM 1.06 11 298.38 .033
BAC 1.06 4 47.78 .088
SCR 1.05 5 35.58 .145
PTGX 1.05 3 32.37 .096
PLD 1.05 4 146.67 .028
NETE 1.05 1 8.42 .124
MNST 1.05 4 84.9 .048
CELC 1.05 3 17.75 .177
OCUP 1.04 1 4.08 .254
IPA 1.04 2 6.69 .310
FSTX 1.04 1 6.9 .150
CANF 1.04 1 1.5 .693
LUV 1.03 4 47.24 .084
KMPH 1.03 3 10.05 .306
BLDR 1.03 2 58.24 .034
ALYA 1.03 3 2.79 1.107
MFNC 1.02 2 21.5 .094
AXP 1.02 5 174.61 .025
ZCMD 1.01 1 1.7 .594
MVST 1.01 4 8.41 .480
LL 1.01 1 18.12 .055
EGRX 1.01 2 52.49 .038
PINS 1.00 4 45.61 .084
MO 1.00 3 44.58 .066
IMAB 1.00 5 60.1 .080
DKNG 1.00 5 47.18 .105
FL .99 3 47.4 .060
DD .99 2 69.76 .028
ACY .99 19 46.1 .399
VTSI .98 2 8.04 .242
TRCH .98 2 4.95 .394
MYGN .98 2 31.99 .060
MCD .98 8 245.5 .024
HOFV .98 2 2.25 .870
UAA .97 2 22.13 .086
SKLZ .97 3 11.59 .249
MS .97 8 102.5 .072
RRGB .96 2 19.98 .096
HRI .96 4 180.07 .020
FA .96 1 19.84 .048
CRCT .96 2 27.62 .068
CHGG .96 2 58.09 .032
AZPN .96 4 154.91 .024
QDEL .95 4 132.66 .028
NEE .95 2 86.42 .020
BTWN .95 1 10.12 .093
BPTH .95 2 4.77 .398
AGRI .95 5 3.04 1.560
FTCH .94 2 39.35 .046
CGC .94 1 12.99 .072
HCM .93 4 30.07 .120
CHPT .93 1 24.16 .038
PLCE .92 3 83.96 .030
OKE .92 3 65.5 .042
LBPH .92 1 7.53 .122
KNL .92 1 25.04 .036
YEXT .91 1 12.85 .070
WFC .91 4 51.36 .068
SSY .91 3 2.47 1.104
SLS .91 3 8.68 .312
MTTR .91 5 19 .235
AIT .91 2 98.76 .018
GEG .90 1 1.9801 .454
CRTO .90 1 33.44 .026
ATNF .90 3 5.3 .507
YMM .89 1 14.74 .060
PLUG .89 8 37.11 .184
NKE .89 8 164.46 .040
ERYP .89 3 2.89 .921
ARCE .89 2 17.5 .100
ACHL .89 1 6.25 .142
OTIS .88 4 79.92 .044
KHC .88 2 36.48 .048
GM .87 3 54.24 .048
GDEV .87 3 8.81 .294
DTSS .87 1 2.12 .410
AFMD .87 1 6.63 .131
VLDR .86 1 6.09 .141
UTHR .86 4 192.17 .016
RF .86 1 23.74 .036
KODK .86 2 6.76 .254
VMEO .85 2 33.45 .050
SRNE .85 1 7.05 .120
SAFM .85 1 188.98 .004
RIDE .85 5 5.16 .820
ABBV .85 5 109.67 .035
RKT .84 1 15.78 .053
PTIX .84 2 1.8 .932
LEXX .84 3 6.14 .408
IYC .84 2 83.74 .020
HOL .84 3 12.35 .204
DTST .84 3 4.29 .585
CLII .84 3 14.36 .174
BB .84 11 10.79 .847
APOP .84 5 13.17 .315
TNA .83 5 93.2 .040
IRBO .83 1 44.92 .018
CNA .83 1 45.54 .018
BLUW .83 2 9.63 .172
SANA .82 1 21.24 .038
MNSO .82 1 15.56 .052
FITB .82 3 43.99 .054
SPRT .81 20 11.8 1.360
MRK .81 5 86.55 .045
MBRX .81 2 2.69 .602
CRTD .81 6 3.89 1.248
APP .81 8 97.9 .064
SYPR .80 4 3.85 .828
GMBL .80 1 5.58 .143
SWI .79 1 16.63 .047
SLV .79 2 22.27 .070
SCYX .79 1 5.1 .154
PNRG .79 1 68 .011
GLD .79 10 168.08 .040
BJ .79 7 57.92 .091
ZY .78 3 10.4 .225
VVOS .78 4 3.55 .876
IPHA .78 4 5.99 .520
GNOG .78 1 17.01 .045
DUK .78 4 102.49 .028
COP .78 6 75.15 .060
CAI .78 1 55.94 .013
BABA .78 98 169.79 .392
PRFX .77 3 2.36 .978
PLTR .77 2 25.64 .060
ENTX .77 2 4.26 .360
STX .76 9 89.55 .072
QFIN .76 8 21.42 .280
ON .76 4 47.1 .064
NFLX .76 105 674.05 .105
NBRV .76 1 1.16 .655
GROM .76 2 3.74 .406
SJM .75 11 124.63 .066
GPS .75 6 22.96 .192
FLWS .75 4 29.44 .100
FB .75 106 316.92 .212
CEMI .75 7 2.29 2.289
SCKT .74 4 6.33 .464
PSTG .74 2 26.87 .054
LOOP .74 4 14.74 .200
GTIM .74 1 4.8316 .153
GRVI .74 3 5.68 .390
FUBO .74 2 29.48 .050
EVOL .74 2 2.78 .532
ATXI .74 1 1.61 .459
VZ .73 2 52.8 .026
VOOV .73 1 147.4 .004
UPC .73 3 2.3 .951
SQBG .73 2 6.24 .232
RNXT .73 2 5.17 .282
NVFY .73 3 2.21 .990
EQT .73 1 20.66 .035
RMED .72 6 3.05 1.416
ENSC .72 1 2.28 .315
DEN .72 4 79.74 .036
CRMT .72 9 116.66 .054
BTCM .72 4 8.46 .340
ARPO .72 1 2.2 .327
ZKIN .71 2 2.65 .534
RFL .71 5 8.09 .435
PALI .71 3 2.75 .774
WMT .70 16 148.45 .064
TBLA .70 1 9.85 .071
PRPL .70 3 18.99 .108
ORGS .70 1 4.85 .144
OCX .70 1 3.4 .205
INTC .70 6 48.08 .084
IGIC .70 3 8.52 .246
CBAT .70 2 2.22 .630
BGFV .70 6 24.1 .174
AMKR .70 2 22.14 .062
FTEK .69 3 2.02 1.023
BEKE .69 1 19.65 .035
ASM .69 1 0.957 .721
APRE .69 3 5 .414
TRI .68 2 118.92 .010
ONCS .68 1 1.61 .422
DDD .68 9 27.9 .216
XONE .67 2 22.49 .058
XLK .67 5 160.84 .020
PDCO .67 2 30.97 .042
JRJC .67 3 6.44 .312
FOE .67 1 20.99 .031
CROX .67 5 156.53 .020
CLNE .67 1 9.14 .073
ANF .67 2 39 .034
ACH .67 1 15.57 .043
VIPS .66 1 11.45 .057
SSNT .66 1 5.25 .125
RETO .66 1 1.08 .611
LGHL .66 2 2.16 .610
CTKB .66 1 22.72 .029
BCRX .66 8 15.24 .344
AMOM .66 1 37.28 .017
TATT .65 3 6.32 .306
STRO .65 2 20.5 .062
PCVX .65 1 23.28 .027
OLB .65 1 4.36 .149
MOS .65 3 41.87 .045
LMNL .65 3 1.76 1.107
TESS .64 1 5.24 .122
SLGG .64 2 3.22 .396
SDC .64 2 5.3 .240
LZB .64 2 33.36 .038
XLV .63 5 132.53 .020
HPQ .63 4 30.45 .080
FLOW .63 4 75.36 .032
DNUT .63 3 12.89 .144
CLF .63 10 24.45 .250
CCL .63 4 21.97 .112
ULTA .62 1 370.39 .001
SOFI .62 3 19.91 .093
MPC .62 3 66.67 .027
LJPC .62 2 3.84 .322
ISEE .62 4 17.72 .136
IFRX .62 2 4.06 .304
BON .62 3 5.94 .312
AREC .62 5 2.46 1.260
APG .62 2 21.68 .056
AA .62 9 46.45 .117
SOS .61 2 2.34 .520
RY .61 7 106.24 .035
PLG .61 1 2.39 .255
CL .61 4 76.88 .028
AMBO .61 1 1.4 .435
SPTN .60 2 22.95 .052
SLB .60 4 33.3 .072
PSTV .60 1 1.82 .329
KIRK .60 2 22.58 .052
EVK .60 6 3.03 1.188
AYRO .60 2 3.14 .382
AVCT .60 1 2.37 .253
AMRS .60 1 14.85 .040
VERU .59 3 8.24 .213
LEN .59 5 100.27 .025
BIG .59 2 43.85 .026
WPRT .58 2 3.36 .344
WISH .58 3 5.25 .330
STAF .58 2 1.86 .622
CSIQ .58 4 40.85 .056
WEI .57 1 0.99 .575
SNAP .57 113 54.39 1.130
SBTX .57 1 8.84 .064
ORPH .57 4 3.93 .580
GGAL .57 1 11.15 .051
EZFL .57 1 2.94 .193
T .56 3 25.55 .063
SBH .56 2 15.31 .072
OBLN .56 3 3.05 .549
MTP .56 1 1.6626 .336
LODE .56 3 2.3 .729
CLPS .56 1 3.01 .186
CLPS .56 1 3.01 .186
CLOV .56 1 7.61 .073
VNE .55 6 35.15 .090
UWMC .55 1 6.78 .081
TRIT .55 4 8.11 .268
RSI .55 2 20.14 .054
MU .55 6 69.58 .042
MOSY .55 2 6.47 .170
FLXN .55 1 9.24 .059
FLGC .55 4 4.44 .492
EVGO .55 1 9.25 .059
EOLS .55 1 7.63 .072
WHLR .54 2 2.55 .422
TSM .54 3 116.01 .012
M .54 7 26.29 .140
ENZ .54 2 3.33 .324
ADMA .54 1 1.34 .402
TBIO .53 3 37.36 .042
PHUN .53 9 4.79 .990
MEDS .53 5 4.19 .630
HUYA .53 3 8.68 .183
GIS .53 5 62.04 .040
ERJ .53 5 15.94 .165
EQ .53 1 5.89 .089
BBWI .53 6 69.26 .042
ASTR .53 4 9.61 .220
TLRY .52 3 10.5 .147
SILK .52 7 60.64 .056
CSCO .52 8 56.24 .072
WOOF .51 2 24.7 .040
RCON .51 2 2.38 .428
MRVL .51 6 68.48 .042
KO .51 6 56.04 .054
K .51 8 61.69 .064
DYAI .51 3 4.24 .360
CPSH .51 1 4.57 .111
TIGR .50 8 7.34 .544
SONO .50 5 32.01 .075
PATI .50 2 14.7217 .066
MDIA .50 3 8.44 .177
GRTX .50 3 2 .750
CIFR .50 2 7.69 .130
RKDA .49 1 1.99 .246
NRBO .49 2 1.79 .546
IGC .49 3 1.39 1.056
GP .49 3 14.26 .102
GEVO .49 4 6.77 .288
ENLV .49 2 8.29 .118
ECHO .49 1 48.22 .010
CCJ .49 6 25.47 .114
ATHM .49 3 40.09 .036
ARMP .49 1 3 .163
NNDM .48 3 5.88 .243
NIO .48 75 40.79 .825
HRL .48 5 42.86 .055
HRC .48 5 154.82 .015
EPU .48 3 30.21 .045
DRN .48 4 27.07 .068
XLE .47 6 57.85 .048
TRIL .47 1 17.94 .026
STEM .47 5 23.03 .100
SOHU .47 6 20.88 .132
QCOM .47 8 133.69 .024
EXPR .47 5 3.9 .600
DARE .47 1 1.47 .319
BODY .47 2 5.21 .180
AUUD .47 6 2.85 .984
XPEV .46 80 46.24 .720
VXX .46 3 21.27 .063
UONE .46 6 10.67 .258
UFAB .46 2 2.94 .312
NTEC .46 4 9.63 .188
MARK .46 4 1.85 .992
KBSF .46 2 3.05 .300
GURE .46 1 5.31 .086
EQOS .46 1 4.65 .098
CVV .46 2 4.91 .186
BCLI .46 1 2.87 .160
TYME .45 4 0.9664 1.860
TME .45 1 8.18 .055
ONCT .45 2 3.72 .240
ME .45 4 11.99 .148
HHR .45 3 54.99 .024
ADIL .45 2 3.3 .272
WORX .44 4 1.71 1.028
NNVC .44 3 4.93 .267
GALT .44 3 3.19 .411
FFHL .44 2 9.7 .090
DWSN .44 2 2.33 .376
EVGN .43 1 2.62 .164
CAN .43 4 8.85 .192
ATIF .43 1 3.96 .108
ACI .43 8 30.05 .112
WIMI .42 3 4.36 .288
FCX .42 23 38.1 .253
DBGI .42 5 3.8 .550
CTSO .42 4 5.85 .284
ARMK .42 4 36.26 .044
SRNG .41 1 11.42 .035
MSFT .41 112 324.35 .112
KZIA .41 2 10.68 .076
GTT .41 1 2.36 .173
FLO .41 3 24.87 .048
BLIN .41 8 3.48 .936
ACOR .41 4 4.22 .388
YJ .40 2 0.91 .878
ORMP .40 13 23.49 .221
LIZI .40 4 3.13 .508
KR .40 15 39.69 .150
GE .40 4 105.26 .012
FBRX .40 1 2.76 .144
DUOT .40 1 5.65 .070
CTIB .40 5 1.99 1.005
CIEN .40 18 54.34 .126
CHRA .40 1 4.66 .085
VTNR .39 8 4.82 .640
VIR .39 4 38.61 .040
FAST .39 4 56.18 .024
CSCW .39 2 0.6548 1.190
AQMS .39 3 1.81 .645
APTO .39 3 2.16 .540
UNIT .38 1 14.23 .026
OVID .38 2 3.4 .222
OTLK .38 2 2.09 .362
MRTN .38 3 17 .066
ANIX .38 1 4.8 .079
AAL .38 8 19.19 .152
PTON .37 4 90.31 .016
ORCL .37 34 96.23 .102
HUGE .37 1 1.39 .266
HNST .37 1 8.89 .041
GPK .37 1 20.24 .018
CHMA .37 2 3.76 .196
CDEV .37 1 7.36 .050
UAVS .36 3 2.65 .405
MRKR .36 1 1.48 .243
MARA .36 15 50.39 .105
JFIN .36 2 3.87 .186
IDEX .36 4 1.91 .752
GNLN .36 2 1.75 .410
BNGO .36 12 5.14 .840
AKTX .36 1 1.7 .211
ADMP .36 1 1.04 .346
ACB .36 3 6.88 .156
ORGO .35 2 10.91 .064
LTHM .35 10 26.98 .120
LMFA .35 5 6.24 .280
IRIX .35 3 7.6 .138
GOVX .35 6 3.94 .528
CLSD .35 3 5.39 .192
BSQR .35 13 2.28 1.989
AESE .35 1 1.72 .203
XELB .34 2 1.38 .492
HWCC .34 1 5.3 .064
XOM .33 9 64.31 .045
KULR .33 2 2.97 .222
HNP .33 2 20.58 .032
GTS .33 1 35.23 .009
BP .33 3 29.22 .033
BHTG .33 1 1.22 .270
AZN .33 11 62.19 .055
WATT .32 2 1.91 .334
VBLT .32 2 2.35 .272
TAL .32 2 4.35 .146
SPCB .32 2 0.9027 .708
SGBX .32 3 3.04 .315
MINM .32 2 1.76 .362
IMMP .32 3 4.21 .228
BKYI .32 1 3.12 .102
WINT .31 3 1.81 .513
ULBI .31 2 6.16 .100
PBR .31 8 10.56 .232
FENC .31 1 8.97 .034
DMAC .31 2 4 .154
D .31 8 76.34 .032
AUTL .31 2 5.61 .110
AEY .31 1 2.22 .139
XLP .30 4 71.32 .016
OXBR .30 5 3.56 .420
HAPP .30 1 0.9481 .316
ENG .30 3 2.26 .396
BBIG .30 20 5.07 1.180
AEHR .30 22 22.07 .286
TQQQ .29 137 152.9 .137
NEXT .29 4 3.68 .312
IMMR .29 3 7.98 .108
HUSN .29 4 2.24 .516
NKLA .28 14 11.43 .336
MITO .28 1 1.17 .239
ALTO .28 3 5.41 .153
RSLS .27 4 2.72 .396
NAOV .27 11 1.42 2.090
GSM .27 7 6.98 .266
ENVB .27 3 1.84 .438
VIVE .26 2 2.14 .242
RRD .26 3 6.44 .120
PPBT .26 1 4.35 .059
PME .26 1 0.72 .361
LC .26 9 42.07 .054
AXLA .26 2 3.33 .156
AGNC .26 3 15.8 .048
PBLA .25 1 2.14 .116
HIPO .25 2 4.21 .118
RAIL .24 4 4.35 .220
MOGO .24 4 5.54 .172
IKT .24 1 2.08 .115
GBR .24 1 3.84 .062
PIRS .23 7 4.69 .343
OCG .23 4 4.1 .224
BGI .23 2 6.19 .074
ANY .23 16 6.37 .576
ACHV .23 1 8.28 .027
THTX .22 1 3.5 .062
SSKN .22 1 1.76 .125
SPWH .22 3 17.26 .036
RVI .22 1 27.16 .008
JFU .22 3 1.51 .435
INOV .22 2 40.79 .010
DYNT .22 5 1.44 .760
VIEW .21 1 5.08 .041
TENX .21 1 1.52 .138
SALM .21 3 4.21 .147
PFE .21 6 43.18 .024
ATOS .21 5 2.67 .390
ALAC .21 2 11.57 .036
ZNGA .20 2 7.44 .052
TTM .20 6 32.04 .036
ENSV .20 1 1.17 .170
EKSO .20 1 3.96 .050
NBEV .19 1 1.51 .125
MOMO .19 3 13.16 .042
VSH .18 3 19.3 .027
TEO .18 1 5.13 .035
OBSV .18 5 2.57 .350
ADMS .18 1 8.12 .022
YPF .17 2 4.39 .076
PPC .17 2 28.2 .012
LIVX .17 2 3.07 .110
KXIN .17 6 2.155 .468
GMTX .17 1 3.79 .044
FCEL .17 129 7.57 2.838
SWN .16 2 5.16 .062
SPG .16 4 147.12 .004
SNES .16 2 1.48 .216
INFI .16 4 2.58 .248
HFBL .16 1 19.09 .008
SBS .15 5 6.45 .115
IMV .15 2 1.63 .184
GRUB .15 3 14.5 .030
CHNG .15 2 21.47 .012
AGEN .15 10 3.9 .380
SYKE .14 3 54 .006
OEG .14 1 2.64 .053
NXTP .14 1 1.92 .072
INM .14 1 1.52 .092
IEC .14 1 15.34 .009
EDU .14 1 2.13 .065
TELL .13 7 3.8 .238
SVBI .13 1 12.9 .010
OSMT .13 4 1.83 .284
LMRK .13 1 16.44 .007
GENE .13 3 2.86 .135
ESXB .13 1 11.47 .011
CRON .13 4 5.28 .096
VERB .12 8 2.1 .456
SBBP .12 2 2 .120
PSTX .12 1 6.49 .018
MTL .12 8 4.15 .224
GSAT .12 2 1.55 .154
CHNR .12 4 1.26 .380
AAPL .12 108 152.57 0
SNMP .11 2 1.08 .202
RIG .11 5 3.7 .145
MOHO .11 3 0.689 .477
GBS .11 1 2.09 .052
FENG .11 2 1.43 .152
CALA .11 1 1.94 .056
SSL .10 13 16.96 .065
SLHG .10 1 2.88 .034
RCAT .10 2 2.79 .070
RAVN .10 3 57.81 .003
MRO .10 14 16.45 .084
KDMN .10 4 9.46 .040
EDTK .10 2 1.33 .150
CNFR .10 2 2.7177 .072
XELA .09 7 1.81 .343
WTER .09 2 1.7 .104
TEDU .09 2 0.95 .188
TAAG .09 1 20.9494 .004
SELF .09 1 5.17 .017
PRPO .09 3 2.325 .114
CPG .09 6 5.03 .102
BIOC .09 2 3.82 .046
AEMD .09 3 3.37 .078
AEI .09 2 2.05 .086
MBII .08 1 0.85 .094
COTY .08 5 8.48 .045
CLDR .08 1 15.99 .005
BQ .08 2 2.05 .078
OCG .07 13 4.1 .221
NEPT .07 2 0.5263 .266
MFGP .07 3 4.96 .042
ITRO .07 1 1.27 .055
ITRN .07 3 25.96 .006
FRO .07 11 8.95 .077
DBVT .07 10 3.06 .220
ALZN .07 1 2.09 .033
XBIO .06 8 1.69 .280
WYNN .06 3 90.78 0
VSTM .06 2 2.67 .044
PSP .06 2 16.53 .006
ET .06 4 9.68 .024
ABUS .06 1 4.07 .014
XPDI .05 9 11.85 .036
ULTA .05 12 370.39 0
OXY .05 29 33.83 .029
MDNA .05 8 2.25 .176
FRBK .05 1 3.09 .016
WYNN .04 4 90.78 0
PBT .04 2 8.02 .008
NOK .04 6 5.82 .036
IRCP .04 4 2.8 .056
CXP .04 1 19.14 .002
AVGR .04 7 0.6994 .399
VTGN .03 5 2.29 .065
VCAR .03 1 14.9821 .002
SNDL .03 1 0.661 .045
SIC .03 1 14.49 .002
SLVO .02 3 5.39 .009
NWHM .02 1 8.99 .002
KIN .02 2 9.25 .004
EIC .02 2 19.182 .002
DSE .02 1 9.49 .002
BLNK .02 11 29.61 0
RTLR .01 8 12.18 0
PMD .01 1 8.2976 .001
INFL .01 2 31.55 0
IACB .01 3 9.94 .003
DFP .01 2 28.58 0
BEST .01 3 2.11 .012
WMPN 0 4 12.27 0
QADB 0 4 87.57 0
PAE 0 1 9.91 0
GSKY 0 1 12.25 0
NSYS -.12 1 10.41 -.011
