EJH 5.21 6 2.32 13.470
SCPS 3.34 7 2.76 8.470
LAIX 1.72 4 0.8133 8.456
NVOS 1.65 5 1.3 6.345
AACG 2.14 5 1.76 6.075
EEIQ 4.33 5 3.69 5.865
CPOP 2.34 5 2.21 5.290
NRXP 3.30 7 4.55 5.075
AUVI 2.56 8 4.6 4.448
VRPX 1.77 9 3.85 4.131
DPW 1.56 5 1.98 3.935
VVOS 1.65 6 2.66 3.720
EYES 1.22 6 2.09 3.498
NEGG 3.07 20 17.89 3.420
JAN 3.24 5 5.08 3.185
JZXN 1.63 4 2.2 2.960
HX 1.40 6 2.85 2.946
SIEB 1.53 5 2.86 2.670
JG 1.30 3 1.54 2.532
CEMI .60 8 1.92 2.496
KOSS 5.35 7 15.14 2.471
FCEL .18 130 9.41 2.470
NURO 1.47 11 6.55 2.464
NAOV .27 11 1.22 2.431
AAME 1.97 5 4.05 2.430
INDP 2.52 5 5.38 2.340
TYME .45 4 0.78 2.304
AGRI .95 5 2.07 2.290
BSQR .35 13 2.01 2.262
DWAC 30.01 3 44.85 2.007
CARV 3.92 6 12.5 1.878
IRNT 3.02 6 9.64 1.878
MRIN 2.01 5 5.39 1.860
SPCE 1.26 24 17.08 1.752
SGOC 1.19 9 6.2 1.719
AMC 1.21 57 41.24 1.653
AREC .62 5 1.88 1.645
OCGN 1.04 12 7.58 1.644
RMED .72 6 2.62 1.644
BBIG .30 20 3.91 1.520
GRTS 2.64 6 10.46 1.512
BTBT 1.45 10 9.59 1.510
LMNL .65 3 1.29 1.509
CSCW .39 2 0.5273 1.478
ANY .38 19 4.92 1.463
ANPC 1.24 2 1.73 1.432
SAVA 2.72 28 52.77 1.428
NMRD 1.66 4 4.68 1.416
PHUN .40 12 3.38 1.416
BIDU 1.78 117 147.81 1.404
TAOP 1.35 3 2.9 1.395
AUUD .41 7 2.07 1.386
MARK .46 4 1.33 1.380
SPRT .81 20 11.8 1.360
RETO .72 2 1.07 1.344
PMCB 1.11 3 2.51 1.326
WAVE 1.72 5 6.51 1.320
SSY .91 3 2.14 1.275
HGSH 1.16 2 1.85 1.254
SNAP .57 113 49.26 1.243
JCS 1.40 3 3.4 1.233
RNXT 1.96 4 6.41 1.220
PBTS 1.24 1 1.04 1.192
NCTY 2.63 5 11.03 1.190
WORX .44 4 1.48 1.188
EVK .60 6 3.04 1.182
BNTC 1.24 3 3.17 1.173
ALYA .77 4 2.62 1.172
WAFU 1.50 4 5.14 1.164
ADGI 3.21 7 19.23 1.162
BLIN .41 8 2.81 1.160
SNOA 1.51 4 5.27 1.144
DLPN 2.14 5 9.35 1.140
TPST 2.19 5 9.69 1.130
CRTD .39 7 2.45 1.113
CTIB .40 5 1.8 1.110
SYPR .80 4 2.88 1.108
FTEK .69 3 1.89 1.095
CETX 1.20 1 1.1 1.090
ERYP .89 3 2.455 1.086
ACRS 2.12 7 13.59 1.085
MOXC 1.33 4 5.01 1.060
IGC .49 3 1.39 1.056
GRTX .50 3 1.43 1.047
NVFY .73 3 2.12 1.032
PPSI 1.31 5 6.44 1.015
LHDX 1.58 4 6.26 1.008
FULC 2.54 6 15.2 1.002
PRFX .57 4 2.3 .988
GME 2.99 82 247.55 .984
BNGO .36 12 4.34 .984
LODE .56 3 1.71 .981
MTSL 1.08 3 3.37 .960
SOS .61 2 1.27 .960
PTIX .84 2 1.76 .954
RIDE .68 7 5.01 .945
YJ .40 2 0.8501 .940
HOFV .98 2 2.09 .936
UPC .73 3 2.34 .933
CNET 1.11 1 1.2 .925
NIO .53 77 41.49 .924
BB .84 11 10.09 .913
CHCI 1.54 3 5.06 .912
PALI .71 3 2.34 .909
IMPL 1.70 5 9.45 .895
ANVS 3.73 6 24.95 .894
WHLM 1.20 4 5.45 .880
DYNT .22 5 1.25 .880
SPCB .32 2 0.729 .876
CANF 1.04 1 1.19 .873
NBRV .76 1 0.87 .873
HCWB 1.14 2 2.68 .850
IDEX .36 4 1.7 .844
STAF .58 2 1.39 .834
SJ 1.24 4 6.15 .804
MBRX .81 2 2.05 .790
OSAT 1.21 3 4.63 .783
TERN 1.53 4 7.81 .780
MVIS 1.17 5 7.58 .770
CBAT .50 3 2 .750
XPEV .47 83 47.39 .747
MEDS .53 5 3.54 .745
EYEG 1.45 1 1.95 .743
VTNR .37 9 4.5 .738
MNOV 1.12 2 3.07 .728
ACIU 1.91 2 5.29 .722
XTLB 1.09 2 3.08 .706
KALV 1.44 8 16.27 .704
HOOD 1.41 14 27.84 .700
VERY 1.39 4 7.92 .700
ASM .69 1 0.987 .699
GFAI .51 2 1.4599 .698
VYGR 1.06 2 3.05 .694
AQMS .39 3 1.69 .690
WEI .57 1 0.8302 .686
HTBX 1.46 2 4.28 .682
OPAD 1.25 4 7.39 .676
ATNF .90 3 4.03 .669
ORPH .57 4 3.43 .664
ZKIN .71 2 2.14 .662
DBGI .42 5 3.17 .660
IPHA .78 4 4.81 .648
GOVX .36 7 3.88 .644
EBET 3.45 6 32.2 .642
SPI .89 4 5.53 .640
TIGR .50 8 6.25 .640
DTST .84 3 3.98 .633
LIZI .40 4 2.52 .632
RFL .71 5 5.62 .630
ATXI .74 1 1.18 .627
HGEN 1.21 3 5.8 .624
NRBO .49 2 1.57 .624
VERB .12 8 1.52 .624
AVXL 2.41 5 19.39 .620
MOHO .11 3 0.5331 .618
WINT .31 3 1.51 .615
EVOL .74 2 2.41 .614
ALEC 2.10 6 20.64 .606
COHN 1.95 5 16.09 .605
ZEV 1.17 4 7.75 .600
BBBY .98 15 24.01 .600
OPTT 1.10 1 1.84 .597
WBX 8.99 1 15.18 .592
SCKT .74 4 5.08 .580
GNLN .36 2 1.26 .570
RSLS .27 4 1.9 .568
NVAX 9.95 12 207.99 .564
KXIN .17 6 1.83 .552
OBLN .56 3 3.05 .549
RCON .51 2 1.86 .548
DTSS .87 1 1.59 .547
KNBE 1.80 7 22.94 .546
LEDS 1.24 3 6.81 .546
ENVB .27 3 1.49 .543
ZCMD 1.01 1 1.8685 .540
LGHL .30 4 2.21 .540
HUSN .29 4 2.14 .540
AMBO .61 1 1.1297 .539
FLGC .19 6 2.13 .534
AUPH 1.51 7 19.65 .532
AYRO .60 2 2.25 .532
ALF 1.08 2 4.09 .528
GROM .76 2 2.89 .524
ENSC .72 1 1.39 .517
GALT .44 3 2.55 .516
APRE .69 3 4.02 .513
JFU .22 3 1.28 .513
OTLK .38 2 1.48 .512
LWAC 1.73 5 16.98 .505
EXPR .47 5 4.61 .505
OLB .77 3 4.59 .501
XELB .34 2 1.37 .496
BABA .77 99 136.62 .495
ACY .99 19 37.3 .494
PENN 2.65 10 53.12 .490
BCRX .62 10 12.45 .490
GLSI 3.27 5 33.55 .485
XELA .09 7 1.3 .483
GEG .90 1 1.87 .481
ACOR .41 4 3.41 .480
UAVS .36 3 2.24 .480
LEXX .84 3 5.255 .477
CRIS 1.20 2 5.1 .470
UONE .37 7 5.52 .469
NVDA 1.13 156 319.56 .468
TSLA 3.62 155 1156.87 .465
ONCS .68 1 1.47 .462
APTO .28 4 2.42 .460
GRVI .74 3 4.86 .456
CHNR .12 4 1.06 .452
ENTX .77 2 3.42 .450
WPRT .58 2 2.58 .448
WHLR .54 2 2.41 .448
PIRS .23 7 3.54 .448
ENG .30 3 2.01 .447
ATOS .21 5 2.35 .445
BPTH .95 2 4.3 .440
MINM .32 2 1.46 .438
ENOB 1.18 4 10.78 .436
AVIR 1.14 3 7.96 .429
BTCM .72 4 6.73 .424
WISH .58 3 4.1 .423
WNW 1.34 1 3.18 .421
ZG 3.78 6 53.65 .420
NNOX 1.69 5 19.94 .420
MVST .61 6 8.71 .420
RHE 1.27 2 6.06 .418
WATT .32 2 1.53 .418
SLS .69 4 6.6 .416
BILI 1.28 23 68.71 .414
SGBX .32 3 2.31 .414
TQQQ .56 137 171 .411
DYAI .51 3 3.7 .411
PSTV .60 1 1.46 .410
LIFE 1.09 3 8 .408
ADMP .36 1 0.8803 .408
AVGR .04 7 0.6896 .406
NKLA .31 15 11.13 .405
MARA 1.03 20 49.57 .400
OBSV .18 5 2.23 .400
MRAM 2.30 2 11.56 .396
TRCH .98 2 4.95 .394
IPA 1.04 2 5.36 .388
SDC .64 2 3.31 .386
MQ 1.18 7 21.38 .385
SLGG .64 2 3.35 .382
IMNM 1.42 4 14.89 .380
DWSN .44 2 2.31 .380
KMPH 1.03 3 8.13 .378
AVCT .60 1 1.59 .377
IFRX .58 3 4.62 .375
ADMA .54 1 1.45 .372
DQ 3.36 7 63.36 .371
RAPT 1.77 7 33.01 .371
PME .26 1 0.7 .371
FGEN 1.47 3 11.95 .369
LYEL 1.21 3 9.8 .369
CERE 1.78 7 33.98 .364
MTP .56 1 1.55 .361
HAPP .30 1 0.83 .361
LCID 2.05 9 51.12 .360
DDD .70 12 23.06 .360
MTL .09 12 3 .360
LGVN 10.15 1 28.2 .359
OSMT .13 4 1.46 .356
NTRB 1.15 2 6.49 .354
BON .62 3 5.25 .354
UFAB .46 2 2.59 .354
DOCS 2.62 8 59.06 .352
BHTG .33 1 0.9443 .349
AGEN .10 12 3.38 .348
BKKT 2.95 2 17.02 .346
ARAV 1.21 1 3.5 .345
OXBR .30 5 4.33 .345
BTX 1.13 2 6.56 .344
MRNA 2.92 34 282.69 .340
BGFV .97 10 27.82 .340
EYPT 5.86 1 17.33 .338
MITO .28 1 0.8299 .337
AFRM 2.60 16 123.51 .336
IMMR .33 6 5.8 .336
XBIO .06 8 1.4 .336
GMBL .88 2 5.25 .334
GDEV .87 3 7.81 .333
RKDA .49 1 1.47 .333
ENZ .54 2 3.24 .332
ADIL .45 2 2.72 .330
TRIT .34 5 5.12 .330
IMTX .98 4 11.88 .328
BODY .47 2 2.86 .328
ARPO .72 1 2.2 .327
APPS 3.13 6 57.34 .324
CTSO .42 4 5.16 .324
ISPC 2.85 1 8.88 .320
RLMD 1.57 4 19.4 .320
GEVO .49 4 6.1 .320
NEXT .29 4 3.61 .320
VIVE .26 2 1.63 .318
APOP .84 5 13.17 .315
IMMP .16 7 3.55 .315
GRU 1.51 1 4.7996 .314
VTSI .56 4 7.11 .312
LAZR 1.16 5 18.48 .310
NNDM .48 3 4.62 .309
GPN 3.54 11 123.53 .308
STG 1.13 1 3.66 .308
JRJC .67 3 6.51 .306
OCUP 1.04 1 3.4 .305
ONCT .45 2 2.96 .304
VOXX 1.16 3 11.57 .300
KBSF .46 2 3.05 .300
VBLT .21 3 2.09 .300
NNVC .44 3 4.41 .297
TATT .65 3 6.5992 .294
CRDF .78 2 5.34 .292
PRPL .68 5 11.58 .290
DARE .47 1 1.62 .290
MRKR .36 1 1.24 .290
LMFA .35 5 5.96 .290
AEHR .19 29 18.02 .290
SPLK 6.20 6 128.16 .288
BYSI 1.25 3 12.92 .288
EVGO .57 7 13.73 .287
GSM .27 7 6.49 .287
SBEA 1.45 2 10.07 .286
EOSE 1.39 2 9.77 .284
CCXI 3.66 3 38.68 .282
ALTO .29 5 5.16 .280
INFI .16 4 2.26 .280
ZLAB 3.42 6 73.65 .276
MDIA .50 3 5.39 .276
PLG .24 3 2.59 .276
KULR .20 4 2.89 .276
ASTR .62 5 11.17 .275
CLF .57 11 22.6 .275
CMMB 1.24 2 8.99 .274
BBLG 1.14 1 4.16 .274
ALDX 1.09 2 7.96 .272
GTEC .80 4 11.69 .272
SKLZ .67 4 9.77 .272
HUGE .37 1 1.36 .272
TELL .12 8 3.45 .272
NVCR 2.63 10 97.01 .270
OCX .70 1 2.61 .268
NEPT .07 2 0.5201 .268
CLSD .35 3 3.89 .267
TASK 1.74 7 45.66 .266
SOFI .73 7 18.75 .266
KODK .86 2 6.56 .262
QFIN .77 9 25.96 .261
BRLT 2.17 2 16.65 .260
RAIL .24 4 3.72 .256
IGIC .70 3 8.17 .255
LJPC .62 2 4.85 .254
DBVT .07 11 2.94 .253
ZM 4.40 14 242.28 .252
CHGG 2.17 3 25.54 .252
KURA 1.39 3 16.49 .252
VLDR .76 2 6.02 .252
SALM .20 4 3.14 .252
AKTX .36 1 1.43 .251
ZY .78 3 9.29 .249
PBR .31 8 9.77 .248
VNET 1.13 3 13.66 .246
MOSY .55 2 4.47 .246
BNR 1.30 3 15.9 .243
KSS 1.77 8 57.56 .240
FIGS 1.33 6 32.85 .240
FCX .41 24 37.74 .240
WIMI .27 4 4.46 .240
ABSI 1.25 2 10.5 .238
RSKD 1.24 2 10.35 .238
VERU .45 4 7.59 .236
SNES .16 2 1.35 .236
DLO 1.53 5 32.1 .235
EZFL .57 1 2.42 .235
UPST 2.84 18 205.49 .234
SQBG .73 2 6.24 .232
BNTX 3.81 21 321.71 .231
TSP 1.75 5 37.38 .230
CARA 1.57 2 13.63 .230
ATAI 1.29 2 11.17 .230
NLS .84 2 7.25 .230
TEDU .09 2 0.78 .230
ERJ .41 8 14.51 .224
ORMP .32 14 18.95 .224
OVID .38 2 3.42 .222
ME .34 6 8.99 .222
SNMP .11 2 0.9993 .220
DELL 1.75 7 55.13 .217
EXPI 1.38 6 37.78 .216
LOOP .74 4 13.68 .216
EVGN .43 1 2.01 .213
W 6.80 8 258.53 .208
SE 3.98 16 299.13 .208
MESO .65 2 6.25 .208
ORGS .70 1 3.4 .205
CLPS .57 1 2.78 .205
CLPS .57 1 2.78 .205
HOL .84 3 12.35 .204
DNUT .42 7 14.04 .203
CELC 1.05 3 15.64 .201
AMTX 1.20 3 18 .198
FENG .11 2 1.11 .198
FSTX 1.04 1 5.27 .197
IONQ .65 7 23.18 .196
CHMA .37 2 3.76 .196
EDSA 1.24 1 6.39 .194
CVV .46 2 4.75 .192
CAN .43 4 8.95 .192
MDNA .05 8 2.04 .192
VIR 1.21 5 31.61 .190
ENSV .20 1 1.05 .190
PLUG .92 9 42.81 .189
HUYA .53 3 8.29 .189
AMZN 8.00 94 3572.57 .188
NTEC .46 4 9.63 .188
JFIN .36 2 3.8 .188
MOGO .24 4 5.05 .188
OCG .23 4 4.88 .188
AMD 1.81 17 152.52 .187
AZYO 1.08 1 5.75 .187
GPS .75 6 23.94 .186
SQ 1.73 23 211.31 .184
NIU .93 4 20.01 .184
ACHL .89 1 4.83 .184
IMV .15 2 1.63 .184
AESE .35 1 1.91 .183
CELH 1.96 7 73.44 .182
ASAN 1.51 13 106.09 .182
OCG .07 13 4.88 .182
STEM .68 6 22.56 .180
TLRY .47 4 10.49 .176
PUBM 6.66 1 37.96 .175
OSTK 2.60 7 101.66 .175
TWTR 1.69 5 47.31 .175
CLII .84 3 14.36 .174
AXLA .26 2 2.96 .174
RIG .09 6 3.06 .174
GTT .41 1 2.36 .173
CGC 1.01 2 11.65 .172
BLUW .83 2 9.63 .172
BWAY .68 2 7.835 .172
AMEH 2.05 9 104.5 .171
DDS 6.58 10 378.88 .170
MSTR 14.75 8 690.02 .168
IAC 3.19 7 130 .168
DKS 1.69 14 140.28 .168
CCJ .53 8 24.66 .168
DMAC .31 2 3.67 .168
GSAT .12 2 1.44 .166
SEMR 1.11 3 20.06 .165
TENX .21 1 1.27 .165
BCLI .46 1 2.81 .163
DUOL 7.27 3 133.17 .162
XAIR 1.97 1 12.14 .162
SKT 1.17 3 21.41 .162
FOSL 1.09 2 13.44 .162
ARVN 1.91 7 82.38 .161
IRDM 1.55 4 38.61 .160
AA .78 10 48.51 .160
MITQ .36 1 2.248 .160
EDTK .10 2 1.25 .160
ACB .36 3 6.7 .159
AEY .31 1 1.94 .159
NETE 1.04 2 13.09 .158
NEWR 2.93 6 112.05 .156
BYND 2.00 6 75.63 .156
RBLX 1.60 12 120.22 .156
DKNG .99 6 36.79 .156
GTIM .74 1 4.74 .156
ISEE .62 4 15.56 .156
SOHU .47 6 17.61 .156
M .46 12 33.77 .156
GENE .13 3 2.46 .156
LYFT 1.43 5 45.48 .155
ZIM 1.29 7 57 .154
MTTR .39 11 26.05 .154
MAT 1.16 3 22.38 .153
LBPH .92 1 6 .153
PRTA 1.18 8 59.01 .152
SHOP 25.38 10 1595.01 .150
DE 5.37 10 349.16 .150
TOST 3.31 2 43.72 .150
RIOT 1.02 5 33.45 .150
HNST .41 3 8.11 .150
FBRX .40 1 2.66 .150
SIF 1.16 1 7.74 .149
VCVC 1.46 1 9.85 .148
FUV .77 2 10.34 .148
WTER .09 2 1.22 .146
SCR 1.05 5 35.58 .145
LI .91 5 31.19 .145
FLGT 2.27 6 91.75 .144
FUBO 1.01 3 20.68 .144
AAL .32 9 19.63 .144
AUTL .30 3 6.18 .144
COTY .19 8 10.27 .144
PRPO .09 3 1.85 .144
BKYI .19 2 2.66 .142
SAM 9.40 7 458.94 .140
HIPO .25 2 3.54 .140
SSKN .22 1 1.57 .140
VIH 1.31 1 9.36 .139
SRNE .85 1 6.18 .137
GIII 1.11 4 32.46 .136
PDD 2.15 5 79.52 .135
APP 1.46 9 95.5 .135
SCYX .32 3 7.04 .135
BGI .19 3 4.2 .135
SSL .15 15 15.82 .135
SSNT .34 2 5.07 .134
DLTR 2.57 7 132.56 .133
CIEN .44 19 60.37 .133
IKT .24 1 1.8 .133
ENLV .49 2 7.39 .132
TDC 1.17 5 43.99 .130
EDIT 1.47 3 33.86 .129
GH 1.57 8 98 .128
PBLA .25 1 1.94 .128
MRO .14 16 15.66 .128
SI 4.14 6 194.77 .126
SONO .70 6 32.21 .126
CIFR .35 3 8.29 .126
TAL .32 2 5.07 .126
UWMC .29 3 6.87 .126
THCB 1.25 1 10 .125
DAL 1.02 5 39.77 .125
CRON .12 5 4.69 .125
NGM 1.25 2 20.02 .124
CPSH .51 1 4.09 .124
LIVE 1.37 3 32.9 .123
MRUS 1.10 3 26.25 .123
HJLI 1.27 1 10.38 .122
AEI .09 2 1.46 .122
CALA .11 1 0.9069 .121
BKE 1.28 5 52.22 .120
TVTX 1.19 3 29.39 .120
SHEN 1.11 3 27.26 .120
ALLO 1.11 2 18.38 .120
LUV .99 6 47.72 .120
OPNT .73 4 24.08 .120
ACI .44 10 36.18 .120
AFMD .43 2 7.05 .120
PETZ .17 4 5.55 .120
SBBP .12 2 2 .120
CMTL 3.13 1 26.5 .118
ATIF .43 1 3.62 .118
TESS .34 2 5.75 .118
DNA 1.58 1 13.49 .117
TGTX .93 3 23.75 .117
NXTP .14 1 1.19 .117
NBEV .19 1 1.63 .116
CPE 1.27 5 53.4 .115
CYTK .96 5 40.9 .115
CLDX 1.61 3 41.54 .114
LEGN 1.04 6 52.29 .114
FTCH .67 6 33.61 .114
CPG .09 6 4.55 .114
MSFT .39 113 339.83 .113
RGEN 4.41 7 274.1 .112
CAT 2.86 8 202.38 .112
MSGE 1.88 4 66.78 .112
KZR .82 2 14.39 .112
PFE .72 8 51.2 .112
CRCT .70 4 24.5 .112
SBS .09 8 6.16 .112
TISI .17 1 1.53 .111
DPZ 5.62 11 533.36 .110
CCL .45 5 20.33 .110
LIVX .17 2 3.07 .110
MBII .08 1 0.7325 .109
VMW 2.23 6 118.69 .108
DIS 1.86 9 154.16 .108
CAH 1.34 4 48.29 .108
DOCN 1.31 9 102.82 .108
FRD 1.28 1 11.8 .108
JWN 1.19 3 32.32 .108
HCM .93 4 33.76 .108
MAXR .83 4 29.81 .108
AAPL .32 108 161.02 .108
ULBI .31 2 5.71 .108
FB .68 107 341.01 .107
LAD 6.41 5 294.83 .105
GRVY 1.33 7 84.41 .105
VSCO 1.29 5 58.9 .105
NFLX .76 105 659.2 .105
LAC .58 7 36.58 .105
EQOS .46 1 4.36 .105
ORCL .36 35 94.61 .105
AEMD .09 3 2.54 .105
VLO 1.86 4 70.65 .104
AN 1.67 8 125.96 .104
JRVR 1.48 2 28.37 .104
APXT 1.27 1 12.11 .104
DDL 1.22 2 23.25 .104
RRGB .96 2 18.23 .104
FFHL .44 2 8.35 .104
FISV 1.64 6 95.71 .102
SFIX 1.46 2 28.49 .102
RMBL 1.41 3 40.81 .102
GT 1.16 2 22.43 .102
EQ .53 1 5.19 .102
KR .30 17 42.86 .102
CLOV .28 2 5.43 .102
ARMP .49 1 4.84 .101
DPST 2.97 2 58.29 .100
DASH 2.11 10 201.46 .100
CREE 1.64 5 79.12 .100
RUN 1.10 5 53.21 .100
MOS .76 5 36.41 .100
LC .39 10 37.08 .100
IRIX .18 4 7.05 .100
BQ .08 2 1.58 .100
REGN 7.44 9 643.64 .099
PYPL 2.14 9 189.48 .099
GP .49 3 14.45 .099
PATI .50 2 10.1632 .098
BIGC 4.50 1 46.59 .096
CNC 2.42 3 74.08 .096
XM 1.66 2 34.51 .096
AEO 1.32 2 27.46 .096
ARCE .89 2 18.24 .096
TTCF .86 2 17.67 .096
UBER .71 6 42.6 .096
XBI 2.27 5 119.28 .095
BHVN 2.12 5 110.12 .095
ACMR 1.83 5 93.86 .095
BTWN .95 1 9.93 .095
ANIX .38 1 3.96 .095
GKOS 4.45 1 46.97 .094
MFNC 1.02 2 21.5 .094
CDEV .32 2 6.73 .094
EAT 1.21 3 38.8 .093
PINS 1.00 4 43.07 .092
BFLY .72 1 7.75 .092
ZNGA .15 4 6.44 .092
TWST 1.37 7 98.17 .091
JPM 1.19 13 164.35 .091
ON .81 7 61.71 .091
U 5.45 3 177.2 .090
TMUS 1.73 6 113.85 .090
ABCL 1.31 1 14.42 .090
LAW 1.23 3 39.97 .090
PTGX 1.05 3 34.15 .090
UAA .78 3 25.36 .090
VNE .55 6 35.61 .090
YPF .17 2 3.76 .090
ABUS .14 2 3.11 .090
EOLS .55 1 6.15 .089
MDB 5.88 8 515.87 .088
JKS 1.37 4 60.3 .088
SKX 1.09 4 48.73 .088
HOG .90 4 39.23 .088
TTD .85 11 103.27 .088
FLWS .75 4 33.97 .088
CLNE .67 1 7.59 .088
YMM .58 2 13.06 .088
XPDI .11 11 13.47 .088
RCAT .10 2 2.26 .088
AMRS .60 1 6.845 .087
YEXT .91 1 10.46 .086
CHRA .40 1 4.61 .086
USB 1.06 5 58.98 .085
RRD .16 5 9.23 .085
BIIB 3.69 6 252.21 .084
ROKU 2.89 7 230.98 .084
KMB 1.96 6 135.44 .084
NVTS 1.53 1 18.04 .084
OVV 1.51 2 35.27 .084
COUR 1.32 2 30.83 .084
HHR .80 6 56.14 .084
SPTN .74 3 25.55 .084
INTC .70 6 49.83 .084
LTHM .19 14 30.95 .084
GDYN 3.03 1 36.84 .082
VMEO .85 2 20.32 .082
IS .76 1 9.24 .082
CSCO .51 9 54.6 .081
GBR .24 1 2.96 .081
CREX .15 1 1.85 .081
PKG 2.17 5 134.34 .080
V 2.00 8 195.58 .080
MDT 1.95 5 116.89 .080
IBM 1.20 8 116.47 .080
WFC .83 5 50.34 .080
BAC .75 5 46.28 .080
PTON .74 5 44.08 .080
FLO .45 5 26.76 .080
RL 1.69 6 124.69 .078
BCYC 1.49 3 56.69 .078
PFGC 1.21 3 45.48 .078
JD 1.15 6 87.71 .078
INM .14 1 1.78 .078
CNFR .10 2 2.56 .078
EL 3.86 7 350.47 .077
MA 3.58 7 321.3 .077
UNH 3.07 11 437.54 .077
SITM 2.97 7 252.06 .077
BJ .79 7 70.35 .077
SBTX .57 1 7.32 .077
SILK .52 7 45.41 .077
CTRN 1.77 4 91.69 .076
STRO .65 2 17.01 .076
HPQ .63 4 31.93 .076
SLB .60 4 30.34 .076
GURE .46 1 6.02 .076
RVI .24 2 6.19 .076
FATE 1.36 3 52.45 .075
TJX 1.09 5 69.88 .075
C 1.06 5 67.04 .075
IMAB 1.00 5 65.87 .075
VTGN .03 5 1.97 .075
PLTR .77 2 20.65 .074
KZIA .41 2 10.88 .074
SIVB 7.01 8 741.2 .072
IWM 2.93 6 231.73 .072
ROST 2.08 4 111.17 .072
ABNB 1.72 8 181.73 .072
CRNC 1.55 4 82.59 .072
LOGI .99 6 81.02 .072
SJM .78 12 126.44 .072
DRN .48 4 26 .072
TBLA .70 1 9.85 .071
LMT 2.70 10 344.98 .070
BBY 2.06 5 138 .070
FANG 1.53 5 105.47 .070
DXC 1.11 2 31.12 .070
MYGN .98 2 27.51 .070
SLV .79 2 22.34 .070
MS .74 10 99.32 .070
VRNT .69 5 48.17 .070
DUOT .40 1 5.705 .070
BZUN 1.12 1 16.08 .069
TSN 1.42 4 83.13 .068
APPN 1.29 4 74.29 .068
FL .92 4 52.07 .068
WMT .68 17 144.78 .068
ORGO .35 2 10.17 .068
IRCP .04 4 2.35 .068
ENPH 3.10 6 261.12 .066
SPT 1.25 6 109.51 .066
CHKP 1.25 6 112.72 .066
CLSK 1.17 1 17.57 .066
BZ 1.15 2 34.57 .066
SMLP 1.07 2 31.49 .066
MO 1.00 3 43.99 .066
T .56 3 24.7 .066
MRTN .38 3 17.17 .066
GBS .11 1 1.65 .066
EKSO .11 2 3.31 .066
XMTR 3.46 1 52.55 .065
TTC 1.42 5 104.71 .065
DFH 1.18 1 17.91 .065
ATVI .81 5 62.2 .065
VIPS .66 1 10.15 .065
SNOW 2.91 8 355.96 .064
DOMO 1.26 4 75.13 .064
HWCC .34 1 5.3 .064
PPBT .26 1 4.05 .064
THTX .22 1 3.4 .064
SWN .16 2 4.87 .064
GS 2.93 9 396.16 .063
A 1.18 9 162.78 .063
STX .76 9 101.62 .063
VXX .46 3 21.33 .063
K .44 9 62.39 .063
CYTH .34 1 5.39 .063
THC 4.91 1 78.54 .062
GGAL .57 1 9.15 .062
SNPS 3.69 6 347.97 .060
SEDG 3.56 6 353.65 .060
DG 2.92 5 225.96 .060
NXPI 2.38 6 221.87 .060
PLCE 1.60 4 103.82 .060
ABT 1.33 6 125.26 .060
COP .78 6 71.89 .060
AMKR .70 2 23.21 .060
FLXN .55 1 9.12 .060
WOOF .43 3 20.65 .060
FFIE .22 2 7.17 .060
EDU .14 1 2.32 .060
FRO .04 12 7.11 .060
KYMR 1.69 2 57.55 .058
LL 1.01 1 17.41 .058
GNOG .78 1 13.29 .058
TME .45 1 7.63 .058
SLHG .10 1 1.7 .058
MNSO .82 1 14.35 .057
CHPT .54 3 27.3 .057
LLY 2.28 7 260.44 .056
ROLL 1.78 7 205.5 .056
TSCO 1.77 8 228.99 .056
HON 1.76 7 218.14 .056
AMAT 1.16 8 147.55 .056
INCY .93 4 63.34 .056
CSIQ .58 4 40.63 .056
BLNK .18 14 38.21 .056
GMTX .17 1 3 .056
OEG .14 1 2.47 .056
WSM 2.54 5 217.42 .055
AMGN 2.27 5 202.73 .055
CM 1.34 5 117.02 .055
GWRE 1.30 5 116.45 .055
HAS 1.13 5 100.43 .055
HRL .48 5 43.02 .055
ITRO .07 1 1.27 .055
RNG 11.84 1 216.37 .054
LII 2.97 6 322.6 .054
ADSK 2.96 6 310.48 .054
COIN 2.02 9 315.48 .054
LOW 1.62 9 252.35 .054
FITB .82 3 44.16 .054
CRMT .72 9 109.23 .054
PDCO .62 3 33.03 .054
EQT .58 2 20.89 .054
KO .51 6 55.47 .054
CFLT 4.09 1 77.09 .053
ECOM 1.37 1 25.76 .053
KEYS 2.52 4 191.94 .052
UAL 1.24 2 46.48 .052
NTAP 1.16 4 86.19 .052
SCHW 1.13 4 81.92 .052
SWI .79 1 15.1 .052
PSTG .74 2 27.48 .052
BEKE .61 2 23.15 .052
RSI .55 2 20.61 .052
RKT .41 2 15.41 .052
EVA 3.59 1 69.86 .051
TSC 1.55 1 29.88 .051
LPX 1.24 3 72.2 .051
FA .96 1 18.75 .051
KHC .63 3 35.47 .051
SBH .38 3 21.71 .051
TAP 1.23 2 47.47 .050
XONE .67 2 26.7 .050
ACH .67 1 13.18 .050
BIOC .09 2 3.53 .050
NFE 1.27 1 25.61 .049
ADBE 4.59 8 673.57 .048
ASML 3.98 12 825.75 .048
ZS 2.89 6 343.86 .048
WDAY 2.46 6 274.75 .048
COF 1.87 4 153.21 .048
BURL 1.68 8 263 .048
YETI 1.27 4 99.83 .048
TGT 1.06 12 244.57 .048
PG .95 8 147.8 .048
GE .86 6 101.04 .048
APG .62 2 24.83 .048
KIRK .60 2 24.74 .048
MRK .56 8 81.64 .048
GIS .55 6 62.88 .048
EPU .48 3 28.65 .048
XLE .47 6 55.64 .048
AGNC .26 3 16.04 .048
VIEW .21 1 4.29 .048
SUPN 1.50 1 32.5 .046
STE 2.26 5 230.96 .045
STT 1.48 3 97.25 .045
CVS 1.40 3 92.99 .045
XOM .33 9 61.51 .045
AZN .18 15 56.55 .045
ET .08 5 8.82 .045
PKI 2.16 4 181.76 .044
DAVA 1.77 4 152.5 .044
EA 1.51 4 126.28 .044
JBL 1.39 2 62.25 .044
SM 1.36 1 30.4 .044
MNST 1.05 4 90.09 .044
GLD .70 11 168.74 .044
ARMK .42 4 36.29 .044
SANA .82 1 19 .043
NPTN .67 1 15.44 .043
CUE .62 1 14.11 .043
SNDL .03 1 0.69 .043
PANW 23.18 1 539.96 .042
ANTM 2.99 6 419.4 .042
LIN 2.33 6 329.74 .042
WM 1.29 6 163.02 .042
MMM 1.20 7 179.66 .042
OKE .92 3 61.94 .042
TBIO .53 3 37.36 .042
BBWI .53 6 75.19 .042
RF .52 2 24.05 .042
MRVL .51 6 72.75 .042
MOMO .19 3 12.92 .042
NOK .04 6 5.68 .042
CI 1.83 5 211.55 .040
ESTC 1.65 4 160.11 .040
UHS 1.30 4 127.23 .040
RACE 1.18 10 275.3 .040
EGRX 1.01 2 50.19 .040
NKE .89 8 174.24 .040
OTIS .88 4 84.2 .040
TNA .83 5 97.24 .040
DD .80 4 79.22 .040
HNP .33 2 16.4 .040
BP .28 4 26.66 .040
KDMN .10 4 9.5 .040
VSTM .06 2 2.86 .040
CAR 12.01 1 301.6 .039
GM .87 3 64.06 .039
ATHM .49 3 37.08 .039
ALC 1.58 2 80.5 .038
FCBP 1.08 1 29.1 .037
VGR .61 1 16.37 .037
HCA 2.20 4 240.43 .036
CLX 1.52 4 167.61 .036
WGO 1.39 2 73.89 .036
OLLI 1.29 2 69.19 .036
KNL .92 1 25.04 .036
LESL .77 1 21.14 .036
MU .55 6 83.86 .036
GPK .38 2 20.97 .036
HMHC .31 2 16.44 .036
SPWH .22 3 17.39 .036
ALAC .21 2 11.63 .036
ALZN .07 1 1.9 .036
LH 1.59 7 283.76 .035
ADI 1.48 5 185.5 .035
TTWO 1.26 5 164.91 .035
UPS 1.15 7 210.88 .035
ABBV .85 5 115.65 .035
RY .61 7 103.65 .035
SRNG .41 1 11.42 .035
BLFS 1.55 1 45.55 .034
CTKB .66 1 19.15 .034
LZB .64 2 35.96 .034
AZO 6.70 11 1864.88 .033
CRM 1.06 11 296.84 .033
GRUB .15 3 13.63 .033
BKNG 10.17 8 2297.13 .032
LITE 1.46 2 89.98 .032
DEN .72 4 81.02 .032
D .31 8 74.04 .032
RMD 8.09 1 257.22 .031
FOE .67 1 21.35 .031
BLK 6.24 5 919.33 .030
INTU 3.91 6 661.63 .030
AKAM 1.20 3 110.57 .030
PEP 1.13 5 164.15 .030
CROX .88 6 175.54 .030
QCOM .67 10 181.4 .030
MPC .62 3 61.69 .030
FENC .31 1 10.01 .030
TTM .12 10 32.24 .030
TEO .08 2 5.1 .030
OXY .05 30 30.01 .030
PCVX .65 1 21.81 .029
GOOG 3.73 28 2941.57 .028
PWR 3.42 1 120.57 .028
AAP 1.82 4 231.83 .028
BLDR 1.03 2 71.8 .028
VZ .73 2 51.54 .028
ANF .67 2 47.04 .028
FLOW .63 4 81.81 .028
CL .61 4 77.56 .028
ACHV .11 2 7.6 .028
TRI 1.16 3 121.25 .027
HOLI .43 1 15.92 .027
BEST .01 3 1.08 .027
RTX 1.21 2 86.8 .026
INMD 1.16 2 87.03 .026
RCUS 1.22 1 48.09 .025
AXP 1.02 5 170.9 .025
LEN .59 5 110.21 .025
DUK .57 5 100.25 .025
TRIL .47 1 18.44 .025
COST 1.90 8 539.65 .024
ATKR 1.43 2 116.35 .024
SNA 1.40 4 216.84 .024
ALXN 1.24 4 182.5 .024
J 1.23 3 146.57 .024
PLD 1.05 4 150.9 .024
MCD .98 8 253.48 .024
AZPN .96 4 154.91 .024
QDEL .95 4 144.76 .024
BIG .59 2 48.61 .024
FAST .39 4 61.04 .024
VSH .18 3 21.82 .024
GSKY .15 2 11.72 .024
UNIT .11 3 13.72 .024
B 1.08 1 45.96 .023
OLN 1.34 1 59.56 .022
CRTO .90 1 40.72 .022
XLNX .66 11 220.53 .022
JNJ 1.21 3 159.7 .021
IYC .68 3 86 .021
SPB 2.21 1 106.37 .020
NUAN 1.13 1 55.28 .020
HRI .96 4 189.83 .020
NEE .95 2 87.36 .020
XLF .83 1 39.57 .020
MFGP .03 4 5.2 .020
UHAL 1.98 9 735.2 .018
IRBO .83 1 45.01 .018
CNA .83 1 44.36 .018
SPG .58 6 167.99 .018
XLV .44 6 132.37 .018
XLP .29 6 72.62 .018
AMOM .66 1 37.2843 .017
PSTX .12 1 6.74 .017
STMP 1.59 4 329.61 .016
LANC 1.43 2 161.4 .016
KMX 1.24 2 147.09 .016
STZ 1.17 4 234.3 .016
AIT .91 2 105.45 .016
UTHR .86 4 198.91 .016
CSPR .11 1 6.54 .016
SELF .09 1 5.39 .016
XLK .67 5 169.4 .015
HD .57 15 408.79 .015
PAYX .94 2 124.38 .014
MGTX .27 1 18.6 .014
CHNG .15 2 20.49 .014
ADMS .06 2 8.16 .014
XLY 2.79 1 210.89 .013
TNET 1.38 1 106.13 .013
CAI .78 1 56 .013
FRBK .05 1 3.61 .013
AXON 2.25 1 180.98 .012
TSM .54 3 124.75 .012
HRC .42 6 155.55 .012
PNRG .79 1 68 .011
ECHO .49 1 48.24 .010
INOV .22 2 40.99 .010
PPC .17 2 28.62 .010
ESXB .13 1 12.27 .010
GTS .33 1 35.59 .009
IEC .14 1 15.34 .009
SVBI .13 1 13.63 .009
SLVO .02 3 5.33 .009
TDG 1.87 4 629.63 .008
STN .48 1 56.65 .008
HFBL .16 1 19.75 .008
PBT .04 2 9.42 .008
LMRK .13 1 16.27 .007
ROG 1.67 1 270.32 .006
SYKE .14 3 54 .006
ITRN .07 3 26.08 .006
PSP .04 3 16.27 .006
CONE .46 1 89.37 .005
CLDR .08 1 15.99 .005
SAFM .85 1 188.01 .004
VOOV .73 1 147.5 .004
TAAG .09 1 20.9494 .004
CPLG .07 1 15.58 .004
KIN .02 2 9.25 .004
RAVN .10 3 57.82 .003
IACB .01 3 9.98 .003
SPY 1.31 1 467.57 .002
CXP .04 1 19.16 .002
SIC .03 1 14.49 .002
NWHM .02 1 8.99 .002
EIC .02 2 17.74 .002
DSE .02 1 9.49 .002
ULTA .62 1 411.77 .001
VCAR .03 1 18.07 .001
PMD .01 1 8.75 .001
WYNN .06 3 94.34 0
ULTA .05 12 411.77 0
WYNN .04 4 94.34 0
VALN .03 1 45.07 0
RTLR .01 8 10.52 0
INFL .01 2 31.03 0
HDGE .01 1 24.94 0
DFP .01 2 28.4 0
WMPN 0 4 12.11 0
QQC 0 1 34 0
QADB 0 4 87.54 0
PAE 0 1 9.97 0
ONON 0 1 51.42 0
NLSP 0 1 1.81 0
LHAA 0 1 9.84 0
HWBK 0 1 24.56 0
EPAY 0 1 46.51 0
DVD 0 1 3.59 0
APWC 0 1 2.99 0
NSYS -.12 1 9.955 -.012
