SHOP 32.80 7 1533.77 .147
DWAC 30.01 3 59.85 1.503
MSTR 14.75 8 860 .136
CAR 12.01 1 293.1 .040
NVAX 10.57 12 173.02 .732
BKNG 10.17 8 2639.86 .024
SAM 9.40 7 491.64 .133
WBX 8.99 1 16.75 .536
AMZN 8.18 93 3488.98 .186
REGN 7.44 9 622.78 .099
DUOL 7.27 3 155.35 .138
SIVB 7.01 8 742.05 .072
W 6.80 8 244.2 .216
AZO 6.70 11 1820.93 .033
LAD 6.41 5 329.35 .095
BLK 6.24 5 965.87 .030
DDS 6.22 9 299 .180
MDB 5.88 8 571.3 .080
TOST 5.65 1 58.34 .096
DPZ 5.62 11 496.67 .121
DE 5.37 10 360.86 .140
KOSS 5.35 7 16.36 2.289
EJH 5.21 6 2.68 11.664
SE 5.17 14 344.09 .210
SI 5.04 5 217.18 .115
THC 4.91 1 75.2 .065
UPST 4.74 17 334.6 .238
BKKT 4.57 1 31.07 .147
BIGC 4.50 1 59.69 .075
GKOS 4.45 1 53.75 .082
RGEN 4.41 7 273.31 .112
ZM 4.40 14 259.9 .224
EEIQ 4.33 5 4.3 5.030
TSLA 4.28 152 1162.94 .456
FLGT 4.22 5 80.35 .260
SPLK 4.15 5 168.69 .120
ASML 4.13 11 849.93 .044
ADBE 4.10 6 666.02 .036
CFLT 4.09 1 88 .046
BIIB 4.00 5 272.7 .070
CARV 3.92 6 15.66 1.500
EL 3.86 7 349.39 .077
ZG 3.78 6 68.23 .330
BNTX 3.78 20 242.6 .300
GOOG 3.73 28 2987.03 .028
ANVS 3.73 6 37.67 .594
SNPS 3.69 6 342.91 .060
CCXI 3.66 3 39.37 .276
EVA 3.59 1 67.33 .053
SEDG 3.56 6 349.9 .060
GPN 3.54 11 134.59 .286
MA 3.51 6 349.67 .060
EBET 3.45 6 30.64 .672
ZLAB 3.42 6 87.18 .234
PWR 3.42 1 119.8 .028
SITM 3.41 5 291.34 .055
DQ 3.36 7 67.14 .350
SCPS 3.34 7 3.6 6.489
NRXP 3.30 7 6.72 3.437
GLSI 3.27 5 38.09 .425
DPST 3.25 1 59.07 .055
JAN 3.24 5 6.42 2.520
ADGI 3.21 7 19.21 1.169
IAC 3.19 7 143.91 .154
CMTL 3.13 1 27.44 .114
APPS 3.13 6 72.63 .258
ENPH 3.10 6 241.62 .072
AFRM 3.10 13 163.37 .234
UNH 3.07 11 462.62 .066
NEGG 3.07 20 18.82 3.260
DOCS 3.04 6 71.05 .252
GDYN 3.03 1 36.1 .083
IRNT 3.02 6 11.23 1.608
GME 2.99 82 218.64 1.066
ANTM 2.99 6 426.59 .042
LII 2.97 6 301.58 .054
ADSK 2.96 6 329.07 .048
IWM 2.93 6 242.56 .072
MRNA 2.92 34 244.68 .374
SNOW 2.91 8 370.73 .056
DLTR 2.90 5 110.66 .130
ZS 2.89 6 350.17 .048
ROKU 2.89 7 277.17 .070
CAT 2.86 8 214.25 .104
GS 2.81 8 408.34 .048
CELH 2.77 5 103.95 .130
LMT 2.70 10 341.78 .070
SAVA 2.65 27 89.49 .783
PENN 2.65 10 58.99 .440
GRTS 2.64 6 11.15 1.416
NVCR 2.63 10 107.42 .240
NCTY 2.63 5 10.88 1.205
WDAY 2.61 5 292.73 .040
INTU 2.61 5 615.25 .020
OSTK 2.60 7 105.36 .168
AUVI 2.56 8 5.49 3.728
INMD 2.55 1 94.35 .027
WSM 2.54 5 203.37 .060
FULC 2.54 6 20.29 .750
KEYS 2.52 4 186.28 .052
INDP 2.52 5 7.39 1.705
CNC 2.42 3 74.08 .096
AVXL 2.41 5 23.31 .515
COST 2.40 8 503.81 .032
DASH 2.38 8 193.15 .096
CPOP 2.34 5 2.915 4.010
LIN 2.33 6 337.53 .036
NXPI 2.32 5 223.08 .050
LLY 2.28 7 260.53 .056
XBI 2.27 5 130.51 .085
AMGN 2.27 5 211.37 .050
STE 2.26 5 230.01 .045
VMW 2.23 6 128.41 .102
ABNB 2.23 7 200.32 .077
NEWR 2.22 5 90.94 .120
HCA 2.20 4 247.63 .032
TPST 2.19 5 12.15 .900
PKG 2.17 5 134.37 .080
CHGG 2.17 3 30.78 .210
PKI 2.16 4 173.19 .048
PDD 2.15 5 83.24 .125
LCID 2.15 4 45.92 .184
PYPL 2.14 9 229.42 .081
DLPN 2.14 5 10.77 .990
AACG 2.14 5 2.3159 4.620
TTD 2.12 8 88.75 .184
ACRS 2.12 7 16.7 .882
RBLX 2.11 8 77 .216
ALEC 2.10 6 24.86 .504
V 2.08 7 220.49 .063
ROST 2.08 4 118.62 .068
BBY 2.06 5 130.09 .075
DG 2.03 4 220.93 .036
MRIN 2.01 5 6.63 1.515
UHAL 1.98 9 756.02 .018
AAME 1.97 5 4.3 2.290
KMB 1.96 6 132.54 .084
MDT 1.95 5 123.02 .075
COHN 1.95 5 18.25 .530
ARVN 1.91 7 92.83 .140
MSGE 1.88 4 83.83 .088
TDG 1.87 4 674.58 .008
COF 1.87 4 155.52 .048
VLO 1.86 4 77.78 .092
LOW 1.83 7 234.79 .049
CI 1.83 5 218.16 .040
ACMR 1.83 5 106.4 .085
DKS 1.82 13 130.34 .169
AAP 1.82 4 227.91 .028
KNBE 1.81 6 26 .414
DIS 1.80 8 176.87 .080
ROLL 1.78 7 241.35 .049
CERE 1.78 7 44.34 .280
BIDU 1.78 117 161.42 1.287
VRPX 1.77 9 4.17 3.816
TSCO 1.77 8 221.4 .056
RAPT 1.77 7 38.55 .315
DAVA 1.77 4 166.05 .040
CTRN 1.77 4 84.99 .080
JKS 1.76 3 56.71 .093
HON 1.76 7 225.73 .049
TSP 1.75 5 39.58 .220
DELL 1.75 7 55.53 .217
TASK 1.74 7 62.94 .189
BHVN 1.74 4 139.77 .048
TMUS 1.73 6 120.86 .084
SQ 1.73 23 236.77 .161
LWAC 1.73 5 16.98 .505
WAVE 1.72 5 7.61 1.130
LAIX 1.72 4 0.886 7.764
IMPL 1.70 5 11.29 .750
CM 1.70 4 118.56 .056
TWTR 1.69 5 54.08 .155
RL 1.69 6 128.96 .078
NNOX 1.69 5 26.82 .315
KYMR 1.69 2 65.22 .050
BURL 1.68 8 293.43 .040
ROG 1.67 1 269.87 .006
AN 1.67 8 122.36 .104
XM 1.66 2 42.52 .078
NMRD 1.66 4 5.93 1.116
NVOS 1.65 5 1.7 4.850
ESTC 1.65 4 171.67 .036
FISV 1.64 6 100.02 .096
CREE 1.64 5 79.12 .100
A 1.64 7 160.94 .070
KSS 1.63 7 58.55 .189
JZXN 1.63 4 2.26 2.884
LEGN 1.61 5 47.9 .165
CLDX 1.61 3 45.44 .105
TTC 1.60 4 100.1 .060
STMP 1.59 4 329.61 .016
LH 1.59 7 280.61 .035
LHDX 1.58 4 6.08 1.036
RLMD 1.57 4 25.4 .244
GTEC 1.57 2 5.95 .526
GH 1.57 8 110.43 .112
CARA 1.57 2 17.23 .182
XLNX 1.56 8 208.01 .056
DPW 1.56 5 2.17 3.590
TSC 1.55 1 30.35 .051
IRDM 1.55 4 43.18 .140
CRNC 1.55 4 105.18 .056
BLFS 1.55 1 53.23 .029
FUV 1.54 1 12.92 .119
CHCI 1.54 3 4.79 .963
TERN 1.53 4 9.83 .620
SIEB 1.53 5 3.22 2.375
FANG 1.53 5 115.71 .065
DLO 1.53 5 50.19 .150
CLX 1.52 4 164.27 .036
SNOA 1.51 4 5.8 1.040
OVV 1.51 2 37.31 .080
GRU 1.51 1 4.45 .339
EA 1.51 4 138.16 .040
WAFU 1.50 4 6.21 .964
SUPN 1.50 1 33.56 .044
ASAN 1.50 9 135.44 .099
BCYC 1.49 3 58.65 .075
STT 1.48 3 96.63 .045
SEMR 1.48 2 25.04 .118
JRVR 1.48 2 30.48 .096
JNJ 1.48 2 162.87 .018
ADI 1.48 5 184.46 .040
NURO 1.47 11 8.12 1.991
FGEN 1.47 3 12.12 .363
EDIT 1.47 3 40.57 .108
VCVC 1.46 1 9.85 .148
SFIX 1.46 2 34.5 .084
LITE 1.46 2 91.16 .032
HTBX 1.46 2 5.33 .546
BYND 1.46 5 98.28 .070
SBEA 1.45 2 10.36 .278
EYEG 1.45 1 1.95 .743
BTBT 1.45 10 11.78 1.230
KALV 1.44 8 17.9 .640
JD 1.44 5 77.47 .090
LYFT 1.43 5 55.24 .125
LANC 1.43 2 161.69 .016
ATKR 1.43 2 103.35 .026
TSN 1.42 4 81.37 .068
IMNM 1.42 4 19.93 .284
RMBL 1.41 3 43.7 .096
HOOD 1.41 14 37.98 .518
AMD 1.41 12 150.16 .108
SNA 1.40 4 214.11 .024
JCS 1.40 3 3.82 1.098
HX 1.40 6 4.59 1.830
CVS 1.40 3 93.76 .042
CRDF 1.40 1 5.7 .245
WGO 1.39 2 72.31 .038
VERY 1.39 4 7.98 .696
OPNT 1.39 3 26.05 .159
KURA 1.39 3 19.38 .213
JBL 1.39 2 64.21 .042
EOSE 1.39 2 11.89 .232
TNET 1.38 1 106.65 .012
EXPI 1.38 6 44.78 .180
TWST 1.37 7 132.52 .070
LIVE 1.37 3 33.11 .123
ECOM 1.37 1 26.57 .051
SM 1.36 1 37.66 .036
FATE 1.36 3 60.79 .066
TAOP 1.35 3 3.23 1.251
WNW 1.34 1 3.35 .400
OLN 1.34 1 60.75 .022
CAH 1.34 4 49.63 .104
MOXC 1.33 4 6.03 .880
LAZR 1.33 4 17.5 .304
GRVY 1.33 7 103.71 .084
ABT 1.33 6 126.8 .060
TJX 1.32 4 69.89 .072
TDC 1.32 3 50.38 .078
COUR 1.32 2 33.67 .078
AEO 1.32 2 26.27 .100
VIH 1.31 1 9.36 .139
SPY 1.31 1 468.93 .002
RACE 1.31 9 260.73 .045
ABCL 1.31 1 15.33 .085
UHS 1.30 4 129.16 .040
JG 1.30 3 1.5 2.598
GWRE 1.30 5 126.31 .050
BNR 1.30 3 14.42 .270
BKE 1.30 3 48.62 .078
WM 1.29 6 160.05 .048
OLLI 1.29 2 72.21 .034
LI 1.29 3 31.35 .123
ATAI 1.29 2 16.7 .154
APPN 1.29 4 98.11 .052
VSCO 1.28 4 50.23 .100
FRD 1.28 1 14 .091
BILI 1.28 22 77.33 .352
YETI 1.27 4 104.93 .048
RHE 1.27 2 7.4 .342
NFE 1.27 1 30.65 .041
HJLI 1.27 1 10.38 .122
CPE 1.27 5 64.18 .095
APXT 1.27 1 12.11 .104
TTWO 1.26 5 185.14 .030
SPCE 1.26 24 19.89 1.512
MESO 1.26 1 6.33 .199
DOMO 1.26 4 87.65 .056
USB 1.25 4 60.69 .080
THCB 1.25 1 10 .125
SPT 1.25 6 131.96 .054
OPAD 1.25 4 7.56 .660
NGM 1.25 2 20.75 .120
CHKP 1.25 6 118.13 .060
BYSI 1.25 3 14.88 .252
UAL 1.24 2 53.11 .046
SJ 1.24 4 5.94 .832
PBTS 1.24 1 1.29 .961
LPX 1.24 3 64.64 .057
LEDS 1.24 3 7.8 .474
KMX 1.24 2 153.95 .016
EDSA 1.24 1 7.58 .163
COIN 1.24 7 353.92 .021
CMMB 1.24 2 9.92 .250
BNTC 1.24 3 3.59 1.035
ANPC 1.24 2 2.5 .992
ALXN 1.24 4 182.5 .024
TAP 1.23 2 46.09 .052
LAW 1.23 3 54.07 .066
J 1.23 3 144.99 .024
C 1.23 4 68.45 .068
RCUS 1.22 1 34.74 .035
EYES 1.22 6 2.85 2.568
DDL 1.22 2 34.46 .070
VIR 1.21 5 32.54 .185
RTX 1.21 2 90.71 .026
PFGC 1.21 3 47.15 .075
OSAT 1.21 3 5.29 .684
LYEL 1.21 3 12.96 .279
HGEN 1.21 3 6.59 .549
HD 1.21 12 368.59 .036
EAT 1.21 3 43.74 .081
ARAV 1.21 1 4.07 .297
AMC 1.21 57 45.06 1.482
WHLM 1.20 4 5.96 .804
MMM 1.20 7 181.54 .042
JPM 1.20 12 169.06 .084
IBM 1.20 8 124.54 .072
CRIS 1.20 2 6.01 .398
CETX 1.20 1 1.41 .851
AMTX 1.20 3 22.44 .159
AKAM 1.20 3 108.62 .033
TVTX 1.19 3 30 .117
SGOC 1.19 9 6.27 1.701
JWN 1.19 3 33.31 .105
PRTA 1.18 8 58.52 .160
ENOB 1.18 4 9.43 .500
DFH 1.18 1 16.51 .071
ZEV 1.17 4 9.37 .496
STZ 1.17 4 221.78 .020
SKT 1.17 3 20.52 .171
NIU 1.17 3 26.61 .129
MVIS 1.17 5 9.4 .620
CLSK 1.17 1 22.26 .052
VOXX 1.16 3 12.5 .276
TRI 1.16 3 120.26 .027
SIF 1.16 1 7.78 .149
NVDA 1.16 150 308.04 .450
NTAP 1.16 4 91.89 .048
MAT 1.16 3 22.47 .153
LOGI 1.16 5 79.43 .070
HGSH 1.16 2 2.18 1.064
GT 1.16 2 23.08 .100
AMEH 1.16 8 88.21 .104
AMAT 1.16 8 152.96 .056
ZIM 1.15 6 49.56 .138
UPS 1.15 7 209.3 .035
NTRB 1.15 2 5.75 .400
IMTX 1.15 3 12.57 .273
BZ 1.15 2 34.22 .066
ATVI 1.15 4 66.82 .068
TGT 1.14 10 253.33 .040
HCWB 1.14 2 3.24 .702
BBLG 1.14 1 4.14 .275
AVIR 1.14 3 10.75 .318
VNET 1.13 3 16.86 .201
STG 1.13 1 5.06 .223
SCHW 1.13 4 81.68 .052
PEP 1.13 5 162.43 .030
NUAN 1.13 1 55 .020
HAS 1.13 5 97.2 .055
BTX 1.13 2 9.16 .246
ABSI 1.13 1 18.03 .062
MNOV 1.12 2 3.58 .624
FIGS 1.12 5 40.13 .135
BZUN 1.12 1 17.03 .065
TGTX 1.11 1 34.8 .031
SHEN 1.11 3 28.22 .117
PMCB 1.11 3 2.92 1.140
GIII 1.11 4 31.89 .136
DXC 1.11 2 33.38 .066
CNET 1.11 1 1.56 .711
ALLO 1.11 2 19.65 .112
RUN 1.10 5 58.17 .090
OPTT 1.10 1 2.3 .478
MRUS 1.10 3 27.58 .117
XTLB 1.09 2 3.87 .562
SKX 1.09 4 47.41 .088
LIFE 1.09 3 8.45 .384
ALDX 1.09 2 9.11 .238
MTSL 1.08 3 3.37 .960
FCBP 1.08 1 29.1 .037
DOCN 1.08 5 112.54 .045
B 1.08 1 44.61 .024
AZYO 1.08 1 6.3 .171
ALF 1.08 2 5.02 .430
TTCF 1.07 1 17.84 .059
SMLP 1.07 2 31.29 .068
VYGR 1.06 2 3.65 .580
SPI 1.06 3 5.43 .585
CRM 1.06 11 309.96 .033
BAC 1.06 4 47.34 .088
SCR 1.05 5 35.58 .145
RIOT 1.05 4 36.69 .112
PTGX 1.05 3 34.64 .090
PLD 1.05 4 148.07 .028
MNST 1.05 4 90.83 .044
CELC 1.05 3 18.85 .165
OCUP 1.04 1 4.28 .242
OCGN 1.04 12 9.63 1.284
NETE 1.04 2 13.09 .158
IPA 1.04 2 6.13 .338
FSTX 1.04 1 6.86 .151
CANF 1.04 1 1.49 .697
KMPH 1.03 3 9.4 .327
BLDR 1.03 2 66.84 .030
MFNC 1.02 2 21.5 .094
DAL 1.02 5 44.65 .110
BBBY 1.02 14 21.67 .658
AXP 1.02 5 180.05 .025
ZCMD 1.01 1 1.75 .577
LL 1.01 1 17.76 .056
EGRX 1.01 2 51.09 .038
PINS 1.00 4 46.56 .084
MO 1.00 3 45.07 .066
IMAB 1.00 5 59.14 .080
DKNG .99 6 44.78 .132
ACY .99 19 47.01 .399
VTSI .98 2 7.86 .248
TRCH .98 2 4.95 .394
MYGN .98 2 31.81 .060
MCD .98 8 253.1 .024
HOFV .98 2 2.43 .806
UBER .97 5 45.89 .105
RRGB .96 2 21.73 .088
HRI .96 4 194.32 .016
FA .96 1 23 .041
CYTK .96 5 41 .115
CRCT .96 2 27.53 .068
AZPN .96 4 160.81 .020
QDEL .95 4 125.94 .028
PG .95 8 144.95 .048
NEE .95 2 84.59 .022
BTWN .95 1 9.92 .095
BPTH .95 2 4.87 .390
AGRI .95 5 2.28 2.080
PAYX .94 2 123.19 .014
FTCH .94 2 38.35 .048
CGC .94 1 12.98 .072
INCY .93 4 66.49 .052
HCM .93 4 30.03 .120
PLUG .92 9 40.94 .198
PLCE .92 3 95.94 .027
OKE .92 3 64.88 .042
LBPH .92 1 6.37 .144
KNL .92 1 25.04 .036
FL .92 4 53.18 .068
BGFV .92 9 35.01 .234
YEXT .91 1 12.52 .072
WFC .91 4 50.87 .068
SSY .91 3 2.59 1.053
SLS .91 3 9.4 .288
AIT .91 2 103.18 .016
HOG .90 4 37.86 .092
GEG .90 1 1.9 .473
CRTO .90 1 40.95 .021
ATNF .90 3 5 .540
ON .89 6 58.72 .090
NKE .89 8 171.85 .040
ERYP .89 3 2.48 1.074
ARCE .89 2 17.24 .102
ACHL .89 1 6.86 .129
OTIS .88 4 82.24 .040
KHC .88 2 37.2 .046
GMBL .88 2 6.44 .272
CROX .88 6 176.54 .024
ALC .88 1 86.27 .010
LAC .87 3 35.34 .072
GM .87 3 59.6 .042
GDEV .87 3 8.19 .318
DTSS .87 1 2.22 .391
AFMD .87 1 6.34 .137
UTHR .86 4 202.09 .016
RF .86 1 24.5 .035
MQ .86 5 28.1 .150
KODK .86 2 7.16 .240
VMEO .85 2 24.33 .068
SRNE .85 1 6.57 .129
SOFI .85 4 22.74 .148
SAFM .85 1 188.51 .004
RIDE .85 5 5.89 .720
LUV .85 5 51.37 .080
ABBV .85 5 116.06 .035
PTIX .84 2 2.32 .724
NLS .84 2 9.65 .174
LEXX .84 3 6.4 .393
HOL .84 3 12.35 .204
DTST .84 3 4.49 .561
CLII .84 3 14.36 .174
BB .84 11 11.28 .814
APOP .84 5 13.17 .315
TNA .83 5 111.84 .035
MAXR .83 4 31.01 .104
IRBO .83 1 47.28 .017
CNA .83 1 45.92 .018
BLUW .83 2 9.63 .172
SANA .82 1 21.82 .037
MS .82 9 100.07 .072
MNSO .82 1 16 .051
FITB .82 3 44.26 .054
SPRT .81 20 11.8 1.360
MBRX .81 2 2.53 .640
GE .81 5 108.42 .035
CRTD .81 6 3.47 1.398
APP .81 8 99.64 .064
SYPR .80 4 3.96 .808
IONQ .80 5 21.35 .185
DD .80 4 79.52 .040
SWI .79 1 16.89 .046
SLV .79 2 22.65 .068
SCYX .79 1 5.64 .140
PNRG .79 1 71.1 .011
GLD .79 10 170.45 .040
CHPT .79 2 27.6 .056
BJ .79 7 61.33 .084
ZY .78 3 11.08 .210
VVOS .78 4 3.92 .792
UAA .78 3 24.74 .093
SJM .78 12 125.08 .072
IPHA .78 4 5.42 .572
GNOG .78 1 16.25 .048
DUK .78 4 101.42 .028
COP .78 6 75.93 .060
CAI .78 1 55.94 .013
BABA .78 98 162.16 .392
PRFX .77 3 2.64 .873
PLTR .77 2 26.75 .056
OLB .77 3 6.84 .336
LESL .77 1 23.08 .033
ENTX .77 2 4.06 .378
ALYA .77 4 2.87 1.072
VLDR .76 2 7.4 .204
STX .76 9 97.72 .063
QFIN .76 8 21.29 .280
NFLX .76 105 651.45 .105
NBRV .76 1 1.3 .584
MOS .76 5 37.72 .100
GROM .76 2 3.76 .404
QCOM .75 9 165.85 .036
GPS .75 6 24.48 .180
FLWS .75 4 34.49 .084
FB .75 106 338.62 .212
DDD .75 11 33.88 .242
SPTN .74 3 24.54 .090
SCKT .74 4 6.33 .464
PTON .74 5 51.25 .070
PSTG .74 2 28.57 .050
LOOP .74 4 16.79 .176
GTIM .74 1 5.02 .147
GRVI .74 3 5.26 .420
FUBO .74 2 33.67 .042
EVOL .74 2 2.72 .544
ATXI .74 1 1.72 .430
VZ .73 2 52.33 .026
VOOV .73 1 149.64 .004
UPC .73 3 2.35 .930
SQBG .73 2 6.24 .232
RNXT .73 2 5.34 .272
NVFY .73 3 2.4 .912
EQT .73 1 20.7 .035
RMED .72 6 3 1.440
PFE .72 8 48.33 .112
ENSC .72 1 2.23 .322
DEN .72 4 89.24 .032
CRMT .72 9 125.52 .045
BTCM .72 4 8.54 .336
ARPO .72 1 2.2 .327
ZKIN .71 2 2.83 .500
RFL .71 5 7.42 .475
PALI .71 3 2.92 .729
MVST .71 5 9.87 .355
WMT .70 16 149.27 .064
TBLA .70 1 9.85 .071
SONO .70 6 34.79 .120
ORGS .70 1 4.38 .159
OCX .70 1 3.55 .197
INTC .70 6 51.55 .078
IGIC .70 3 8.35 .249
AMKR .70 2 23.79 .058
VRNT .69 5 47.48 .070
MTTR .69 8 22.6 .240
FTEK .69 3 1.94 1.065
BEKE .69 1 17.92 .038
AUPH .69 6 31.32 .132
ASM .69 1 0.979 .704
APRE .69 3 5.04 .408
ONCS .68 1 1.79 .379
IYC .68 3 86.38 .021
BWAY .68 2 8.25 .164
BCRX .68 9 12.22 .495
XONE .67 2 28.07 .046
XLK .67 5 167.98 .015
SKLZ .67 4 12.34 .216
NPTN .67 1 15.78 .042
M .67 9 31.22 .189
JRJC .67 3 6.41 .312
FOE .67 1 21.37 .031
CLNE .67 1 9.35 .071
ANF .67 2 45.44 .028
ACH .67 1 14 .047
VIPS .66 1 11.38 .057
SSNT .66 1 6.24 .105
RETO .66 1 1.13 .584
CTKB .66 1 25.04 .026
AMOM .66 1 39.075 .016
TATT .65 3 6.5 .300
STRO .65 2 21.97 .058
PCVX .65 1 25.06 .025
LMNL .65 3 1.69 1.152
SLGG .64 2 3.53 .362
SDC .64 2 5.25 .242
LZB .64 2 36.08 .034
XLV .63 5 133.65 .020
HPQ .63 4 31.6 .076
FLOW .63 4 79.4 .028
ULTA .62 1 388.11 .001
PDCO .62 3 33.28 .054
MPC .62 3 65.67 .027
LJPC .62 2 4.16 .298
ISEE .62 4 18.3 .132
IFRX .62 2 4.66 .266
BON .62 3 6.6 .279
AREC .62 5 2.43 1.275
APG .62 2 22.43 .054
AA .62 9 48.86 .108
SOS .61 2 2.23 .546
RY .61 7 106.05 .035
PLG .61 1 2.88 .211
CL .61 4 77.74 .028
AMBO .61 1 1.29 .472
SLB .60 4 34.3 .068
PSTV .60 1 1.82 .329
KIRK .60 2 25.8 .046
EVK .60 6 3.43 1.044
CEMI .60 8 2.125 2.256
AYRO .60 2 3.13 .382
AVCT .60 1 1.88 .319
AMRS .60 1 12.98 .046
VERU .59 3 8.67 .204
LEN .59 5 104.43 .025
BIG .59 2 49.42 .022
YMM .58 2 14.67 .078
WPRT .58 2 3.94 .294
WISH .58 3 5.21 .333
STAF .58 2 1.85 .626
SPG .58 6 167.39 .018
CSIQ .58 4 38.6 .060
WEI .57 1 0.97 .587
SNAP .57 113 54.9 1.130
SBTX .57 1 8.8 .064
ORPH .57 4 4.02 .564
GGAL .57 1 11.89 .047
EZFL .57 1 3.18 .179
CLF .57 11 23.59 .264
TQQQ .56 137 169.86 .411
T .56 3 24.88 .066
SBH .56 2 17.89 .062
PRPL .56 4 19.03 .116
OBLN .56 3 3.05 .549
MTP .56 1 1.72 .325
MRK .56 8 82.68 .048
LODE .56 3 2.35 .714
CLPS .56 1 3.17 .176
CLPS .56 1 3.17 .176
CLOV .56 1 8.03 .069
VNE .55 6 35.4 .090
RSI .55 2 19.79 .054
MU .55 6 74.56 .042
MOSY .55 2 6.23 .176
GIS .55 6 62.64 .048
FLXN .55 1 9.26 .059
EOLS .55 1 7.48 .073
DNUT .55 4 13.55 .160
WHLR .54 2 2.64 .408
TSM .54 3 120.91 .012
PPSI .54 2 10.4 .102
NIO .54 76 43.2 .912
ENZ .54 2 3.39 .318
ADMA .54 1 1.38 .391
TBIO .53 3 37.36 .042
MEDS .53 5 4.04 .655
HUYA .53 3 8.51 .186
ERJ .53 5 16.56 .160
EQ .53 1 6.52 .081
CCJ .53 8 28.09 .144
BBWI .53 6 74.99 .042
ASTR .53 4 9.99 .212
TLRY .52 3 12.37 .126
SILK .52 7 57.71 .063
CSCO .52 8 57 .072
WOOF .51 2 25.59 .038
RCON .51 2 2.31 .440
MRVL .51 6 73 .036
KO .51 6 56.33 .054
K .51 8 62.25 .064
GFAI .51 2 2.21 .460
EVGO .51 4 13.43 .148
DYAI .51 3 4.15 .366
CPSH .51 1 5.72 .089
TIGR .50 8 6.91 .576
PATI .50 2 15.34 .064
MDIA .50 3 7.87 .189
GRTX .50 3 1.88 .795
CBAT .50 3 3.2 .468
RKDA .49 1 1.96 .250
NRBO .49 2 1.93 .506
MARA .49 17 75.3 .102
IGC .49 3 1.45 1.011
GP .49 3 16.05 .090
GEVO .49 4 7.68 .252
ENLV .49 2 8.59 .114
ECHO .49 1 48.15 .010
ATHM .49 3 38.31 .036
ARMP .49 1 3.61 .135
STN .48 1 55.76 .008
NNDM .48 3 6.13 .234
HRL .48 5 43.54 .055
HRC .48 5 155.05 .015
EPU .48 3 29.78 .048
DRN .48 4 26.76 .068
XPEV .47 81 47.11 .729
XLE .47 6 58.79 .042
TRIL .47 1 17.69 .026
STEM .47 5 24.79 .090
SOHU .47 6 20.6 .132
EXPR .47 5 4.38 .535
DARE .47 1 1.68 .279
BODY .47 2 5 .188
VXX .46 3 20.86 .066
UFAB .46 2 3.2 .286
NTEC .46 4 9.63 .188
MARK .46 4 1.66 1.108
KBSF .46 2 3.05 .300
GURE .46 1 5.71 .080
FLGC .46 5 5.14 .445
EQOS .46 1 5.65 .081
CVV .46 2 4.9 .186
BCLI .46 1 3.05 .150
TYME .45 4 1.01 1.780
TME .45 1 7.96 .056
ONCT .45 2 4.39 .204
ME .45 4 12.67 .140
CCL .45 5 24.59 .090
ANY .45 17 7.38 1.020
ADIL .45 2 3.09 .290
WORX .44 4 1.78 .988
NNVC .44 3 4.82 .273
GALT .44 3 3.16 .417
FFHL .44 2 9.6 .090
DWSN .44 2 2.33 .376
CIEN .44 19 60.16 .133
EVGN .43 1 2.71 .158
CAN .43 4 10.29 .164
ATIF .43 1 3.95 .108
PHUN .42 11 4.34 1.056
FCX .42 23 39.43 .230
DBGI .42 5 3.56 .585
CTSO .42 4 6.5 .256
ARMK .42 4 38.9 .040
SRNG .41 1 11.42 .035
RKT .41 2 16.85 .048
PETZ .41 2 6.09 .134
MSFT .41 112 336.99 .112
KZIA .41 2 11.99 .068
GTT .41 1 2.36 .173
FFIE .41 1 8.52 .048
BLIN .41 8 3.46 .944
AUUD .41 7 2.68 1.064
ACOR .41 4 3.74 .436
YJ .40 2 0.8451 .946
ORMP .40 13 29.75 .169
LIZI .40 4 2.95 .540
KR .40 15 41.7 .135
FBRX .40 1 3.31 .120
DUOT .40 1 6.1699 .064
CTIB .40 5 1.9285 1.035
CHRA .40 1 4.18 .095
UWMC .39 2 7.15 .108
LC .39 10 45.57 .080
FAST .39 4 58.23 .024
CSCW .39 2 0.6372 1.224
AQMS .39 3 2.05 .570
APTO .39 3 2.44 .477
OVID .38 2 3.62 .208
OTLK .38 2 2.07 .366
MRTN .38 3 17.22 .066
ANIX .38 1 5.04 .075
VTNR .37 9 4.72 .702
UONE .37 7 6.6 .392
ORCL .37 34 95.14 .102
HUGE .37 1 1.54 .240
HHR .37 4 54.78 .024
GPK .37 1 20.51 .018
CHMA .37 2 3.76 .196
CDEV .37 1 7.85 .047
UAVS .36 3 2.89 .372
MRKR .36 1 1.51 .238
JFIN .36 2 3.92 .182
IDEX .36 4 2.03 .708
GNLN .36 2 1.81 .396
BNGO .36 12 5.43 .792
AKTX .36 1 1.66 .216
ADMP .36 1 1.03 .349
ACB .36 3 7.3 .147
ORGO .35 2 11.76 .058
LMFA .35 5 6.72 .260
IRIX .35 3 9.03 .114
HNST .35 2 9.21 .076
GOVX .35 6 3.99 .522
FLO .35 4 25.3 .052
CLSD .35 3 5.12 .204
CIFR .35 3 9.28 .111
BSQR .35 13 2.41 1.885
AESE .35 1 2 .175
XELB .34 2 1.39 .488
TRIT .34 5 6.35 .265
TESS .34 2 6.3 .106
HWCC .34 1 5.3 .064
XOM .33 9 65.72 .045
KULR .33 2 3.4 .194
IMMR .33 6 7.29 .270
HNP .33 2 19.06 .034
GTS .33 1 35.6 .009
BHTG .33 1 1.24 .266
ACI .33 9 33.36 .081
WATT .32 2 2.06 .310
TAL .32 2 4.09 .156
SPCB .32 2 0.895099 .714
SGBX .32 3 3.21 .297
MINM .32 2 1.58 .404
IMMP .32 3 4.75 .201
BKYI .32 1 3.08 .103
AZN .32 12 62.99 .060
AAPL .32 108 150.44 .216
AAL .32 9 22.25 .126
WINT .31 3 1.81 .513
ULBI .31 2 5.88 .104
PBR .31 8 9.84 .248
NKLA .31 15 14.52 .315
HMHC .31 2 17.12 .036
FENC .31 1 9.31 .033
DMAC .31 2 4.6 .134
D .31 8 74.58 .032
COTY .31 6 10.69 .168
AEY .31 1 2.28 .135
OXBR .30 5 3.61 .415
LGHL .30 4 2 .600
HAPP .30 1 0.92 .326
ENG .30 3 2.57 .348
BBIG .30 20 4.67 1.280
AUTL .30 3 6.97 .129
UNIT .29 2 13.64 .042
NEXT .29 4 3.99 .288
HUSN .29 4 2.31 .500
MITO .28 1 1.13 .247
BP .28 4 28.02 .036
XLP .27 5 72.42 .015
WIMI .27 4 5.2 .204
RSLS .27 4 2.73 .392
NAOV .27 11 1.47 2.013
MGTX .27 1 20.43 .013
GSM .27 7 7.19 .259
ENVB .27 3 1.98 .408
VIVE .26 2 2.19 .236
PPBT .26 1 4.43 .058
PME .26 1 0.75 .346
LTHM .26 12 32.43 .096
AXLA .26 2 3.29 .158
AGNC .26 3 16.12 .048
PBLA .25 1 2.08 .120
HIPO .25 2 4.2 .118
RVI .24 2 6.23 .076
RAIL .24 4 5.1 .188
MOGO .24 4 5.94 .160
IKT .24 1 2.17 .110
GBR .24 1 3.78 .063
PIRS .23 7 4.15 .385
OCG .23 4 4.81 .188
BGI .23 2 3.17 .144
THTX .22 1 3.46 .063
SSKN .22 1 1.86 .118
SPWH .22 3 17.29 .036
JFU .22 3 1.46 .450
INOV .22 2 40.75 .010
DYNT .22 5 1.54 .710
ALTO .22 4 5.98 .144
VIEW .21 1 6.61 .031
VBLT .21 3 2.46 .255
TENX .21 1 1.54 .136
ATOS .21 5 2.73 .380
ALAC .21 2 11.5601 .036
SALM .20 4 3.87 .204
ENSV .20 1 1.37 .145
NBEV .19 1 1.67 .113
MOMO .19 3 12.78 .042
AEHR .19 26 23.66 .208
VSH .18 3 20.55 .024
TEO .18 1 5.29 .034
OBSV .18 5 2.45 .365
FCEL .18 130 10.81 2.080
YPF .17 2 4.34 .078
PPC .17 2 28.19 .012
LIVX .17 2 3.07 .110
KXIN .17 6 2.13 .474
GMTX .17 1 3.69 .046
SWN .16 2 5.09 .062
SNES .16 2 1.63 .196
RRD .16 5 9.15 .085
INFI .16 4 2.64 .240
HFBL .16 1 19.25 .008
ZNGA .15 4 6.99 .084
SBS .15 5 6.47 .115
IMV .15 2 1.61 .186
GSKY .15 2 12.12 .024
GRUB .15 3 14.12 .030
CHNG .15 2 21.35 .014
AGEN .15 10 4.18 .350
SYKE .14 3 54 .006
SSL .14 14 18.11 .098
OEG .14 1 2.93 .047
NXTP .14 1 1.4 .100
MRO .14 16 17.22 .128
INM .14 1 1.52 .092
IEC .14 1 15.34 .009
EDU .14 1 2.11 .066
ABUS .14 2 3.6 .076
TELL .13 7 4.58 .196
SVBI .13 1 13.63 .009
OSMT .13 4 1.8 .288
LMRK .13 1 16.3 .007
GENE .13 3 2.85 .135
ESXB .13 1 12.09 .010
VERB .12 8 1.9 .504
SBBP .12 2 2 .120
PSTX .12 1 6.62 .018
MTL .12 8 4.05 .232
GSAT .12 2 1.65 .144
CRON .12 5 6.71 .085
CHNR .12 4 1.25 .384
XPDI .11 11 13.69 .088
TTM .11 8 34.08 .024
SNMP .11 2 1.34 .164
MOHO .11 3 0.6379 .516
GBS .11 1 2.19 .050
FENG .11 2 1.57 .140
EKSO .11 2 4.16 .052
CALA .11 1 0.8782 .125
ACHV .11 2 8.47 .024
SLHG .10 1 2.55 .039
RCAT .10 2 2.61 .076
RAVN .10 3 57.95 .003
KDMN .10 4 9.5 .040
EDTK .10 2 1.44 .138
CNFR .10 2 2.7 .074
XELA .09 7 1.7 .364
WTER .09 2 1.68 .106
TEDU .09 2 0.8175 .220
TAAG .09 1 20.9494 .004
SELF .09 1 5.08 .017
RIG .09 6 3.72 .144
PRPO .09 3 2.33 .114
CPG .09 6 4.83 .108
BIOC .09 2 3.85 .046
AEMD .09 3 3.12 .084
AEI .09 2 1.99 .090
MBII .08 1 0.8886 .090
ET .08 5 9.35 .040
CLDR .08 1 15.99 .005
BQ .08 2 2.05 .078
OCG .07 13 4.81 .182
NEPT .07 2 0.5335 .262
ITRO .07 1 1.27 .055
ITRN .07 3 26.24 .006
FRO .07 11 8.49 .088
DBVT .07 11 3.13 .242
CPLG .07 1 15.56 .004
ALZN .07 1 2.61 .026
XBIO .06 8 1.75 .272
WYNN .06 3 94.85 0
VSTM .06 2 2.78 .042
ADMS .06 2 8.18 .014
ULTA .05 12 388.11 0
OXY .05 30 34.29 .030
MDNA .05 8 2.15 .184
FRBK .05 1 3.32 .015
WYNN .04 4 94.85 0
PSP .04 3 16.64 .006
PBT .04 2 8.56 .008
NOK .04 6 5.86 .036
IRCP .04 4 2.86 .052
CXP .04 1 19.11 .002
AVGR .04 7 0.822 .336
VTGN .03 5 2.34 .060
VCAR .03 1 17.62 .001
VALN .03 1 42.49 0
SNDL .03 1 0.7 .042
SIC .03 1 14.49 .002
MFGP .03 4 5.34 .020
SLVO .02 3 5.47 .009
NWHM .02 1 8.99 .002
KIN .02 2 9.25 .004
EIC .02 2 18.24 .002
DSE .02 1 9.49 .002
BLNK .02 12 39.07 0
RTLR .01 8 11.67 0
PMD .01 1 8.75 .001
INFL .01 2 31.73 0
IACB .01 3 9.94 .003
HDGE .01 1 23.87 0
DFP .01 2 28.77 0
BEST .01 3 1.21 .024
WMPN 0 4 12.32 0
QQC 0 1 33.7678 0
QADB 0 4 87.54 0
PAE 0 1 9.92 0
NLSP 0 1 2.18 0
LHAA 0 1 9.85 0
HWBK 0 1 24.42 0
EPAY 0 1 48.13 0
DVD 0 1 2.28 0
NSYS -.12 1 10.8999 -.011
