EJH 5.21 6 0.7255 43.086
SCPS 3.34 7 0.9703 24.094
LAIX 1.72 4 0.4512 15.248
AUVI 2.10 10 1.61 13.040
NEGG 3.07 20 6.07 10.100
CPOP 2.34 5 1.31 8.930
VRPX 1.77 9 1.86 8.559
EEIQ 4.33 5 2.62 8.260
NRXP 2.89 8 2.86 8.080
NVOS 1.65 5 1.1045 7.465
AACG 1.49 7 1.54 6.769
FCEL .18 131 3.56 6.550
IRNT 3.02 6 2.8 6.468
EYES 1.22 6 1.28 5.718
JAN 2.73 6 2.905 5.634
CEMI .60 8 0.8516 5.632
TYME .45 4 0.3607 4.988
JG 1.30 3 0.789 4.941
AMC 1.18 61 14.52 4.941
DPW 1.56 5 1.6 4.875
RMED .72 6 0.8889 4.854
KOSS 5.35 7 7.95 4.704
ADGI 2.56 12 6.59 4.656
JZXN 1.63 4 1.41 4.624
OCGN 1.04 12 2.95 4.224
BTBT 1.45 10 3.525 4.110
AGRI .95 5 1.165 4.075
VVOS 1.65 6 2.5 3.960
AAME 1.97 5 2.49 3.955
NURO 1.47 11 4.09 3.949
NAOV .27 11 0.7636 3.883
SIEB 1.53 5 2.01 3.805
HX 1.40 6 2.24 3.750
MRIN 1.81 6 2.91 3.726
NCTY 2.63 5 3.76 3.495
CARV 3.92 6 6.76 3.474
ANPC 1.24 2 0.7191 3.448
SPCE 1.08 25 7.96 3.375
GRTS 2.25 7 4.74 3.318
GME 3.68 83 93.52 3.237
TPST 2.19 5 3.42 3.200
PBTS 1.24 1 0.388 3.195
BSQR .35 13 1.43 3.172
MOXC 1.01 6 1.94 3.120
ACY .99 19 6.14 3.059
INDP 2.52 5 4.31 2.920
TAOP 1.35 3 1.47 2.754
BFRI 1.31 6 2.97 2.646
PHUN .32 17 2.1 2.584
MARK .46 4 0.7476 2.460
RNXT 1.96 4 3.19 2.456
ANY .20 21 1.79 2.331
LMNL .65 3 0.85 2.292
BNGO .36 12 1.88 2.292
SNAP .57 113 28.3 2.260
RETO .60 3 0.8003 2.247
CTIB .40 5 0.8999 2.220
BYSI 1.25 5 2.83 2.205
MVIS 1.17 5 2.73 2.140
SSY .91 3 1.305 2.091
SAVA 2.73 29 37.66 2.088
PRFX .57 4 1.09 2.088
JCS 1.40 3 2.02 2.079
DLPN 2.14 5 5.26 2.030
EBET 3.45 6 10.38 1.992
WAFU 1.50 4 3.03 1.980
BLIN .41 8 1.68 1.952
SOS .61 2 0.6278 1.942
RIDE .68 7 2.47 1.925
NIO .53 77 21.11 1.925
BBIG .23 24 2.86 1.920
FTEK .69 3 1.08 1.914
PALI .71 3 1.12 1.899
SYTA .46 5 1.22 1.885
AUUD .41 7 1.53 1.869
CRTD .39 7 1.46 1.869
EVK .60 6 1.94 1.854
HOFV .98 2 1.07 1.830
LGVN 2.15 6 7.05 1.824
CSCW .39 2 0.4272 1.824
AREC .62 5 1.7 1.820
CETX 1.20 1 0.681 1.762
TQQQ .62 145 51.56 1.740
BKKT 2.95 2 3.41 1.730
IGC .49 3 0.85 1.728
SGOC 1.19 9 6.2 1.719
NBRV .76 1 0.4428 1.716
ANVS 3.73 6 13.05 1.710
HOOD 1.41 14 11.61 1.694
ERYP .79 4 1.88 1.680
SNOA 1.51 4 3.6121 1.672
PETZ .17 4 0.4097 1.656
HGEN 1.21 3 2.21 1.641
SYPR .80 4 1.95 1.640
PMCB 1.11 3 2.04 1.632
NMRD 1.66 4 4.0871 1.624
CNET 1.11 1 0.69 1.608
NVAX 7.31 16 72.92 1.600
IDEX .36 4 0.8986 1.600
HGSH 1.00 3 1.88 1.593
ISPC .84 8 4.28 1.568
OPAD 1.25 4 3.22 1.552
UPC .73 3 1.41 1.551
WORX .44 4 1.14 1.540
PTIX .84 2 1.0912 1.538
BIDU 1.88 118 143.73 1.534
DWAC 19.74 5 66.43 1.485
BNTC 1.24 3 2.51 1.482
STAF .58 2 0.7837 1.480
ENSC .61 4 1.65 1.476
ACRS 2.12 7 10.1 1.463
DBGI .31 6 1.29 1.440
NVFY .73 3 1.5299 1.431
GFAI .51 2 0.7199 1.416
MEDS .53 5 1.89 1.400
OLB .77 3 1.66 1.389
KTTA 1.49 1 1.08 1.379
CBAT .50 3 1.09 1.374
DYNT .22 5 0.8036 1.365
AVCT .25 6 1.1 1.362
SPRT .81 20 11.8 1.360
ENVB .27 3 0.5987 1.350
LHDX 1.58 4 4.72 1.336
LIZI .40 4 1.2 1.332
FULC 2.54 6 11.52 1.320
WAVE 1.72 5 6.5 1.320
SPI .89 4 2.69 1.320
ALF 1.08 2 1.65 1.308
ALYA .77 4 2.38 1.292
MARA 1.20 21 19.79 1.260
LGHL .30 4 0.95 1.260
AQMS .39 3 0.935 1.251
PPSI .67 9 4.89 1.233
LODE .56 3 1.36 1.233
SPCB .32 2 0.519 1.232
TERN 1.53 4 5.03 1.216
ORPH .57 4 1.89 1.204
CANF .63 2 1.06 1.188
WHLM 1.20 4 4.08 1.176
BB .74 12 7.55 1.176
XPEV .46 84 32.61 1.176
YJ .40 2 0.6801 1.176
MBRX .81 2 1.38 1.172
MOHO .11 3 0.283 1.164
GOVX .36 7 2.17 1.155
XELA .09 7 0.5446 1.155
HTBX 1.46 2 2.53 1.154
LEDS 1.24 3 3.25 1.143
AYRO .60 2 1.05 1.142
HCWB 1.14 2 2.01 1.134
CHCI 1.54 3 4.16 1.110
GNLN .36 2 0.6565 1.096
ZKIN .71 2 1.3 1.092
VTNR .37 10 3.38 1.090
APRE .69 3 1.91 1.083
ZEV .90 5 4.16 1.080
OPTT 1.10 1 1.02 1.078
ENG .30 3 0.8356 1.077
ATXI .74 1 0.69 1.072
ENOB .94 5 4.42 1.060
TIGR .50 8 3.8 1.048
TRIT .34 5 1.62 1.045
AVXL 2.41 5 11.56 1.040
ATNF .66 4 2.56 1.028
KXIN .17 6 0.9914 1.026
KALV 1.44 8 11.2 1.024
AVGR .04 7 0.273 1.022
UAVS .36 3 1.06 1.017
RCON .51 2 1.005 1.014
RFL .71 5 3.57 .990
APTO .28 4 1.13 .988
MNOV .74 3 2.25 .984
BTCM .72 4 2.94 .976
GROM .76 2 1.56 .974
VERY 1.39 4 5.72 .972
BBBY .79 17 13.83 .969
BILI 1.28 23 30.25 .966
OSAT 1.21 3 3.75 .966
MTSL 1.08 3 3.37 .960
NRBO .49 2 1.02 .960
ACOR .41 4 1.71 .956
IMPL 1.70 5 8.96 .945
ASM .69 1 0.74 .932
BBLG .72 3 2.32 .930
ACIU 1.91 2 4.11 .928
RSLS .27 4 1.18 .912
BTX 1.13 2 2.48 .910
GLSI 3.27 5 18.14 .900
TSP 2.05 7 15.91 .896
NNOX 1.69 5 9.45 .890
ALEC 2.10 6 14.1 .888
ATOS .21 5 1.2 .875
SCKT .74 4 3.39 .872
XTLB 1.09 2 2.51 .868
NKLA .34 18 6.97 .864
RHE 1.27 2 2.97 .854
DTST .42 6 2.94 .852
WINT .31 3 1.09 .852
VERB .12 8 1.14 .840
IPHA .78 4 3.74 .832
FLGC .19 6 1.37 .828
MRNA 3.05 41 148.62 .820
EXPR .47 5 2.9 .810
SJ 1.24 4 6.13 .808
MQ 1.18 7 10.28 .798
ONCS .68 1 0.8519 .798
ORMP .35 19 8.19 .798
WNW 1.34 1 1.68 .797
AMBO .61 1 0.7687 .793
EVOL .74 2 1.89 .782
CRIS 1.20 2 3.07 .780
WISH .58 3 2.23 .780
MTTR .44 15 8.44 .780
VYGR 1.06 2 2.79 .758
RELI .49 8 5.17 .752
WBX 4.49 2 11.95 .750
DTSS .87 1 1.16 .750
EYEG 1.45 1 1.95 .743
EOSE 1.39 2 3.74 .742
HAPP .30 1 0.4098 .732
IMNM 1.42 4 7.81 .724
GALT .44 3 1.82 .723
ABUS .22 8 2.42 .720
ASTR .62 5 4.33 .715
MVST .61 6 5.13 .708
LYEL 1.21 3 5.14 .705
SLGG .64 2 1.82 .702
AUPH 1.04 10 14.65 .700
BABA .81 100 111.79 .700
GMBL .88 2 2.52 .698
GTEC .80 4 4.6 .692
EFOI .29 4 1.67 .692
ENTX .77 2 2.23 .690
LIFE .93 4 5.38 .688
JFU .22 3 0.9617 .684
GRTX .40 4 2.38 .672
ALDX 1.09 2 3.26 .668
GEVO .49 4 2.92 .668
WHLR .54 2 1.62 .666
EYPT 5.86 1 8.81 .665
WPRT .58 2 1.75 .662
COHN 1.95 5 14.75 .660
PSTV .60 1 0.9162 .654
TSLA 3.86 163 829.1 .652
DQ 3.36 7 36.07 .651
AFRM 1.88 18 51.01 .648
MRKR .36 1 0.5589 .644
WATT .32 2 1 .640
SKLZ .67 4 4.26 .628
UPST 2.99 19 90.13 .627
SPRB .47 3 2.26 .621
PENN 2.65 10 42.35 .620
RKDA .49 1 0.7999 .612
XELB .34 2 1.11 .612
AEHR .20 34 11.05 .612
ADMP .36 1 0.59 .610
RAPT 1.77 7 20.13 .609
HUSN .29 4 1.9 .608
LEXX .63 4 4.17 .604
CHNR .12 4 0.7902 .604
SE 3.92 20 128.28 .600
NNVC .44 3 2.2 .600
BODY .47 2 1.57 .598
OTLK .38 2 1.27 .598
ZCMD 1.01 1 1.69 .597
DDL 1.22 2 4.13 .590
SNMP .11 2 0.3725 .590
PEAR 2.37 1 4.02 .589
SDC .64 2 2.17 .588
ARAV 1.21 1 2.08 .581
SLS .55 5 4.73 .580
MINM .32 2 1.1 .580
INFI .16 4 1.11 .576
KNBE 1.80 7 21.69 .574
MRAM 1.52 3 7.98 .570
CLSD .35 3 1.84 .570
BPTH .95 2 3.37 .562
MTP .56 1 1 .560
IMMX 1.10 2 3.94 .558
GRVI .74 3 3.96 .558
ARDS 1.12 1 2.01 .557
ATAI 1.29 2 4.66 .552
LMFA .35 5 3.17 .550
ABSI 1.08 3 5.87 .549
OBLN .56 3 3.05 .549
ME .33 7 4.21 .546
BON .62 3 3.42 .543
ONCT .45 2 1.67 .538
CMMB 1.24 2 4.61 .536
VIVE .26 2 0.97 .536
LAZR 1.13 6 12.65 .534
NEXT .29 4 2.17 .532
AVIR 1.14 3 6.43 .531
ISIG 2.30 3 13.13 .525
CERE 1.78 7 23.55 .525
BRLT 1.22 5 11.68 .520
SGBX .32 3 1.84 .519
VBLT .21 3 1.21 .519
EZFL .57 1 1.1 .518
DDD .70 12 16.03 .516
MDIA .64 4 4.95 .516
AEI .09 2 0.3489 .514
DOCS 2.62 8 40.56 .512
LWAC 1.73 5 16.98 .505
XBIO .06 8 0.95 .504
ZY .78 3 4.65 .501
JRJC .67 3 3.99 .501
KMPH 1.03 3 6.17 .498
IFRX .58 3 3.48 .498
UFAB .46 2 1.845 .498
UONE .37 7 5.2 .497
CCXI 3.00 4 24.14 .496
BCRX .54 13 14.12 .494
CTSO .42 4 3.41 .492
DBVT .06 12 1.44 .492
PIRS .23 7 3.26 .490
EVGO .45 8 7.37 .488
MOGO .24 4 1.98 .484
ZG 3.19 7 45.99 .483
ZLAB 2.93 7 42.01 .483
IONQ .65 7 9.51 .476
PLG .24 3 1.51 .474
BGFV .82 11 18.94 .473
CRDF .37 4 3.11 .472
BNR 1.30 3 8.26 .471
KODK .86 2 3.65 .470
OSMT .13 4 1.11 .468
OSTK 2.60 7 39.26 .462
IMMP .16 7 2.39 .462
NEPT .07 2 0.303 .462
OCX .70 1 1.52 .460
CAN .43 4 3.71 .460
GEG .90 1 1.96 .459
CCJ .50 17 18.42 .459
ALZN .21 3 1.38 .456
MITO .28 1 0.62 .451
PLUG .92 9 18.26 .450
TASK 1.57 8 27.63 .448
VLDR .76 2 3.38 .448
AGEN .08 14 2.49 .448
NNDM .48 3 3.24 .444
NTRB .49 4 4.42 .440
AMD 1.33 36 102.6 .432
AMTX 1.20 3 8.31 .432
TELL .11 9 2.28 .432
NVCR 2.63 10 60.15 .430
DNA .99 2 4.65 .424
DYAI .51 3 3.6 .423
HUGE .37 1 0.8749 .422
ZM 3.91 15 136.81 .420
PME .26 1 0.62 .419
RBLX 1.49 16 57.06 .416
VNET 1.13 3 8.14 .414
IMMR .33 6 4.78 .414
IMTX .98 4 9.53 .408
RSKD 1.24 2 6.13 .404
WIMI .27 4 2.66 .404
ADIL .45 2 2.24 .400
APT .86 2 4.32 .398
ADMA .54 1 1.36 .397
AMEH 2.05 9 46.35 .396
DOCN 1.70 12 50.68 .396
TRCH .98 2 4.95 .394
BHTG .33 1 0.837 .394
APPS 2.11 7 37.06 .392
VTSI .56 4 5.71 .392
VERU .45 4 4.55 .392
GSM .27 7 4.82 .392
JFIN .36 2 1.8385 .390
OBSV .10 6 1.53 .390
SOFI .49 9 11.36 .387
LOOP .55 5 7.09 .385
BNTX 1.93 32 154.54 .384
FIGS 1.33 6 20.47 .384
CIFR .35 3 2.75 .381
W 6.04 9 140.52 .378
M .55 18 25.67 .378
DWSN .44 2 2.325 .378
IPA 1.04 2 5.51 .376
NVTS 1.62 2 8.65 .374
SHOP 25.67 12 815.76 .372
STEM .68 6 10.92 .372
OCUP .51 2 2.75 .370
MSTR 14.75 8 319.45 .368
SNES .16 2 0.88 .362
SQ 1.68 24 105.64 .360
RLMD 1.57 4 17.42 .360
QFIN .67 10 18.18 .360
TLRY .47 4 5.22 .360
MBOT .98 2 5.52 .354
SI 3.69 9 93.26 .351
VOXX 1.16 3 10 .348
GDEV .87 3 7.5 .348
NLS .84 2 4.87 .344
EXPI 1.38 6 23.84 .342
ENSV .20 1 0.586 .341
GRU 1.62 1 4.765 .339
FUBO 1.01 3 8.86 .339
ENZ .54 2 3.18 .338
SPLK 6.20 6 109.25 .336
CELH 1.96 7 40.49 .336
TGTX .93 3 8.27 .336
HUYA .53 4 6.25 .336
MTL .04 24 2.77 .336
EDSA 1.24 1 3.7 .335
OXBR .30 5 4.43 .335
EVGN .43 1 1.29 .333
TOST 3.31 2 19.93 .332
MESO .65 2 3.96 .328
DARE .47 1 1.43 .328
BIOC .22 4 2.66 .328
ARPO .72 1 2.2 .327
KURA 1.04 4 12.69 .324
RIOT .73 6 13.45 .324
TATT .65 3 5.98 .324
LAC .47 17 24.33 .323
AXLA .26 2 1.61 .322
CELC 1.05 3 9.89 .318
MITQ .36 1 1.13 .318
PUBM 6.66 1 21.09 .315
APOP .84 5 13.17 .315
GNFT .18 7 3.94 .315
CLPS .57 1 1.81 .314
CLPS .57 1 1.81 .314
BTCS 1.50 1 4.8 .312
FGEN 1.47 3 14.01 .312
XAIR 1.97 1 6.33 .311
DNUT .44 10 14.09 .310
WEI .57 1 1.85 .308
CLF .36 14 16.21 .308
FENG .11 2 0.71 .308
DKNG .99 6 19.39 .306
FSTX 1.04 1 3.4 .305
FBRX .40 1 1.32 .303
DLO 1.53 5 25.15 .300
ZIM 1.26 15 61.57 .300
HHR 1.09 12 42.18 .300
NIU .93 4 12.35 .300
KBSF .46 2 3.05 .300
LC .33 15 15.92 .300
RAIL .24 4 3.19 .300
TENX .21 1 0.7 .300
EQOS .46 1 1.54 .298
PRTA 1.04 9 31.45 .297
CGC .68 3 6.85 .297
SRNE .85 1 2.88 .295
LJPC .62 2 4.24 .292
GP .49 3 5.02 .291
SBEA 1.45 2 9.97 .290
ALTO .29 5 4.96 .290
VIR 1.13 8 31.26 .288
CPIX .24 4 3.3 .288
OVID .38 2 2.65 .286
CARA 1.57 2 10.99 .284
BLPH .62 1 2.18 .284
ACB .36 3 3.79 .282
LPTX .05 10 1.76 .280
NBEV .19 1 0.6828 .278
BTBD .78 1 2.81 .277
ICCM .58 1 2.1 .276
IMV .15 2 1.08 .276
GPN 3.54 11 141.03 .275
AKTX .36 1 1.31 .274
JKS 1.60 7 40.27 .273
ASAN .80 16 45.46 .272
SCYX .31 4 4.5 .272
TISI .17 1 0.6263 .271
ASML 6.86 27 634.66 .270
IMAB .96 6 20.89 .270
BLU .51 3 5.64 .270
DMAC .31 2 2.29 .270
FUV .77 2 5.71 .268
CALA .11 1 0.4095 .268
CHGG 2.17 3 24.13 .267
DRN .40 14 20.35 .266
TAL .32 2 2.4 .266
DASH 2.39 11 96.09 .264
RUN 1.04 6 23.27 .264
MDNA .05 8 1.51 .264
IGIC .70 3 7.96 .261
FCX .40 26 37.1 .260
PRPL .32 6 7.36 .258
APP 1.39 11 59.78 .253
DUOL 5.53 4 86.88 .252
EDIT 1.47 3 17.42 .252
TTD .88 18 60.17 .252
BQ .08 2 0.63 .252
ABNB 3.59 10 138.41 .250
ACHL .89 1 3.55 .250
AEY .31 1 1.24 .250
STG 1.13 1 4.5414 .248
CLOV .28 2 2.25 .248
TWTR 1.40 6 33.84 .246
U 3.37 7 94.7 .245
MOSY .55 2 4.5 .244
ORGS .70 1 2.89 .242
KSS 1.20 12 59.77 .240
AUTL .30 3 3.74 .240
ERJ .23 16 14.72 .240
COIN 3.11 13 170.2 .234
AFMD .29 3 3.69 .234
SQBG .73 2 6.24 .232
GSAT .12 2 1.03 .232
KULR .06 8 2.04 .232
DDS 5.48 11 255.47 .231
NXTP .14 1 0.6052 .231
HIPO .15 3 1.95 .228
SALM .13 5 2.86 .225
PRPO .09 3 1.19 .225
AAPL .32 112 159.22 .224
FLGT 2.27 6 60.5 .222
LBPH .92 1 4.14 .222
BFLY .56 2 5.07 .220
SFIX 1.08 3 14.78 .219
GENE .13 3 1.76 .219
LI .73 7 23.45 .217
SONO .82 6 22.2 .216
FB .65 108 294.64 .216
BVXV .07 4 1.28 .216
SSNT .34 2 3.15 .214
SKT 1.17 3 16.4 .213
FOSL 1.09 2 10.23 .212
SEMR 1.11 3 15.79 .210
ALLO 1.11 2 10.5 .210
NFLX .96 105 386.7 .210
FTCH .67 6 19.12 .210
GPS .54 7 17.47 .210
HNST .41 3 5.83 .210
BYND 1.50 8 56.56 .208
CPE 1.31 8 49.01 .208
LYFT 1.22 6 34.93 .204
HOL .84 3 12.35 .204
COUR 1.21 3 17.95 .201
GH 1.57 8 61.59 .200
DKS 1.19 20 111.92 .200
ISEE .62 4 12.35 .200
DELL 1.26 9 55.45 .198
CVV .46 2 4.64 .198
AESE .35 1 1.77 .197
QDEL 2.61 7 91.5 .196
FLWS .75 4 15.08 .196
ENLV .49 2 4.95 .196
CHMA .37 2 3.76 .196
GIII 1.02 5 25.93 .195
GMTX .17 2 1.75 .194
BLDR 1.60 8 64.19 .192
PTON .78 6 23.97 .192
AZYO 1.08 1 5.63 .191
AMZN 6.99 94 2792.75 .188
NTEC .46 4 9.63 .188
OMER 1.00 1 5.36 .186
IKT .24 1 1.29 .186
AEMD .09 3 1.45 .186
IS .59 2 6.35 .184
CHPT .53 4 11.45 .184
COTY .19 8 8.07 .184
BKYI .19 2 2.05 .184
TWST 1.37 7 51.34 .182
PBR .20 13 13.78 .182
PDD 1.87 5 50.83 .180
IRDM 1.55 4 34.07 .180
HOG 1.23 5 33.37 .180
AAL .32 9 15.78 .180
UWMC .23 4 5.01 .180
CRON .12 5 3.3 .180
BIGC 2.58 2 28.82 .178
CPSH .51 1 2.85 .178
WTER .09 2 1.01 .178
JWN .98 4 21.92 .176
IAC 3.19 7 124.71 .175
BRTX .58 1 3.3 .175
CLDX 1.61 3 27.64 .174
CLII .84 3 14.36 .174
BWAY .42 3 7.12 .174
GTT .41 1 2.36 .173
BLUW .83 2 9.63 .172
NVDA .38 172 219.44 .172
ENPH 2.35 9 119.97 .171
DPZ 6.30 12 429.58 .168
RGEN 4.41 7 177.07 .168
ROKU 3.14 8 147.82 .168
NEWR 2.93 6 101.72 .168
ABCL 1.31 1 7.77 .168
GTIM .74 1 4.39 .168
PFE .48 21 53.37 .168
SOHU .47 6 16.55 .168
MAT .43 8 19.86 .168
RIG .08 7 3.27 .168
SIF 1.16 1 6.93 .167
NXGL .45 1 2.68 .167
GAME .43 1 2.57 .167
NGM 1.25 2 15.4 .162
CYAD .56 1 3.45 .162
CMTL 3.13 1 19.33 .161
LEGN .83 7 35.78 .161
SVFD .69 1 4.26 .161
FATE 1.44 4 35.78 .160
TESS .30 3 5.65 .159
NETE 1.04 2 13.09 .158
LIVE 1.37 3 26.0369 .156
CYTK .80 6 29.74 .156
BCLI .23 2 2.94 .156
SSKN .22 1 1.409 .156
SAM 9.40 7 415.34 .154
GRVY 1.33 7 58.89 .154
YMM .58 2 7.49 .154
ESTC 1.40 9 81.61 .153
ON .50 17 53.67 .153
AMRS .60 1 3.93 .152
EDTK .10 2 1.3 .152
TMUS 1.65 10 106.03 .150
TDC 1.17 5 38.87 .150
SHEN 1.11 3 21.89 .150
TTCF .59 3 11.68 .150
VCVC 1.46 1 9.85 .148
PINS 1.00 4 26.88 .148
OCG .16 4 4.3 .148
VSTM .07 3 1.42 .147
SCR 1.05 5 35.58 .145
LLY 2.85 12 236.72 .144
XLNX 1.57 16 173.42 .144
INMD 1.02 6 41.17 .144
BKE .89 6 36.85 .144
AEO .83 4 22.81 .144
LUV .79 8 42.82 .144
CRCT .70 4 19 .144
HCM .62 6 25.5 .144
KZR .60 3 12.35 .144
ADBE 5.88 13 493.05 .143
DLTR 1.72 11 128.3 .143
JD .74 13 66.68 .143
OCG .05 13 4.3 .143
DIS 1.92 10 135.42 .140
ACI .30 14 27.46 .140
IRIX .18 4 5.04 .140
VIH 1.31 1 9.36 .139
TVTX 1.19 3 25.37 .138
RRGB .96 2 13.8 .138
BZUN .80 2 11.53 .138
SBTX .57 1 4.16 .137
RL 1.89 8 107.19 .136
PBLA .25 1 1.83 .136
MBII .08 1 0.5865 .136
MDB 5.57 9 351.51 .135
MRUS 1.10 3 23.98 .135
ARVN .99 9 65.28 .135
EQ .53 1 3.9 .135
TSRI 1.84 1 13.64 .134
INM .14 1 1.05 .133
DE 4.88 11 375.96 .132
VMEO .85 2 12.78 .132
WMT .84 22 135.84 .132
MAXR .83 4 24.55 .132
FRD 1.28 1 9.79 .130
MRVL .71 13 64.89 .130
KZIA .41 2 6.3 .130
ANIX .38 1 2.92 .130
RMBL 1.41 3 32.17 .129
BZ 1.22 3 27.95 .129
EAR .56 1 4.31 .129
STRO .65 2 10.06 .128
RSI .55 2 8.57 .128
SPT 1.25 6 57.24 .126
CAH 1.13 6 52.31 .126
XM 1.10 3 25.71 .126
DAL .71 7 38.34 .126
KR .28 21 45.4 .126
BGI .19 3 4.45 .126
BLNK .18 14 18.6 .126
ACMR 1.83 5 71.03 .125
THCB 1.25 1 10 .125
SLHG .10 1 0.8 .125
DOMO 1.26 4 40.43 .124
PLTR .77 2 12.28 .124
PATI .50 2 8.02 .124
FENC .27 2 4.29 .124
LAW 1.23 3 29.32 .123
JRVR 1.10 3 26.65 .123
HJLI 1.27 1 10.38 .122
YEXT .91 1 7.41 .122
NXE .23 2 3.71 .122
KRYS 6.33 1 51.99 .121
ZS 2.76 10 223.08 .120
XBI 1.75 6 85.51 .120
AN 1.67 8 104.62 .120
DPST 1.46 4 48.27 .120
UBER .71 6 34.09 .120
UAA .56 4 18.13 .120
SBBP .12 2 2 .120
ROIV .83 1 6.95 .119
SILK .52 7 29.43 .119
MSFT .51 119 299.84 .119
CLNE .67 1 5.67 .118
PYPL 2.14 9 158.11 .117
PTGX 1.05 3 26.38 .117
COP .88 13 89.66 .117
BJ .77 9 57.2 .117
MYNZ 1.78 1 15.27 .116
CTRN 1.11 5 48.25 .115
OVV .90 5 37.85 .115
CCL .45 5 19.11 .115
EAT 1.21 3 31.82 .114
FFHL .44 2 7.64 .114
ULBI .31 2 5.4 .114
GBS .11 1 0.97 .113
DG 2.91 8 205.34 .112
MSGE 1.88 4 66.25 .112
OPNT .73 4 25.88 .112
CALT .54 4 18.66 .112
AA .42 16 58.03 .112
CSCO .40 16 54.62 .112
XPDI .08 14 9.6 .112
TMX 1.58 3 41.73 .111
GNOG .78 1 6.98 .111
ORCL .28 37 79.78 .111
CREX .15 1 1.34 .111
EDU .14 1 1.26 .111
AHPI .12 3 3.19 .111
LAD 6.41 5 280.06 .110
LIVX .17 2 3.07 .110
ATIF .43 1 3.91 .109
REGN 7.44 9 608.72 .108
EL 3.72 9 298.19 .108
BHVN 2.25 6 120.54 .108
AMAT 1.64 9 130.15 .108
TJX 1.31 6 69.62 .108
QCOM .98 18 161.2 .108
DVAX .64 2 11.85 .108
BDTX .39 1 3.58 .108
GT .37 6 19.79 .108
SMH 5.55 5 256.69 .105
SITM 2.97 7 191.29 .105
FISV 1.52 7 100.28 .105
BBY 1.45 7 96.1 .105
JPM 1.06 15 145.31 .105
VSCO .90 7 56.4 .105
CIEN .33 21 63.58 .105
VTGN .03 5 1.42 .105
CRNC 1.55 4 58.95 .104
APXT 1.27 1 12.11 .104
SKX 1.09 4 41.05 .104
BEKE .50 4 18.53 .104
HPQ .48 8 35.21 .104
GURE .46 1 4.381 .104
FFIE .22 2 4.195 .104
CSPR .18 4 6.78 .104
VIEW .13 2 2.49 .104
SANA .82 1 7.95 .103
MOLN .49 6 27.96 .102
CREE 1.64 5 79.12 .100
KMB 1.45 10 137.48 .100
APPN 1.29 4 50.38 .100
YETI 1.23 5 60.24 .100
PSTG .50 5 24.56 .100
HMHC .42 4 16.18 .100
ORGO .35 2 6.91 .100
SPWH .21 5 10.15 .100
CPG .07 10 6.39 .100
PPBT .26 1 2.62 .099
USB .81 7 57.44 .098
LICY .33 2 6.7 .098
SIVB 7.01 8 542.74 .096
SNOW 2.11 12 244.72 .096
BCYC 1.49 3 46.32 .096
ATVI 1.27 6 78.9 .096
CNC 1.25 6 76.27 .096
BTWN .95 1 9.81 .096
SPTN .59 4 24.39 .096
MOS .76 5 39.49 .095
CYTH .34 1 3.57 .095
LTHM .12 19 21.14 .095
MRO .11 19 19.85 .095
MFNC 1.02 2 21.5 .094
EKSO .11 2 2.33 .094
DXC .90 3 28.99 .093
ARMP .49 1 5.25 .093
OEG .14 1 1.5 .093
CSIQ .58 4 25.07 .092
GKOS 4.45 1 48.55 .091
UNH 3.38 13 461.6 .091
SBS .05 13 6.85 .091
GS 3.07 10 341.03 .090
IWM 2.93 6 191.52 .090
SEDG 2.14 9 209.82 .090
KYMR 1.69 2 37.12 .090
CRM 1.43 15 212.74 .090
A 1.31 10 132.09 .090
FL .84 5 44.49 .090
MNSO .82 1 9.03 .090
ARCE .63 3 20.68 .090
VNE .55 6 34.87 .090
PCVX .53 3 17.53 .090
KIRK .48 3 15.65 .090
ERF .20 5 11.04 .090
TEDU .09 2 1.96 .090
QQQ 3.91 8 341.1 .088
VLO 1.86 4 81.98 .088
PLCE 1.60 4 70.15 .088
SMLP 1.07 2 24.04 .088
MDT .84 11 103.18 .088
PFGC 1.21 3 41.24 .087
GBR .24 1 2.75 .087
SNPS 3.62 7 285.36 .084
KMX 2.23 4 105.54 .084
WYNN 1.17 6 82.75 .084
GE 1.09 7 89.9 .084
ALC .58 12 73.82 .084
AGNC .21 6 14.81 .084
CNFR .10 2 2.38 .084
FRO .03 21 6.59 .084
EOLS .55 1 6.7 .082
BURL 2.07 9 224.48 .081
THC 2.02 3 73.18 .081
FANG 1.19 9 128.64 .081
VMW 1.17 9 124.76 .081
VIPS .66 1 8.12 .081
CAT 1.88 10 212.17 .080
TSCO 1.70 10 209.25 .080
TGT 1.12 16 212.18 .080
C 1.06 5 64.15 .080
XLK .85 16 151.38 .080
STX .84 10 103.68 .080
TME .45 1 5.56 .080
WFC .44 10 53.76 .080
CHRA .40 1 4.98 .080
VALN .35 8 32.42 .080
CFLT 2.29 2 58.25 .078
WSM 1.97 6 146.37 .078
EA 1.75 6 131.06 .078
ROST 1.31 6 94.87 .078
MYGN .98 2 24.55 .078
INVO .22 1 2.8 .078
WDAY 2.57 7 226.18 .077
IBM 1.06 11 132.52 .077
CUE .62 1 7.99 .077
INTC .54 7 48.05 .077
XMTR 3.46 1 45 .076
RNG 11.84 1 156.46 .075
PKG 2.17 5 143.49 .075
TTC 1.42 5 94.12 .075
RACE 1.15 15 221.12 .075
TNA .83 5 53.04 .075
LL 1.01 1 13.69 .073
CAR 6.00 2 164.5 .072
PWR 2.42 3 96.89 .072
TTWO 1.51 8 157.25 .072
XLY 1.43 9 174.3 .072
V 1.35 12 206.15 .072
UAL .99 3 40.93 .072
JBL .75 6 58.22 .072
LOGI .74 8 80.81 .072
MU .51 12 78.72 .072
WOOF .43 3 17.86 .072
T .24 8 24.12 .072
SLV .19 8 21.02 .072
GGAL .16 4 8.68 .072
CDEV .10 6 7.91 .072
MFGP .05 9 5.78 .072
TBLA .70 1 9.85 .071
THTX .22 1 3.06 .071
MA 3.58 7 350.53 .070
MS .74 10 101.15 .070
GM .73 5 51.45 .070
F .70 2 19.55 .070
BAC .49 7 45.47 .070
K .38 14 65.17 .070
XERS .14 1 2 .070
ECOM 1.37 1 19.79 .069
HD 1.12 23 356.43 .069
AMKR .47 3 20.36 .069
DUOT .40 1 5.74 .069
SNDL .03 1 0.4316 .069
CCMP 11.86 1 173.76 .068
TTM .16 17 32.7 .068
ZNGA .15 4 8.63 .068
DFH 1.18 1 17.58 .067
LMT 2.51 11 389.08 .066
HALO 1.07 2 31.97 .066
SCHW 1.01 6 89.7 .066
BIG .91 3 39.74 .066
GDYN .81 2 24.47 .066
RKT .41 2 12.38 .066
MRTN .38 3 16.66 .066
ET .11 6 9.6 .066
YPF .09 3 3.97 .066
KEYS 2.15 5 161.12 .065
HRI 2.10 5 154.47 .065
UHS 1.65 5 126.49 .065
GWRE 1.30 5 93.95 .065
VRNT .69 5 51.26 .065
ABT .63 13 120.44 .065
CROX .50 13 93.78 .065
SM .46 5 32.95 .065
MT .39 5 28.68 .065
IMRN .23 1 3.49 .065
IRCP .03 5 2.17 .065
INTU 4.61 8 517.22 .064
DAVA 1.77 4 110 .064
SUPN .95 2 29.02 .064
MO .84 4 50.34 .064
HWCC .34 1 5.3 .064
SWN .07 4 4.16 .064
ROLL 1.78 7 178.98 .063
EVA 1.37 3 64.53 .063
NFE 1.27 1 19.97 .063
CM .99 9 125.03 .063
CRMT .72 9 92.12 .063
NEE .69 7 72.51 .063
KO .46 9 59.65 .063
SBH .38 3 17.43 .063
HITI .25 1 3.91 .063
MOMO .19 3 8.73 .063
LII 2.97 6 272.45 .060
PAYX 1.68 4 111.6 .060
TRI 1.63 4 103.27 .060
TSM 1.17 6 116.38 .060
FA .96 1 15.82 .060
HAS .94 6 88.47 .060
SWI .79 1 12.97 .060
SJM .56 15 138.99 .060
FLXN .55 1 9.12 .060
BBWI .53 6 52.9 .060
SLB .41 6 38.86 .060
RRD .06 12 10.93 .060
BLFS 1.55 1 25.99 .059
OLLI 1.29 2 44.06 .058
APG .62 2 21.28 .058
LSI 2.53 3 130.12 .057
LPX 1.24 3 62.92 .057
EQT .39 3 20.28 .057
ULTA 10.08 2 351.58 .056
ADSK 2.04 7 228.66 .056
NXPI 1.35 8 187.96 .056
CVS .94 7 106.79 .056
PDCO .41 4 27.82 .056
RDUS .38 1 6.77 .056
VXX .35 4 24.49 .056
TSN 1.03 5 90.02 .055
MNST .92 5 83.17 .055
OTIS .91 5 82.61 .055
NKE .80 11 144.64 .055
ITRO .07 1 1.27 .055
AMGN 2.19 6 224 .054
CI 2.12 6 227.43 .054
COST 1.93 18 482.52 .054
WGO 1.15 3 62.65 .054
SPG .95 9 143.89 .054
FITB .82 3 44.23 .054
VGR .61 1 11.29 .054
KHC .35 6 36.09 .054
FLO .28 6 28.11 .054
SSL .06 27 21.5 .054
CLSK .30 1 5.58 .053
LULU 16.03 1 306.52 .052
PKI 2.16 4 163.85 .052
COF 1.87 4 141.68 .052
NTAP 1.16 4 83.83 .052
AZN .23 17 59.52 .051
STE 2.26 5 215.16 .050
TSC 1.55 1 30.55 .050
TAP 1.23 2 48.16 .050
AKAM 1.21 5 110.19 .050
XONE .67 2 26.7 .050
ACH .67 1 13.25 .050
RY .58 10 111.49 .050
XOM .38 10 75.12 .050
SPY 3.08 7 431.24 .049
MMM 1.20 7 170.16 .049
CTKB .66 1 13.46 .049
PCTY 8.94 1 182.99 .048
ITCI 2.20 1 45.46 .048
HON 1.40 8 200.65 .048
CLX 1.40 6 165.47 .048
LIN 1.28 12 311.35 .048
ATHM .49 3 29.37 .048
DUK .45 12 103.25 .048
ARMK .42 4 32.95 .048
MRK .37 12 80.58 .048
GRUB .15 3 9.22 .048
PANW 23.18 1 485.22 .047
SNA 1.89 5 205.08 .045
LH 1.59 9 265.73 .045
STT 1.48 3 93.12 .045
ADI 1.48 5 154.59 .045
BIIB 1.18 9 218.94 .045
OKE .92 3 60.17 .045
LEN .51 9 91.73 .045
BEST .01 3 0.6633 .045
NUE 2.21 2 96.74 .044
ATKR 1.07 4 93.83 .044
EGRX 1.01 2 44.59 .044
WM .61 11 146.25 .044
LESL .44 2 19.35 .044
WOLF 3.86 1 89.47 .043
NPTN .67 1 15.24 .043
BALY 1.47 1 34.6 .042
TBIO .53 3 37.36 .042
ANF .52 3 36.36 .042
PG .50 14 159.13 .042
EPU .48 3 32.41 .042
GIS .26 14 68.35 .042
NOK .04 6 5.59 .042
RCUS 1.22 1 29.28 .041
J 1.33 4 126.5 .040
DD .80 4 76.49 .040
DEN .72 4 71.87 .040
CHKP .63 8 117.44 .040
XLV .57 10 127.87 .040
GPK .38 2 18.2 .040
KDMN .10 4 9.5 .040
LITE 1.30 3 97.25 .039
GLD .66 13 167.6 .039
LVS 1.63 1 42.08 .038
AU .35 2 18.28 .038
CORT .32 2 16.53 .038
FCBP 1.08 1 29.1 .037
ANTM 2.99 6 435.83 .036
HCA 2.20 4 228.85 .036
AAP 1.46 6 225.11 .036
ANET 1.43 3 117.92 .036
AXP 1.07 6 171.9 .036
UPS .93 9 194.83 .036
KNL .92 1 25.04 .036
ABBV .66 9 135.97 .036
LZB .64 2 33.71 .036
XLF .36 4 38.22 .036
RF .28 3 22.91 .036
XLE .25 12 65.91 .036
RCAT .02 3 1.58 .036
RMD 8.09 1 224.89 .035
BLK 6.24 5 787.96 .035
UTHR 1.55 5 195.17 .035
SRNG .41 1 11.42 .035
OLN .56 3 49.4 .033
BRG .30 3 26.45 .033
PBT .15 3 12.76 .033
ALAC .14 3 11.7773 .033
BKNG 10.17 8 2359.65 .032
IRTC 3.69 1 114.9 .032
JNJ .81 8 170.59 .032
ACHV .11 2 6.86 .032
TEO .08 2 4.82 .032
OXY .05 32 37.26 .032
HOLI .43 1 13.64 .031
MPC .38 6 71.9 .030
HNP .33 2 21.04 .030
HRL .17 10 46.76 .030
ENIC .06 1 2.06 .029
GOOG 3.73 28 2582.42 .028
CRTO .90 1 31.8 .028
LOW .64 14 225.93 .028
FLOW .63 4 85.15 .028
FOE .32 2 21.75 .028
MLCO .28 1 9.74 .028
XLP .15 14 74.8 .028
GSKY .15 2 10.1 .028
UHAL 1.98 9 588.25 .027
RTX .88 3 89.28 .027
MCD .87 9 248.74 .027
CL .32 9 82.7 .027
VSH .18 3 19.88 .027
UNIT .11 3 11.45 .027
PSTX .12 1 4.49 .026
SPB 2.21 1 87.95 .025
TRIL .47 1 18.44 .025
AZO 5.11 12 1907.73 .024
ALXN 1.24 4 182.5 .024
B 1.08 1 44.91 .024
AZPN .96 4 145.75 .024
IRBO .83 1 34.38 .024
STN .44 3 51.55 .024
VZ .31 4 51.19 .024
BP .12 8 31.53 .024
RVI .02 4 3.1 .024
AMOM .66 1 28 .023
VCLO .25 1 11.27 .022
PLD .67 5 148.61 .020
IYC .39 4 71.75 .020
EPAY .33 4 56.32 .020
LANC 1.43 2 158.75 .018
AIT .91 2 99.51 .018
CNA .83 1 45.32 .018
NUAN .33 3 54.9 .018
AXON 2.25 1 129.4 .017
STMP 1.59 4 329.61 .016
TNET 1.38 1 81.43 .016
STZ 1.17 4 234.77 .016
PEP .47 8 169.37 .016
MGTX .12 2 14 .016
INCY .27 5 71.59 .015
SELF .09 1 5.93 .015
CHNG .15 2 19.1 .014
ADMS .06 2 8.22 .014
CAI .78 1 56 .013
TDG 1.87 4 593.88 .012
VRTX 1.47 2 228.22 .012
HRC .42 6 155.96 .012
PPC .17 2 27.09 .012
HDGE .12 3 26.39 .012
D .10 12 78.21 .012
FRBK .05 1 4.31 .011
SAFM .97 2 183.04 .010
PNRG .79 1 77.1 .010
ECHO .49 1 48.24 .010
ZGNX .26 1 25.93 .010
INOV .22 2 41.06 .010
VRS .15 2 26.34 .010
ESXB .06 2 11.3 .010
GTS .33 1 35.6 .009
IEC .14 1 15.34 .009
SVBI .13 1 13.63 .009
ITRN .07 3 23 .009
RTLR .02 9 12.58 .009
CXM .09 1 10.26 .008
LMRK .07 2 16.49 .008
HFBL .16 1 20.5 .007
ROG 1.67 1 273 .006
VOOV .54 2 145.23 .006
JQUA .26 1 40.91 .006
CONE .24 3 89.41 .006
SYKE .14 3 54 .006
PSP .04 3 13.49 .006
CLDR .08 1 15.99 .005
TAAG .09 1 20.9494 .004
CPLG .07 1 15.72 .004
KIN .02 2 9.25 .004
RAVN .10 3 58.08 .003
IACB .01 3 7.95 .003
VG .06 1 20.81 .002
CXP .04 1 19.28 .002
VCAR .03 1 12.15 .002
SIC .03 1 14.49 .002
NWHM .02 1 8.99 .002
EIC .02 2 16.8 .002
DSE .02 1 9.49 .002
PMD .01 1 7.15 .001
FAST .05 8 54.83 0
INFL .01 2 29.55 0
DFP .01 3 26.1 0
WMPN 0 4 12.5884 0
SLVO 0 6 4.98 0
QQC 0 2 28.3646 0
QADB 0 4 87.54 0
PAE 0 1 10 0
ONON 0 1 51.42 0
NSEC 0 1 15.65 0
NLSP 0 1 0.82 0
LHAA 0 1 9.68 0
HWBK 0 1 25.66 0
ESLT 0 1 161.64 0
DVD 0 1 3.61 0
APWC 0 1 2.99 0
NSYS -.12 1 9.99 -.012
