BIDU -.07 115 155.13
BILI 0 21 79.62
BEST .02 2 1.06
BLNK .02 11 31.93
DSE .02 1 9.49
DFP .03 1 29.25
AVGR .04 7 0.8634
CNFR .05 2 3.87
BQ .08 2 2.76
CLDR .08 1 15.93
CRON .08 4 6.92
AEI .09 2 1.9
AEMD .10 2 3.6
BABA .10 92 169.1
CALA .11 1 2.33
CHNR .12 4 1.26
AGEN .13 2 6.08
CHNG .15 2 21.57
DBVT .18 3 5.03
ALAC .21 2 11.28
ANY .21 4 4.28
ACHV .23 1 7.82
ATOS .26 4 3.71
ALTO .28 3 4.9
BBIG .28 6 3.09
AXLA .29 1 3.4
AEY .31 1 2.57
DMAC .31 2 3.88
BKYI .32 1 3.18
BHTG .33 1 1.3
AZN .34 6 58.58
ACB .36 3 7.1
ADMP .36 1 1.11
AGNC .36 2 16.18
AKTX .36 1 1.68
BNGO .36 11 5.83
CHMA .37 2 3.76
AAL .38 8 20.15
CSCW .39 2 1.01
AAPL .40 105 148.36
BSQR .40 11 2.55
CHRA .40 1 4.49
ACOR .41 4 4.2
ASTR .41 3 11.66
CLSD .41 2 6.81
AQMS .43 2 2.19
ATIF .43 1 0.5067
CAN .43 4 9.7
ADIL .44 1 3.79
BTCM .45 3 8.5
BCLI .46 1 3.58
CIEN .46 16 56.75
CVV .46 2 5.24
BGI .47 1 3.38
D .47 6 78.56
DARE .47 1 1.71
DBGI .48 3 2.87
ARMP .49 1 3.6
BLIN .49 6 4.11
AUTL .51 1 6.55
CPSH .51 1 5.74
ADMA .54 1 1.39
APTO .55 2 2.76
ARMK .56 3 35.02
CLOV .56 1 8.73
CLPS .56 1 3.32
CLPS .56 1 3.32
CTSO .56 2 8.83
ACI .57 2 28.44
BIG .59 2 57.84
AMRS .60 1 15.38
AVCT .60 1 4.26
AMBO .61 1 1.505
BIOC .61 1 3.51
CL .61 3 77.65
CCL .63 4 24.11
DNUT .63 3 16.53
ACY .64 16 37.5
CTIB .64 3 2.06
AMOM .66 1 37.28
CRTD .66 3 2.94
BODY .67 1 7.63
CLNE .67 1 7.81
ASM .69 1 0.9721
BEKE .69 1 18.96
AEHR .70 9 6.21
CBAT .70 2 3.28
AREC .72 4 2.23
ARPO .72 1 2.22
ATXI .74 1 1.69
APG .76 1 22.92
CAI .78 1 55.9
BP .79 1 25.64
COTY .80 2 8.23
CLF .81 5 24.61
AUUD .83 3 3.06
CNA .83 1 43.9
CSCO .83 5 59.35
BB .84 11 10.74
ABBV .85 3 120.4
CRTO .85 1 38.31
ATHM .86 2 40.22
AFMD .87 1 6.6
DTSS .87 1 2.04
ACHL .89 1 6.51
CEMI .89 6 2.71
CRM .93 8 260.85
CGC .94 1 19.19
BTWN .95 1 9.72
BGFV .98 4 24.25
ALYA 1.03 3 2.78
AMKR 1.03 1 23.53
BJ 1.03 5 56.66
COP 1.03 5 56.02
ALLO 1.04 1 24.13
CANF 1.04 1 1.85
ALF 1.08 2 9.07
AZYO 1.08 1 8.04
B 1.08 1 47.96
BAC 1.08 3 37.85
ATAI 1.09 1 16.48
DDD 1.09 8 29.65
BCRX 1.11 5 15.47
CNET 1.11 1 1.46
BZUN 1.12 1 19.14
ABSI 1.13 1 22.26
DAL 1.14 4 38.52
CLSK 1.17 1 11.69
AYRO 1.18 1 3.97
DFH 1.18 1 20.98
AMTX 1.20 3 10.33
CETX 1.20 1 1.26
CRIS 1.20 2 8.04
ARAV 1.21 1 4.06
BBBY 1.22 12 28.75
C 1.23 4 176.36
ANPC 1.24 2 3.64
CMMB 1.24 2 13.47
APXT 1.27 1 12.11
AA 1.30 2 23.83
AMC 1.35 50 43.96
BWAY 1.35 1 7.57
ATNF 1.36 2 5.15
COUR 1.39 1 40.91
CVS 1.40 3 83.57
AVIR 1.41 1 25.0
ATVI 1.42 3 80.81
BPTH 1.44 1 5.83
DG 1.50 3 234.74
CARA 1.57 2 14.27
CNC 1.57 1 70.47
CELC 1.58 2 22.4
A 1.59 5 173.3
BZ 1.59 1 34.13
CRCT 1.61 1 40.58
CAH 1.64 3 50.63
APOP 1.70 1 4.21
BLDR 1.70 1 47.31
CHKP 1.71 4 126.86
CSIQ 1.74 1 36.33
ARCE 1.78 1 24.04
ANF 1.79 1 35.78
DIS 1.79 6 178.31
DOMO 1.79 1 96.84
AIT 1.83 1 89.31
DKNG 1.84 2 60.11
AEO 1.87 1 31.75
AESE 1.87 0 2
AESE 1.87 1 2
BNR 1.96 2 21
DD 1.98 1 97.71
APRE 2.02 1 3.98
BTX 2.04 1 10.87
ALDX 2.06 1 9.06
BON 2.06 1 9.89
BBWI 2.11 2 68.18
BTBT 2.20 6 10.98
AMD 2.21 7 108.3
CHGG 2.22 1 85.0
DKS 2.23 3 129.6
DLTR 2.23 2 106.32
ATKR 2.27 1 83.82
AGRI 2.32 1 5.53
CYTK 2.32 2 31.96
AVXL 2.41 5 19.04
AMAT 2.42 3 132.82
CRNC 2.46 2 116.64
BBY 2.48 4 121.89
ALXN 2.49 2 182.5
CLII 2.53 1 14.36
DDL 2.53 1 26.14
DEN 2.54 1 69.97
BYSI 2.56 1 25.24
DPW 2.61 3 2.54
DTST 2.61 1 3.88
AKAM 2.70 1 112.41
ABT 2.75 2 124.74
ARVN 2.96 3 84.71
CREE 3.02 3 89.14
CLX 3.04 2 165.71
BKE 3.14 1 41.56
BYND 3.16 2 130.32
BIIB 3.26 3 342.75
DELL 3.36 1 102.06
CERE 3.37 3 29.19
ADBE 3.51 5 656.8
DLPN 3.56 3 12.64
AMEH 3.61 2 111.1
DLO 3.68 2 65.41
BHVN 3.71 2 117.28
BNTC 3.84 1 4.13
AN 4.16 2 9.96
APPS 4.16 1 60.05
ALEC 4.17 3 26.37
CLDX 4.17 1 50.01
COF 4.22 1 159.96
DDS 4.31 5 204.22
CAT 4.36 2 214.76
ADI 4.60 1 165.78
CHCI 4.62 1 5.52
ABNB 4.71 3 160.35
AXP 4.88 1 173.12
APP 5.03 1 76.6
APPN 5.04 2 102.2
DOCS 5.31 2 92.05
AACG 5.35 2 2.63
DQ 5.79 4 47.85
CELH 5.86 1 73.31
CTRN 5.87 1 84.17
ANVS 6.15 4 37.9
AAP 6.68 1 207.57
COST 6.76 2 451.23
AMZN 7.28 90 3299.18
DASH 7.45 2 187.61
CRMT 7.58 2 132.01
BLK 7.59 1 880.67
CI 7.65 1 206.05
COIN 8.34 2 256.35
AMGN 8.68 1 228.8
DE 9.42 4 6.47
AAME 9.89 1 3.7
ADSK 10.81 1 310.13
ANTM 10.86 1 383.57
CARV 11.81 2 17.67
CPOP 14.11 1 59.65
COHN 15.28 1 22.95
ACRS 16.90 1 14.83
ASML 16.96 1 719.77
DPZ 17.02 4 512.14
BNTX 20.64 2 446.24
AUVI 20.73 1 6.84
AZO 34.41 1 1613.41
BKNG 36.56 1 2209.57
