DWAC 30.01 3 39.48 2.280
SHOP 25.38 10 1573.06 .160
PANW 23.18 1 533.02 .043
MSTR 14.75 8 696.77 .168
CAR 12.01 1 307.71 .039
RNG 11.84 1 215.52 .054
BKNG 10.17 8 2341.13 .032
NVAX 9.95 12 200.71 .588
SAM 9.40 7 460.27 .140
WBX 8.99 1 14.74 .609
RMD 8.09 1 254.36 .031
AMZN 8.00 94 3580.04 .188
REGN 7.44 9 649.32 .099
DUOL 7.27 3 135.82 .159
SIVB 7.01 8 737.31 .072
W 6.80 8 259.8 .208
AZO 6.70 11 1880.1 .033
PUBM 6.66 1 37.69 .176
DDS 6.58 10 410.15 .160
LAD 6.41 5 293 .105
BLK 6.24 5 935.43 .030
SPLK 6.20 6 124.9 .294
MDB 5.88 8 498.86 .088
EYPT 5.86 1 17.34 .337
DPZ 5.62 11 531.91 .110
U 5.45 3 176.07 .090
DE 5.37 10 349.28 .150
KOSS 5.35 7 14.5 2.576
EJH 5.21 6 2.28 13.710
THC 4.91 1 79.4 .061
ADBE 4.59 8 665.16 .048
BIGC 4.50 1 46.78 .096
GKOS 4.45 1 46.67 .095
RGEN 4.41 7 269.83 .112
ASML 4.40 13 807.48 .065
LGVN 4.34 2 17.22 .504
EEIQ 4.33 5 3.86 5.605
SI 4.14 6 201.13 .120
CFLT 4.09 1 75.62 .054
SE 3.98 16 287.52 .208
BNTX 3.94 22 308.84 .264
CARV 3.92 6 12.43 1.890
ZM 3.91 15 206.64 .270
INTU 3.91 6 670.63 .030
EL 3.86 7 349.76 .077
ZG 3.78 6 54.39 .414
GOOG 3.73 28 2935.14 .028
ANVS 3.73 6 24.99 .894
SNPS 3.69 6 344.66 .060
BIIB 3.69 6 254.15 .084
CCXI 3.66 3 39.19 .279
EVA 3.59 1 70.07 .051
MA 3.58 7 329 .070
SEDG 3.56 6 350.02 .060
GPN 3.54 11 125.05 .308
XMTR 3.46 1 51.07 .067
EBET 3.45 6 31.92 .648
ZLAB 3.42 6 71.9 .282
PWR 3.42 1 120.83 .028
DQ 3.36 7 61.97 .378
SCPS 3.34 7 2.75 8.498
TOST 3.31 2 41.5 .158
NRXP 3.30 7 4.5 5.131
GLSI 3.27 5 32.34 .505
JAN 3.24 5 5.08 3.185
ADGI 3.21 7 18.43 1.218
IAC 3.19 7 127.59 .175
TSLA 3.14 156 1109.03 .312
CMTL 3.13 1 26.47 .118
APPS 3.13 6 55.85 .336
ENPH 3.10 6 250.5 .072
UNH 3.07 11 447.13 .066
NEGG 3.07 20 17.5 3.500
GDYN 3.03 1 37.66 .080
IRNT 3.02 6 9.19 1.968
GME 2.99 82 213.9 1.066
ANTM 2.99 6 423.66 .042
SITM 2.97 7 280 .070
LII 2.97 6 321.65 .054
ADSK 2.96 6 304 .054
BKKT 2.95 2 16.9 .348
NEWR 2.93 6 110.29 .156
IWM 2.93 6 231.33 .072
GS 2.93 9 406.34 .063
MRNA 2.92 34 276.38 .340
DG 2.92 5 225.14 .060
SNOW 2.91 8 343.57 .064
ZS 2.89 6 336.11 .048
ROKU 2.89 7 226.06 .084
CAT 2.86 8 205.33 .104
UPST 2.84 18 197.36 .252
XLY 2.79 1 209.36 .013
SAVA 2.72 28 52.57 1.428
LMT 2.70 10 345.18 .070
ISPC 2.67 2 13.19 .404
PENN 2.65 10 51.81 .510
GRTS 2.64 6 10.18 1.554
NVCR 2.63 10 93.34 .280
NCTY 2.63 5 10.79 1.215
DOCS 2.62 8 57.1 .360
OSTK 2.60 7 92.75 .196
AFRM 2.60 16 127.61 .320
AUVI 2.56 8 4.68 4.376
WSM 2.54 5 211.5 .060
FULC 2.54 6 15.01 1.014
KEYS 2.52 4 195.29 .048
INDP 2.52 5 5.69 2.210
WDAY 2.46 6 274.28 .048
CNC 2.42 3 76.03 .093
AVXL 2.41 5 17.97 .670
NXPI 2.38 6 219.12 .060
CPOP 2.34 5 2.19 5.340
LIN 2.33 6 330.25 .042
DPST 2.33 3 60.83 .114
MRAM 2.30 2 12.4 .370
LLY 2.28 7 261.96 .056
XBI 2.27 5 119.38 .095
FLGT 2.27 6 86.6 .156
AMGN 2.27 5 204.53 .055
STE 2.26 5 228.88 .045
AXON 2.25 1 174.35 .012
VMW 2.23 6 116.48 .114
SPB 2.21 1 106.02 .020
HCA 2.20 4 241.67 .036
TPST 2.19 5 9.7 1.125
PKG 2.17 5 134.7 .080
CHGG 2.17 3 25.02 .258
BRLT 2.17 2 16.12 .268
PKI 2.16 4 179.62 .048
PDD 2.15 5 79.27 .135
PYPL 2.14 9 188.05 .099
DLTR 2.14 8 144.71 .112
DLPN 2.14 5 9.26 1.155
AACG 2.14 5 1.73 6.180
BHVN 2.12 5 110.37 .095
ACRS 2.12 7 12.76 1.162
DASH 2.11 10 184.31 .110
ALEC 2.10 6 21.16 .594
ROST 2.08 4 115.43 .072
LCID 2.05 9 52.44 .351
AMEH 2.05 9 98.29 .180
COIN 2.02 9 317.2 .054
MRIN 2.01 5 5.31 1.890
V 2.00 8 198.49 .080
BYND 2.00 6 74.5 .156
UHAL 1.98 9 729 .018
XAIR 1.97 1 12.26 .160
AAME 1.97 5 4 2.460
RNXT 1.96 4 6.41 1.220
KMB 1.96 6 135.79 .084
CELH 1.96 7 71.6 .189
COHN 1.95 5 16.18 .600
ARVN 1.91 7 82.23 .161
ACIU 1.91 2 5.32 .718
COST 1.90 8 545.26 .024
MSGE 1.88 4 67.77 .108
TDG 1.87 4 625.25 .008
COF 1.87 4 156.29 .044
VLO 1.86 4 72.55 .100
DIS 1.86 9 151.03 .108
CI 1.83 5 213.24 .040
ACMR 1.83 5 88.95 .100
AMD 1.82 18 149.92 .216
AAP 1.82 4 235.77 .028
KNBE 1.80 7 22.54 .553
ROLL 1.78 7 207.2 .056
CERE 1.78 7 32.67 .378
BIDU 1.78 117 150.49 1.287
VRPX 1.77 9 4.27 3.726
TSCO 1.77 8 225.3 .056
RAPT 1.77 7 32.59 .378
KSS 1.77 8 56.18 .248
DAVA 1.77 4 151.06 .044
CTRN 1.77 4 91.18 .076
HON 1.76 7 216 .056
TSP 1.75 5 36.17 .240
DELL 1.75 7 54.67 .224
TASK 1.74 7 43.43 .280
TMUS 1.73 6 115.46 .084
SQ 1.73 23 210.55 .184
LWAC 1.73 5 16.98 .505
WAVE 1.72 5 6.73 1.275
LAIX 1.72 4 0.84 8.188
ABNB 1.72 8 178.27 .072
IMPL 1.70 5 9.37 .905
TWTR 1.69 5 47.14 .175
RL 1.69 6 124.35 .078
NNOX 1.69 5 20.02 .420
KYMR 1.69 2 54.65 .060
BURL 1.68 8 285.55 .040
ROG 1.67 1 270.1 .006
AN 1.67 8 127.62 .104
XM 1.66 2 33.44 .098
NMRD 1.66 4 4.7 1.412
VVOS 1.65 6 2.59 3.822
NVOS 1.65 5 1.32 6.250
ESTC 1.65 4 153.82 .040
BBY 1.65 6 121.01 .078
FISV 1.64 6 96.11 .102
CREE 1.64 5 79.12 .100
JZXN 1.63 4 2.07 3.148
NVTS 1.62 2 17.96 .180
LOW 1.62 9 251.91 .054
CLDX 1.61 3 40.87 .117
RBLX 1.60 12 114.87 .156
PLCE 1.60 4 102.33 .060
STMP 1.59 4 329.61 .016
LH 1.59 7 285.91 .035
LHDX 1.58 4 5.72 1.104
DNA 1.58 1 12.1 .130
ALC 1.58 2 79.7 .038
RLMD 1.57 4 19 .328
GH 1.57 8 92.89 .128
CARA 1.57 2 13.44 .232
JD 1.56 7 89.46 .119
DPW 1.56 5 1.85 4.215
TSC 1.55 1 30.4 .050
IRDM 1.55 4 39.17 .156
CRNC 1.55 4 78.27 .076
BLFS 1.55 1 45.57 .034
CHCI 1.54 3 4.97 .927
TERN 1.53 4 7.47 .816
SIEB 1.53 5 2.9 2.635
MDT 1.53 6 113.38 .078
FANG 1.53 5 110.19 .065
DLO 1.53 5 30.92 .245
CLX 1.52 4 168.84 .036
SNOA 1.51 4 5.35 1.128
OVV 1.51 2 36.94 .080
GRU 1.51 1 4.8201 .313
EA 1.51 4 128.41 .044
AUPH 1.51 7 19.36 .539
ASAN 1.51 13 101.42 .182
WAFU 1.50 4 5.32 1.124
SUPN 1.50 1 32.05 .046
KTTA 1.49 1 5.6 .266
BCYC 1.49 3 54.73 .081
STT 1.48 3 98.2 .045
JRVR 1.48 2 28.7 .102
ADI 1.48 5 182.45 .040
NURO 1.47 11 7.06 2.288
FGEN 1.47 3 12.41 .354
EDIT 1.47 3 34.01 .129
VCVC 1.46 1 9.85 .148
SFIX 1.46 2 27.39 .106
LITE 1.46 2 90.36 .032
HTBX 1.46 2 4.32 .674
APP 1.46 9 92.93 .135
SBEA 1.45 2 10.06 .288
EYEG 1.45 1 1.95 .743
BTBT 1.45 10 9.53 1.520
KALV 1.44 8 15.99 .720
LYFT 1.43 5 45.67 .155
LANC 1.43 2 163.2 .016
ATKR 1.43 2 110.08 .024
TTC 1.42 5 103.49 .065
TSN 1.42 4 83.24 .068
IMNM 1.42 4 14.57 .388
RMBL 1.41 3 40.25 .105
HOOD 1.41 14 27.65 .700
SNA 1.40 4 217.11 .024
JCS 1.40 3 3.23 1.299
HX 1.40 6 2.89 2.904
CVS 1.40 3 93.64 .042
WGO 1.39 2 73.18 .036
VERY 1.39 4 7.835 .708
KURA 1.39 3 16.6 .249
JBL 1.39 2 61.84 .044
EOSE 1.39 2 9.25 .300
TNET 1.38 1 107.79 .012
EXPI 1.38 6 36.58 .222
TWST 1.37 7 96.69 .098
LIVE 1.37 3 34.78 .117
JKS 1.37 4 58.17 .092
ECOM 1.37 1 25.67 .053
FATE 1.36 3 52.19 .078
TAOP 1.35 3 2.93 1.380
WNW 1.34 1 3.12 .429
OLN 1.34 1 60.2 .022
CM 1.34 5 117.66 .055
CAH 1.34 4 49.14 .108
MOXC 1.33 4 4.61 1.152
GRVY 1.33 7 81.42 .112
FIGS 1.33 6 30.7 .258
ABT 1.33 6 124.48 .060
COUR 1.32 2 29.74 .088
AEO 1.32 2 28.79 .090
VIH 1.31 1 9.36 .139
SPY 1.31 1 468.19 .002
PPSI 1.31 5 5.69 1.150
DOCN 1.31 9 98.96 .117
ABCL 1.31 1 13.96 .093
A 1.31 10 154.78 .080
UHS 1.30 4 129.95 .040
JG 1.30 3 1.41 2.763
GWRE 1.30 5 115.86 .055
BNR 1.30 3 14.68 .264
ZIM 1.29 7 55 .161
WM 1.29 6 164.84 .042
VSCO 1.29 5 56.53 .110
OLLI 1.29 2 66.39 .038
ATAI 1.29 2 10.85 .236
APPN 1.29 4 73 .068
FRD 1.28 1 11.21 .114
BILI 1.28 23 69.5 .414
YETI 1.27 4 96.04 .052
RHE 1.27 2 5.85 .434
NFE 1.27 1 25.66 .049
HJLI 1.27 1 10.38 .122
CPE 1.27 5 58.18 .105
APXT 1.27 1 12.11 .104
TTWO 1.26 5 165.13 .035
SPCE 1.26 24 16.83 1.776
DOMO 1.26 4 73.41 .068
THCB 1.25 1 10 .125
SPT 1.25 6 108.99 .066
OPAD 1.25 4 7.18 .696
NGM 1.25 2 18.88 .132
CHKP 1.25 6 111.57 .066
BYSI 1.25 3 12.66 .294
ABSI 1.25 2 10.75 .232
UAL 1.24 2 46.7 .052
SJ 1.24 4 6.04 .820
RSKD 1.24 2 10.11 .244
PBTS 1.24 1 1.06 1.169
LPX 1.24 3 70.72 .051
LEDS 1.24 3 6.55 .567
KMX 1.24 2 146.32 .016
EDSA 1.24 1 6.23 .199
CMMB 1.24 2 8.48 .292
BNTC 1.24 3 3 1.239
ANPC 1.24 2 1.71 1.450
ALXN 1.24 4 182.5 .024
TAP 1.23 2 47.73 .050
LAW 1.23 3 38.73 .093
J 1.23 3 144 .024
RCUS 1.22 1 48.47 .025
EYES 1.22 6 2.1 3.480
DDL 1.22 2 24 .100
BZ 1.22 3 33.79 .108
VIR 1.21 5 30.97 .195
RTX 1.21 2 87.31 .026
PFGC 1.21 3 44.96 .078
OSAT 1.21 3 4 .906
LYEL 1.21 3 9.36 .387
JNJ 1.21 3 160.69 .021
HGEN 1.21 3 6.02 .600
EAT 1.21 3 38.45 .093
ARAV 1.21 1 3.49 .346
AMC 1.21 57 39.16 1.710
WHLM 1.20 4 5.445 .880
MMM 1.20 7 179.46 .042
IBM 1.20 8 116.79 .080
CRIS 1.20 2 5.07 .472
CETX 1.20 1 1.02 1.176
AMTX 1.20 3 17.42 .204
AKAM 1.20 3 111.8 .030
TVTX 1.19 3 29.34 .120
SGOC 1.19 9 6.2 1.719
JWN 1.19 3 31.93 .111
JPM 1.19 13 168.28 .091
PRTA 1.18 8 51.17 .184
MQ 1.18 7 20.47 .399
ENOB 1.18 4 10.53 .448
DFH 1.18 1 17.63 .066
ZEV 1.17 4 7.6 .612
TDC 1.17 5 44.22 .130
STZ 1.17 4 237.06 .016
SKT 1.17 3 21.45 .162
MVIS 1.17 5 7.35 .795
CLSK 1.17 1 17.85 .065
VOXX 1.16 3 11.76 .294
TRI 1.16 3 121.47 .027
SIF 1.16 1 7.64 .151
NTAP 1.16 4 86.76 .052
MAT 1.16 3 22.34 .153
LAZR 1.16 5 18 .320
INMD 1.16 2 83.26 .026
HGSH 1.16 2 1.7 1.364
AMAT 1.16 8 148.92 .056
UPS 1.15 7 211.81 .035
NTRB 1.15 2 6.43 .356
HCWB 1.14 2 2.61 .872
BBLG 1.14 1 3.93 .290
AVIR 1.14 3 7.67 .444
VNET 1.13 3 11.99 .282
STG 1.13 1 4.51 .250
SCHW 1.13 4 82.94 .052
PEP 1.13 5 165.25 .030
NUAN 1.13 1 55.32 .020
HAS 1.13 5 99.5 .055
DKS 1.13 15 134.55 .120
BTX 1.13 2 6.64 .340
MNOV 1.12 2 4.42 .506
BZUN 1.12 1 15.78 .070
SHEN 1.11 3 27.34 .120
SEMR 1.11 3 20.5 .162
PMCB 1.11 3 2.47 1.347
GIII 1.11 4 32.23 .136
DXC 1.11 2 31.43 .070
CNET 1.11 1 1.23 .902
ALLO 1.11 2 18.52 .118
RUN 1.10 5 50.65 .105
OPTT 1.10 1 1.83 .601
NVDA 1.10 157 317.46 .471
MRUS 1.10 3 25.38 .129
XTLB 1.09 2 3 .726
TJX 1.09 5 70.95 .075
SKX 1.09 4 47.26 .092
LIFE 1.09 3 8.06 .405
FOSL 1.09 2 13.04 .166
ALDX 1.09 2 7.92 .274
MTSL 1.08 3 3.37 .960
FCBP 1.08 1 29.1 .037
B 1.08 1 46.72 .023
AZYO 1.08 1 5.44 .198
ALF 1.08 2 4.64 .464
SMLP 1.07 2 32.28 .066
VYGR 1.06 2 3.19 .664
USB 1.06 5 60.07 .085
TGT 1.06 12 249.18 .048
CRM 1.06 11 291.42 .033
C 1.06 5 68.07 .075
SCR 1.05 5 35.58 .145
PTGX 1.05 3 34.69 .090
PLD 1.05 4 152.58 .024
MNST 1.05 4 88.62 .044
CROX 1.05 7 170.74 .042
CELC 1.05 3 14.68 .213
OCUP 1.04 1 3.48 .298
OCGN 1.04 12 7.31 1.704
NETE 1.04 2 13.09 .158
LEGN 1.04 6 53.21 .114
IPA 1.04 2 5.35 .388
FSTX 1.04 1 5.35 .194
CANF 1.04 1 1.19 .873
MARA 1.03 20 52.12 .380
KMPH 1.03 3 8.25 .372
BLDR 1.03 2 73.35 .028
RIOT 1.02 5 36.13 .140
MFNC 1.02 2 21.5 .094
DAL 1.02 5 39.53 .125
AXP 1.02 5 170.85 .025
ZCMD 1.01 1 1.87 .540
LL 1.01 1 17.22 .058
FUBO 1.01 3 20.49 .147
EGRX 1.01 2 50.82 .038
CGC 1.01 2 11.62 .172
PINS 1.00 4 41.77 .092
MO 1.00 3 44.24 .066
IMAB 1.00 5 64.34 .075
SM .99 2 31.99 .060
LUV .99 6 46.98 .126
LOGI .99 6 80.28 .072
DKNG .99 6 35.04 .168
ACY .99 19 36.12 .513
TRCH .98 2 4.95 .394
MYGN .98 2 27.72 .070
MCD .98 8 255.65 .024
IMTX .98 4 11.44 .340
HOFV .98 2 2.02 .970
BBBY .98 15 22.27 .660
BGFV .97 10 26.37 .360
RRGB .96 2 18.02 .106
HRI .96 4 190.05 .020
FA .96 1 18.3 .052
CYTK .96 5 40.32 .115
AZPN .96 4 155.88 .024
QDEL .95 4 135.16 .028
PG .95 8 149.44 .048
NEE .95 2 87.31 .020
BTWN .95 1 9.87 .096
BPTH .95 2 4.24 .448
AGRI .95 5 2.05 2.315
PAYX .94 2 125.47 .014
TGTX .93 3 24.51 .111
NIU .93 4 20.35 .180
INCY .93 4 63.81 .056
HCM .93 4 32.11 .112
TTD .92 12 102.74 .096
PLUG .92 9 42.27 .189
OKE .92 3 64.01 .042
LBPH .92 1 5.98 .153
KNL .92 1 25.04 .036
FL .92 4 51.7 .068
YEXT .91 1 10.29 .088
SSY .91 3 2.04 1.338
LI .91 5 31.74 .140
AIT .91 2 106.41 .016
HOG .90 4 39.31 .088
GEG .90 1 1.85 .486
CRTO .90 1 40.67 .022
ATNF .90 3 4.28 .630
SPI .89 4 5.55 .640
NKE .89 8 172.15 .040
ERYP .89 3 2.42 1.101
BKE .89 6 51.67 .102
ARCE .89 2 17.96 .098
ACHL .89 1 5.09 .174
OTIS .88 4 83.81 .040
GMBL .88 2 5.19 .338
GM .87 3 63.05 .039
GDEV .87 3 7.97 .327
DTSS .87 1 1.59 .547
UTHR .86 4 201.58 .016
TTCF .86 2 17.49 .098
KODK .86 2 6.49 .264
GE .86 6 102.08 .048
VMEO .85 2 19.67 .086
SRNE .85 1 5.94 .143
SAFM .85 1 187.96 .004
PTIX .84 2 1.76 .954
NLS .84 2 7.15 .234
LEXX .84 3 5.23 .480
HOL .84 3 12.35 .204
DTST .84 3 3.8 .663
CLII .84 3 14.36 .174
BB .84 11 10.11 .913
APOP .84 5 13.17 .315
XLF .83 1 40.19 .020
WFC .83 5 51.4 .080
TNA .83 5 96.73 .040
MAXR .83 4 29.82 .108
IRBO .83 1 44.36 .018
CNA .83 1 45.34 .018
BLUW .83 2 9.63 .172
ABBV .83 6 118.88 .036
SANA .82 1 18.54 .044
MNSO .82 1 13.44 .061
KZR .82 2 13.17 .124
FITB .82 3 44.84 .054
SPRT .81 20 11.8 1.360
ON .81 7 61.54 .091
MBRX .81 2 2.05 .790
ATVI .81 5 61.77 .065
SYPR .80 4 2.81 1.136
HHR .80 6 55.69 .084
GTEC .80 4 8.41 .380
DD .80 4 79.51 .040
SWI .79 1 14.61 .054
PNRG .79 1 70 .011
BJ .79 7 69.42 .077
ZY .78 3 8.135 .285
UAA .78 3 24.8 .093
SJM .78 12 133.63 .060
IPHA .78 4 4.83 .644
GNOG .78 1 12.65 .061
CRDF .78 2 5.38 .288
COP .78 6 73.78 .060
CAI .78 1 56 .013
AA .78 10 49.02 .150
QFIN .77 9 24.87 .270
PLTR .77 2 20.59 .074
OLB .77 3 4.39 .525
LESL .77 1 20.8 .037
FUV .77 2 10.04 .152
ENTX .77 2 3.31 .464
BABA .77 99 133.66 .495
ALYA .77 4 2.61 1.180
VLDR .76 2 5.97 .254
STX .76 9 101.58 .063
NFLX .76 105 654.06 .105
NBRV .76 1 0.8499 .894
MOS .76 5 36.75 .100
IS .76 1 9.07 .083
GROM .76 2 2.25 .674
MU .75 7 85.41 .056
GPS .75 6 23.51 .186
FLWS .75 4 32.15 .092
BAC .75 5 47.5 .075
SPTN .74 3 25.28 .087
SCKT .74 4 5.41 .544
PTON .74 5 42.97 .085
PSTG .74 2 27.28 .054
MS .74 10 101.86 .070
LOOP .74 4 13.68 .216
GTIM .74 1 4.76 .155
GRVI .74 3 4.8 .462
EVOL .74 2 2.36 .626
ATXI .74 1 1.1 .672
VZ .73 2 51.75 .028
VOOV .73 1 148.66 .004
UPC .73 3 2.32 .942
SQBG .73 2 6.24 .232
SOFI .73 7 17.81 .280
OPNT .73 4 24.94 .116
NVFY .73 3 2.05 1.068
RMED .72 6 2.42 1.782
RETO .72 2 1 1.440
PFE .72 8 51.08 .112
ENSC .72 1 1.64 .439
DEN .72 4 83.05 .032
CRMT .72 9 106.65 .054
BTCM .72 4 6.89 .416
BFLY .72 1 7.6 .094
ARPO .72 1 2.2 .327
ZKIN .71 2 2.08 .682
UBER .71 6 42.68 .096
RFL .71 5 6.06 .585
PALI .71 3 2.26 .942
TBLA .70 1 9.85 .071
SONO .70 6 32.25 .126
ORGS .70 1 3.46 .202
OCX .70 1 2.39 .292
INTC .70 6 49.1 .084
IGIC .70 3 8.17 .255
GLD .70 11 167.28 .044
DDD .70 12 22.97 .360
CRCT .70 4 23.46 .116
AMKR .70 2 23.39 .058
VRNT .69 5 47.8 .070
SLS .69 4 6.82 .404
FTEK .69 3 1.71 1.209
ASM .69 1 0.94 .734
APRE .69 3 4.1 .504
WMT .68 17 145.81 .068
STEM .68 6 21.99 .180
RIDE .68 7 4.83 .980
PRPL .68 5 11.32 .300
ONCS .68 1 1.345 .505
IYC .68 3 85.56 .021
FB .68 107 337.25 .214
BWAY .68 2 7.89 .172
XONE .67 2 26.7 .050
XLK .67 5 169.01 .015
SKLZ .67 4 9.61 .276
QCOM .67 10 180.94 .030
NPTN .67 1 15.47 .043
JRJC .67 3 6.55 .306
FTCH .67 6 34.9 .114
FOE .67 1 21.36 .031
CLNE .67 1 7.72 .086
ANF .67 2 41.12 .032
ACH .67 1 13.05 .051
XLNX .66 11 220.25 .022
VIPS .66 1 9.65 .068
CTKB .66 1 18.8 .035
AMOM .66 1 36.9417 .017
TATT .65 3 6.53 .297
STRO .65 2 16.79 .076
PCVX .65 1 21.17 .030
MESO .65 2 6.47 .200
LMNL .65 3 1.27 1.533
IONQ .65 7 24.96 .182
SLGG .64 2 3.3 .386
SDC .64 2 3.3 .386
LZB .64 2 35.88 .034
KHC .63 3 35.82 .051
HPQ .63 4 32.19 .076
FLOW .63 4 87.15 .028
ULTA .62 1 408.93 .001
PDCO .62 3 32.61 .057
MPC .62 3 63.85 .027
LJPC .62 2 4.49 .276
ISEE .62 4 15.85 .156
CUE .62 1 14.18 .043
BON .62 3 5.21 .357
BCRX .62 10 12.37 .500
ASTR .62 5 10.19 .300
AREC .62 5 1.87 1.655
APG .62 2 24.78 .050
VGR .61 1 16.45 .037
SOS .61 2 1.29 .944
RY .61 7 103.91 .035
MVST .61 6 8.34 .438
CL .61 4 77.93 .028
BEKE .61 2 21.3 .056
AMBO .61 1 1.17 .521
SLB .60 4 31.18 .076
PSTV .60 1 1.51 .397
KIRK .60 2 24.29 .048
EVK .60 6 3 1.200
CEMI .60 8 1.87 2.560
AYRO .60 2 2.28 .526
AVCT .60 1 1.62 .370
AMRS .60 1 6.62 .090
M .59 13 33.63 .221
LEN .59 5 110.7 .025
BIG .59 2 47.39 .024
YMM .58 2 12.38 .092
WPRT .58 2 2.55 .454
WISH .58 3 3.97 .438
STAF .58 2 1.255 .924
SPG .58 6 169.03 .018
RACE .58 11 266.96 .022
LAC .58 7 35.99 .112
IFRX .58 3 4.66 .372
EQT .58 2 21.13 .054
CSIQ .58 4 39.21 .056
WEI .57 1 0.82 .695
SNAP .57 113 50.67 1.243
SBTX .57 1 7.07 .080
PRFX .57 4 1.91 1.192
ORPH .57 4 3.34 .680
HD .57 15 408.37 .015
GGAL .57 1 9.26 .061
EZFL .57 1 2.45 .232
EVGO .57 7 13.67 .287
DUK .57 5 100.74 .025
CLPS .57 1 2.78 .205
CLPS .57 1 2.78 .205
CLF .57 11 22.71 .275
VTSI .56 4 6.79 .328
TQQQ .56 137 168.67 .411
T .56 3 24.76 .066
SLV .56 3 21.92 .075
OBLN .56 3 3.05 .549
MTP .56 1 1.51 .370
MRK .56 8 82.8 .048
LODE .56 3 1.75 .960
VNE .55 6 35.51 .090
RSI .55 2 18.85 .058
MOSY .55 2 4.54 .242
FLXN .55 1 9.12 .060
EOLS .55 1 6.01 .091
WHLR .54 2 2.28 .472
TSM .54 3 121.36 .012
ENZ .54 2 3.24 .332
CHPT .54 3 25.85 .060
ADMA .54 1 1.41 .382
TBIO .53 3 37.36 .042
NIO .53 77 42.04 .924
MEDS .53 5 3.4 .775
HUYA .53 3 8.22 .192
EQ .53 1 5.18 .102
BBWI .53 6 75.53 .042
SILK .52 7 44.7 .077
RF .52 2 24.59 .042
RCON .51 2 1.9 .536
MRVL .51 6 73.22 .036
KO .51 6 55.88 .054
GFAI .51 2 1.66 .614
DYAI .51 3 3.79 .402
CSCO .51 9 55.3 .081
CPSH .51 1 4.12 .123
TIGR .50 8 6.38 .624
PATI .50 2 10.14 .098
MDIA .50 3 5 .300
GRTX .50 3 1.52 .984
CBAT .50 3 1.87 .801
RKDA .49 1 1.42 .345
NRBO .49 2 1.54 .636
IGC .49 3 1.39 1.056
GP .49 3 13.76 .105
GEVO .49 4 6.05 .320
ENLV .49 2 7.26 .134
ECHO .49 1 48.24 .010
ATHM .49 3 36.2 .039
ARMP .49 1 5.53 .088
STN .48 1 56.38 .008
NNDM .48 3 4.62 .309
HRL .48 5 43.25 .055
GT .48 3 22.38 .063
EPU .48 3 28.85 .048
DRN .48 4 26.63 .072
TRIL .47 1 18.44 .025
TLRY .47 4 10.5 .176
SOHU .47 6 17.58 .156
EXPR .47 5 4.45 .525
DARE .47 1 1.67 .281
BODY .47 2 2.69 .348
XPEV .46 84 51.3 .672
VXX .46 3 20.85 .066
UFAB .46 2 2.46 .372
NTEC .46 4 9.63 .188
MARK .46 4 1.3 1.412
KBSF .46 2 3.05 .300
GURE .46 1 6.1 .075
GIS .46 7 63.44 .049
EQOS .46 1 4.16 .110
CVV .46 2 4.68 .196
CONE .46 1 89.34 .005
CCJ .46 9 25.46 .162
BCLI .46 1 2.97 .154
VERU .45 4 7.82 .228
TYME .45 4 0.7466 2.408
TME .45 1 7.51 .059
ONCT .45 2 3.02 .298
FLO .45 5 26.97 .080
CCL .45 5 20.15 .110
ADIL .45 2 2.78 .322
XLV .44 6 132.51 .018
WORX .44 4 1.42 1.236
NNVC .44 3 4.24 .309
K .44 9 63.38 .054
GALT .44 3 2.58 .510
FFHL .44 2 8.61 .102
DWSN .44 2 2.31 .380
CIEN .44 19 60.29 .133
ACI .44 10 35.26 .120
WOOF .43 3 20.39 .063
HOLI .43 1 16 .026
EVGN .43 1 1.99 .216
CAN .43 4 8.98 .188
ATIF .43 1 3.8 .113
AFMD .43 2 6.81 .126
HRC .42 6 155.58 .012
DNUT .42 7 14.1 .203
DBGI .42 5 3.03 .690
CTSO .42 4 5.02 .332
ARMK .42 4 36.4 .044
SRNG .41 1 11.42 .035
RKT .41 2 15.42 .052
KZIA .41 2 10.51 .078
HNST .41 3 7.96 .153
GTT .41 1 2.36 .173
FCX .41 24 38.68 .240
ERJ .41 8 14.74 .216
BLIN .41 8 2.78 1.176
AUUD .41 7 1.91 1.498
ACOR .41 4 3.165 .516
YJ .40 2 0.83 .962
PHUN .40 12 3.37 1.416
LIZI .40 4 2.52 .632
FBRX .40 1 2.77 .144
DUOT .40 1 5.19 .077
CTIB .40 5 1.97 1.015
CHRA .40 1 4.65 .086
MTTR .39 11 25.95 .165
MSFT .39 113 337.68 .113
LC .39 10 36.57 .100
CSCW .39 2 0.5299 1.470
CRTD .39 7 2.45 1.113
AQMS .39 3 1.69 .690
SBH .38 3 21.45 .051
OVID .38 2 3.32 .228
OTLK .38 2 1.56 .486
MRTN .38 3 17.37 .063
GPK .38 2 21.19 .034
ANY .38 19 5.39 1.330
ANIX .38 1 3.9 .097
VTNR .37 9 4.5 .738
UONE .37 7 5.31 .483
HUGE .37 1 1.38 .268
CHMA .37 2 3.76 .196
UAVS .36 3 2.27 .474
ORCL .36 35 92.94 .105
MRKR .36 1 1.23 .292
MITQ .36 1 2.12 .169
JFIN .36 2 3.79 .188
IDEX .36 4 1.46 .984
GOVX .36 7 3.83 .651
GNLN .36 2 1.31 .548
BNGO .36 12 4.13 1.044
AKTX .36 1 1.58 .227
ADMP .36 1 0.8068 .446
ACB .36 3 6.63 .162
ORGO .35 2 10.41 .066
LMFA .35 5 5.89 .295
CLSD .35 3 3.76 .279
CIFR .35 3 8.01 .129
BSQR .35 13 1.98 2.288
AESE .35 1 2.06 .169
XELB .34 2 1.37 .496
TRIT .34 5 4.83 .350
TESS .34 2 5.52 .122
SSNT .34 2 5.05 .134
ME .34 6 8.83 .228
HWCC .34 1 5.3 .064
CYTH .34 1 5.35 .063
XOM .33 9 63.13 .045
XLE .33 7 57.35 .035
IMMR .33 6 5.78 .342
HNP .33 2 16.16 .040
GTS .33 1 35.61 .009
BHTG .33 1 0.8996 .366
WATT .32 2 1.57 .406
TAL .32 2 4.99 .128
SPCB .32 2 0.6989 .914
SGBX .32 3 2.35 .408
MINM .32 2 1.41 .452
CDEV .32 2 7.17 .088
AAPL .32 108 161.41 .108
AAL .32 9 19.47 .144
WINT .31 3 1.68 .552
ULBI .31 2 5.57 .110
SCYX .31 4 7.56 .164
PBR .31 8 10.29 .240
NKLA .31 15 10.41 .435
HMHC .31 2 16.88 .036
DMAC .31 2 3.7 .166
D .31 8 74.82 .032
AEY .31 1 1.93 .160
OXBR .30 5 4.4 .340
LGHL .30 4 2.16 .552
KR .30 17 43.06 .102
HAPP .30 1 0.753 .398
ENG .30 3 2.07 .432
BBIG .30 21 3.13 1.995
AUTL .30 3 6.25 .144
XLP .29 6 73.1 .018
UWMC .29 3 6.8 .126
ORMP .29 15 18.21 .225
NEXT .29 4 3.63 .316
HUSN .29 4 2.07 .560
ALTO .29 5 5.15 .280
MITO .28 1 0.8436 .331
CLOV .28 2 5.3 .104
BP .28 4 27.46 .040
APTO .28 4 2.45 .456
WIMI .27 4 4.43 .240
RSLS .27 4 2.01 .536
NAOV .27 11 1.24 2.387
MGTX .27 1 18.36 .014
GSM .27 7 6.61 .280
FENC .27 2 9.74 .054
ENVB .27 3 1.49 .543
VIVE .26 2 1.57 .330
PPBT .26 1 3.85 .067
PME .26 1 0.82 .317
AXLA .26 2 2.94 .176
AGNC .26 3 16.02 .048
PBLA .25 1 1.87 .133
HIPO .25 2 3.46 .144
RVI .24 2 6.23 .076
RAIL .24 4 3.76 .252
PLG .24 3 2.48 .288
MOGO .24 4 5.02 .188
IKT .24 1 1.85 .129
GBR .24 1 3.25 .073
PIRS .23 7 3.54 .448
OCG .23 4 4.58 .200
THTX .22 1 3.4 .064
SSKN .22 1 1.5 .146
SPWH .22 3 17.27 .036
JFU .22 3 1.23 .534
INOV .22 2 41.06 .010
FFIE .22 2 6.57 .066
DYNT .22 5 1.2 .915
VIEW .21 1 4.06 .051
VBLT .21 3 2.02 .309
TENX .21 1 1.26 .166
ATOS .21 5 2.23 .470
ALAC .21 2 11.623 .036
SALM .20 4 3.01 .264
ENSV .20 1 1.09 .183
NBEV .19 1 1.26 .150
MOMO .19 3 12.63 .045
LTHM .19 14 30.02 .084
FLGC .19 6 2.16 .522
COTY .19 8 10.25 .144
BKYI .19 2 2.61 .144
BGI .19 3 4.52 .126
AEHR .19 29 17.65 .290
VSH .18 3 21.89 .024
OBSV .18 5 2.19 .410
IRIX .18 4 6.84 .104
FCEL .18 130 9.37 2.470
BLNK .18 14 38.85 .056
AZN .18 15 56.73 .045
YPF .17 2 3.78 .088
TISI .17 1 1.41 .120
PPC .17 2 28.6 .010
PETZ .17 4 4.97 .136
LIVX .17 2 3.07 .110
KXIN .17 6 1.8 .564
GMTX .17 1 3.08 .055
SNES .16 2 1.3 .246
RRD .16 5 9.31 .085
INFI .16 4 2.22 .288
IMMP .16 7 3.61 .308
HFBL .16 1 19.76 .008
ZNGA .15 4 6.39 .092
IMV .15 2 1.64 .182
GSKY .15 2 12 .024
GRUB .15 3 13.48 .033
CREX .15 1 1.89 .079
CHNG .15 2 20.71 .014
SYKE .14 3 54 .006
SSL .14 16 16.84 .128
OEG .14 1 2.56 .054
NXTP .14 1 1.11 .126
MRO .14 16 16.51 .128
INM .14 1 1.77 .079
IEC .14 1 15.34 .009
EDU .14 1 2.31 .060
ABUS .14 2 3.12 .088
TTM .13 11 32.84 .033
SVBI .13 1 13.63 .009
OSMT .13 4 1.45 .356
LMRK .13 1 16.24 .008
KULR .13 5 2.97 .215
GENE .13 3 2.46 .156
FAST .13 5 60.93 .010
ESXB .13 1 12.28 .010
VERB .12 8 1.43 .664
TELL .12 8 3.55 .264
SBBP .12 2 2 .120
PSTX .12 1 6.99 .017
GSAT .12 2 1.45 .164
CRON .12 5 4.68 .125
CHNR .12 4 1.05 .456
XPDI .11 11 13.07 .088
UNIT .11 3 13.78 .021
SNMP .11 2 0.91 .240
MOHO .11 3 0.5137 .642
GBS .11 1 1.66 .066
FENG .11 2 1.0899 .200
EKSO .11 2 3.35 .064
CSPR .11 1 6.6 .016
CALA .11 1 0.8764 .125
ACHV .11 2 7.29 .030
SWN .10 3 4.94 .060
SLHG .10 1 1.8 .055
RCAT .10 2 2.19 .090
RAVN .10 3 57.84 .003
KDMN .10 4 9.5 .040
EDTK .10 2 1.19 .168
CNFR .10 2 2.56 .078
AGEN .10 12 3.37 .348
XELA .09 7 1.32 .476
WTER .09 2 1.21 .148
TEDU .09 2 0.7181 .250
TAAG .09 1 20.9494 .004
SELF .09 1 5.32 .016
SBS .09 8 6.13 .112
RIG .09 6 3.27 .162
PRPO .09 3 1.85 .144
CPG .09 6 4.85 .108
BIOC .09 2 3.43 .052
AEMD .09 3 2.5 .108
AEI .09 2 1.51 .118
TEO .08 2 5.1 .030
MTL .08 13 3.19 .325
MBII .08 1 0.7301 .109
ET .08 5 8.95 .040
CLDR .08 1 15.99 .005
BQ .08 2 1.64 .096
OCG .07 13 4.58 .195
NEPT .07 2 0.5119 .272
ITRO .07 1 1.27 .055
ITRN .07 3 26.48 .006
DBVT .07 11 2.959 .253
CPLG .07 1 15.53 .004
ALZN .07 1 2.145 .032
XBIO .06 8 1.56 .304
WYNN .06 3 91.69 0
VSTM .06 2 2.84 .042
ENIC .06 1 2.27 .026
ADMS .06 2 8.22 .014
ULTA .05 12 408.93 0
OXY .05 30 31.92 .030
MDNA .05 8 2 .200
FRBK .05 1 3.55 .014
WYNN .04 4 91.69 0
PSP .04 3 16.08 .006
PBT .04 2 9.24 .008
NOK .04 6 5.72 .036
IRCP .04 4 2.4 .064
FRO .04 12 7.03 .060
CXP .04 1 19.15 .002
AVGR .04 7 0.6377 .434
VTGN .03 5 2.04 .070
VCAR .03 1 17.36 .001
VALN .03 1 46.63 0
SNDL .03 1 0.6724 .044
SLVO .03 4 5.23 .020
SIC .03 1 14.49 .002
MFGP .03 4 5.27 .020
NWHM .02 1 8.99 .002
KIN .02 2 9.25 .004
EIC .02 2 17.63 .002
DSE .02 1 9.49 .002
RTLR .01 8 10.77 0
PMD .01 1 8.51 .001
INFL .01 2 31.3 0
IACB .01 3 9.55 .003
HDGE .01 1 25.05 0
DFP .01 2 28.22 0
BEST .01 3 1.06 .027
WMPN 0 4 12.03 0
QQC 0 1 33.76 0
QADB 0 4 87.54 0
PAE 0 1 9.96 0
ONON 0 1 51.42 0
NLSP 0 1 1.75 0
LHAA 0 1 9.87 0
HWBK 0 1 24.57 0
EPAY 0 1 46.06 0
DVD 0 1 3.59 0
APWC 0 1 2.99 0
NSYS -.12 1 9.9102 -.012
