SHOP 25.67 12 1168.76 .252
PANW 23.18 1 532.02 .043
DWAC 22.11 4 71.26 1.240
LULU 16.03 1 352.72 .045
MSTR 14.75 8 514.64 .224
CCMP 11.86 1 187.92 .063
RNG 11.84 1 188.21 .062
BKNG 10.17 8 2436.1 .032
SAM 9.40 7 485 .133
PCTY 8.94 1 213.38 .041
RMD 8.09 1 244.17 .033
REGN 7.44 9 631.44 .099
NVAX 7.31 16 130.17 .896
SIVB 7.01 8 737.77 .072
AMZN 6.99 94 3304.14 .188
PUBM 6.66 1 28.07 .237
LAD 6.41 5 299.27 .105
KRYS 6.33 1 61.85 .102
BLK 6.24 5 885.11 .035
SPLK 6.20 6 121.46 .306
W 6.04 9 176.02 .306
CAR 6.00 2 192.05 .062
ADBE 5.88 13 532.37 .143
EYPT 5.86 1 10.86 .539
ASML 5.83 23 742.17 .161
DPZ 5.62 11 486.89 .121
MDB 5.57 9 432.49 .108
DUOL 5.53 4 103.02 .212
DDS 5.48 11 254.43 .231
KOSS 5.35 7 10.11 3.703
EJH 5.21 6 1.2 26.046
QQQ 5.16 2 387.35 .026
AZO 5.11 12 2052.88 .024
DE 4.88 11 376.25 .132
INTU 4.61 8 577.26 .056
SI 4.55 8 139.24 .256
WBX 4.49 2 13.92 .644
GKOS 4.45 1 50.58 .087
RGEN 4.41 7 210.95 .140
SMH 4.39 2 305.86 .028
EEIQ 4.33 5 2.54 8.520
SE 3.92 20 200.6 .380
CARV 3.92 6 8.12 2.892
ZM 3.91 15 170.65 .330
WOLF 3.86 1 110.5 .034
GOOG 3.73 28 2832.96 .028
ANVS 3.73 6 16.49 1.356
IRTC 3.69 1 142.39 .025
GME 3.68 83 128.06 2.324
CCXI 3.66 3 32.35 .339
SNPS 3.62 7 338.59 .070
EL 3.61 8 345.55 .080
ABNB 3.59 10 169.54 .210
MA 3.58 7 367.31 .063
GPN 3.54 11 148.73 .253
XMTR 3.46 1 58.7 .058
EBET 3.45 6 14.11 1.464
UNH 3.38 13 473.72 .091
U 3.37 7 129.15 .182
DQ 3.36 7 41.74 .560
SCPS 3.34 7 1.52 15.379
TOST 3.31 2 28.41 .232
SNOW 3.29 10 307.14 .100
GLSI 3.27 5 20.53 .795
ZG 3.19 7 56.49 .392
IAC 3.19 7 138.43 .161
ROKU 3.14 8 177.44 .136
LSI 3.13 2 142.74 .042
CMTL 3.13 1 23.19 .134
NEGG 3.07 20 8.78 6.980
BIIB 3.06 8 225.34 .104
MRNA 3.05 41 222.89 .533
THC 3.03 2 76.82 .078
IRNT 3.02 6 3.65 4.962
UPST 2.99 19 118.41 .475
ANTM 2.99 6 451.83 .036
SITM 2.97 7 250.95 .077
LII 2.97 6 305.88 .054
BKKT 2.95 2 6.05 .974
ZLAB 2.93 7 56.3 .364
NEWR 2.93 6 107.85 .162
IWM 2.93 6 215.99 .078
GS 2.93 9 390.31 .063
NRXP 2.89 8 4.75 4.864
LLY 2.85 12 255.92 .132
TSLA 2.82 161 1106.22 .322
ZS 2.76 10 273.98 .100
SAVA 2.73 29 48.49 1.624
JAN 2.73 6 3.74 4.374
PENN 2.65 10 47.44 .550
NVCR 2.63 10 72.64 .360
NCTY 2.63 5 6.16 2.130
DOCS 2.62 8 50.1 .416
QDEL 2.61 7 124.76 .140
OSTK 2.60 7 53.76 .336
BIGC 2.58 2 33.6 .152
WDAY 2.57 7 257.96 .063
SEDG 2.57 8 261.02 .072
ADGI 2.56 12 5.83 5.268
FULC 2.54 6 15.08 1.008
INDP 2.52 5 5.37 2.345
LMT 2.51 11 361.3 .066
PWR 2.42 3 110.14 .063
AVXL 2.41 5 14.69 .820
DASH 2.39 11 140.66 .176
PEAR 2.37 1 5.15 .460
COST 2.35 14 525.8 .056
CPOP 2.34 5 2.05 5.705
ISIG 2.30 3 22.47 .306
CFLT 2.29 2 73.65 .062
SPY 2.27 4 471.02 .016
FLGT 2.27 6 81.85 .162
STE 2.26 5 241.68 .045
GRTS 2.25 7 6.56 2.394
BHVN 2.25 6 123.61 .108
AXON 2.25 1 151.03 .014
KMX 2.23 4 119.26 .072
SPB 2.21 1 102.4 .021
NUE 2.21 2 114.72 .038
ITCI 2.20 1 39.72 .055
HCA 2.20 4 249.3 .032
TPST 2.19 5 4.52 2.420
AMGN 2.19 6 231.76 .054
PKG 2.17 5 134 .080
CHGG 2.17 3 29.03 .222
PKI 2.16 4 182.81 .044
PDD 2.15 5 60.38 .175
LGVN 2.15 6 9.11 1.416
KEYS 2.15 5 190.4 .055
PYPL 2.14 9 187.2 .099
DLPN 2.14 5 7.33 1.455
CI 2.12 6 238.78 .048
ACRS 2.12 7 11.11 1.330
APPS 2.11 7 52.95 .273
HRI 2.10 5 163.29 .060
DG 2.10 7 228.6 .063
AUVI 2.10 10 2.18 9.630
ALEC 2.10 6 17.48 .720
TSP 2.05 7 27.45 .518
AMEH 2.05 9 64.28 .279
ADSK 2.04 7 269.6 .049
BYND 2.00 6 67.62 .174
UHAL 1.98 9 695.56 .018
XAIR 1.97 1 8.3 .237
WSM 1.97 6 151.69 .072
AAME 1.97 5 2.7388 3.595
RNXT 1.96 4 4.23 1.852
CELH 1.96 7 52.12 .259
COHN 1.95 5 15.1 .645
BNTX 1.93 32 220.87 .256
ACIU 1.91 2 4.82 .792
LCID 1.90 13 45.43 .533
DOCN 1.90 11 71.54 .286
DLTR 1.90 9 136.9 .117
SNA 1.89 5 218.86 .040
RL 1.89 8 115.05 .128
MSGE 1.88 4 71.33 .104
CAT 1.88 10 222.4 .080
BIDU 1.88 118 159.36 1.298
AFRM 1.88 18 78.79 .414
TDG 1.87 4 658.59 .008
COF 1.87 4 158.79 .044
VLO 1.86 4 84.37 .088
DIS 1.86 9 157.8 .099
TSRI 1.84 1 11.04 .166
ACMR 1.83 5 84.76 .105
ENPH 1.82 8 149.28 .096
MRIN 1.81 6 3.77 2.880
KNBE 1.80 7 22.66 .553
ROLL 1.78 7 202 .056
MYNZ 1.78 1 16.12 .110
CERE 1.78 7 27.03 .455
VRPX 1.77 9 2.96 5.373
RAPT 1.77 7 30.88 .399
DAVA 1.77 4 134.53 .052
XBI 1.75 6 100.6 .102
TASK 1.74 7 46.42 .259
LWAC 1.73 5 16.98 .505
WAVE 1.72 5 5.57 1.540
LIN 1.72 9 341.29 .045
LAIX 1.72 4 0.5757 11.948
IMPL 1.70 5 7.54 1.125
NNOX 1.69 5 12.42 .680
KYMR 1.69 2 50.75 .066
SQ 1.68 24 145.47 .264
PAYX 1.68 4 128.28 .052
BURL 1.68 8 245.32 .048
ROG 1.67 1 272.77 .006
AN 1.67 8 112.54 .112
NMRD 1.66 4 4.64 1.428
VVOS 1.65 6 1.97 5.022
TMUS 1.65 10 110.85 .140
NVOS 1.65 5 1.39 5.935
CREE 1.64 5 79.12 .100
TRI 1.63 4 112.62 .056
JZXN 1.63 4 1.5 4.344
NVTS 1.62 2 12.41 .260
GRU 1.62 1 4.81 .336
EVA 1.62 2 74.45 .042
CLDX 1.61 3 31.44 .153
PLCE 1.60 4 72.72 .088
MOLN 1.60 2 27.1 .118
STMP 1.59 4 329.61 .016
LH 1.59 9 282.79 .045
TMX 1.58 3 44.09 .105
LHDX 1.58 4 7.46 .844
XLNX 1.57 16 197.87 .112
WYNN 1.57 5 85.8 .090
TTWO 1.57 7 156.06 .070
RLMD 1.57 4 19.87 .316
GH 1.57 8 85.85 .144
CARA 1.57 2 11.93 .262
DPW 1.56 5 1.6 4.875
UTHR 1.55 5 206.19 .035
TSC 1.55 1 32.45 .047
SPG 1.55 8 161.93 .072
IRDM 1.55 4 38.7 .160
CRNC 1.55 4 78.48 .076
BLFS 1.55 1 31.93 .048
CPE 1.54 7 54.35 .196
CHCI 1.54 3 4.65 .993
TERN 1.53 4 6.14 .996
SIEB 1.53 5 2.17 3.525
HD 1.53 21 389.4 .063
DLO 1.53 5 31.59 .240
TSCO 1.52 9 228.91 .054
MRAM 1.52 3 10.16 .447
FISV 1.52 7 108.5 .098
SNOA 1.51 4 4.69 1.284
WAFU 1.50 4 3.75 1.600
RBLX 1.49 16 89.06 .256
KTTA 1.49 1 1.5 .993
CNC 1.49 5 80.32 .090
BCYC 1.49 3 50.77 .087
AACG 1.49 7 2.01 5.187
ZIM 1.48 11 63.2 .253
STT 1.48 3 103.33 .042
ADI 1.48 5 173.75 .040
VRTX 1.47 2 226.14 .012
NURO 1.47 11 5.26 3.069
FGEN 1.47 3 13.8 .318
EDIT 1.47 3 23.5 .186
VCVC 1.46 1 9.85 .148
HTBX 1.46 2 3.14 .928
DPST 1.46 4 64.7 .088
AAP 1.46 6 237.53 .036
SBEA 1.45 2 10.09 .286
KMB 1.45 10 143.09 .100
EYEG 1.45 1 1.95 .743
COIN 1.45 11 234.7 .066
BTBT 1.45 10 5.97 2.420
BBY 1.45 7 102.68 .098
KALV 1.44 8 12.45 .920
FATE 1.44 4 45.05 .124
LANC 1.43 2 163.37 .016
CRM 1.43 15 237.83 .090
TTC 1.42 5 99.18 .070
IMNM 1.42 4 11.9 .476
RMBL 1.41 3 40.8 .102
HOOD 1.41 14 16.25 1.204
TWTR 1.40 6 40.25 .204
JCS 1.40 3 2.29 1.833
HX 1.40 6 2.24 3.750
HON 1.40 8 218.25 .048
VERY 1.39 4 6.95 .800
FANG 1.39 8 124.57 .088
EOSE 1.39 2 6.25 .444
APP 1.39 11 84.33 .176
TNET 1.38 1 88.4 .015
EXPI 1.38 6 30.18 .270
BLDR 1.38 7 81.18 .112
TWST 1.37 7 62.97 .147
LIVE 1.37 3 29.44 .138
ECOM 1.37 1 21.68 .063
AMD 1.36 30 137.47 .270
V 1.35 12 215.71 .072
TAOP 1.35 3 1.62 2.499
NXPI 1.35 8 229.02 .040
EA 1.35 5 132.5 .050
WNW 1.34 1 2.24 .598
J 1.33 4 132.31 .040
GRVY 1.33 7 66.43 .140
FIGS 1.33 6 24.77 .318
CVS 1.33 5 105.78 .060
COUR 1.32 2 23.34 .112
VIH 1.31 1 9.36 .139
TJX 1.31 6 73.41 .102
ROST 1.31 6 105.44 .072
KSS 1.31 11 47.98 .297
BFRI 1.31 6 5.46 1.434
ABCL 1.31 1 11.67 .112
A 1.31 10 149.51 .080
UHS 1.30 4 129.11 .040
LITE 1.30 3 107.43 .036
JG 1.30 3 0.9945 3.921
GWRE 1.30 5 106.16 .060
BNR 1.30 3 9.33 .417
OLLI 1.29 2 47.85 .052
JPM 1.29 14 168.44 .098
ATAI 1.29 2 6.66 .386
APPN 1.29 4 57.75 .088
FRD 1.28 1 11.68 .109
BILI 1.28 23 41.7 .690
YETI 1.27 4 74.31 .068
RHE 1.27 2 3.84 .660
NFE 1.27 1 24.12 .052
HJLI 1.27 1 10.38 .122
APXT 1.27 1 12.11 .104
SPCE 1.26 24 12.37 2.424
DOMO 1.26 4 46.39 .108
DELL 1.26 9 59.95 .189
THCB 1.25 1 10 .125
SPT 1.25 6 74.57 .096
OPAD 1.25 4 5 1.000
NGM 1.25 2 16.24 .152
CHKP 1.25 6 120.39 .060
BYSI 1.25 5 4.25 1.470
SJ 1.24 4 5.85 .844
RSKD 1.24 2 6.76 .366
PBTS 1.24 1 0.4657 2.662
LPX 1.24 3 76.73 .048
LEDS 1.24 3 4.29 .867
EDSA 1.24 1 5.67 .218
CMMB 1.24 2 6.93 .356
BNTC 1.24 3 2.72 1.365
ANPC 1.24 2 1.27 1.952
ALXN 1.24 4 182.5 .024
XLK 1.23 12 168.74 .084
TAP 1.23 2 48.58 .050
NVDA 1.23 167 279.99 .668
LAW 1.23 3 32.22 .114
JKS 1.23 5 46.05 .130
HOG 1.23 5 38.18 .160
ANET 1.23 1 133.05 .009
RCUS 1.22 1 36.98 .032
LYFT 1.22 6 42.38 .168
EYES 1.22 6 1.59 4.602
DDL 1.22 2 11.32 .214
BZ 1.22 3 30.66 .117
PFGC 1.21 3 46.96 .075
OSAT 1.21 3 3.96 .915
LYEL 1.21 3 6.28 .576
HGEN 1.21 3 2.99 1.212
EAT 1.21 3 36.32 .099
ARAV 1.21 1 2.47 .489
AKAM 1.21 5 114.11 .050
WHLM 1.20 4 5.35 .896
MMM 1.20 7 179.42 .042
MARA 1.20 21 30.36 .819
CRIS 1.20 2 3.52 .680
CLX 1.20 5 182.01 .030
CETX 1.20 1 0.86 1.395
AMTX 1.20 3 11.18 .321
TVTX 1.19 3 26.76 .132
SGOC 1.19 9 6.2 1.719
DKS 1.19 20 115.63 .200
MQ 1.18 7 15.16 .539
DFH 1.18 1 18.84 .062
AMC 1.18 61 22.72 3.111
ZEV 1.17 4 6.52 .716
VMW 1.17 9 122.9 .081
TDC 1.17 5 44.77 .130
STZ 1.17 4 248.12 .016
SKT 1.17 3 19.41 .180
MVIS 1.17 5 4.15 1.405
VOXX 1.16 3 9.91 .351
SIF 1.16 1 6.6334 .174
NTAP 1.16 4 94.7 .048
LAZR 1.16 5 16.18 .355
AMAT 1.16 8 159.55 .056
WGO 1.15 3 74.17 .045
RACE 1.15 15 258.41 .060
QCOM 1.14 16 186.42 .096
HCWB 1.14 2 2.31 .986
AVIR 1.14 3 7.66 .444
VNET 1.13 3 9.28 .363
VIR 1.13 8 40.01 .224
STG 1.13 1 6.295 .179
CAH 1.13 6 51.68 .126
BTX 1.13 2 3.62 .624
TGT 1.12 16 224.47 .064
ARDS 1.12 1 1.51 .741
SHEN 1.11 3 24.68 .132
SEMR 1.11 3 18.58 .177
PMCB 1.11 3 2.38 1.398
CTRN 1.11 5 65.07 .085
CNET 1.11 1 0.899199 1.234
ALLO 1.11 2 12.33 .180
XM 1.10 3 28.98 .111
OPTT 1.10 1 1.35 .814
MRUS 1.10 3 27.93 .117
JRVR 1.10 3 28.42 .114
IMMX 1.10 2 6.43 .342
XTLB 1.09 2 2.65 .822
SKX 1.09 4 45.31 .096
HHR 1.09 12 47.26 .276
FOSL 1.09 2 10.5 .206
ALDX 1.09 2 3.73 .584
SFIX 1.08 3 18.05 .177
MTSL 1.08 3 3.37 .960
FCBP 1.08 1 29.1 .037
B 1.08 1 46.8 .023
AZYO 1.08 1 6.75 .160
ALF 1.08 2 2.07 1.042
ABSI 1.08 3 7.24 .447
SMLP 1.07 2 24.6 .086
HALO 1.07 2 35.48 .060
AXP 1.07 6 174.47 .036
ATKR 1.07 4 107.85 .036
VYGR 1.06 2 2.88 .736
IBM 1.06 11 133.59 .077
C 1.06 5 67.28 .075
XLY 1.05 7 201.49 .035
SCR 1.05 5 35.58 .145
PTGX 1.05 3 35.39 .087
MNST 1.05 4 93.98 .044
CELC 1.05 3 12.33 .255
RUN 1.04 6 33.25 .186
PRTA 1.04 9 37.47 .243
OCGN 1.04 12 4.17 2.988
NETE 1.04 2 13.09 .158
LOW 1.04 13 250.72 .052
KURA 1.04 4 12.72 .324
IPA 1.04 2 6.28 .330
FSTX 1.04 1 4.4 .236
AUPH 1.04 10 18.39 .560
TSN 1.03 5 90.75 .055
KMPH 1.03 3 8.53 .360
MFNC 1.02 2 21.5 .094
INMD 1.02 6 55.74 .108
GIII 1.02 5 26.88 .185
ZCMD 1.01 1 1.85 .545
SCHW 1.01 6 94.82 .060
MOXC 1.01 6 2.97 2.040
LL 1.01 1 16.94 .059
FUBO 1.01 3 14.65 .204
ESTC 1.01 8 111.04 .072
EGRX 1.01 2 47.98 .042
PINS 1.00 4 34.43 .116
OMER 1.00 1 6.11 .163
ISPC 1.00 7 6.83 1.022
HGSH 1.00 3 2.29 1.308
UAL .99 3 46.54 .063
DNA .99 2 6.26 .316
DKNG .99 6 26.1 .222
CM .99 9 128.8 .063
ARVN .99 9 66.86 .126
ACY .99 19 9.12 2.052
TRCH .98 2 4.95 .394
NFLX .98 104 537.22 .104
MYGN .98 2 26.13 .074
MCD .98 8 260.92 .024
MBOT .98 2 6.59 .296
JWN .98 4 23.22 .168
IMTX .98 4 11.98 .324
HOFV .98 2 1.54 1.272
SAFM .97 2 189.09 .010
BGFV .97 10 19.64 .490
RRGB .96 2 16.1 .118
JNJ .96 7 169.79 .035
IMAB .96 6 40.5 .138
FA .96 1 18.31 .052
BRLT .96 4 14.71 .260
AZPN .96 4 150.36 .024
SUPN .95 2 29.67 .064
BTWN .95 1 9.83 .096
BPTH .95 2 3.9 .486
AGRI .95 5 1.91 2.485
HAS .94 6 102.71 .054
ENOB .94 5 6.38 .735
UPS .93 9 211.22 .036
TGTX .93 3 15.68 .177
NIU .93 4 16.28 .228
LIFE .93 4 6.74 .548
PLUG .92 9 24.65 .333
OKE .92 3 62.5 .042
LBPH .92 1 4.4 .209
KNL .92 1 25.04 .036
YEXT .91 1 9.33 .097
SSY .91 3 1.485 1.836
OTIS .91 5 86.95 .050
BIG .91 3 43.64 .060
AIT .91 2 100.16 .018
VSCO .90 7 56.22 .112
OVV .90 5 39.34 .110
GEG .90 1 2.06 .436
DXC .90 3 33.48 .078
CRTO .90 1 36.79 .024
SPI .89 4 3.46 1.028
BKE .89 6 38.06 .138
ACHL .89 1 4.31 .206
TTD .88 18 82.39 .180
RTX .88 3 91.07 .027
GMBL .88 2 3.46 .508
USB .87 6 62.49 .078
GDEV .87 3 8.16 .318
DTSS .87 1 1.32 .659
TTCF .86 2 14.25 .120
MDT .86 10 108.95 .070
KODK .86 2 4.53 .378
GE .86 6 102.24 .048
APT .86 2 5.94 .288
WMT .85 20 143.44 .100
VMEO .85 2 16.11 .104
SRNE .85 1 4.49 .189
DAL .85 6 40.61 .120
STX .84 10 113.23 .070
PTIX .84 2 1.38 1.216
NLS .84 2 5.84 .286
MO .84 4 49.49 .064
HOL .84 3 12.35 .204
FL .84 5 43.22 .095
CLII .84 3 14.36 .174
APOP .84 5 13.17 .315
TNA .83 5 76.94 .050
ROIV .83 1 7.88 .105
MAXR .83 4 30.25 .108
LEGN .83 7 46.95 .119
IRBO .83 1 39.9 .020
CNA .83 1 46.83 .017
BLUW .83 2 9.63 .172
AEO .83 4 23.37 .140
SONO .82 6 30.17 .162
SANA .82 1 11.84 .069
MNSO .82 1 10.16 .080
FITB .82 3 49.2 .048
SPRT .81 20 11.8 1.360
MBRX .81 2 1.74 .930
GDYN .81 2 32.2 .050
BABA .81 100 137.41 .500
ATVI .81 5 64.81 .060
SYPR .80 4 2.44 1.308
NKE .80 11 152.21 .055
GTEC .80 4 6.3 .504
DD .80 4 83.72 .036
CYTK .80 6 34.12 .138
BZUN .80 2 14.23 .112
ASAN .80 16 65.37 .192
SWI .79 1 14.31 .055
PNRG .79 1 74.1693 .010
LUV .79 8 45.21 .136
ERYP .79 4 2.33 1.356
BBBY .79 17 13.82 .969
ZY .78 3 5.67 .411
PTON .78 6 34.49 .132
IPHA .78 4 4.62 .672
GNOG .78 1 9.46 .082
CAI .78 1 56 .013
QFIN .77 9 20.68 .333
PLTR .77 2 16.72 .092
OLB .77 3 2.27 1.017
FUV .77 2 7.56 .202
ENTX .77 2 2.77 .554
ALYA .77 4 2.61 1.180
VLDR .76 2 4.3 .352
NBRV .76 1 0.564 1.347
MOS .76 5 41.91 .090
GROM .76 2 1.9 .800
ABT .76 12 133.72 .060
ABBV .76 7 137.29 .035
JBL .75 6 70.25 .060
FLWS .75 4 24.84 .120
SCKT .74 4 4.07 .724
MS .74 10 103.05 .070
MNOV .74 3 2.59 .855
LOGI .74 8 83.9 .064
JD .74 13 76.4 .117
GTIM .74 1 4.5526 .162
GRVI .74 3 4.45 .498
EVOL .74 2 2.26 .654
BB .74 12 9.2 .960
ATXI .74 1 0.9126 .810
UPC .73 3 1.71 1.278
SQBG .73 2 6.24 .232
SOFI .73 7 13.86 .364
RIOT .73 6 21.13 .204
OPNT .73 4 30.67 .092
NVFY .73 3 1.7599 1.242
LI .73 7 30.75 .161
GM .73 5 61.03 .055
COP .73 10 84.4 .080
RMED .72 6 1.47 2.934
RETO .72 2 1.41 1.020
DEN .72 4 77.77 .036
CRMT .72 9 99.07 .063
BTCM .72 4 5.73 .500
BBLG .72 3 3.705 .582
ARPO .72 1 2.2 .327
ZKIN .71 2 1.45 .978
UBER .71 6 43.04 .096
RFL .71 5 4.96 .715
PALI .71 3 1.37 1.554
BJ .71 8 64.6 .080
TBLA .70 1 9.85 .071
ORGS .70 1 2.45 .285
OCX .70 1 1.95 .358
IGIC .70 3 7.91 .264
DDD .70 12 20.18 .408
CRCT .70 4 22.47 .124
VRNT .69 5 53.67 .060
SLS .69 4 5.5 .500
FTEK .69 3 1.39 1.488
ASM .69 1 0.8062 .855
APRE .69 3 2.76 .750
STEM .68 6 15.97 .252
RIDE .68 7 3.23 1.470
ONCS .68 1 0.8611 .789
CGC .68 3 8.92 .228
XONE .67 2 26.7 .050
SKLZ .67 4 6.31 .424
PPSI .67 9 8.29 .720
PLD .67 5 153.24 .020
NPTN .67 1 15.13 .044
JRJC .67 3 6.54 .306
FTCH .67 6 28.29 .138
CLNE .67 1 6.29 .106
ACH .67 1 15.45 .043
VIPS .66 1 9.55 .069
TSM .66 4 132.23 .016
PEP .66 7 173.9 .021
GLD .66 13 170.74 .039
CTKB .66 1 14.73 .044
ATNF .66 4 3.25 .812
AMOM .66 1 33.2524 .019
TATT .65 3 6.38 .303
STRO .65 2 10.81 .120
PCVX .65 1 22 .029
NEE .65 6 85.09 .042
MESO .65 2 4.83 .268
LMNL .65 3 1.12 1.740
LEN .65 8 107.94 .048
IONQ .65 7 14.09 .322
FB .65 108 333.26 .108
TQQQ .64 143 76.34 1.144
SLGG .64 2 2.27 .562
SDC .64 2 2.03 .630
LZB .64 2 35.77 .034
DVAX .64 2 13.61 .094
LEXX .63 4 4.55 .552
FLOW .63 4 85.6 .028
CANF .63 2 1.34 .940
ARCE .63 3 20.06 .093
ULTA .62 1 384.16 .001
LJPC .62 2 4.81 .256
ISEE .62 4 13.22 .184
HCM .62 6 33.95 .108
CUE .62 1 9.91 .062
BON .62 3 3.6399 .510
BLPH .62 1 3.07 .201
BCRX .62 12 16.69 .444
ASTR .62 5 5.98 .515
AREC .62 5 2.25 1.375
APG .62 2 25.41 .048
WM .61 11 159.43 .033
VGR .61 1 11.49 .053
VALN .61 7 39.48 .105
SOS .61 2 0.8515 1.432
PG .61 12 159.01 .036
MVST .61 6 5.18 .702
ENSC .61 4 3.25 .748
BEKE .61 2 22.78 .052
AMBO .61 1 0.895 .681
PSTV .60 1 1.02 .588
KZR .60 3 13.85 .129
EVK .60 6 2.54 1.416
CEMI .60 8 1.15 4.168
AYRO .60 2 1.53 .784
AMRS .60 1 5.27 .113
AA .60 14 61.88 .126
SPTN .59 4 25.15 .092
IS .59 2 6.91 .170
YMM .58 2 9.55 .120
WPRT .58 2 2.2 .526
WISH .58 3 2.72 .639
STAF .58 2 0.9607 1.206
M .58 17 26.62 .357
IFRX .58 3 4.13 .420
ICCM .58 1 2.83 .204
CSIQ .58 4 29.72 .076
BRTX .58 1 4.35 .133
ALC .58 12 78.59 .084
WEI .57 1 0.7501 .759
SNAP .57 113 42.73 1.469
SBTX .57 1 5.12 .111
PRFX .57 4 1.38 1.652
ORPH .57 4 2.45 .928
LAC .57 15 31.35 .270
EZFL .57 1 1.42 .401
CLPS .57 1 2.21 .257
CLPS .57 1 2.21 .257
VTSI .56 4 6.88 .324
UAA .56 4 19.59 .112
SJM .56 15 140.83 .045
RY .56 8 115.97 .032
OLN .56 3 54.69 .030
OBLN .56 3 3.05 .549
MTP .56 1 1.18 .474
LODE .56 3 1.6 1.050
EAR .56 1 5.63 .099
CYAD .56 1 4.07 .137
BFLY .56 2 7.11 .156
VNE .55 6 35.7 .090
RSI .55 2 13.48 .080
MOSY .55 2 4.5 .244
MAT .55 6 21.99 .150
LOOP .55 5 10.21 .265
K .55 11 66.38 .088
FLXN .55 1 9.12 .060
EOLS .55 1 5.67 .097
WHLR .54 2 1.7 .634
VOOV .54 2 153.78 .006
MSFT .54 117 318.27 .117
MPC .54 4 73.08 .028
INTC .54 7 55.74 .063
GPS .54 7 17.75 .210
ENZ .54 2 3.21 .336
CALT .54 4 23.89 .088
ADMA .54 1 1.28 .421
TBIO .53 3 37.36 .042
NIO .53 77 31.68 1.232
MEDS .53 5 2.29 1.155
HUYA .53 4 7.43 .284
HPQ .53 6 38.99 .078
HMHC .53 3 15.31 .102
EQ .53 1 3.6 .147
CHPT .53 4 15.99 .132
BBWI .53 6 58.67 .054
SILK .52 7 39.37 .091
ANF .52 3 34.24 .045
WFC .51 7 56.4 .063
RCON .51 2 1.25 .816
OCUP .51 2 3.7 .274
GFAI .51 2 1.1 .926
DYAI .51 3 4.12 .369
CPSH .51 1 3.69 .138
CCJ .51 16 23.84 .336
BLU .51 3 6.4 .237
TIGR .50 8 4.63 .856
PSTG .50 5 29.29 .085
PATI .50 2 8.13 .122
MDIA .50 3 6.1 .243
CROX .50 13 134.91 .039
CBAT .50 3 1.36 1.101
RKDA .49 1 1.13 .433
NTRB .49 4 6.74 .288
NRBO .49 2 1.315 .744
IGC .49 3 1.015 1.446
GP .49 3 7.3 .201
GEVO .49 4 4.28 .456
ENLV .49 2 6.06 .160
ECHO .49 1 48.24 .010
ATHM .49 3 37 .039
ARMP .49 1 5.65 .086
NNDM .48 3 3.76 .381
KIRK .48 3 16.27 .087
EPU .48 3 33.62 .042
TRIL .47 1 18.44 .025
TLRY .47 4 7.15 .260
SPRB .47 3 3.54 .396
SOHU .47 6 17.39 .162
RELI .47 7 8.09 .406
EXPR .47 5 3.13 .750
DRN .47 12 26.36 .204
DARE .47 1 1.69 .278
BODY .47 2 2.02 .464
BAC .47 6 48.86 .054
AMKR .47 3 24.3 .057
XPEV .46 84 48.38 .756
UFAB .46 2 2 .460
SYTA .46 5 1.67 1.375
SM .46 5 34.82 .065
NTEC .46 4 9.63 .188
MARK .46 4 0.9695 1.896
KO .46 9 60.54 .063
KBSF .46 2 3.05 .300
GURE .46 1 4.22 .109
EQOS .46 1 2.18 .211
DUK .46 11 103.62 .044
CVV .46 2 5.12 .178
VERU .45 4 6.09 .292
TYME .45 4 0.602 2.988
TME .45 1 7.34 .061
ONCT .45 2 2.08 .432
NXGL .45 1 3.28 .137
FCX .45 25 45.15 .225
EVGO .45 8 9.3 .384
CSCO .45 12 62.12 .084
CRDF .45 3 7.01 .192
CCL .45 5 22.31 .100
ADIL .45 2 2.6 .346
WORX .44 4 1.35 1.300
STN .44 3 54.57 .024
NNVC .44 3 3.01 .438
MTTR .44 15 15.06 .435
MRVL .44 10 84.94 .050
LESL .44 2 22.35 .038
GALT .44 3 2.12 .621
FFHL .44 2 7.99 .110
DWSN .44 2 2.33 .376
DNUT .44 10 17.01 .250
WOOF .43 3 18.99 .066
PFE .43 19 56.65 .133
MU .43 11 95.11 .044
HOLI .43 1 14.26 .030
GAME .43 1 3.21 .133
EVGN .43 1 1.64 .262
CAN .43 4 5.34 .320
ATIF .43 1 4.4527 .096
HRC .42 6 155.96 .012
DTST .42 6 3.21 .780
CTSO .42 4 3.69 .452
BWAY .42 3 7.97 .156
ARMK .42 4 36.23 .044
SRNG .41 1 11.42 .035
SLB .41 6 36.45 .066
RKT .41 2 14.29 .056
PDCO .41 4 28.48 .056
KZIA .41 2 7.91 .102
HNST .41 3 7.13 .171
GTT .41 1 2.36 .173
BLIN .41 8 2.19 1.496
AUUD .41 7 1.89 1.512
ACOR .41 4 2.39 .684
YJ .40 2 0.6396 1.250
XLF .40 3 41.42 .027
LIZI .40 4 1.66 .960
GRTX .40 4 3.36 .476
FBRX .40 1 1.72 .232
DUOT .40 1 5.47 .073
CTIB .40 5 1.28 1.560
CHRA .40 1 5.63 .071
IYC .39 4 81.83 .016
EQT .39 3 24.66 .045
CSCW .39 2 0.5024 1.552
CRTD .39 7 2.17 1.253
BDTX .39 1 4.51 .086
AQMS .39 3 1.13 1.035
XOM .38 10 71.14 .050
SBH .38 3 17.95 .063
RDUS .38 1 6.36 .059
OVID .38 2 3.19 .238
OTLK .38 2 1.25 .608
MRTN .38 3 16.46 .069
GPK .38 2 19.48 .038
ANIX .38 1 3.3 .115
VTNR .37 10 5.25 .700
UONE .37 7 5.18 .497
MRK .37 12 81.2 .048
HUGE .37 1 1.04 .355
GT .37 6 22.73 .096
CHMA .37 2 3.76 .196
UAVS .36 3 1.44 .750
MRKR .36 1 0.807 .446
MITQ .36 1 1.8299 .196
JFIN .36 2 2.33 .308
IDEX .36 4 1.15 1.252
GOVX .36 7 3.28 .763
GNLN .36 2 0.943 .762
CLF .36 14 23.07 .210
BNGO .36 12 2.78 1.548
AKTX .36 1 1.48 .243
ADMP .36 1 0.6674 .539
ACB .36 3 5.76 .186
VXX .35 4 17.63 .076
ORMP .35 19 12.08 .532
ORGO .35 2 8.38 .082
ON .35 12 66.49 .060
LMFA .35 5 4.44 .390
KHC .35 6 37.3 .054
CLSD .35 3 2.33 .450
CIFR .35 3 3.69 .282
BSQR .35 13 1.69 2.691
AESE .35 1 1.95 .179
XELB .34 2 1.16 .586
TRIT .34 5 2.15 .790
SSNT .34 2 4.235 .160
ME .34 6 5.78 .348
HWCC .34 1 5.3 .064
CYTH .34 1 4.51 .075
NUAN .33 3 55.37 .015
LICY .33 2 9.54 .068
IMMR .33 6 5.34 .366
HNP .33 2 21.92 .030
GTS .33 1 35.6 .009
EPAY .33 4 56.38 .020
CIEN .33 21 73.32 .084
BHTG .33 1 0.837 .394
WATT .32 2 1.25 .512
TAL .32 2 3.66 .174
SPCB .32 2 0.5354 1.194
SGBX .32 3 1.96 .489
PRPL .32 6 11.49 .162
PHUN .32 17 3.14 1.717
MINM .32 2 1.415 .452
FOE .32 2 21.67 .028
CORT .32 2 18.84 .032
CL .32 9 82.87 .027
AAPL .32 112 175.53 .112
AAL .32 9 18.5 .153
WINT .31 3 1.5 .618
VZ .31 4 53.45 .020
ULBI .31 2 5.75 .106
SCYX .31 4 5.67 .216
DMAC .31 2 3.46 .178
DBGI .31 6 1.85 1.002
AEY .31 1 1.455 .213
TESS .30 3 6.53 .135
OXBR .30 5 5.09 .290
MT .30 4 37.24 .032
LGHL .30 4 1.31 .916
LC .30 13 24.93 .156
HAPP .30 1 0.56 .535
ENG .30 3 1.23 .729
CLSK .30 1 8.47 .035
BRG .30 3 26.5 .033
BBIG .30 21 2.88 2.184
AUTL .30 3 4.55 .195
ACI .30 14 29.63 .140
NEXT .29 4 2.75 .420
HUSN .29 4 2.55 .452
EFOI .29 4 2.55 .452
ALTO .29 5 5.16 .280
AFMD .29 3 4.47 .192
RF .28 3 24.78 .033
ORCL .28 37 88.31 .111
NKLA .28 17 10.44 .442
MITO .28 1 0.87 .321
KR .28 20 47.14 .100
FLO .28 6 27.9 .060
CLOV .28 2 3.17 .176
APTO .28 4 1.38 .808
XLV .27 9 136.42 .009
WIMI .27 4 2.84 .380
RSLS .27 4 1.51 .712
NAOV .27 11 1.01 2.937
MGTX .27 1 19.3 .013
INCY .27 5 73.62 .015
GSM .27 7 5.84 .322
FENC .27 2 4.745 .112
ENVB .27 3 0.8199 .987
VIVE .26 2 1.17 .444
PPBT .26 1 4.1 .063
PME .26 1 0.578 .449
JQUA .26 1 44.39 .005
GIS .26 14 68.33 .042
AXLA .26 2 1.96 .264
VCLO .25 1 13.83 .018
SPWH .25 4 11.34 .088
PBLA .25 1 1.72 .145
HITI .25 1 4.58 .054
AVCT .25 6 2.06 .726
RAIL .24 4 3.8 .252
PLG .24 3 1.7 .423
MOGO .24 4 2.94 .324
IKT .24 1 1.68 .142
GBR .24 1 2.59 .092
CPIX .24 4 4.17 .228
CONE .24 3 89.38 .006
UWMC .23 4 5.94 .152
PIRS .23 7 3.42 .469
NXE .23 2 4.85 .094
IMRN .23 1 3.83 .060
HRL .23 9 49.03 .036
ERJ .23 15 16.7 .195
BCLI .23 2 3.6 .126
AZN .23 17 58.4 .051
XLE .22 11 63.35 .033
THTX .22 1 2.9 .075
SSKN .22 1 1.54 .142
SLV .22 7 21.45 .070
PBR .22 12 12.02 .216
JFU .22 3 1.11 .594
INOV .22 2 41.06 .010
FFIE .22 2 5.47 .080
DYNT .22 5 1 1.100
BIOC .22 4 3.51 .248
ABUS .22 8 3.3 .528
VBLT .21 3 1.72 .366
TENX .21 1 0.8251 .254
ATOS .21 5 1.49 .700
ALZN .21 3 1.84 .342
ALAC .21 2 11.741 .034
ERF .20 5 11.71 .085
ENSV .20 1 0.8704 .229
ANY .20 21 2.86 1.449
AEHR .20 34 14.79 .442
NBEV .19 1 0.88 .215
MOMO .19 3 9.62 .057
FLGC .19 6 1.72 .660
COTY .19 8 9.44 .160
BKYI .19 2 2.35 .160
BGI .19 3 4.69 .120
VSH .18 3 21.54 .024
IRIX .18 4 6.15 .116
GNFT .18 7 4.87 .252
FCEL .18 131 5.07 4.585
CSPR .18 2 6.45 .054
BLNK .18 14 23.84 .098
TISI .17 1 0.9211 .184
PPC .17 2 28.21 .012
PETZ .17 4 0.5859 1.160
LIVX .17 2 3.07 .110
KXIN .17 6 1.11 .918
GMTX .17 2 2.16 .156
AGNC .17 5 15.56 .050
SNES .16 2 1 .320
OCG .16 4 5.39 .116
INFI .16 4 1.47 .432
IMMP .16 7 3.31 .336
HFBL .16 1 19.7501 .008
GGAL .16 4 9.57 .064
ZNGA .15 4 9.15 .064
XLP .15 14 76.75 .014
VRS .15 2 26.79 .010
IMV .15 2 1.27 .236
HIPO .15 3 2.64 .168
GSKY .15 2 11.62 .024
GRUB .15 3 10.19 .042
CREX .15 1 1.39 .107
CHNG .15 2 20.89 .014
XERS .14 1 2.29 .061
SYKE .14 3 54 .006
OEG .14 1 2.01 .069
NXTP .14 1 0.7171 .195
INM .14 1 1.26 .111
IEC .14 1 15.34 .009
EDU .14 1 1.94 .072
VIEW .13 2 3.47 .074
SVBI .13 1 13.63 .009
SALM .13 5 3.36 .190
OSMT .13 4 1.16 .448
GENE .13 3 1.92 .201
VERB .12 8 1.4 .680
SBBP .12 2 2 .120
PSTX .12 1 5.95 .020
LTHM .12 19 25.39 .076
HDGE .12 3 24.34 .012
GSAT .12 2 1.06 .226
CRON .12 5 4.03 .145
CHNR .12 4 1.01 .472
BP .12 8 31.19 .024
AHPI .12 3 5.05 .069
UNIT .11 3 12.77 .024
TELL .11 9 3.38 .288
T .11 7 26.45 .028
SNMP .11 2 0.52 .422
MRO .11 19 18.71 .095
MOHO .11 3 0.3819 .864
GBS .11 1 1.57 .070
FENG .11 2 0.83 .264
FAST .11 6 60.38 .006
ET .11 6 9.63 .066
EKSO .11 2 2.565 .084
CALA .11 1 0.5729 .192
ACHV .11 2 8.32 .026
TTM .10 15 34.32 .030
SLHG .10 1 1.0222 .097
RAVN .10 3 58.08 .003
OBSV .10 6 1.94 .306
KDMN .10 4 9.5 .040
EDTK .10 2 1.03 .194
D .10 12 79.32 .012
CNFR .10 2 2.42 .082
CDEV .10 6 7.34 .078
AGEN .10 12 2.99 .396
YPF .09 3 4.15 .063
XELA .09 7 0.6025 1.043
WTER .09 2 1.18 .152
TEDU .09 2 1.71 .104
TAAG .09 1 20.9494 .004
SELF .09 1 6.16 .014
PRPO .09 3 1.57 .171
CXM .09 1 14.34 .006
AEMD .09 3 1.82 .147
AEI .09 2 0.4559 .394
XPDI .08 14 10.01 .098
TEO .08 2 5.13 .030
SSL .08 24 18.75 .096
RIG .08 7 3.48 .154
MBII .08 1 0.7014 .114
CLDR .08 1 15.99 .005
BQ .08 2 0.8 .200
VSTM .07 3 1.82 .114
SWN .07 4 5.04 .052
SBS .07 11 6.41 .110
NEPT .07 2 0.413 .338
LMRK .07 2 16.49 .008
ITRO .07 1 1.27 .055
ITRN .07 3 25.57 .006
CPLG .07 1 15.67 .004
CPG .07 10 6.76 .100
BVXV .07 4 1.81 .152
XBIO .06 8 1.26 .376
VG .06 1 20.8 .002
RVI .06 3 6.44 .027
RRD .06 12 11.25 .060
KULR .06 8 2.65 .176
ESXB .06 2 11.3 .010
ENIC .06 1 1.98 .030
DBVT .06 12 1.67 .420
ADMS .06 2 8.22 .014
ULTA .05 12 384.16 0
OXY .05 32 34.75 .032
OCG .05 13 5.39 .117
MTL .05 19 3.51 .266
MFGP .05 8 6.12 .064
MDNA .05 8 1.5 .264
FRBK .05 1 3.86 .012
PSP .04 3 15.235 .006
PBT .04 2 14.3 .004
NOK .04 6 6.09 .036
IRCP .04 4 2.2 .072
CXP .04 1 19.28 .002
AVGR .04 7 0.3571 .784
VTGN .03 5 1.68 .085
VCAR .03 1 15.87 .001
SNDL .03 1 0.5802 .051
SIC .03 1 14.49 .002
FRO .03 21 7.82 .063
RTLR .02 9 12.38 .009
RCAT .02 3 2.01 .027
NWHM .02 1 8.99 .002
KIN .02 2 9.25 .004
EIC .02 2 17.38 .002
DSE .02 1 9.49 .002
PMD .01 1 7.3 .001
LPTX .01 7 2.98 .021
INFL .01 2 31.54 0
IACB .01 3 7.95 .003
DFP .01 3 27.54 0
BEST .01 3 0.916 .030
WMPN 0 4 12.8 0
SLVO 0 6 5.09 0
QQC 0 2 32.31 0
QADB 0 4 87.54 0
PAE 0 1 9.98 0
ONON 0 1 51.42 0
NLSP 0 1 1.18 0
LHAA 0 1 9.76 0
HWBK 0 1 25.45 0
ESLT 0 1 176.57 0
DVD 0 1 3.61 0
APWC 0 1 2.99 0
NSYS -.12 1 10.45 -.011
