EJH 5.21 6 2.31 13.530
LAIX 1.72 4 0.87 7.908
SCPS 3.34 7 3.125 7.476
AACG 2.14 5 1.7707 6.040
EEIQ 4.33 5 3.8 5.695
NVOS 1.65 5 1.56 5.285
CPOP 2.34 5 2.36 4.955
NRXP 3.30 7 5.13 4.501
AUVI 2.56 8 4.64 4.408
VRPX 1.77 9 4.14 3.843
DPW 1.56 5 2.1 3.710
VVOS 1.65 6 2.73 3.624
NEGG 3.07 20 17.38 3.520
EYES 1.22 6 2.34 3.126
JAN 3.24 5 5.26 3.075
HX 1.40 6 2.93 2.862
JZXN 1.63 4 2.28 2.856
JG 1.30 3 1.47 2.652
SIEB 1.53 5 3.01 2.540
KOSS 5.35 7 14.99 2.492
CEMI .60 8 2 2.400
AAME 1.97 5 4.11 2.395
NAOV .27 11 1.25 2.376
FCEL .18 130 9.81 2.340
AGRI .95 5 2.1 2.260
INDP 2.52 5 5.65 2.230
NURO 1.47 11 7.34 2.200
BSQR .35 13 2.06 2.197
TYME .45 4 0.836 2.152
CARV 3.92 6 11.58 2.028
MRIN 2.01 5 5.45 1.840
DWAC 30.01 3 51.21 1.758
SPCE 1.26 24 17.25 1.752
IRNT 3.02 6 10.52 1.722
SGOC 1.19 9 6.2 1.719
RMED .72 6 2.55 1.692
AMC 1.21 57 40.87 1.653
AREC .62 5 1.92 1.610
OCGN 1.04 12 7.72 1.608
BBIG .30 20 3.86 1.540
CSCW .39 2 0.5154 1.512
ANPC 1.24 2 1.67 1.484
BTBT 1.45 10 9.93 1.460
SAVA 2.72 28 53.19 1.428
GRTS 2.64 6 11.18 1.416
LMNL .65 3 1.38 1.413
ANY .38 19 5.13 1.406
SPRT .81 20 11.8 1.360
NMRD 1.66 4 4.91 1.352
AUUD .41 7 2.13 1.344
TAOP 1.35 3 3.02 1.341
MARK .46 4 1.37 1.340
WAVE 1.72 5 6.5856 1.305
PHUN .40 12 3.7 1.296
SSY .91 3 2.11 1.293
BIDU 1.78 117 151.77 1.287
PMCB 1.11 3 2.61 1.275
WORX .44 4 1.4 1.256
SNAP .57 113 51.32 1.243
RNXT 1.96 4 6.59 1.188
JCS 1.40 3 3.53 1.188
EVK .60 6 3.06 1.176
HGSH 1.16 2 1.99 1.164
BNTC 1.24 3 3.2 1.161
ALYA .77 4 2.65 1.160
PBTS 1.24 1 1.08 1.148
BLIN .41 8 2.89 1.128
NCTY 2.63 5 11.73 1.120
ADGI 3.21 7 20.07 1.113
ERYP .89 3 2.4 1.110
WAFU 1.50 4 5.41 1.108
SNOA 1.51 4 5.52 1.092
DLPN 2.14 5 9.8 1.090
ACRS 2.12 7 13.79 1.071
GME 2.99 82 228.8 1.066
CRTD .39 7 2.56 1.064
CTIB .40 5 1.88 1.060
FTEK .69 3 1.95 1.059
SYPR .80 4 3.04 1.052
NVFY .73 3 2.1 1.041
TPST 2.19 5 10.57 1.035
CETX 1.20 1 1.16 1.034
IGC .49 3 1.43 1.026
MOXC 1.33 4 5.18 1.024
LGVN 10.15 1 10.03 1.011
PRFX .77 3 2.29 1.008
YJ .40 2 0.7999 1.000
NIO .54 76 38.66 .988
BNGO .36 12 4.41 .972
GRTX .50 3 1.55 .966
MTSL 1.08 3 3.37 .960
UPC .73 3 2.33 .939
RIDE .68 7 5.06 .938
SOS .61 2 1.3 .938
LHDX 1.58 4 6.8 .928
LODE .56 3 1.83 .918
PTIX .84 2 1.86 .902
WHLM 1.20 4 5.33 .900
FULC 2.54 6 17.14 .888
CNET 1.11 1 1.25 .888
PPSI 1.31 5 7.39 .885
BB .84 11 10.44 .880
PALI .71 3 2.46 .864
CANF 1.04 1 1.21 .859
HOFV .98 2 2.29 .854
DYNT .22 5 1.3 .845
NBRV .76 1 0.91 .835
XPEV .47 83 46.89 .830
CHCI 1.54 3 5.57 .828
ANVS 3.73 6 27.1 .822
SJ 1.24 4 6.02 .820
RETO .72 2 1.77 .812
SPCB .32 2 0.7874 .812
IDEX .36 4 1.81 .792
IMPL 1.70 5 10.83 .780
HCWB 1.14 2 2.94 .774
OSAT 1.21 3 4.87 .744
EYEG 1.45 1 1.95 .743
MVIS 1.17 5 7.89 .740
MBRX .81 2 2.2 .736
TERN 1.53 4 8.4 .728
STAF .58 2 1.61 .720
MEDS .53 5 3.68 .720
VTNR .37 9 4.58 .720
CBAT .50 3 2.13 .702
ACIU 1.91 2 5.47 .698
MNOV 1.12 2 3.21 .696
KALV 1.44 8 16.61 .688
VERY 1.39 4 8.11 .684
WEI .57 1 0.8397 .678
ASM .69 1 1.02 .676
HOOD 1.41 14 28.99 .672
ATNF .90 3 4.05 .666
XTLB 1.09 2 3.31 .658
HTBX 1.46 2 4.47 .652
AQMS .39 3 1.8 .648
VYGR 1.06 2 3.29 .644
EBET 3.45 6 32.16 .642
BBBY .98 15 23.25 .630
DBGI .42 5 3.32 .630
GOVX .36 7 4.03 .623
IPHA .78 4 5.01 .620
GFAI .51 2 1.65 .618
OPAD 1.25 4 8.08 .616
ORPH .57 4 3.69 .616
NRBO .49 2 1.59 .616
NVAX 9.95 12 192.34 .612
DTST .84 3 4.13 .609
TIGR .50 8 6.52 .608
LIZI .40 4 2.63 .608
VERB .12 8 1.56 .608
EVOL .74 2 2.44 .606
ATXI .74 1 1.22 .606
HGEN 1.21 3 6.02 .600
WBX 8.99 1 15 .599
AVXL 2.41 5 20.24 .595
COHN 1.95 5 16.34 .595
WINT .31 3 1.56 .594
SPI .89 4 6 .592
OPTT 1.10 1 1.86 .591
ALEC 2.10 6 21.39 .588
ZKIN .71 2 2.42 .586
RFL .71 5 6.07 .580
MOHO .11 3 0.569 .579
ZEV 1.17 4 8.15 .572
EXPR .47 5 4.27 .550
OBLN .56 3 3.05 .549
RCON .51 2 1.86 .548
LEDS 1.24 3 6.82 .543
RSLS .27 4 2.01 .536
ZCMD 1.01 1 1.89 .534
KNBE 1.80 7 23.6 .532
ACY .99 19 34.5 .532
SCKT .74 4 5.55 .532
AMBO .61 1 1.165 .523
FLGC .19 6 2.17 .522
KXIN .17 6 1.94 .522
LGHL .30 4 2.32 .516
HUSN .29 4 2.2409 .516
OLB .77 3 4.5 .513
BCRX .68 9 11.89 .513
ALF 1.08 2 4.21 .512
JFU .22 3 1.29 .510
LWAC 1.73 5 16.98 .505
AYRO .60 2 2.38 .504
GNLN .36 2 1.43 .502
PENN 2.65 10 52.42 .500
DTSS .87 1 1.74 .500
ENVB .27 3 1.62 .498
BABA .77 99 140.34 .495
OTLK .38 2 1.54 .492
GALT .44 3 2.69 .489
XELB .34 2 1.4 .484
ACOR .41 4 3.47 .472
APRE .69 3 4.38 .471
NVDA 1.13 156 329.85 .468
CRIS 1.20 2 5.13 .466
TSLA 3.62 155 1137.06 .465
GLSI 3.27 5 34.84 .465
GROM .76 2 3.3 .460
GEG .90 1 1.97 .456
XELA .09 7 1.37 .455
ENSC .72 1 1.585 .454
WPRT .58 2 2.55 .454
LEXX .84 3 5.57 .450
UAVS .36 3 2.4 .450
MINM .32 2 1.42 .450
UONE .37 7 5.75 .448
NNOX 1.69 5 18.96 .445
ATOS .21 5 2.35 .445
WHLR .54 2 2.43 .444
APTO .28 4 2.51 .444
GRVI .74 3 5.01 .441
BILI 1.28 23 67.12 .437
BPTH .95 2 4.35 .436
ENTX .77 2 3.52 .436
CHNR .12 4 1.1 .436
PIRS .23 7 3.69 .434
ENG .30 3 2.08 .432
ONCS .68 1 1.6 .425
ENOB 1.18 4 11.07 .424
AVIR 1.14 3 8.11 .420
BTCM .72 4 6.98 .412
TQQQ .56 137 177.14 .411
WNW 1.34 1 3.27 .409
MVST .61 6 8.94 .408
WISH .58 3 4.25 .408
ZG 3.78 6 56.39 .402
ADMP .36 1 0.898 .400
LIFE 1.09 3 8.2 .396
DYAI .51 3 3.86 .396
SGBX .32 3 2.42 .396
TRCH .98 2 4.95 .394
PME .26 1 0.66 .393
SLS .69 4 7.01 .392
PSTV .60 1 1.53 .392
NKLA .31 15 11.86 .390
HAPP .30 1 0.7725 .388
RHE 1.27 2 6.55 .386
OBSV .18 5 2.32 .385
DWSN .44 2 2.32 .378
AVGR .04 7 0.734 .378
MRAM 2.30 2 12.2 .376
WATT .32 2 1.7 .376
MRNA 2.92 34 263.78 .374
IPA 1.04 2 5.54 .374
BGFV .97 10 25.82 .370
SLGG .64 2 3.465 .368
UFAB .46 2 2.5 .368
KMPH 1.03 3 8.4 .366
IFRX .58 3 4.76 .363
NTRB 1.15 2 6.3303 .362
FGEN 1.47 3 12.21 .360
MARA 1.03 20 54.68 .360
AVCT .60 1 1.68 .357
SDC .64 2 3.63 .352
ADMA .54 1 1.53 .352
DQ 3.36 7 66.33 .350
RAPT 1.77 7 35 .350
OXBR .30 5 4.23 .350
OSMT .13 4 1.49 .348
MQ 1.18 7 23.88 .343
MTL .10 11 3.16 .341
BODY .47 2 2.76 .340
EYPT 5.86 1 17.24 .339
MTP .56 1 1.66 .337
DOCS 2.62 8 61.21 .336
CERE 1.78 7 36.34 .336
DDD .70 12 24.3 .336
AGEN .10 12 3.49 .336
LYEL 1.21 3 10.81 .333
ARAV 1.21 1 3.63 .333
BTX 1.13 2 6.82 .330
IMNM 1.42 4 17.2 .328
IMTX .98 4 11.89 .328
ARPO .72 1 2.2 .327
BON .62 3 5.75 .321
CTSO .42 4 5.24 .320
BHTG .33 1 1.03 .320
XBIO .06 8 1.48 .320
GRU 1.51 1 4.73 .319
GMBL .88 2 5.53 .318
GDEV .87 3 8.2 .318
ENZ .54 2 3.38 .318
IMMR .33 6 6.16 .318
APOP .84 5 13.17 .315
TRIT .34 5 5.47 .310
GPN 3.54 11 125.93 .308
BBLG 1.14 1 3.7 .308
GEVO .49 4 6.31 .308
NEXT .29 4 3.73 .308
GSM .27 7 6.01 .308
APPS 3.13 6 60.64 .306
JRJC .67 3 6.52 .306
AFRM 2.60 16 136.16 .304
RLMD 1.57 4 20.39 .304
VIVE .26 2 1.7 .304
LAZR 1.16 5 19.17 .300
VTSI .56 4 7.4 .300
KBSF .46 2 3.05 .300
BKKT 2.95 2 19.72 .298
RKDA .49 1 1.64 .298
ADIL .45 2 3.02 .298
VOXX 1.16 3 11.62 .297
MITO .28 1 0.9401 .297
TATT .65 3 6.57 .294
NNDM .48 3 4.85 .294
VBLT .21 3 2.15 .291
IMMP .16 7 3.81 .287
EOSE 1.39 2 9.7 .286
ONCT .45 2 3.13 .286
OCUP 1.04 1 3.64 .285
NNVC .44 3 4.59 .285
SBEA 1.45 2 10.15 .284
BYSI 1.25 3 13.25 .282
DARE .47 1 1.67 .281
ALTO .29 5 5.11 .280
INFI .16 4 2.28 .280
SPLK 6.20 6 132.49 .276
CCXI 3.66 3 39.6 .276
MRKR .36 1 1.3 .276
PRPL .68 5 12.2 .275
CLF .57 11 21.95 .275
LMFA .35 5 6.275 .275
ALDX 1.09 2 7.93 .274
CRDF .78 2 5.68 .274
ZY .78 3 8.57 .273
PLG .24 3 2.62 .273
TELL .12 8 3.46 .272
MDIA .50 3 5.54 .270
CMMB 1.24 2 9.22 .268
LJPC .62 2 4.6 .268
EVGO .57 7 14.72 .266
VNET 1.13 3 12.97 .261
QFIN .77 9 26.01 .261
BNTX 3.78 20 289.75 .260
KODK .86 2 6.61 .260
SALM .20 4 3.05 .260
KULR .20 4 3.07 .260
IGIC .70 3 8.05 .258
NEPT .07 2 0.54 .258
SKLZ .67 4 10.4 .256
GTEC .85 3 9.89 .255
OCX .70 1 2.76 .253
STG 1.13 1 4.48 .252
RAIL .24 4 3.79 .252
AEHR .18 28 19.56 .252
NVCR 2.63 10 103.51 .250
BRLT 2.17 2 17.29 .250
HUGE .37 1 1.48 .250
KSS 1.77 8 57.01 .248
PBR .31 8 9.74 .248
FIGS 1.33 6 31.95 .246
TEDU .09 2 0.727 .246
SOFI .73 7 20.37 .245
CHGG 2.17 3 26.53 .243
KURA 1.39 3 16.99 .243
VLDR .76 2 6.28 .242
DBVT .07 11 3.059 .242
ZLAB 3.42 6 84.15 .240
FCX .41 24 38.28 .240
CLSD .35 3 4.37 .240
ZM 4.40 14 251.3 .238
TASK 1.74 7 49.79 .238
AKTX .36 1 1.52 .236
WIMI .27 4 4.55 .236
UPST 2.84 18 206.97 .234
SQBG .73 2 6.24 .232
SNES .16 2 1.38 .230
RSKD 1.24 2 10.81 .228
VERU .45 4 7.83 .228
ABSI 1.25 2 11.05 .226
NLS .84 2 7.42 .226
BNR 1.30 3 17.14 .225
CARA 1.57 2 14.18 .220
ATAI 1.29 2 11.65 .220
ASTR .53 4 9.53 .220
OVID .38 2 3.44 .220
DELL 1.75 7 55.02 .217
ERJ .41 8 14.77 .216
TSP 1.75 5 40.41 .215
EZFL .57 1 2.68 .212
SNMP .11 2 1.03 .212
DNUT .42 7 13.82 .210
LOOP .74 4 14.23 .208
MESO .65 2 6.24 .208
AMTX 1.20 3 17.32 .207
MOSY .55 2 5.33 .206
DLO 1.53 5 37.07 .205
EXPI 1.38 6 39.66 .204
HOL .84 3 12.35 .204
ME .34 6 9.97 .204
EVGN .43 1 2.13 .201
CLPS .57 1 2.85 .200
CLPS .57 1 2.85 .200
RBLX 2.47 11 134.72 .198
JFIN .36 2 3.63 .198
ORGS .70 1 3.55 .197
CHMA .37 2 3.76 .196
CELC 1.05 3 16.07 .195
W 6.80 8 274.81 .192
SE 3.98 16 309.99 .192
OCG .23 4 4.77 .192
MTTR .53 10 27.86 .190
AMZN 8.00 94 3676.57 .188
NTEC .46 4 9.63 .188
FSTX 1.04 1 5.55 .187
AZYO 1.08 1 5.8 .186
GPS .75 6 24.07 .186
EDSA 1.24 1 6.67 .185
CVV .46 2 4.98 .184
MDNA .05 8 2.17 .184
HUYA .53 3 8.58 .183
CELH 1.96 7 72.84 .182
FENG .11 2 1.2 .182
OCG .07 13 4.77 .182
DDS 6.58 10 360.27 .180
VIR 1.21 5 32.75 .180
PLUG .92 9 44.55 .180
STEM .68 6 22.27 .180
RIG .09 6 2.98 .180
ACHL .89 1 4.96 .179
ENSV .20 1 1.12 .178
CAN .43 4 9.73 .176
AXLA .26 2 2.93 .176
MOGO .24 4 5.39 .176
CLII .84 3 14.36 .174
GTT .41 1 2.36 .173
BLUW .83 2 9.63 .172
TLRY .47 4 10.93 .172
AESE .35 1 2.04 .171
TWTR 1.69 5 48.4 .170
BWAY .68 2 7.94 .170
DKS 1.82 13 138.59 .169
IAC 3.19 7 128.76 .168
OSTK 2.60 7 107.93 .168
ORMP .32 14 26.5 .168
IMV .15 2 1.78 .168
PUBM 6.66 1 39.75 .167
SKT 1.17 3 20.99 .165
CGC 1.01 2 12.18 .164
AMEH 2.05 9 113.47 .162
DKNG .99 6 36.14 .162
DMAC .31 2 3.82 .162
EDTK .10 2 1.23 .162
ARVN 1.91 7 83.04 .161
SQ 1.73 23 225.14 .161
IONQ .65 7 28.01 .161
NBEV .19 1 1.18 .161
MSTR 14.75 8 718.31 .160
PRTA 1.18 8 58.73 .160
AA .78 10 47.6 .160
CCJ .53 8 25.29 .160
DUOL 7.27 3 135.96 .159
SEMR 1.11 3 20.72 .159
NETE 1.04 2 13.09 .158
BCLI .46 1 2.91 .158
AEY .31 1 1.95 .158
TENX .21 1 1.33 .157
ISEE .62 4 15.86 .156
SOHU .47 6 17.86 .156
M .46 12 34.71 .156
GENE .13 3 2.48 .156
GSAT .12 2 1.55 .154
MAT 1.16 3 22.65 .153
ACB .36 3 7.04 .153
IRDM 1.55 4 39.98 .152
SIF 1.16 1 7.6 .152
LCID 1.08 8 55.21 .152
GTIM .74 1 4.84 .152
SHOP 25.38 10 1690.6 .150
DE 5.37 10 346.15 .150
BYND 2.00 6 77.53 .150
LYFT 1.43 5 47.51 .150
FOSL 1.09 2 14.36 .150
LBPH .92 1 6.1 .150
BGI .19 3 3.8 .150
VCVC 1.46 1 9.85 .148
MITQ .36 1 2.44 .147
TOST 3.31 2 45.07 .146
XAIR 1.97 1 13.55 .145
SCR 1.05 5 35.58 .145
LI .91 5 30.6 .145
NEWR 2.93 6 119.23 .144
FLGT 2.27 6 93.98 .144
NIU 1.17 3 24.06 .144
FUV .77 2 10.55 .144
AUPH .69 6 28.47 .144
HNST .41 3 8.45 .144
AAL .32 9 19.28 .144
AUTL .30 3 6.22 .144
COTY .19 8 10.35 .144
MRO .14 16 15.31 .144
ASAN 1.51 13 137.19 .143
FUBO 1.01 3 21.42 .141
SAM 9.40 7 464.75 .140
RIOT 1.02 5 36.18 .140
SRNE .85 1 6.06 .140
VIH 1.31 1 9.36 .139
FBRX .40 1 2.88 .138
BKYI .19 2 2.73 .138
WTER .09 2 1.3 .138
GIII 1.11 4 31.96 .136
UWMC .29 3 6.44 .135
SSL .15 15 15.69 .135
PRPO .09 3 1.96 .135
SSKN .22 1 1.63 .134
DLTR 2.57 7 134.96 .133
CIEN .44 19 60.77 .133
SONO .70 6 31.73 .132
PDD 2.15 5 81.87 .130
ACI .44 10 33.77 .130
GH 1.57 8 97.58 .128
PBLA .25 1 1.95 .128
HIPO .25 2 3.88 .128
APP 1.46 9 99.77 .126
LUV .99 6 46.83 .126
AFMD .43 2 6.73 .126
CIFR .35 3 8.23 .126
IKT .24 1 1.9 .126
BKE 1.28 5 50.25 .125
THCB 1.25 1 10 .125
TDC 1.17 5 45.5 .125
DAL 1.02 5 39.69 .125
ARMP .49 1 3.92 .125
NGM 1.25 2 19.96 .124
TAL .32 2 5.16 .124
PETZ .17 4 5.39 .124
EDIT 1.47 3 35.35 .123
SHEN 1.11 3 26.93 .123
HJLI 1.27 1 10.38 .122
ENLV .49 2 7.97 .122
CMTL 3.13 1 25.75 .121
LIVE 1.37 3 33.95 .120
CPE 1.27 5 52.44 .120
TVTX 1.19 3 29.27 .120
ZIM 1.15 6 57.17 .120
HCM .93 4 30.72 .120
SBBP .12 2 2 .120
CRON .12 5 4.93 .120
CPG .09 6 4.39 .120
KR .30 17 40.89 .119
ALLO 1.11 2 18.81 .118
TESS .34 2 5.71 .118
CALA .11 1 0.9244 .118
DNA 1.58 1 13.45 .117
OPNT .73 4 24.66 .116
CPSH .51 1 4.37 .116
SSNT .34 2 5.82 .116
VSCO 1.29 5 55.43 .115
CYTK .96 5 40.86 .115
MRUS 1.10 3 28.56 .114
TGTX .93 3 24.41 .114
ATIF .43 1 3.77 .114
SCYX .41 2 7.13 .114
AEI .09 2 1.56 .114
MSFT .39 113 343.11 .113
CAT 2.86 8 200.44 .112
AN 1.67 8 117.85 .112
AMD 1.13 16 155.41 .112
PFE .72 8 50.8 .112
CRCT .70 4 24.68 .112
SBS .09 8 6.24 .112
CLDX 1.61 3 42.98 .111
NXTP .14 1 1.26 .111
DPZ 5.62 11 535.59 .110
LIVX .17 2 3.07 .110
SI 4.14 6 219.75 .108
VMW 2.23 6 120.55 .108
MSGE 1.88 4 68.03 .108
DIS 1.86 9 154 .108
CAH 1.34 4 48.44 .108
JWN 1.19 3 32.74 .108
LEGN 1.04 6 55.26 .108
MAXR .83 4 29.93 .108
AAPL .32 108 160.55 .108
FB .68 107 345.3 .107
GT 1.16 2 21.84 .106
ULBI .31 2 5.8 .106
LAD 6.41 5 291.39 .105
RGEN 4.41 7 284.89 .105
GRVY 1.33 7 84.59 .105
NFLX .76 105 678.8 .105
GP .49 3 13.86 .105
CCL .45 5 20.49 .105
ORCL .36 35 93.97 .105
TISI .17 1 1.61 .105
VLO 1.86 4 69.07 .104
APXT 1.27 1 12.11 .104
RRGB .96 2 18.13 .104
LTHM .25 13 30.17 .104
JRVR 1.48 2 28.94 .102
SFIX 1.46 2 28.58 .102
RMBL 1.41 3 41.44 .102
FTCH .67 6 39.26 .102
AEMD .09 3 2.64 .102
MBII .08 1 0.7896 .101
CREE 1.64 5 79.12 .100
DDL 1.22 2 24 .100
RUN 1.10 5 54.86 .100
MOS .76 5 36.25 .100
EQ .53 1 5.25 .100
LC .39 10 38.94 .100
REGN 7.44 9 652.68 .099
CNC 2.42 3 73.01 .099
PYPL 2.14 9 193.61 .099
AEO 1.32 2 26.93 .098
TTCF .86 2 17.5 .098
EQOS .46 1 4.69 .098
FFHL .44 2 8.905 .098
FISV 1.64 6 100.06 .096
FRD 1.28 1 13.23 .096
HOG .90 4 37.39 .096
UBER .71 6 44.23 .096
PATI .50 2 10.37 .096
CDEV .32 2 6.64 .096
CLOV .28 2 5.75 .096
ACMR 1.83 5 96.2 .095
BTWN .95 1 9.97 .095
MFNC 1.02 2 21.5 .094
ARCE .89 2 18.76 .094
BQ .08 2 1.67 .094
EAT 1.21 3 38.55 .093
GKOS 4.45 1 48.11 .092
XM 1.66 2 35.88 .092
BAC 1.06 4 45.4 .092
ANIX .38 1 4.13 .092
IRIX .18 4 7.64 .092
BIGC 4.50 1 49.27 .091
XBI 2.27 5 121.92 .090
BHVN 2.12 5 113.75 .090
DASH 2.11 10 215.25 .090
SPTN .74 3 24.13 .090
BFLY .72 1 8 .090
LAC .57 6 37.49 .090
VNE .55 6 35.41 .090
DOCN 1.47 8 128.53 .088
SKX 1.09 4 47.79 .088
PINS 1.00 4 44.76 .088
FLWS .75 4 33.94 .088
ZNGA .15 4 6.58 .088
PTGX 1.05 3 35.03 .087
CLNE .67 1 7.64 .087
CHRA .40 1 4.57 .087
OVV 1.51 2 34.51 .086
EOLS .55 1 6.38 .086
YPF .17 2 3.87 .086
RRD .16 5 9.25 .085
BIIB 3.69 6 257.19 .084
ROKU 2.89 7 234.1 .084
KMB 1.96 6 134.44 .084
TMUS 1.73 6 115.62 .084
TWST 1.37 7 110.62 .084
JKS 1.37 4 63.69 .084
USB 1.25 4 57.59 .084
JPM 1.20 12 160.92 .084
ON .81 7 63.34 .084
UAA .78 3 26.96 .084
INTC .70 6 49.52 .084
ABUS .14 2 3.3 .084
RCAT .10 2 2.38 .084
CNFR .10 2 2.37 .084
YEXT .91 1 10.84 .083
ABCL 1.31 1 15.8 .082
VMEO .85 2 20.49 .082
AMRS .60 1 7.26 .082
YMM .58 2 14.02 .082
LAW 1.23 3 44.04 .081
PFGC 1.21 3 43.9 .081
CSCO .51 9 53.25 .081
MDB 5.88 8 569.77 .080
PKG 2.17 5 133.09 .080
MDT 1.95 5 117.22 .080
COUR 1.32 2 32.53 .080
IBM 1.20 8 116.05 .080
HPQ .63 4 31.45 .080
FLO .45 5 26.8 .080
GDYN 3.03 1 38.25 .079
IS .76 1 9.59 .079
RL 1.69 6 121.81 .078
RVI .24 2 6.03 .078
TTD .85 11 107.79 .077
BJ .79 7 69.61 .077
SILK .52 7 46.27 .077
GBR .24 1 3.08 .077
XPDI .11 11 14.32 .077
CTRN 1.77 4 90.92 .076
SLB .60 4 30.05 .076
GURE .46 1 5.9866 .076
INM .14 1 1.82 .076
BBY 2.06 5 136.13 .075
BCYC 1.49 3 58.13 .075
TJX 1.09 5 71.02 .075
PTON .74 5 47.14 .075
STRO .65 2 17.56 .074
CREX .15 1 2.02 .074
SIVB 7.01 8 727.79 .072
IWM 2.93 6 232.72 .072
ROST 2.08 4 112.78 .072
V 2.00 8 200.86 .072
A 1.50 8 164.3 .072
FATE 1.36 3 55.97 .072
C 1.23 4 66.34 .072
JD 1.15 6 91.55 .072
KZR 1.01 1 13.97 .072
LOGI .99 6 81.56 .072
FL .92 4 50.68 .072
WFC .91 4 48.82 .072
MS .82 9 96.91 .072
SJM .78 12 124.31 .072
DRN .48 4 26.37 .072
KZIA .41 2 11.37 .072
TBLA .70 1 9.85 .071
EL 3.86 7 352.85 .070
MA 3.58 7 339.72 .070
SITM 2.97 7 287.59 .070
LMT 2.70 10 341.44 .070
FANG 1.53 5 102.17 .070
DXC 1.11 2 31.37 .070
SMLP 1.07 2 30.1 .070
IMAB 1.00 5 68.57 .070
PLTR .77 2 21.41 .070
VRNT .69 5 48.52 .070
ORGO .35 2 9.92 .070
MO 1.00 3 43.4 .069
SBTX .57 1 8.22 .069
T .56 3 24.13 .069
TSN 1.42 4 81.51 .068
MYGN .98 2 28.06 .068
SLV .79 2 22.75 .068
WMT .68 17 142.39 .068
ENPH 3.10 6 267.74 .066
UNH 3.07 11 440 .066
BZUN 1.12 1 16.84 .066
COP .78 6 69.61 .066
DUOT .40 1 6.01 .066
MRTN .38 3 17 .066
SWN .16 2 4.81 .066
DG 2.92 5 224.55 .065
TTC 1.42 5 104.58 .065
DFH 1.18 1 17.92 .065
CLSK 1.17 1 18 .065
HHR .84 5 61.99 .065
VIPS .66 1 10.04 .065
VTGN .03 5 2.19 .065
ABNB 1.72 8 196.42 .064
APPN 1.29 4 76.8 .064
BZ 1.15 2 35.46 .064
HWCC .34 1 5.3 .064
CYTH .34 1 5.27 .064
PPBT .26 1 4.06 .064
EKSO .11 2 3.41 .064
IRCP .04 4 2.39 .064
THC 4.91 1 77.45 .063
XMTR 3.46 1 54.36 .063
STX .76 9 100.78 .063
VXX .46 3 20.96 .063
K .44 9 61.93 .063
THTX .22 1 3.44 .063
EDU .14 1 2.19 .063
GBS .11 1 1.75 .062
SNPS 3.69 6 357.95 .060
NXPI 2.38 6 221.26 .060
PLCE 1.60 4 103.1 .060
ABT 1.33 6 126.84 .060
CHKP 1.25 6 115.31 .060
ATVI .81 5 62.38 .060
FLXN .55 1 9.12 .060
CHPT .54 3 26.9 .060
WOOF .43 3 20.9 .060
SLHG .10 1 1.66 .060
FRO .04 12 7.25 .060
GNOG .78 1 13.06 .059
GGAL .57 1 9.58 .059
TME .45 1 7.62 .059
LL 1.01 1 17.23 .058
MNSO .82 1 14.08 .058
DPST 3.25 1 56.27 .057
SNOW 2.91 8 392.15 .056
GS 2.81 8 387.39 .056
LLY 2.28 7 260.7 .056
ROLL 1.78 7 209.78 .056
TSCO 1.77 8 230.56 .056
HON 1.76 7 218.49 .056
CRNC 1.55 4 104.06 .056
DOMO 1.26 4 84.46 .056
AMAT 1.16 8 150.03 .056
SCHW 1.13 4 80.17 .056
INCY .93 4 64.51 .056
CSIQ .58 4 40.88 .056
BLNK .18 14 43.08 .056
WSM 2.54 5 215.65 .055
AMGN 2.27 5 206.08 .055
CM 1.34 5 116.11 .055
HAS 1.13 5 100.48 .055
HRL .48 5 42.63 .055
ITRO .07 1 1.27 .055
SEDG 3.56 6 365.13 .054
LII 2.97 6 323.82 .054
ADSK 2.96 6 322.52 .054
COIN 2.02 9 332.55 .054
KYMR 1.69 2 61.5 .054
LOW 1.62 9 249.52 .054
SPT 1.25 6 129.23 .054
FITB .82 3 43.55 .054
CRMT .72 9 111.38 .054
AMKR .70 2 25.26 .054
PDCO .62 3 33.19 .054
EQT .58 2 20.82 .054
KO .51 6 55.13 .054
SBH .38 3 20.48 .054
FFIE .22 2 7.88 .054
OEG .14 1 2.58 .054
TSC 1.55 1 29.76 .052
UAL 1.24 2 46.11 .052
TAP 1.23 2 45.91 .052
NTAP 1.16 4 86 .052
PSTG .74 2 27.69 .052
RSI .55 2 21.07 .052
RKT .41 2 15.42 .052
VIEW .21 1 4.02 .052
GMTX .17 1 3.23 .052
RNG 11.84 1 229.8 .051
CFLT 4.09 1 79.75 .051
EVA 3.59 1 69.95 .051
LPX 1.24 3 70.01 .051
FA .96 1 18.51 .051
SWI .79 1 15.41 .051
KHC .63 3 35.34 .051
ECOM 1.37 1 27.01 .050
GWRE 1.30 5 122.93 .050
XONE .67 2 26.7 .050
ACH .67 1 13.21 .050
BEKE .61 2 23.81 .050
BIOC .09 2 3.56 .050
ASML 3.98 12 857.17 .048
KEYS 2.52 4 194.63 .048
WDAY 2.46 6 286.6 .048
COF 1.87 4 151.32 .048
BURL 1.68 8 264.97 .048
YETI 1.27 4 103.22 .048
NFE 1.27 1 26.09 .048
TGT 1.06 12 250.7 .048
PG .95 8 146.82 .048
GE .86 6 99.96 .048
APG .62 2 24.89 .048
MRK .56 8 80.7 .048
GIS .55 6 62.04 .048
EPU .48 3 29.4175 .048
XLE .47 6 54.67 .048
AGNC .26 3 15.98 .048
U 4.53 2 189.75 .046
KIRK .60 2 25.01 .046
STE 2.26 5 233.54 .045
STT 1.48 3 94.75 .045
CVS 1.40 3 93.16 .045
SM 1.36 1 30.2 .045
XOM .33 9 60.67 .045
AZN .18 15 56.66 .045
ET .08 5 8.7 .045
PKI 2.16 4 188.82 .044
DAVA 1.77 4 155.76 .044
EA 1.51 4 132.39 .044
SUPN 1.50 1 33.47 .044
JBL 1.39 2 62.13 .044
MNST 1.05 4 89.3 .044
ARMK .42 4 36.49 .044
PANW 23.18 1 530.34 .043
NPTN .67 1 15.35 .043
ANTM 2.99 6 415.21 .042
ZS 2.89 6 368.78 .042
LIN 2.33 6 332.19 .042
WM 1.29 6 163.39 .042
MMM 1.20 7 179.23 .042
OKE .92 3 61.38 .042
GM .87 3 61.8 .042
TBIO .53 3 37.36 .042
MOMO .19 3 13.1 .042
CAR 12.01 1 286.3 .041
CUE .62 1 14.83 .041
SNDL .03 1 0.7313 .041
CI 1.83 5 210.51 .040
UHS 1.30 4 123.98 .040
EGRX 1.01 2 49.47 .040
NKE .89 8 174.88 .040
OTIS .88 4 86.26 .040
TNA .83 5 98.5 .040
GLD .79 10 172.61 .040
BP .28 4 26.23 .040
KDMN .10 4 9.5 .040
VSTM .06 2 2.96 .040
ATHM .49 3 35.78 .039
ALC 1.58 2 82.42 .038
WGO 1.39 2 72.19 .038
OLLI 1.29 2 66.04 .038
SANA .82 1 21.31 .038
HNP .33 2 16.89 .038
HMHC .31 2 16.26 .038
FCBP 1.08 1 29.1 .037
LESL .77 1 20.67 .037
VGR .61 1 16.4 .037
HCA 2.20 4 239.06 .036
ESTC 1.65 4 175.22 .036
CLX 1.52 4 166.98 .036
RACE 1.31 9 271.31 .036
KNL .92 1 25.04 .036
RF .86 1 23.69 .036
DD .80 4 80.02 .036
DEN .72 4 79.38 .036
MU .55 6 83.03 .036
BBWI .53 6 76.41 .036
MRVL .51 6 74.58 .036
GPK .38 2 20.59 .036
SPWH .22 3 17.44 .036
ALAC .21 2 11.6255 .036
TTM .15 9 33.45 .036
NOK .04 6 5.81 .036
LH 1.59 7 283.32 .035
ADI 1.48 5 188.8 .035
TTWO 1.26 5 170.5 .035
UPS 1.15 7 208.47 .035
ABBV .85 5 116.24 .035
RY .61 7 104.34 .035
SRNG .41 1 11.42 .035
LZB .64 2 35.96 .034
AZO 6.70 11 1859.68 .033
CRM 1.06 11 301.17 .033
CTKB .66 1 19.48 .033
BKNG 10.17 8 2339.99 .032
LITE 1.46 2 91.19 .032
D .31 8 74.19 .032
ALZN .07 1 2.17 .032
RMD 8.09 1 260.31 .031
FOE .67 1 21.38 .031
FENC .31 1 9.825 .031
BLK 6.24 5 914.95 .030
INTU 3.91 6 692.34 .030
BLFS 1.55 1 50.8 .030
AKAM 1.20 3 110.98 .030
PEP 1.13 5 163.81 .030
CROX .88 6 175.5 .030
QCOM .67 10 185 .030
MPC .62 3 60.28 .030
GRUB .15 3 14.25 .030
TEO .08 2 5.07 .030
OXY .05 30 29.12 .030
GOOG 3.73 28 2999.05 .028
PWR 3.42 1 121.06 .028
ADBE 3.28 7 688.37 .028
AAP 1.82 4 230 .028
RTX 1.21 2 85.43 .028
BLDR 1.03 2 70.24 .028
VZ .73 2 50.86 .028
ANF .67 2 45.19 .028
PCVX .65 1 22.71 .028
FLOW .63 4 81.75 .028
CL .61 4 77.2 .028
ACHV .11 2 7.64 .028
TRI 1.16 3 123.35 .027
HOLI .43 1 15.89 .027
BEST .01 3 1.11 .027
INMD 1.16 2 88.58 .026
GSKY .15 2 11.44 .026
RCUS 1.22 1 47.55 .025
AXP 1.02 5 173.54 .025
LEN .59 5 111.43 .025
DUK .57 5 98.42 .025
TRIL .47 1 18.44 .025
COST 1.90 8 533.79 .024
ATKR 1.43 2 111.65 .024
SNA 1.40 4 215.65 .024
ALXN 1.24 4 182.5 .024
J 1.23 3 146.42 .024
PLD 1.05 4 150.22 .024
MCD .98 8 251.95 .024
AZPN .96 4 154.46 .024
QDEL .95 4 152.5 .024
BIG .59 2 46.28 .024
FAST .39 4 61.03 .024
XLP .29 6 72.05 .024
VSH .18 3 21.6 .024
B 1.08 1 45.42 .023
OLN 1.34 1 60.22 .022
CRTO .90 1 40.85 .022
XLNX .66 11 220.87 .022
SPB 2.21 1 105.08 .021
JNJ 1.21 3 162.89 .021
IYC .68 3 86.35 .021
UNIT .11 3 13.96 .021
NUAN 1.13 1 55.25 .020
HRI .96 4 187.27 .020
NEE .95 2 88.31 .020
MFGP .03 4 5.33 .020
CNA .83 1 43.68 .019
UHAL 1.98 9 742.86 .018
LANC 1.43 2 157.92 .018
IRBO .83 1 45.95 .018
SPG .58 6 166.74 .018
XLV .44 6 132.97 .018
AMOM .66 1 37.5689 .017
STMP 1.59 4 329.61 .016
KMX 1.24 2 146.99 .016
STZ 1.17 4 235.4 .016
AIT .91 2 106.05 .016
UTHR .86 4 201.13 .016
CSPR .11 1 6.55 .016
SELF .09 1 5.35 .016
XLK .67 5 171.31 .015
HD .57 15 408.69 .015
PSTX .12 1 7.6 .015
PAYX .94 2 124.99 .014
MGTX .27 1 18.65 .014
CHNG .15 2 20.56 .014
ADMS .06 2 8.16 .014
FRBK .05 1 3.52 .014
XLY 2.79 1 211.42 .013
TNET 1.38 1 105.76 .013
CAI .78 1 55.99 .013
AXON 2.25 1 181.94 .012
TSM .54 3 124.26 .012
HRC .42 6 155.54 .012
PNRG .79 1 67.75 .011
ECHO .49 1 48.22 .010
INOV .22 2 40.99 .010
PPC .17 2 28.61 .010
ESXB .13 1 11.97 .010
GTS .33 1 35.6 .009
IEC .14 1 15.34 .009
SVBI .13 1 13.63 .009
SLVO .02 3 5.41 .009
TDG 1.87 4 631.84 .008
STN .48 1 57.1 .008
HFBL .16 1 19.89 .008
PBT .04 2 8.85 .008
LMRK .13 1 16.28 .007
ROG 1.67 1 270.06 .006
SYKE .14 3 54 .006
ITRN .07 3 26.6 .006
PSP .04 3 16.43 .006
CONE .46 1 89.37 .005
CLDR .08 1 15.99 .005
SAFM .85 1 187.1 .004
VOOV .73 1 146.59 .004
TAAG .09 1 20.9494 .004
CPLG .07 1 15.51 .004
KIN .02 2 9.25 .004
RAVN .10 3 57.82 .003
IACB .01 3 9.98 .003
SPY 1.31 1 468.89 .002
CXP .04 1 19.16 .002
SIC .03 1 14.49 .002
NWHM .02 1 8.99 .002
EIC .02 2 17.79 .002
DSE .02 1 9.49 .002
ULTA .62 1 407.71 .001
VCAR .03 1 17.388 .001
PMD .01 1 8.72 .001
WYNN .06 3 90.71 0
ULTA .05 12 407.71 0
WYNN .04 4 90.71 0
VALN .03 1 48.91 0
RTLR .01 8 10.69 0
INFL .01 2 31.1 0
HDGE .01 1 24.8 0
DFP .01 2 28.55 0
WMPN 0 4 12.09 0
QQC 0 1 34.3904 0
QADB 0 4 87.54 0
PAE 0 1 9.93 0
ONON 0 1 51.42 0
NLSP 0 1 1.96 0
LHAA 0 1 9.8 0
HWBK 0 1 24.61 0
EPAY 0 1 46.27 0
DVD 0 1 3.59 0
APWC 0 1 2.99 0
NSYS -.12 1 10.47 -.011
