EJH 5.21 6 2.6 12.018
LAIX 1.72 4 0.88 7.816
SCPS 3.34 7 4 5.845
CPOP 3.24 4 2.82 4.592
NVOS 1.65 5 1.87 4.410
NEGG 3.07 20 14.21 4.320
AACG 2.67 4 2.47 4.320
DPW 1.56 5 2.23 3.495
VRPX 1.77 9 4.87 3.267
AUVI 3.42 6 6.53 3.138
FCEL .17 129 7.19 2.967
JZXN 1.63 4 2.45 2.660
AAME 2.47 4 3.96 2.492
EEIQ 5.44 4 8.74 2.488
NRXP 3.86 6 9.49 2.436
JG 1.96 2 1.71 2.292
EYES 1.22 6 3.21 2.280
SIEB 1.53 5 3.36 2.275
KOSS 5.35 7 16.72 2.233
JAN 3.24 5 7.42 2.180
CEMI .75 7 2.58 2.030
SGOC 1.48 8 5.94 1.992
INDP 4.08 4 8.42 1.936
BSQR .35 13 2.39 1.898
AMC 1.23 55 36.99 1.815
TYME .45 4 1.09 1.648
NAOV .27 11 1.85 1.595
TAOP 1.35 3 2.64 1.533
BTBT 1.92 7 8.78 1.526
HGSH 1.16 2 1.52 1.526
CSCW .39 2 0.5145 1.516
AREC .72 4 1.9 1.512
RMED 1.60 3 3.18 1.509
GRTS 3.97 4 11.18 1.420
SJ 1.24 4 3.58 1.384
CARV 3.92 6 17.18 1.368
SPRT .81 20 11.8 1.360
NCTY 2.63 5 9.82 1.335
GME 2.99 82 178.6 1.312
BIDU 1.78 117 154.02 1.287
BBIG .49 16 6.2 1.264
ALYA 1.03 3 2.49 1.239
SPCE 1.29 22 23.39 1.210
EVK .60 6 3.01 1.194
LGHL 1.46 1 1.24 1.177
SAVA 3.08 25 64.99 1.175
NURO 1.31 9 10.1 1.161
FTEK 1.03 2 1.78 1.156
WAVE 2.15 4 7.64 1.124
NMRD 1.66 4 5.92 1.120
AUUD .54 5 2.41 1.120
YJ .40 2 0.7199 1.110
SSY .91 3 2.52 1.083
MRIN 2.01 5 9.36 1.070
PHUN .20 5 0.9505 1.050
XPEV .46 80 34.67 1.040
CETX 1.20 1 1.16 1.034
BNTC 1.24 3 3.6 1.032
PMCB 1.11 3 3.22 1.032
OCGN 1.45 5 7.14 1.015
PBTS 1.24 1 1.23 1.008
AGRI 2.32 1 2.3362 .993
NVFY .73 3 2.21 .990
IGC .49 3 1.49 .984
NIO .48 75 35.05 .975
CTIB .64 3 1.98 .969
MTSL 1.08 3 3.37 .960
BB .84 11 9.79 .935
CHCI 1.54 3 5.03 .918
DLPN 2.68 4 11.83 .904
WAFU 1.94 3 6.5 .894
PALI .71 3 2.38 .894
CNET 1.11 1 1.26 .880
WHLM 1.59 3 5.4301 .876
SYPR 1.65 2 3.79 .870
LHDX 1.58 4 7.32 .860
PTIX .84 2 1.95 .860
ASM .69 1 0.8072 .854
UPC .73 3 2.59 .843
NVDA 1.39 139 206.99 .834
RETO .66 1 0.799 .826
ACRS 2.12 7 18.08 .819
LMNL .65 3 2.39 .813
SNAP .58 112 74.42 .784
TPST 2.81 4 14.49 .772
PRFX 2.29 1 2.97 .771
WORX .44 4 2.28 .768
BLIN .45 7 4.11 .763
EYEG 1.45 1 1.91 .759
ENOB 1.70 3 6.74 .756
MOXC 1.77 3 7.19 .738
WEI .57 1 0.78 .730
CRTD .66 3 2.71 .729
VVOS .78 4 4.27 .728
TSLA 4.22 145 777.56 .725
ANPC 1.24 2 3.43 .722
KALV 2.54 5 17.7 .715
BNGO .36 11 5.46 .715
DYNT .22 5 1.53 .715
HOFV .98 2 2.75 .712
IDEX .36 4 2.04 .704
EBET 4.40 5 31.4 .700
OSAT 1.82 2 5.23 .694
EVOL 1.45 1 2.1 .690
ANY .38 11 6.11 .682
SCKT 1.43 3 6.46 .663
AVXL 2.41 5 18.41 .650
XELA .21 6 1.94 .648
SPCB .32 2 0.9946 .642
NBRV .76 1 1.19 .638
ANVS 3.73 6 35.14 .636
BBBY 1.22 12 22.87 .636
VERY 1.85 3 8.8145 .627
ZCMD 1.01 1 1.62 .623
CANF 1.04 1 1.69 .615
SNOA 1.43 3 6.99 .612
IRNT 4.02 4 26.36 .608
VTNR .51 6 5.14 .594
HGEN 1.21 3 6.12 .591
RIDE .85 5 7.19 .590
CBAT .70 2 2.41 .580
NVAX 14.88 8 204.83 .576
IMPL 2.05 4 14.16 .576
SPI 1.60 2 5.54 .576
MNOV 1.12 2 3.91 .572
LODE 1.63 1 2.86 .569
TERN 1.53 4 10.72 .568
STAF .58 2 2.04 .568
DTST .84 3 4.46 .564
MOHO .11 3 0.587 .561
SOS .61 2 2.18 .558
OBLN .56 3 3.05 .549
MBRX 1.60 1 2.92 .547
ALEC 2.50 5 23.44 .530
TQQQ .54 132 126.83 .528
AEHR .48 16 14.44 .528
MEDS .53 5 5.04 .525
ZKIN .71 2 2.7 .524
OXBR .30 5 2.88 .520
ORPH .73 3 4.21 .519
ADGI 3.43 6 39.53 .516
FULC 2.86 5 27.66 .515
COHN 2.68 4 20.8 .512
MVIS 1.51 4 11.79 .512
ATNF .90 3 5.28 .510
LWAC 2.17 4 16.98 .508
OPAD 1.25 4 9.81 .508
XTLB 1.09 2 4.34 .502
WINT .31 3 1.85 .501
ZEV 1.49 3 8.94 .498
HOOD 1.85 12 44.62 .492
LIZI .40 4 3.26 .488
KNBE 2.69 4 22.13 .484
HUSN .29 4 2.3907 .484
BABA .88 96 152.39 .480
IPHA .78 4 6.47 .480
HTBX 1.46 2 6.1 .478
ATXI .74 1 1.55 .477
GTEC 1.57 2 6.64 .472
ERYP 1.39 2 5.9 .470
OPTT 1.10 1 2.41 .456
APTO .55 2 2.41 .456
JCS 1.40 3 9.27 .453
MVST 1.01 4 8.88 .452
DQ 3.36 7 51.79 .448
GLSI 4.33 4 38.93 .444
AQMS .43 2 1.93 .444
ADMA .54 1 1.22 .442
GRVI .74 3 5.01 .441
LEDS 1.87 2 8.54 .436
FGEN 1.47 3 10.42 .423
BILI 1.28 22 66.54 .418
HX .78 1 1.87 .417
XELB .34 2 1.65 .412
DBGI .48 3 3.52 .408
SLGG 1.26 1 3.11 .405
GEG .90 1 2.24 .401
RAPT 3.42 4 33.9 .400
AMBO .61 1 1.53 .398
TRCH .98 2 4.95 .394
APRE 2.02 1 5.15 .392
DWSN .96 1 2.47 .388
DTSS .87 1 2.24 .388
ENG .53 2 2.73 .388
CHNR .12 4 1.23 .388
NEXT .37 3 2.86 .387
RSLS 1.08 1 2.81 .384
LEXX .84 3 6.58 .381
ENVB .27 3 2.11 .381
JFU .22 3 1.73 .381
KXIN .21 5 2.81 .370
AFRM 5.30 8 114.52 .368
KMPH 1.70 2 9.21 .368
VERB .11 6 1.78 .366
ADMP .36 1 0.9908 .363
GDEV 2.41 1 6.67 .361
WATT .77 1 2.13 .361
NNOX 2.21 4 24.5 .360
WHLR .54 2 2.99 .360
BCRX .87 6 14.73 .354
OTLK .78 1 2.2 .354
NKLA .28 14 10.98 .350
PME .26 1 0.7414 .350
AVGR .04 7 0.792 .350
RCON 1.01 1 2.89 .349
LIFE 1.69 2 9.76 .346
GOVX .29 5 4.18 .345
BTCM .72 4 8.29 .344
MINM .32 2 1.85 .344
WPRT .58 2 3.39 .342
AYRO 1.18 1 3.46 .341
ACOR .41 4 4.79 .340
GALT .44 3 3.95 .333
CERE 2.10 5 31.37 .330
IPA 1.04 2 6.33 .328
ARPO .72 1 2.2 .327
TATT .65 3 5.92 .327
ACY 1.08 17 56.56 .323
ARAV 1.21 1 3.79 .319
PSTV .60 1 1.88 .319
PLG .61 1 1.92 .317
MTP .56 1 1.77 .316
ATOS .26 4 3.28 .316
WNW 1.34 1 4.27 .313
LJPC .62 2 3.97 .312
LMFA .33 4 4.2 .312
VBLT .32 2 2.04 .312
ONCS .68 1 2.18 .311
TIGR .66 5 10.63 .310
DDD 1.09 8 28.53 .304
QFIN .76 8 19.78 .304
CRIS 1.20 2 7.94 .302
ENTX .77 2 5.13 .300
WISH .58 3 5.8 .300
TRIT .58 3 5.76 .300
CAN .43 4 5.67 .300
NNVC .75 2 5.04 .296
ENZ .54 2 3.68 .292
GNLN .36 2 2.46 .292
VOXX 1.74 2 11.95 .290
KBSF .46 2 3.16 .290
RHE 1.27 2 8.9 .284
GEVO .49 4 6.88 .284
SLS .91 3 9.65 .282
GRU 1.18 1 4.21 .280
PIRS .31 5 5.44 .280
DARE .47 1 1.69 .278
HAPP .30 1 1.08 .277
DYAI .51 3 5.49 .276
BPTH 1.44 1 5.25 .274
UFAB .46 2 3.34 .274
SKLZ .97 3 10.6 .273
ALF 1.08 2 7.92 .272
ORMP .62 10 22.67 .270
IMTX 1.15 3 12.92 .267
NRBO .49 2 3.67 .266
UAVS .83 1 3.13 .265
LOOP 1.57 2 11.86 .264
PLUG .89 8 26.83 .264
OBSV .28 3 3.21 .261
LAZR 1.40 3 16.22 .258
BON 2.06 1 8.1 .254
IGIC 2.12 1 8.36 .253
KULR .52 1 2.08 .250
BYSI 1.25 3 15.09 .246
ALDX 1.09 2 8.81 .246
NNDM .48 3 5.8 .246
KODK 1.72 1 7.05 .243
RLMD 1.57 4 25.82 .240
BTX 1.13 2 9.36 .240
LYEL 1.69 2 14.12 .238
EXPR .31 4 5.24 .236
TSP 1.75 5 37.14 .235
HUGE .37 1 1.58 .234
BHTG .33 1 1.41 .234
SQBG .73 2 6.24 .232
XBIO .06 8 2.04 .232
IMMP .32 3 4.13 .231
RKDA .49 1 2.15 .227
SDC .64 2 5.66 .226
APOP .84 5 18.49 .225
TELL .18 5 4 .225
ZM 4.40 14 261.89 .224
BNR 1.96 2 17.37 .224
NEPT .07 2 0.6207 .224
AMTX 1.20 3 16.11 .222
RNXT .73 2 6.52 .222
UONE .59 3 7.9 .222
OVID .38 2 3.41 .222
VIVE .52 1 2.35 .221
FCX .44 17 33.57 .221
SE 6.34 11 316.72 .220
BNTX 6.26 10 276.52 .220
AVCT .60 1 2.75 .218
KSS 1.96 6 54.25 .216
AAPL .40 107 141.91 .214
AKTX .36 1 1.69 .213
ONCT .45 2 4.22 .212
COTY .43 4 8.03 .212
MESO 1.26 1 6.01 .209
GPN 4.22 8 162.11 .208
ADIL .45 2 4.29 .208
RAIL .24 4 4.54 .208
SKT 1.76 2 16.98 .206
CMMB 1.24 2 11.95 .206
FLGC .64 2 6.18 .206
CVV .46 2 4.45 .206
SNES .16 2 1.55 .206
ENSC .72 1 3.51 .205
CLPS .56 1 2.73 .205
CLPS .56 1 2.73 .205
MITO .28 1 1.36 .205
CARA 1.57 2 15.38 .204
FB .87 102 340.65 .204
HOL .84 3 12.35 .204
OCG .21 4 4.05 .204
MRKR .36 1 1.77 .203
AESE .35 1 1.75 .200
VTSI 1.97 1 9.9 .198
EOSE 1.39 2 13.93 .198
VNET 1.13 3 16.96 .198
VERU .59 3 8.86 .198
CRDF 1.40 1 7.1 .197
STG 1.13 1 5.73 .197
OCUP 1.04 1 5.26 .197
DOCS 3.99 4 80.41 .196
CHMA .37 2 3.76 .196
HUYA .53 3 8.11 .195
OCX .70 1 3.61 .193
NVCR 2.99 8 119.67 .192
TASK 3.03 4 63.97 .188
ISEE 1.48 2 15.58 .188
NTEC .46 4 9.63 .188
MARA .58 11 32.75 .187
AMZN 8.18 93 3315.96 .186
MTL .25 3 3.98 .186
OSMT .18 3 2.88 .186
ZG 4.16 4 88.6 .184
INFI .16 4 3.46 .184
W 7.31 7 278.22 .182
MRNA 2.88 26 384.21 .182
CELC 1.58 2 17.35 .182
OCG .06 13 4.05 .182
UPST 4.78 12 313.4 .180
PRTA 2.60 5 71.79 .180
TTD 2.55 5 69.27 .180
ZY .78 3 12.81 .180
JFIN .36 2 3.96 .180
GSM .26 6 8.52 .180
SCR 2.08 3 34.89 .177
RBLX 3.40 4 77.05 .176
IMNM 2.21 2 24.85 .176
SQ 1.96 22 242.7 .176
IMV .15 2 1.69 .176
ZLAB 3.76 5 105 .175
WIMI .69 1 3.94 .175
OPNT 1.39 3 23.7 .174
CLII .84 3 14.36 .174
BGI .47 1 2.7 .174
ALTO .28 3 4.77 .174
SNMP .11 2 1.26 .174
GTT .41 1 2.36 .173
BLUW .83 2 9.63 .172
CLSD .35 3 6.07 .171
FENG .11 2 1.28 .170
OLB .65 1 3.84 .169
EDSA 1.24 1 7.4 .167
KURA 1.66 2 19.89 .166
EDTK .10 2 1.2 .166
FIGS 2.11 3 38.73 .162
CLF .48 7 20.5 .161
PDD 3.58 4 89 .160
AZYO 1.08 1 6.75 .160
RRD .40 2 5 .160
BWAY 1.35 1 8.56 .157
IAC 5.23 4 133.29 .156
OSTK 2.20 6 82.32 .156
BGFV .70 6 25.95 .156
EVGN .43 1 2.75 .156
ACB .36 3 6.81 .156
GIII 2.35 2 30.48 .154
BODY .47 2 6.07 .154
AMD 1.97 8 101.52 .152
ENSV .20 1 1.31 .152
NIU 1.17 3 23.35 .150
LTHM .60 6 23.08 .150
CTSO .41 3 8.06 .150
DMAC .31 2 4.09 .150
LI 1.94 2 26.13 .148
TVTX 1.79 2 23.96 .148
IRDM 1.55 4 41.48 .148
VCVC 1.46 1 9.85 .148
GRTX 1.18 1 7.93 .148
EXPI 2.14 3 43.28 .147
MOGO .23 3 4.65 .147
SPLK 5.11 4 139.42 .144
CELH 3.33 4 90.71 .144
SCYX .79 1 5.48 .144
GSAT .12 2 1.66 .144
MARK .08 2 1.1 .144
MDNA .05 8 2.65 .144
AFMD .87 1 6.05 .143
MOSY .76 1 5.29 .143
GTIM .74 1 5.15 .143
ORGS .70 1 4.88 .143
TAL .32 2 4.48 .142
VLDR .86 1 6.07 .141
BCLI .46 1 3.26 .141
FLGT 3.14 4 87.25 .140
FSTX 1.04 1 7.425 .140
KR .42 14 40.51 .140
JRJC .70 1 5.02 .139
ASTR .41 3 8.84 .138
GENE .22 2 3.16 .138
NBEV .19 1 1.37 .138
AAL .38 8 21.43 .136
ORCL .37 34 90.49 .136
DPZ 7.66 9 484.91 .135
NLS 1.33 1 9.79 .135
ARMP .49 1 3.62 .135
IRIX .35 3 7.66 .135
FUV 1.54 1 11.47 .134
AGEN .10 7 5.22 .133
MAT 1.28 2 19.3 .132
DNUT .63 3 14.21 .132
TLRY .52 3 11.63 .132
SOHU .47 6 20.74 .132
AEY .31 1 2.36 .131
GPS .64 5 24.6 .130
TEDU .09 2 1.38 .130
VIH 1.31 1 10.13 .129
ENPH 4.87 4 150.71 .128
DLO 1.91 4 58.38 .128
ACHL .89 1 6.95 .128
FBRX .40 1 3.11 .128
SAM 9.40 7 517.4 .126
IKT .24 1 1.89 .126
THCB 1.25 1 10 .125
M .64 5 25.11 .125
TENX .21 1 1.68 .125
OXY .15 25 29.9 .125
SEMR 1.48 2 23.85 .124
RUN 1.35 4 42.95 .124
LEGN 1.93 3 46.67 .123
CYTK 1.42 3 34.12 .123
MAXR 1.20 3 28.99 .123
SIF 1.16 1 9.36 .123
NETE 1.05 1 8.67 .121
RIOT 1.57 2 25.78 .120
FLWS 1.34 3 33.07 .120
HJLI 1.27 1 10.56 .120
JWN 1.19 3 29.46 .120
CCJ .84 3 20.98 .120
SSKN .22 1 1.84 .119
STX 2.52 4 84.2 .116
NGM 1.25 2 21.28 .116
SBBP .12 2 2.06 .116
WTER .09 2 1.54 .116
TWST 2.44 5 104 .115
PBLA .25 1 2.19 .114
GMBL .80 1 7.03 .113
REGN 8.57 8 605 .112
SRNE .85 1 7.57 .112
ARVN 1.87 5 84.14 .110
LIVX .17 2 3.07 .110
CREE 2.28 4 81.76 .108
RMBL 2.04 2 37.12 .108
SHEN 1.68 2 30.8 .108
LIVE 1.37 3 37.85 .108
SSNT .66 1 6.09 .108
TESS .64 1 5.89 .108
MSFT .47 108 283.52 .108
ATIF .43 1 4 .107
FRD 1.28 1 11.99 .106
CLSK 1.17 1 10.94 .106
DE 4.88 8 353.94 .104
APXT 1.27 1 12.11 .104
DAL 1.14 4 43.44 .104
MTTR 1.03 2 19.7 .104
ABSI 1.13 1 10.88 .103
ROLL 3.70 6 213.61 .102
VIR 2.19 2 42.87 .102
DDL 1.22 2 23.53 .102
CPSH .51 1 4.99 .102
GP .49 3 14.06 .102
CIEN .34 17 51.35 .102
NFLX .98 101 583.85 .101
GRVY 1.86 5 89.65 .100
HCM .93 4 36.36 .100
GURE .46 1 4.59 .100
DBVT .10 5 4.91 .100
VSCO 1.95 3 57.91 .099
MDB 5.88 8 463.57 .096
MSGE 1.88 4 78.12 .096
CAH 1.64 3 51.17 .096
BTWN .95 1 9.83 .096
LBPH .92 1 9.52 .096
CCL .63 4 26.17 .096
VNE .55 6 34.28 .096
DELL 2.08 5 105.29 .095
STEM .47 5 24.42 .095
MFNC 2.04 1 21.5 .094
CSIQ 1.59 2 33.61 .094
AEO 1.32 2 27.79 .094
TJX 2.22 3 70.08 .093
LYFT 1.70 3 54.18 .093
PRPL .70 3 22.3 .093
PRPO .09 3 2.86 .093
ENLV .49 2 10.53 .092
AXLA .29 1 3.12 .092
CRON .13 4 5.65 .092
SNOW 3.89 7 298 .091
DASH 2.82 7 206.32 .091
RGEN 5.32 5 285.57 .090
LAW 2.18 2 47.94 .090
UAA .97 2 21.2 .090
HPQ .88 3 28.58 .090
ACI .57 5 31.31 .090
FFHL .44 2 9.6 .090
BKYI .32 1 3.55 .090
BBY 2.48 4 109.39 .088
JRVR 1.48 2 33.4 .088
DOMO 2.40 3 81.09 .087
VRNT 1.94 2 45.02 .086
CHRA .40 1 4.69 .085
AN 2.58 4 122.48 .084
DIS 2.12 7 174.52 .084
BKE 1.86 2 43.7 .084
CRMT 1.76 6 122.98 .084
DKS 1.55 7 128.66 .084
EDIT 1.47 3 52.45 .084
JPM 1.20 12 166.08 .084
PATI .50 2 11.8016 .084
ULBI .31 2 7.27 .084
MBII .08 1 0.9471 .084
ARCE 1.78 1 21.94 .081
PINS 1.45 3 51.95 .081
SBS .19 3 6.95 .081
SITM 3.41 5 202.05 .080
XLNX 3.06 4 151.06 .080
ABNB 2.80 5 168.58 .080
XBI 2.65 4 127.74 .080
GH 1.98 5 122.49 .080
UWMC .55 1 6.95 .079
EQ .53 1 6.64 .079
JD 2.03 3 75.42 .078
RRGB 1.93 1 24.55 .078
USB 1.60 3 60.42 .078
AA 1.37 3 50.98 .078
CLNE .67 1 8.52 .078
IMMR .28 2 7.04 .078
AUTL .51 1 6.55 .077
MRO .11 11 13.76 .077
LLY 4.31 4 221.6 .076
LOW 3.95 4 205.43 .076
CAT 3.91 4 200.55 .076
RL 2.38 4 119.01 .076
ZIM 2.07 2 53.37 .076
UBER 1.78 2 45.98 .076
WFC .91 4 45.92 .076
ANIX .38 1 4.99 .076
INM .14 1 1.82 .076
AMEH 1.50 5 94.48 .075
BAC 1.08 3 43.16 .075
COP 1.03 5 67.8 .075
YEXT .91 1 12.06 .075
EDU .14 1 1.86 .075
PFGC 1.82 2 48.23 .074
MDIA .39 2 10.42 .074
AEI .09 2 2.37 .074
ROKU 5.65 4 310.57 .072
SEDG 5.15 4 272.83 .072
UNH 3.25 9 398.62 .072
DKNG 1.84 2 49.93 .072
EOLS .55 1 7.57 .072
SSL .15 9 18.07 .072
CNFR .10 2 2.73 .072
TBLA .70 1 9.85 .071
CLOV .56 1 7.86 .071
DDS 2.22 7 202.46 .070
TDC 1.99 2 55.5 .070
EAT 1.81 2 51.62 .070
FISV 1.58 5 109.33 .070
SFIX 1.46 2 41.6 .070
MS 1.45 5 102.04 .070
ATAI 1.09 1 15.53 .070
APP 1.06 5 72.71 .070
IMAB 1.00 5 69.36 .070
CSCO .56 7 55.52 .070
SONO .50 5 33.8 .070
KZIA .41 2 11.53 .070
BQ .08 2 2.25 .070
NEWR 1.67 3 71.04 .069
MRTN .38 3 15.89 .069
WDAY 4.30 4 252.37 .068
VMW 2.68 4 149.4 .068
APPS 2.45 2 70.54 .068
MDT 2.17 4 126 .068
HOG 1.32 2 37.87 .068
C 1.23 4 71.37 .068
STRO .65 2 18.78 .068
YPF .31 1 4.58 .067
SPT 2.66 3 116.55 .066
CTRN 1.79 3 80.7 .066
FLOW 1.65 3 73.94 .066
ABCL 1.31 1 19.61 .066
CGC .94 1 14.21 .066
LC .30 6 27.13 .066
AMAT 1.73 5 132.89 .065
DFH 1.18 1 17.97 .065
AMGN 3.47 4 212.27 .064
ADI 2.86 4 171.29 .064
DEN 2.30 2 71.59 .064
FL 1.59 2 49.31 .064
DUOT .40 1 6.2 .064
HWCC .34 1 5.3 .064
BYND 2.26 3 107.36 .063
DXC 2.19 1 34.52 .063
SLV 1.32 1 20.78 .063
QCOM 1.18 7 129.9 .063
BZUN 1.12 1 17.7 .063
TME .45 1 7.1 .063
SBH .56 2 17.84 .062
EVGO .55 1 8.75 .062
BIIB 4.30 4 284.71 .060
ZS 3.95 4 258.74 .060
TSCO 3.14 4 207.03 .060
UPS 2.33 5 186.76 .060
PKG 2.16 4 142.03 .060
CRNC 2.13 3 101.51 .060
ASAN 2.05 3 102.25 .060
NTAP 1.88 3 91.81 .060
CHKP 1.48 5 115.85 .060
GT 1.09 1 18.1 .060
PLTR .77 2 25.34 .060
FUBO .74 2 23.91 .060
INTC .68 5 54 .060
T .56 3 27.24 .060
IRCP .17 1 2.83 .060
RIG .12 2 3.97 .060
KIRK 1.21 1 20.36 .059
GGAL .57 1 9.6 .059
SMLP 2.15 1 36.49 .058
LPX 1.87 2 63.1 .058
CLDX 1.59 2 53.35 .058
JKS 1.26 2 42.96 .058
YMM .89 1 15.09 .058
MNSO .82 1 13.94 .058
VIPS .66 1 11.36 .058
ABT 2.28 3 118.74 .057
LOGI 1.76 3 90.27 .057
YETI 1.72 3 88.8 .057
TTCF 1.07 1 18.74 .057
THTX .22 1 3.84 .057
GS 2.81 8 389.5 .056
WSM 2.77 4 191.76 .056
VLO 2.03 2 71.17 .056
IBM 2.00 4 137.47 .056
FATE 1.76 2 60.79 .056
PSTG .74 2 26.13 .056
XONE .67 2 23.14 .056
WMT .67 14 140.5 .056
K .51 8 64 .056
ADSK 3.38 5 287.85 .055
VMEO 1.70 1 30.72 .055
SUPN 1.50 1 27.1 .055
SILK .63 5 54.55 .055
PPBT .26 1 4.69 .055
ITRO .07 1 1.27 .055
ASML 5.22 9 780.17 .054
KMB 2.44 3 133.5 .054
TSN 2.17 2 77.8 .054
HAS 1.73 3 92.52 .054
TNA 1.63 3 85.82 .054
ATVI 1.42 3 76.33 .054
FITB .82 3 43.57 .054
SPTN .60 2 22.16 .054
FRO .06 9 8.77 .054
SKX 2.32 1 43.15 .053
GBR .24 1 4.46 .053
MA 4.60 4 351.18 .052
CI 2.73 4 203.28 .052
MYGN 1.67 1 31.64 .052
TWTR 1.66 2 62.45 .052
ECOM 1.37 1 26.03 .052
ACMR 1.37 4 104.37 .052
APPN 1.29 4 94.35 .052
LL 1.01 1 19.31 .052
SBTX .57 1 10.81 .052
KDMN .23 2 8.8 .052
ZNGA .20 2 7.47 .052
SI 1.88 3 109.55 .051
TTC 1.75 3 99.22 .051
DOCN 1.41 3 78.56 .051
RSI 1.01 1 19.46 .051
RKT .84 1 16.42 .051
FANG 2.44 2 94.98 .050
DLTR 2.23 2 86.28 .050
STT 2.22 2 86.81 .050
TAP 1.23 2 47.49 .050
MRVL .61 5 60.75 .050
KO .56 5 52.64 .050
NKE 1.02 7 145.3 .049
IWM 2.66 4 221.29 .048
UHS 2.31 3 143.65 .048
BHVN 2.23 3 132.03 .048
GWRE 1.92 3 117.75 .048
FTCH 1.88 1 38.9 .048
CRCT 1.61 1 33.33 .048
CVS 1.40 3 85.66 .048
FA .96 1 19.87 .048
ARMK .56 3 33.64 .048
VXX .46 3 27.41 .048
AZN .37 8 57.63 .048
CPG .11 2 4.52 .048
CALA .11 1 2.27 .048
SWI .79 1 16.73 .047
MNST 2.10 2 89.5 .046
PTON 2.02 2 87.8 .046
WOOF .51 2 21.79 .046
ORGO .35 2 14.87 .046
GBS .11 1 2.37 .046
AEMD .10 2 4.23 .046
TMUS 2.01 3 126.31 .045
LMT 1.95 9 352.15 .045
HD 1.71 9 333.8 .045
A 1.59 5 159.9 .045
PG 1.37 5 140.59 .045
QADB 1.34 3 87.37 .045
LUV .83 3 53.05 .045
BBWI .64 5 67.25 .045
XLE .48 5 52.89 .045
EKSO .20 1 4.4 .045
OEG .14 1 3.08 .045
PBR .10 5 10.25 .045
BURL 3.49 4 303.07 .044
LIN 3.48 4 299.93 .044
SNPS 3.38 4 301.93 .044
HON 2.39 4 214.97 .044
NXPI 2.35 4 206.19 .044
ANF 1.79 1 40.41 .044
MOS 1.62 1 36.56 .044
BZ 1.59 1 35.8 .044
JBL 1.39 2 60.94 .044
COUR 1.39 1 31.37 .044
CHPT .93 1 20.83 .044
PDCO .67 2 30.29 .044
FLO .52 2 23.59 .044
AGNC .36 2 16.13 .044
BIOC .09 2 4.02 .044
AVIR 1.41 1 32.14 .043
GNOG .78 1 17.91 .043
AMRS .60 1 13.65 .043
SNDL .03 1 0.6863 .043
CM 2.39 2 112.68 .042
TTWO 2.17 3 149.11 .042
OTIS 1.81 2 83.71 .042
ROST 1.70 3 114.55 .042
MMM 1.40 6 180.05 .042
SJM .77 7 120.12 .042
EPU .58 2 26.65 .042
TBIO .53 3 37.36 .042
VTGN .04 3 2.74 .042
ALLO 1.04 1 25.29 .041
COST 4.91 4 447.35 .040
LH 2.92 4 283.01 .040
EL 2.69 5 309.54 .040
ESTC 1.65 4 151.73 .040
MU .79 4 73.1 .040
QDEL 1.84 3 138.77 .039
AMKR 1.03 1 25.78 .039
RF .86 1 21.58 .039
BEKE .69 1 17.48 .039
GMTX .17 1 4.26 .039
SLHG .10 1 2.55 .039
ON 1.84 1 47.33 .038
WGO 1.39 2 72.89 .038
OLLI 1.29 2 65.73 .038
MO .93 2 48.27 .038
ATHM .86 2 44.06 .038
ERJ .66 1 17.07 .038
MFGP .11 2 5.54 .038
FCBP 1.08 1 29.1 .037
LAD 3.10 4 343.84 .036
PLD 2.38 2 125.58 .036
MCD 2.26 4 243.77 .036
V 2.19 4 225.56 .036
BLFS 1.55 1 42.38 .036
SCHW 1.41 2 76.18 .036
TGT 1.11 9 233.44 .036
EGRX 1.01 2 54.9 .036
KNL .92 1 25.04 .036
APG .76 1 20.65 .036
LZB .64 2 34.71 .036
XOM .40 6 59.92 .036
HRL .39 4 41.13 .036
VIEW .21 1 5.8 .036
ALAC .21 2 11.28 .036
TEO .18 1 4.91 .036
ET .18 2 9.51 .036
ME .16 2 8.51 .036
SANA .82 1 22.81 .035
ACH .67 1 18.89 .035
SRNG .41 1 11.42 .035
LITE 1.46 2 84.49 .034
SLB 1.08 1 30.91 .034
SPWH .61 1 17.61 .034
HNST .37 1 10.74 .034
AXP 2.00 3 173.14 .033
RCUS 1.22 1 36.03 .033
TGTX 1.11 1 33.04 .033
BKNG 10.17 8 2432.75 .032
AZO 6.83 8 1688.57 .032
J 2.31 2 136.07 .032
SPG 2.16 2 133.71 .032
COIN 2.04 4 229.84 .032
BLDR 1.77 1 53.94 .032
ABBV .93 4 107.34 .032
FOE .67 1 20.33 .032
FENC .31 1 9.62 .032
D .31 8 73.14 .032
NOK .09 2 5.43 .032
CHGG 2.22 1 69.65 .031
INCY 2.13 1 68.68 .031
OKE 1.82 1 58.28 .031
ADBE 3.54 5 578.77 .030
COF 1.82 3 167.38 .030
HRI 1.71 3 164.02 .030
AKAM 1.62 2 106.12 .030
UAL 1.50 1 48.68 .030
KHC 1.11 1 36.62 .030
CRM 1.02 10 272.28 .030
PLCE .92 3 84.42 .030
MQ .74 1 24.22 .030
HNP .33 2 22 .030
GRUB .15 3 14.85 .030
BP .79 1 27.24 .029
CTKB .66 1 22.51 .029
LII 2.41 4 302.32 .028
WM 2.10 2 149.92 .028
DD 1.98 1 69.05 .028
LEN .73 4 96.21 .028
DRN .32 2 22.04 .028
MOMO .16 2 10.77 .028
GOOG 4.33 27 2723.68 .027
SNA 2.13 3 215.17 .027
STE 2.09 3 210.53 .027
UHAL 1.98 9 659.48 .027
STZ 1.94 3 209.96 .027
UTHR 1.84 3 187.66 .027
ALXN 1.66 3 182.5 .027
CROX 1.41 3 150.63 .027
MPC 1.66 1 62.51 .026
KYMR 1.63 1 60.82 .026
GM 1.42 1 52.85 .026
VZ .73 2 54.16 .026
TRIL .47 1 17.8 .026
RTX 2.23 1 86.84 .025
GIS 1.53 1 59.33 .025
HHR 1.26 1 49.77 .025
B 1.08 1 42.61 .025
CRTO .90 1 35.67 .025
PCVX .65 1 25.74 .025
ATKR 2.27 1 93.77 .024
AAP 1.93 3 214.78 .024
NEE 1.91 1 77.27 .024
DG 1.89 3 215.2 .024
PEP 1.88 2 151.05 .024
EA 1.67 2 133.77 .024
CNC 1.57 1 63.5 .024
TSM 1.36 2 111.9 .024
GLD .71 6 162.05 .024
CL .61 3 75.82 .024
BIG .59 2 48.52 .024
ACHV .23 1 9.29 .024
PFE .21 6 43.04 .024
VSH .18 3 20.62 .024
RY 1.12 2 99.8 .022
BEST .02 2 1.74 .022
PKI 1.33 3 173.81 .021
BLK 5.03 4 860.57 .020
SIVB 3.90 4 654 .020
ANTM 2.14 4 385.7 .020
AIT 1.83 1 90.05 .020
IYC 1.62 1 78.45 .020
NUAN 1.13 1 55 .020
FAST 1.02 1 52.67 .019
IRBO .83 1 42.76 .019
CNA .83 1 42.24 .019
GPK .37 1 19.39 .019
STMP 2.14 3 329.4 .018
DUK 1.84 1 97.05 .018
JNJ 1.48 2 162.81 .018
CLX 1.16 3 166.66 .018
MRK .72 2 73.32 .018
AMOM .66 1 35.31 .018
SELF .09 1 5.05 .017
LANC 1.43 2 169.24 .016
PSTX .12 1 7.3 .016
FRBK .05 1 3.1 .016
HCA 1.27 3 251.8 .015
HRC .84 3 149.53 .015
PYPL .80 5 262.19 .015
PAYX 1.56 1 106.73 .014
TNET 1.38 1 94.44 .014
CHNG .15 2 21.26 .014
PBT .04 2 5.55 .014
PNRG .79 1 57.52 .013
CAI .78 1 55.93 .013
PYPL .31 13 262.19 .013
INTU 2.18 4 545.01 .012
KEYS 1.04 2 167.9 .012
RACE .92 3 211.31 .012
GE .40 4 105.73 .012
KMX 1.64 1 143.03 .011
INOV .46 1 40.39 .011
ESXB .13 1 11.02 .011
XLV .71 2 127.87 .010
ECHO .49 1 47.72 .010
PPC .17 2 28.91 .010
SVBI .13 1 12.45 .010
XLP .63 1 69.47 .009
GTS .33 1 35.26 .009
IEC .14 1 15.34 .009
TDG 1.87 4 638.29 .008
MSTR .94 8 573.51 .008
HFBL .16 1 18.75 .008
LMRK .13 1 16.42 .007
SYKE .14 3 54 .006
ITRN .07 3 25.71 .006
PSP .06 2 15.05 .006
VOOV .73 1 143.35 .005
CLDR .08 1 15.9 .005
SAFM .85 1 187 .004
RAVN .16 2 57.56 .004
KIN .02 2 9.25 .004
IACB .02 2 9.92 .004
SPY 1.31 1 433.72 .003
CXP .04 1 19.01 .002
VCAR .03 1 11.652 .002
SIC .03 1 14.41 .002
NWHM .02 1 8.99 .002
DSE .02 1 9.49 .002
SLVO .01 2 5.11 .002
ULTA .62 1 378.14 .001
DFP .03 1 28.53 .001
PMD .01 1 8.01 .001
SHOP .67 5 1369.31 0
XLK .10 3 150.59 0
WYNN .06 3 84.31 0
MSTR .06 118 573.51 0
ULTA .05 12 378.14 0
WYNN .04 4 84.31 0
SHOP .03 88 1369.31 0
BLNK .02 11 29.01 0
XPDI .01 3 10.08 0
INFL .01 2 29.48 0
WMPN 0 4 12.35 0
GSKY 0 1 11.45 0
RTLR -.01 7 11.29 0
EIC -.08 1 17.6 -.004
NSYS -.12 1 12.2506 -.009
