SHOP 32.80 7 1540.56 .147
DWAC 30.01 3 58.84 1.530
MSTR 14.75 8 800 .144
CAR 12.01 1 272.14 .044
NVAX 10.57 12 179.41 .696
BKNG 10.17 8 2437.01 .032
SAM 9.40 7 505.2 .126
WBX 8.99 1 17.97 .500
AMZN 8.18 93 3477 .186
REGN 7.44 9 647.63 .099
DUOL 7.27 3 158.59 .135
SIVB 7.01 8 751.18 .072
W 6.80 8 255.57 .208
AZO 6.70 11 1809.05 .033
LAD 6.41 5 329.72 .095
BLK 6.24 5 954.04 .030
DDS 6.22 9 286.68 .189
MDB 5.88 8 535.08 .080
TOST 5.65 1 60.26 .093
DPZ 5.62 11 509.38 .121
DE 5.37 10 350.85 .150
KOSS 5.35 7 16.3 2.296
EJH 5.21 6 2.81 11.124
SE 5.17 14 356.95 .196
SI 5.04 5 215.96 .115
THC 4.91 1 72.72 .067
BNTX 4.85 18 273.94 .306
UPST 4.74 17 321.71 .238
BKKT 4.57 1 32.36 .141
GKOS 4.45 1 55.01 .080
RGEN 4.41 7 277.03 .105
ZM 4.40 14 282.2 .210
EEIQ 4.33 5 4.11 5.265
TSLA 4.31 151 1229.91 .453
FLGT 4.22 5 85.49 .245
SPLK 4.15 5 166.44 .120
ASML 4.13 11 850.49 .044
ADBE 4.10 6 674.08 .036
BIIB 4.00 5 280.41 .070
BIGC 3.98 1 45.85 .086
CARV 3.92 6 15.44 1.518
EL 3.86 7 339.75 .077
ZG 3.78 6 68.52 .330
GOOG 3.73 28 2973.66 .028
ANVS 3.73 6 30.78 .726
SNPS 3.69 6 341.72 .060
CCXI 3.66 3 38.77 .282
AFRM 3.62 11 168.52 .231
EVA 3.59 1 67.86 .052
SEDG 3.56 6 349.83 .060
GPN 3.54 11 135.63 .286
MA 3.51 6 335.43 .060
EBET 3.45 6 29.01 .708
ZLAB 3.42 6 102.73 .198
SITM 3.41 5 290 .055
DQ 3.36 7 69.31 .336
SCPS 3.34 7 3.56 6.566
NRXP 3.30 7 8.92 2.583
GLSI 3.27 5 37.17 .435
DPST 3.25 1 57.08 .056
JAN 3.24 5 6.42 2.520
ADGI 3.21 7 30.3 .735
IAC 3.19 7 149.99 .147
CMTL 3.13 1 26.73 .117
APPS 3.13 6 72.96 .252
ENPH 3.10 6 242.6 .072
CAT 3.09 7 203.59 .105
UNH 3.07 11 456.76 .066
NEGG 3.07 20 12.27 5.000
DOCS 3.04 6 72.67 .246
GDYN 3.03 1 29.23 .103
IRNT 3.02 6 11.8 1.530
GME 2.99 82 217.84 1.066
ANTM 2.99 6 422.61 .042
LII 2.97 6 301 .054
ADSK 2.96 6 318.97 .054
IWM 2.93 6 238.55 .072
MRNA 2.92 34 284.02 .340
SNOW 2.91 8 356.79 .064
DLTR 2.90 5 108.07 .130
ZS 2.89 6 331.9 .048
ROKU 2.89 7 289.39 .063
COST 2.84 7 515.62 .035
GS 2.81 8 408.07 .048
CELH 2.77 5 103.95 .130
PENN 2.72 9 57.4 .423
LMT 2.70 10 335.5 .080
SAVA 2.65 27 84.4 .837
GRTS 2.64 6 11.25 1.404
NVCR 2.63 10 106.9 .240
NCTY 2.63 5 10.51 1.250
WDAY 2.61 5 290.48 .040
INTU 2.61 5 625.68 .020
OSTK 2.60 7 104.89 .168
AUVI 2.56 8 5.55 3.688
INMD 2.55 1 96.15 .026
WSM 2.54 5 207.38 .060
PYPL 2.54 8 228.22 .088
FULC 2.54 6 21.15 .720
KEYS 2.52 4 186.06 .052
INDP 2.52 5 7.75 1.625
CNC 2.42 3 73.77 .096
AVXL 2.41 5 22.64 .530
DASH 2.38 8 207.44 .088
RBLX 2.36 7 82.53 .196
CPOP 2.34 5 2.94 3.975
LIN 2.33 6 331.5 .042
NXPI 2.32 5 219.26 .050
LLY 2.28 7 271 .056
XBI 2.27 5 133.21 .085
AMGN 2.27 5 214.93 .050
VMW 2.23 6 128.27 .102
ABNB 2.23 7 178.45 .084
HCA 2.20 4 247.41 .032
TPST 2.19 5 12.2 .895
PKG 2.17 5 134.4 .080
CHGG 2.17 3 31.63 .204
PKI 2.16 4 171.99 .048
PDD 2.15 5 86.67 .120
DLPN 2.14 5 10.6 1.005
AACG 2.14 5 2.33 4.590
ACRS 2.12 7 16.84 .875
LCID 2.11 3 37.12 .168
ALEC 2.10 6 24.91 .504
V 2.08 7 208.78 .063
ROST 2.08 4 117.59 .068
COIN 2.06 6 344.45 .030
BBY 2.06 5 128.61 .080
DG 2.03 4 226.21 .032
MRIN 2.01 5 6.32 1.590
UHAL 1.98 9 750.87 .018
AAME 1.97 5 4.4 2.235
KMB 1.96 6 131.25 .084
MDT 1.95 5 120.69 .080
COHN 1.95 5 18.38 .530
ARVN 1.91 7 96.21 .133
MSGE 1.88 4 73.43 .100
TDG 1.87 4 629.18 .008
COF 1.87 4 153.46 .048
VLO 1.86 4 76.35 .096
LOW 1.83 7 237.78 .049
CI 1.83 5 213.16 .040
ACMR 1.83 5 108.64 .080
DKS 1.82 13 129.53 .182
AAP 1.82 4 230.09 .028
KNBE 1.81 6 26.98 .402
DIS 1.80 8 170.28 .080
ROLL 1.78 7 229.96 .049
CERE 1.78 7 44.64 .273
BIDU 1.78 117 162.58 1.170
VRPX 1.77 9 4.22 3.771
TSCO 1.77 8 218.07 .064
RAPT 1.77 7 38.95 .315
DAVA 1.77 4 164.88 .040
CTRN 1.77 4 84.96 .080
JKS 1.76 3 57.75 .090
HON 1.76 7 222.49 .049
TSP 1.75 5 39.54 .220
DELL 1.75 7 54.57 .224
TASK 1.74 7 59.06 .203
BHVN 1.74 4 148.06 .044
TMUS 1.73 6 122.65 .084
SQ 1.73 23 247.46 .138
LWAC 1.73 5 16.98 .505
WAVE 1.72 5 7 1.225
LAIX 1.72 4 0.8804 7.812
IMPL 1.70 5 11.33 .750
CM 1.70 4 120.28 .056
TWTR 1.69 5 53.68 .155
RL 1.69 6 124.36 .078
NNOX 1.69 5 26.57 .315
KYMR 1.69 2 65.01 .050
BURL 1.68 8 293.84 .040
ROG 1.67 1 269.36 .006
AN 1.67 8 122.03 .104
XM 1.66 2 43.2 .076
NMRD 1.66 4 5.95 1.112
NVOS 1.65 5 1.725 4.780
ESTC 1.65 4 171.34 .036
FISV 1.64 6 101.97 .096
CREE 1.64 5 79.12 .100
A 1.64 7 157.65 .070
KSS 1.63 7 56.87 .196
JZXN 1.63 4 2.21 2.948
TTD 1.62 7 72.43 .154
LEGN 1.61 5 48.75 .165
CLDX 1.61 3 46.53 .102
TTC 1.60 4 97.88 .064
STMP 1.59 4 329.61 .016
LH 1.59 7 284.24 .035
HOOD 1.59 13 37.07 .546
LHDX 1.58 4 5.95 1.060
RLMD 1.57 4 25.38 .244
GTEC 1.57 2 5.73 .546
GH 1.57 8 114.8 .104
CARA 1.57 2 17.65 .176
XLNX 1.56 8 198.14 .056
DPW 1.56 5 2.09 3.730
TSC 1.55 1 30.32 .051
IRDM 1.55 4 42.32 .144
CRNC 1.55 4 109.86 .056
BLFS 1.55 1 58.55 .026
FUV 1.54 1 12.4 .124
CHCI 1.54 3 4.5 1.026
TERN 1.53 4 9.98 .612
SIEB 1.53 5 3.25 2.350
FANG 1.53 5 112.76 .065
DLO 1.53 5 48.33 .155
CLX 1.52 4 164.44 .036
OVV 1.51 2 35.74 .084
MVIS 1.51 4 8.72 .692
GRU 1.51 1 4.475 .337
EA 1.51 4 142.48 .040
WAFU 1.50 4 6.26 .956
SUPN 1.50 1 31.56 .047
RACE 1.50 7 257.33 .035
ASAN 1.50 9 131.67 .099
AMD 1.50 11 137.5 .110
BCYC 1.49 3 56.97 .078
STT 1.48 3 96.53 .045
SEMR 1.48 2 26.27 .112
JRVR 1.48 2 30.91 .094
JNJ 1.48 2 164.6 .016
ADI 1.48 5 180.73 .040
NURO 1.47 11 8.26 1.947
FGEN 1.47 3 12.89 .342
EDIT 1.47 3 37.84 .114
VCVC 1.46 1 9.85 .148
SFIX 1.46 2 35.74 .080
LITE 1.46 2 88.34 .032
HTBX 1.46 2 5.47 .532
BYND 1.46 5 102.52 .070
SBEA 1.45 2 10.42 .278
EYEG 1.45 1 1.98 .732
BTBT 1.45 10 11.58 1.250
KALV 1.44 8 18.07 .632
JD 1.44 5 80.3 .085
SNOA 1.43 3 5.86 .732
LYFT 1.43 5 49.14 .145
LANC 1.43 2 159.89 .016
ATKR 1.43 2 99.95 .028
TSN 1.42 4 81.07 .068
STE 1.42 4 222.24 .024
IMNM 1.42 4 22.64 .248
RMBL 1.41 3 42.59 .099
SNA 1.40 4 209.6 .024
LAZR 1.40 3 16.77 .249
JCS 1.40 3 3.82 1.098
HX 1.40 6 4.21 1.992
CVS 1.40 3 94.49 .042
CRDF 1.40 1 6.09 .229
WGO 1.39 2 72.32 .038
VERY 1.39 4 8.01 .692
OPNT 1.39 3 22.51 .183
KURA 1.39 3 18.06 .228
JBL 1.39 2 63.91 .042
EOSE 1.39 2 11.08 .250
TNET 1.38 1 102.9 .013
EXPI 1.38 6 45.36 .180
TWST 1.37 7 135.46 .070
LIVE 1.37 3 31.74 .129
ECOM 1.37 1 25.46 .053
SM 1.36 1 35.51 .038
FATE 1.36 3 59.65 .066
TAOP 1.35 3 3.13 1.293
WNW 1.34 1 3.5 .382
OLN 1.34 1 60.97 .021
CAH 1.34 4 49.16 .108
MOXC 1.33 4 6.1 .872
GRVY 1.33 7 103.21 .084
ABT 1.33 6 129.09 .060
VRNT 1.32 3 47.24 .081
TJX 1.32 4 69.74 .072
TDC 1.32 3 56.89 .069
COUR 1.32 2 32.14 .082
AEO 1.32 2 26.49 .098
VIH 1.31 1 9.36 .139
SPY 1.31 1 466.91 .002
IBM 1.31 7 120.85 .070
ABCL 1.31 1 17.37 .075
UHS 1.30 4 126.2 .040
NEWR 1.30 4 85.82 .060
JG 1.30 3 1.5 2.598
GWRE 1.30 5 123.85 .050
BNR 1.30 3 14.58 .267
BKE 1.30 3 47.58 .081
WM 1.29 6 160.71 .048
OLLI 1.29 2 70.26 .036
LI 1.29 3 31.96 .120
DOCN 1.29 4 105.32 .048
APPN 1.29 4 103.39 .048
VSCO 1.28 4 51.68 .096
FRD 1.28 1 13.9899 .091
BILI 1.28 22 75.48 .352
YETI 1.27 4 106.74 .044
UAL 1.27 2 49.14 .050
RHE 1.27 2 7.27 .348
NFE 1.27 1 30.46 .041
HJLI 1.27 1 10.38 .122
CPE 1.27 5 56.06 .110
APXT 1.27 1 12.11 .104
TTWO 1.26 5 192.91 .030
SPCE 1.26 24 19.62 1.536
MQ 1.26 4 28.23 .176
MESO 1.26 1 6.39 .197
DOMO 1.26 4 90.05 .052
USB 1.25 4 60.28 .080
THCB 1.25 1 10 .125
SPT 1.25 6 125.48 .054
RIOT 1.25 3 32.72 .114
OPAD 1.25 4 7.73 .644
NGM 1.25 2 20.11 .124
CHKP 1.25 6 115.84 .060
BYSI 1.25 3 15.76 .237
SJ 1.24 4 5.68 .872
PBTS 1.24 1 1.25 .992
LPX 1.24 3 66.99 .054
LEDS 1.24 3 8.52 .435
KMX 1.24 2 151.01 .016
EDSA 1.24 1 8.54 .145
CMMB 1.24 2 9.86 .250
BNTC 1.24 3 3.69 1.008
ANPC 1.24 2 2.57 .964
ALXN 1.24 4 182.5 .024
TAP 1.23 2 46.21 .052
LAW 1.23 3 57.47 .063
J 1.23 3 141.75 .024
C 1.23 4 67 .072
RCUS 1.22 1 35.39 .034
EYES 1.22 6 2.89 2.532
DDL 1.22 2 30.21 .080
VIR 1.21 5 36.68 .160
RTX 1.21 2 88.06 .026
PFGC 1.21 3 46.28 .078
OSAT 1.21 3 5.14 .705
LYEL 1.21 3 14.93 .243
HGEN 1.21 3 8.2 .441
HD 1.21 12 372.18 .036
EAT 1.21 3 42.71 .084
ARAV 1.21 1 3.86 .313
AMC 1.21 57 40.05 1.710
WHLM 1.20 4 5.74 .836
MMM 1.20 7 180.61 .042
JPM 1.20 12 168.29 .084
CRIS 1.20 2 6.54 .366
CETX 1.20 1 1.47 .816
BGFV 1.20 7 31.81 .259
AMTX 1.20 3 20.95 .171
AKAM 1.20 3 109.66 .030
TVTX 1.19 3 30.89 .114
SGOC 1.19 9 6.1 1.755
JWN 1.19 3 32.03 .111
PRTA 1.18 8 56.43 .160
ENOB 1.18 4 9.15 .512
DFH 1.18 1 15.78 .074
ZEV 1.17 4 8.78 .532
STZ 1.17 4 219.36 .020
SKT 1.17 3 21.27 .165
NIU 1.17 3 26.94 .129
CYTK 1.17 4 38.97 .120
CLSK 1.17 1 21.97 .053
VOXX 1.16 3 12.54 .276
TRI 1.16 3 118.9 .027
SIF 1.16 1 7.7 .150
NTAP 1.16 4 90.7 .048
MAT 1.16 3 21.47 .162
LOGI 1.16 5 80.84 .070
HGSH 1.16 2 2.11 1.098
GT 1.16 2 21.45 .108
AMEH 1.16 8 72.39 .128
AMAT 1.16 8 150.13 .056
ZIM 1.15 6 53.17 .126
UPS 1.15 7 210.72 .035
NTRB 1.15 2 5.445 .422
IMTX 1.15 3 12.82 .267
BZ 1.15 2 35.33 .064
ATVI 1.15 4 68.23 .064
TGT 1.14 10 260.44 .040
HCWB 1.14 2 3.4 .670
BBLG 1.14 1 4.2252 .269
AVIR 1.14 3 11.78 .288
VNET 1.13 3 16.3 .207
STG 1.13 1 4.85 .232
SCHW 1.13 4 81.45 .052
PEP 1.13 5 164.31 .030
NUAN 1.13 1 55.17 .020
HAS 1.13 5 94.82 .055
BTX 1.13 2 9.2 .244
ABSI 1.13 1 17.02 .066
OCGN 1.12 11 10.06 1.221
NVDA 1.12 149 298.01 .447
MNOV 1.12 2 3.5 .640
FIGS 1.12 5 41.76 .130
BZUN 1.12 1 17.17 .065
TGTX 1.11 1 34.85 .031
SHEN 1.11 3 27.49 .120
PMCB 1.11 3 3.02 1.101
GIII 1.11 4 30.63 .144
DXC 1.11 2 33.83 .064
CNET 1.11 1 1.58 .702
ALLO 1.11 2 19.43 .114
RUN 1.10 5 57.75 .095
OPTT 1.10 1 2.18 .504
MRUS 1.10 3 31.39 .105
XTLB 1.09 2 4 .544
SKX 1.09 4 47.14 .092
LIFE 1.09 3 8.5 .384
ATAI 1.09 1 17.8 .061
ALDX 1.09 2 9.24 .234
MTSL 1.08 3 3.37 .960
FCBP 1.08 1 29.1 .037
B 1.08 1 41.64 .025
AZYO 1.08 1 5.9737 .180
ALF 1.08 2 4.92 .438
TTCF 1.07 1 18.23 .058
SMLP 1.07 2 31.41 .068
VYGR 1.06 2 3.78 .560
SPI 1.06 3 4.99 .636
CRM 1.06 11 308.04 .033
BAC 1.06 4 47.33 .088
SCR 1.05 5 35.58 .145
PTGX 1.05 3 33.86 .093
PLD 1.05 4 147.87 .028
MNST 1.05 4 87.78 .044
CELC 1.05 3 18.85 .165
OCUP 1.04 1 4.33 .240
NETE 1.04 2 13.09 .158
IPA 1.04 2 6.1 .340
FSTX 1.04 1 7.05 .147
CANF 1.04 1 1.52 .684
KMPH 1.03 3 9.6 .321
BLDR 1.03 2 65.4 .030
ALYA 1.03 3 2.74 1.125
MFNC 1.02 2 21.5 .094
DAL 1.02 5 40.99 .120
BBBY 1.02 14 20.17 .700
AXP 1.02 5 172.53 .025
ZCMD 1.01 1 1.7816 .566
LL 1.01 1 17.99 .056
EGRX 1.01 2 51.94 .038
PINS 1.00 4 43.64 .088
MO 1.00 3 44.61 .066
IMAB 1.00 5 62.49 .080
DKNG .99 6 44.68 .132
ACY .99 19 47.36 .380
VTSI .98 2 8.03 .244
TRCH .98 2 4.95 .394
MYGN .98 2 30.44 .064
MCD .98 8 253.46 .024
HOFV .98 2 2.32 .844
UBER .97 5 45.27 .105
MS .97 8 99.79 .072
RRGB .96 2 20.81 .092
HRI .96 4 191.46 .020
FA .96 1 20.42 .047
CRCT .96 2 29.46 .064
AZPN .96 4 160.04 .020
QDEL .95 4 136.14 .024
PG .95 8 145.32 .048
NEE .95 2 84.76 .022
BTWN .95 1 9.92 .095
BPTH .95 2 4.8 .394
AGRI .95 5 2.3 2.065
PAYX .94 2 123.74 .014
LAC .94 1 32.18 .029
FTCH .94 2 38.61 .048
CGC .94 1 13.26 .070
INCY .93 4 67.49 .052
HCM .93 4 31.16 .116
CHPT .93 1 24.59 .037
PLUG .92 9 40.23 .198
PLCE .92 3 100 .027
OKE .92 3 63.44 .042
LBPH .92 1 6.62 .138
KNL .92 1 25.04 .036
FL .92 4 52.16 .068
YEXT .91 1 12.57 .072
WFC .91 4 50.62 .068
SSY .91 3 2.42 1.128
SLS .91 3 9.53 .285
AIT .91 2 98.68 .018
HOG .90 4 37.79 .092
GEG .90 1 1.91 .471
DDD .90 10 31.81 .280
CRTO .90 1 41.19 .021
ATNF .90 3 5.09 .528
ON .89 6 59.86 .084
NKE .89 8 175.44 .040
ERYP .89 3 2.65 1.005
ARCE .89 2 16.42 .108
ACHL .89 1 7.31 .121
OTIS .88 4 81.84 .040
KHC .88 2 37.19 .046
GMBL .88 2 6.54 .268
ALC .88 1 85.83 .010
GM .87 3 58.64 .042
GDEV .87 3 8.06 .321
DTSS .87 1 2.16 .402
AFMD .87 1 6.46 .134
VLDR .86 1 6.46 .133
UTHR .86 4 201.44 .016
RF .86 1 24.27 .035
KODK .86 2 7.18 .238
VMEO .85 2 24.49 .068
SRNE .85 1 6.9 .123
SOFI .85 4 23.29 .144
SAFM .85 1 188.66 .004
RIDE .85 5 5.74 .740
LUV .85 5 49.07 .085
ABBV .85 5 117.06 .035
PTIX .84 2 2.06 .814
NLS .84 2 10.82 .154
LEXX .84 3 6.34 .396
IYC .84 2 86.5 .018
HOL .84 3 12.35 .204
DTST .84 3 4.18 .600
CLII .84 3 14.36 .174
BB .84 11 10.94 .836
APOP .84 5 13.17 .315
TNA .83 5 106.29 .035
MAXR .83 4 31.88 .104
IRBO .83 1 46.78 .017
CNA .83 1 45.26 .018
BLUW .83 2 9.63 .172
SANA .82 1 23 .035
MNSO .82 1 16.72 .049
FITB .82 3 43.98 .054
SPRT .81 20 11.8 1.360
MBRX .81 2 2.61 .620
CRTD .81 6 3.42 1.416
APP .81 8 98.55 .064
SYPR .80 4 4.07 .784
DD .80 4 79.51 .040
SWI .79 1 16.91 .046
SLV .79 2 22 .070
SCYX .79 1 5.5 .143
PNRG .79 1 69.09 .011
GLD .79 10 167.65 .040
BJ .79 7 61.54 .084
ZY .78 3 10.5 .222
VVOS .78 4 3.99 .780
UAA .78 3 25.93 .090
SJM .78 12 124.81 .072
IPHA .78 4 5.92 .524
GNOG .78 1 16.2 .048
DUK .78 4 101.02 .028
COP .78 6 73.31 .060
CAI .78 1 55.95 .013
BABA .78 98 164.79 .392
PRFX .77 3 2.59 .891
PLTR .77 2 26.47 .058
OLB .77 3 7.31 .315
ENTX .77 2 4.16 .370
STX .76 9 95.3 .063
QFIN .76 8 21.21 .280
NFLX .76 105 668.4 .105
NBRV .76 1 1.31 .580
MOS .76 5 38.8 .095
GROM .76 2 3.66 .414
QCOM .75 9 156.11 .036
GPS .75 6 24.59 .180
FLWS .75 4 34.29 .084
FB .75 106 335.85 .212
SCKT .74 4 6.25 .472
PTON .74 5 86.06 .040
PSTG .74 2 27.41 .052
MRK .74 7 90.54 .056
LOOP .74 4 16.55 .176
GTIM .74 1 4.86 .152
GRVI .74 3 5.02 .441
FUBO .74 2 32.69 .044
EVOL .74 2 2.7 .548
ATXI .74 1 1.66 .445
VZ .73 2 51.85 .028
VOOV .73 1 148.22 .004
UPC .73 3 2.39 .915
SQBG .73 2 6.24 .232
RNXT .73 2 5.44 .268
NVFY .73 3 2.32 .942
EQT .73 1 20.37 .035
RMED .72 6 3.09 1.398
PFE .72 8 43.85 .128
IONQ .72 3 16.43 .129
ENSC .72 1 2.3 .313
DEN .72 4 86.7 .032
CRMT .72 9 120.78 .045
BTCM .72 4 8.47 .340
ARPO .72 1 2.2 .327
ZKIN .71 2 2.93 .484
RFL .71 5 8.18 .430
PALI .71 3 2.88 .738
MVST .71 5 9.28 .380
WMT .70 16 151.28 .064
TBLA .70 1 9.85 .071
SONO .70 6 34.5 .120
PRPL .70 3 19.75 .105
ORGS .70 1 4.62 .151
OCX .70 1 3.42 .204
INTC .70 6 50.31 .078
IGIC .70 3 8.35 .249
CBAT .70 2 2.19 .638
AMKR .70 2 23.4 .058
MTTR .69 8 20.32 .264
FTEK .69 3 1.94 1.065
BEKE .69 1 18.37 .037
AUPH .69 6 31.9 .126
ASM .69 1 0.9489 .727
APRE .69 3 5.12 .402
ONCS .68 1 1.8 .377
BWAY .68 2 8.21 .164
BCRX .68 9 11.61 .522
XONE .67 2 27.17 .048
XLK .67 5 166.22 .020
SKLZ .67 4 11.4 .232
PDCO .67 2 33.15 .040
NPTN .67 1 15.99 .041
M .67 9 30.74 .189
JRJC .67 3 6.56 .306
FOE .67 1 21.38 .031
CROX .67 5 177.42 .015
CLNE .67 1 9.33 .071
ANF .67 2 46.95 .028
ACH .67 1 14.04 .047
VIPS .66 1 11.25 .058
SSNT .66 1 6.17 .106
RETO .66 1 1.11 .594
CTKB .66 1 24.28 .027
AMOM .66 1 38.4142 .017
TATT .65 3 6.71 .288
STRO .65 2 23.53 .054
PCVX .65 1 24.95 .026
LMNL .65 3 1.75 1.113
SLGG .64 2 3.42 .374
SDC .64 2 5.38 .236
LZB .64 2 35.1 .036
XLV .63 5 134.36 .020
HPQ .63 4 31.33 .080
FLOW .63 4 76.75 .032
DNUT .63 3 13.86 .135
CLF .63 10 22.18 .280
ULTA .62 1 381.07 .001
MPC .62 3 63.57 .027
LJPC .62 2 4.08 .302
ISEE .62 4 18.78 .132
IFRX .62 2 4.69 .264
BON .62 3 6.455 .288
AREC .62 5 2.32 1.335
APG .62 2 22.96 .054
AA .62 9 46.37 .117
SOS .61 2 2.14 .570
RY .61 7 106.34 .035
PLG .61 1 2.55 .239
CL .61 4 77.29 .028
AMBO .61 1 1.31 .465
SPTN .60 2 24.62 .048
SLB .60 4 33.15 .072
PSTV .60 1 1.85 .324
KIRK .60 2 25.26 .046
EVK .60 6 3.25 1.104
CEMI .60 8 2.45 1.952
AYRO .60 2 3.18 .376
AVCT .60 1 1.93 .310
AMRS .60 1 14.43 .041
VERU .59 3 8.68 .201
LEN .59 5 101.4 .025
BIG .59 2 50.92 .022
YMM .58 2 14.32 .080
WPRT .58 2 3.62 .320
WISH .58 3 5.07 .342
STAF .58 2 1.77 .654
SPG .58 6 165.71 .018
HMHC .58 1 16.88 .034
CSIQ .58 4 39.58 .056
WEI .57 1 0.9397 .606
SNAP .57 113 52.26 1.130
SBTX .57 1 9 .063
ORPH .57 4 4.24 .536
GGAL .57 1 11.34 .050
EZFL .57 1 2.93 .194
TQQQ .56 137 169.93 .411
T .56 3 24.8 .066
SBH .56 2 16.9 .066
OBLN .56 3 3.05 .549
MTP .56 1 1.72 .325
LODE .56 3 2.3 .729
CLPS .56 1 3.22 .173
CLPS .56 1 3.22 .173
CLOV .56 1 7.69 .072
VNE .55 6 35.29 .090
UWMC .55 1 7.23 .076
RSI .55 2 19.83 .054
MU .55 6 72.24 .042
MOSY .55 2 6.51 .168
GIS .55 6 62.71 .048
FLXN .55 1 9.21 .059
EOLS .55 1 7.23 .076
WHLR .54 2 2.71 .398
TSM .54 3 117.79 .012
NIO .54 76 43.12 .912
ENZ .54 2 3.39 .318
ADMA .54 1 1.41 .382
TBIO .53 3 37.36 .042
MEDS .53 5 4.22 .625
HUYA .53 3 8.38 .189
ERJ .53 5 15.52 .170
EQ .53 1 6.62 .080
CCJ .53 8 27.15 .152
BBWI .53 6 75.89 .036
ASTR .53 4 9.85 .212
TLRY .52 3 10.81 .144
SILK .52 7 60.06 .056
MARA .52 16 64.29 .128
CSCO .52 8 57.12 .072
WOOF .51 2 25.64 .038
RCON .51 2 2.34 .434
MRVL .51 6 71.54 .042
KO .51 6 56.6 .054
K .51 8 62.91 .064
GFAI .51 2 2.36 .432
DYAI .51 3 4.22 .360
CPSH .51 1 5.47 .093
TIGR .50 8 6.9 .576
PATI .50 2 16.29 .060
MDIA .50 3 7.99 .186
GRTX .50 3 1.96 .765
RKDA .49 1 1.93 .253
NRBO .49 2 2.02 .484
IGC .49 3 1.51 .972
GP .49 3 14.44 .099
GEVO .49 4 7.35 .264
ENLV .49 2 8.98 .108
ECHO .49 1 48.18 .010
ATHM .49 3 38.92 .036
ARMP .49 1 3.9 .125
NNDM .48 3 6.05 .237
HRL .48 5 43.14 .055
HRC .48 5 155.09 .015
EPU .48 3 29.05 .048
DRN .48 4 26.41 .072
XPEV .47 81 47.84 .729
XLE .47 6 57.51 .048
TRIL .47 1 17.85 .026
STEM .47 5 24.98 .090
SOHU .47 6 20.8 .132
EXPR .47 5 4.27 .550
DARE .47 1 1.54 .305
BODY .47 2 5.18 .180
VXX .46 3 20.05 .066
UFAB .46 2 3.2 .286
NTEC .46 4 9.63 .188
MARK .46 4 1.78 1.032
KBSF .46 2 3.05 .300
GURE .46 1 5.6209 .081
FLGC .46 5 4.76 .480
EQOS .46 1 5.74 .080
CVV .46 2 4.875 .188
BCLI .46 1 3.01 .152
TYME .45 4 1.01 1.780
TME .45 1 7.87 .057
ONCT .45 2 4.07 .220
ME .45 4 12.87 .136
CCL .45 5 22.88 .095
ADIL .45 2 3.17 .282
WORX .44 4 1.75 1.004
NNVC .44 3 5.37 .243
GALT .44 3 3.22 .408
FFHL .44 2 9.45 .092
DWSN .44 2 2.33 .376
CIEN .44 19 60.82 .133
EVGO .43 2 9.96 .086
EVGN .43 1 2.74 .156
CAN .43 4 9.29 .184
ATIF .43 1 3.93 .109
ACI .43 8 34.75 .096
PHUN .42 11 4.19 1.100
FCX .42 23 37 .253
DBGI .42 5 3.85 .545
CTSO .42 4 6.11 .272
ARMK .42 4 37.95 .044
SRNG .41 1 11.42 .035
RKT .41 2 17.86 .044
PETZ .41 2 4.26 .192
MSFT .41 112 336.44 .112
KZIA .41 2 11.54 .070
GTT .41 1 2.36 .173
FFIE .41 1 8.36 .049
BLIN .41 8 3.39 .960
AUUD .41 7 2.64 1.085
ACOR .41 4 3.99 .408
YJ .40 2 0.82 .974
ORMP .40 13 26.49 .195
LIZI .40 4 2.94 .544
KR .40 15 43.42 .135
GE .40 4 105.21 .012
FBRX .40 1 3.23 .123
DUOT .40 1 5.2146 .076
CTIB .40 5 1.9373 1.030
CHRA .40 1 4.24 .094
VTNR .39 8 4.78 .648
LC .39 10 45.61 .080
FAST .39 4 58.53 .024
CSCW .39 2 0.6953 1.120
AQMS .39 3 1.86 .627
APTO .39 3 2.48 .471
UNIT .38 1 13.9 .027
OVID .38 2 3.67 .206
OTLK .38 2 2.09 .362
MRTN .38 3 17.33 .063
LTHM .38 11 30.91 .132
ANIX .38 1 5.5 .069
UONE .37 7 7 .364
ORCL .37 34 95.63 .102
HUGE .37 1 1.48 .250
HHR .37 4 52.49 .028
GPK .37 1 20.24 .018
CHMA .37 2 3.76 .196
CDEV .37 1 7.51 .049
UAVS .36 3 3.01 .357
MRKR .36 1 1.49 .241
JFIN .36 2 4.02 .178
IDEX .36 4 2.01 .716
GNLN .36 2 1.78 .404
BNGO .36 12 5.93 .720
AKTX .36 1 1.68 .214
ADMP .36 1 1.05 .342
ACB .36 3 6.85 .156
ORGO .35 2 11.44 .060
LMFA .35 5 6.59 .265
IRIX .35 3 8.73 .120
HNST .35 2 9.21 .076
GOVX .35 6 4.1 .510
FLO .35 4 25.27 .052
CLSD .35 3 5.35 .195
CIFR .35 3 8.51 .123
BSQR .35 13 2.34 1.937
AESE .35 1 1.9 .184
XELB .34 2 1.62 .418
TRIT .34 5 5.69 .295
TESS .34 2 6.01 .112
HWCC .34 1 5.3 .064
XOM .33 9 64.41 .045
KULR .33 2 3.4 .194
IMMR .33 6 7.26 .270
HNP .33 2 20.32 .032
GTS .33 1 35.61 .009
BHTG .33 1 1.21 .272
WATT .32 2 1.95 .328
VBLT .32 2 2.36 .270
TAL .32 2 3.95 .162
SPCB .32 2 0.919 .696
SGBX .32 3 3.05 .312
MINM .32 2 1.55 .412
IMMP .32 3 4.8 .198
BKYI .32 1 3.1 .103
AZN .32 12 63.83 .060
AAPL .32 108 150.96 .216
AAL .32 9 20.63 .135
WINT .31 3 1.82 .510
ULBI .31 2 6.11 .100
PBR .31 8 9.53 .256
NKLA .31 15 15.44 .300
FENC .31 1 9.31 .033
DMAC .31 2 4.3 .144
D .31 8 75.44 .032
AUTL .31 2 5.65 .108
AEY .31 1 2.23 .139
OXBR .30 5 3.69 .405
LGHL .30 4 2.28 .524
HAPP .30 1 0.9558 .313
ENG .30 3 2.47 .363
BBIG .30 20 4.47 1.340
NEXT .29 4 3.64 .316
HUSN .29 4 2.26 .512
MITO .28 1 1.14 .245
BP .28 4 27.31 .040
ALTO .28 3 5.52 .150
XLP .27 5 72.58 .015
WIMI .27 4 5.45 .196
RSLS .27 4 2.78 .388
NAOV .27 11 1.43 2.068
GSM .27 7 6.67 .280
ENVB .27 3 1.94 .417
VIVE .26 2 2.3 .226
PPBT .26 1 4.41 .058
PME .26 1 0.6905 .376
AXLA .26 2 3.19 .162
AGNC .26 3 16.01 .048
PBLA .25 1 2 .125
HIPO .25 2 4.26 .116
RVI .24 2 5.94 .080
RAIL .24 4 4.5 .212
MOGO .24 4 5.65 .168
IKT .24 1 2.13 .112
GBR .24 1 3.83 .062
PIRS .23 7 4.52 .350
OCG .23 4 4.8 .188
BGI .23 2 3.19 .144
ANY .23 16 6.66 .544
AEHR .23 25 25.66 .200
THTX .22 1 3.5 .062
SSKN .22 1 1.86 .118
SPWH .22 3 17.28 .036
JFU .22 3 1.48 .444
INOV .22 2 40.82 .010
DYNT .22 5 1.52 .720
VIEW .21 1 6.41 .032
TENX .21 1 1.55 .135
ATOS .21 5 2.81 .370
ALAC .21 2 11.58 .036
ZNGA .20 2 7.05 .056
SALM .20 4 3.62 .220
ENSV .20 1 1.37 .145
NBEV .19 1 1.6 .118
MOMO .19 3 12.81 .042
VSH .18 3 20.06 .024
TEO .18 1 5.05 .035
OBSV .18 5 2.58 .345
FCEL .18 130 9.28 2.470
YPF .17 2 4.11 .082
PPC .17 2 28.09 .012
LIVX .17 2 3.07 .110
KXIN .17 6 2.13 .474
GMTX .17 1 3.83 .044
SWN .16 2 4.89 .064
SNES .16 2 1.54 .206
RRD .16 5 9.02 .085
INFI .16 4 2.64 .240
HFBL .16 1 19.5668 .008
SBS .15 5 6.41 .115
IMV .15 2 1.63 .184
GSKY .15 2 12.04 .024
GRUB .15 3 14.13 .030
CHNG .15 2 21.5 .012
AGEN .15 10 4.29 .340
SYKE .14 3 54 .006
SSL .14 14 17.14 .112
OEG .14 1 2.71 .051
NXTP .14 1 1.5 .093
MRO .14 16 16.57 .128
INM .14 1 1.51 .092
IEC .14 1 15.34 .009
EDU .14 1 2.03 .068
ABUS .14 2 3.88 .072
TELL .13 7 4.29 .210
SVBI .13 1 13.63 .009
OSMT .13 4 1.8 .288
LMRK .13 1 16.26 .007
GENE .13 3 2.92 .132
ESXB .13 1 11.85 .010
CRON .13 4 5.41 .096
VERB .12 8 2 .480
SBBP .12 2 2 .120
PSTX .12 1 6.48 .018
MTL .12 8 3.93 .240
GSAT .12 2 1.69 .142
CHNR .12 4 1.36 .352
TTM .11 8 32.48 .024
SNMP .11 2 1.29 .170
MOHO .11 3 0.6593 .498
GBS .11 1 2.19 .050
FENG .11 2 1.44 .152
EKSO .11 2 4.23 .052
CALA .11 1 1.9 .057
ACHV .11 2 8.96 .024
XPDI .10 10 12.85 .070
SLHG .10 1 2.64 .037
RCAT .10 2 2.7 .074
RAVN .10 3 57.9 .003
KDMN .10 4 9.47 .040
EDTK .10 2 1.46 .136
CNFR .10 2 2.79 .070
XELA .09 7 2.005 .308
WTER .09 2 1.68 .106
TEDU .09 2 0.8199 .218
TAAG .09 1 20.9494 .004
SELF .09 1 5.1 .017
RIG .09 6 3.65 .144
PRPO .09 3 2.35 .114
CPG .09 6 4.8 .108
BIOC .09 2 4.04 .044
AEMD .09 3 3.31 .081
AEI .09 2 2.09 .086
MBII .08 1 0.9078 .088
ET .08 5 9.23 .040
COTY .08 5 9 .040
CLDR .08 1 15.99 .005
BQ .08 2 1.99 .080
OCG .07 13 4.8 .182
NEPT .07 2 0.5142 .272
ITRO .07 1 1.27 .055
ITRN .07 3 26.66 .006
FRO .07 11 8.98 .077
DBVT .07 11 3 .253
ALZN .07 1 2.29 .030
XBIO .06 8 1.81 .264
WYNN .06 3 91.1 0
VSTM .06 2 2.85 .042
PSP .06 2 16.62 .006
ADMS .06 2 8.18 .014
ULTA .05 12 381.07 0
OXY .05 30 33.75 .030
MDNA .05 8 2.04 .192
FRBK .05 1 3.06 .016
WYNN .04 4 91.1 0
PBT .04 2 8.13 .008
NOK .04 6 5.71 .042
IRCP .04 4 2.8 .056
CXP .04 1 19.15 .002
AVGR .04 7 0.744 .371
VTGN .03 5 2.43 .060
VCAR .03 1 18.96 .001
VALN .03 1 46.05 0
SNDL .03 1 0.653 .045
SIC .03 1 14.49 .002
MFGP .03 4 5.33 .020
SLVO .02 3 5.38 .009
NWHM .02 1 8.99 .002
KIN .02 2 9.25 .004
EIC .02 2 18.12 .002
DSE .02 1 9.49 .002
BLNK .02 11 31.98 0
RTLR .01 8 11.15 0
PMD .01 1 8.54 .001
INFL .01 2 31.23 0
IACB .01 3 9.95 .003
DFP .01 2 28.62 0
BEST .01 3 1.3 .021
WMPN 0 4 12.35 0
QADB 0 4 87.54 0
PAE 0 1 9.92 0
NLSP 0 1 2.24 0
NSYS -.12 1 9.8198 -.012
