SHOP 25.38 10 1447.15 .170
PANW 23.18 1 535.3 .043
DWAC 22.11 4 47.11 1.876
MSTR 14.75 8 683.36 .168
RNG 11.84 1 198.67 .059
BKNG 10.17 8 2171.93 .032
NVAX 9.95 12 161.97 .732
SAM 9.40 7 460.85 .140
WBX 8.99 1 12.42 .723
PCTY 8.94 1 257.4 .034
RMD 8.09 1 255.88 .031
AMZN 8.00 94 3437.36 .188
REGN 7.44 9 634 .099
DUOL 7.27 3 109.71 .198
SIVB 7.01 8 712.2 .072
W 6.80 8 236.43 .224
AZO 6.70 11 1868.29 .033
PUBM 6.66 1 37.86 .175
DDS 6.58 10 272.72 .240
LAD 6.41 5 290.03 .110
KRYS 6.33 1 70.8 .089
BLK 6.24 5 918.85 .030
SPLK 6.20 6 116.92 .318
CAR 6.00 2 268.12 .044
MDB 5.88 8 481.59 .096
EYPT 5.86 1 15.6 .375
DPZ 5.62 11 525 .110
U 5.45 3 152.34 .105
KOSS 5.35 7 13.35 2.800
VRTX 5.31 1 204.45 .025
EJH 5.21 6 2.1 14.880
THC 4.91 1 74.02 .066
DE 4.88 11 350.62 .143
INTU 4.61 8 672.12 .048
ADBE 4.59 8 671.88 .048
BIGC 4.50 1 43.53 .103
GKOS 4.45 1 41.59 .106
RGEN 4.41 7 268.82 .112
EEIQ 4.33 5 3.53 6.130
SI 4.14 6 194.26 .126
CFLT 4.09 1 77.01 .053
SE 3.98 16 261.11 .240
CARV 3.92 6 11.69 2.010
ZM 3.91 15 191.75 .300
EL 3.86 7 334.67 .077
ZG 3.78 6 53.77 .420
GOOG 3.73 28 2875.53 .028
ANVS 3.73 6 22.98 .972
SNPS 3.69 6 349.67 .060
IRTC 3.69 1 104.79 .035
BIIB 3.69 6 228.52 .096
CCXI 3.66 3 37.06 .294
EVA 3.59 1 70.27 .051
MA 3.58 7 320.2 .077
SEDG 3.56 6 318.54 .066
GPN 3.54 11 121.81 .319
ASML 3.50 15 789.38 .060
XMTR 3.46 1 46.13 .075
EBET 3.45 6 23.85 .864
ZLAB 3.42 6 71.44 .282
PWR 3.42 1 113.59 .030
DQ 3.36 7 48.21 .483
SCPS 3.34 7 2.28 10.248
TOST 3.31 2 35.69 .184
GLSI 3.27 5 29.38 .555
JAN 3.24 5 4.74 3.415
IAC 3.19 7 127.61 .168
BNTX 3.18 26 333.49 .234
LSI 3.13 2 136.31 .044
CMTL 3.13 1 25.82 .121
APPS 3.13 6 50.67 .366
ENPH 3.10 6 235 .078
NEGG 3.07 20 16.89 3.620
GDYN 3.03 1 39.27 .077
IRNT 3.02 6 7.56 2.394
GME 2.99 82 181.56 1.312
ANTM 2.99 6 399.74 .042
ADGI 2.98 10 46.49 .640
SITM 2.97 7 291.7 .070
LII 2.97 6 311.62 .054
TSLA 2.96 157 1084.6 .314
BKKT 2.95 2 13.96 .422
NEWR 2.93 6 105.52 .162
IWM 2.93 6 219.21 .078
GS 2.93 9 387.54 .063
SNOW 2.91 8 360.28 .064
ZS 2.89 6 331.97 .048
ROKU 2.89 7 210.26 .091
NRXP 2.89 8 6.45 3.584
CAT 2.86 8 196.79 .112
UPST 2.84 18 177 .288
KMX 2.82 3 144.09 .057
SAVA 2.72 28 48.35 1.568
PENN 2.65 10 50.26 .520
NVCR 2.63 10 91.37 .280
NCTY 2.63 5 8.94 1.470
DOCS 2.62 8 67.51 .304
OSTK 2.60 7 84.62 .210
AFRM 2.60 16 113.75 .352
UNH 2.55 13 446.02 .065
COST 2.55 9 525.51 .036
WSM 2.54 5 184.66 .065
FULC 2.54 6 14.74 1.032
KEYS 2.52 4 198.48 .048
INDP 2.52 5 5.42 2.320
LMT 2.51 11 330.53 .077
WDAY 2.46 6 266.66 .054
MRNA 2.43 37 301.49 .296
CNC 2.42 3 71.42 .099
AVXL 2.41 5 18.04 .665
RL 2.39 7 119.14 .140
NXPI 2.38 6 222.73 .060
CPOP 2.34 5 1.85 6.320
DPST 2.33 3 50.5 .138
AUVI 2.32 9 4.71 4.428
MRAM 2.30 2 11.36 .404
LLY 2.28 7 247.88 .063
XBI 2.27 5 114.57 .095
FLGT 2.27 6 83.55 .162
AMGN 2.27 5 201.17 .055
STE 2.26 5 220.63 .050
GRTS 2.25 7 12.21 1.288
AXON 2.25 1 159.36 .014
SPB 2.21 1 101.07 .021
HCA 2.20 4 232.06 .036
TPST 2.19 5 8.3 1.315
PKG 2.17 5 131.92 .080
CHGG 2.17 3 28.95 .222
BRLT 2.17 2 16.62 .260
PKI 2.16 4 179.99 .048
LOW 2.16 11 250.39 .088
PDD 2.15 5 59.28 .180
DG 2.15 6 215.81 .054
PYPL 2.14 9 187.15 .099
DLPN 2.14 5 8.2 1.300
AACG 2.14 5 1.5 7.130
BHVN 2.12 5 109.29 .095
ACRS 2.12 7 12.69 1.169
DASH 2.11 10 166.12 .120
ALEC 2.10 6 20.65 .606
ROST 2.08 4 110.56 .072
LGVN 2.06 4 18 .456
LCID 2.05 9 48.41 .378
AMEH 2.05 9 88.54 .207
ADSK 2.04 7 257.66 .049
COIN 2.02 9 284.71 .063
MRIN 2.01 5 4.98 2.015
V 2.00 8 198.29 .080
BYND 2.00 6 67.36 .174
LIN 1.99 7 324 .042
KMB 1.99 7 132.79 .098
UHAL 1.98 9 723.62 .018
XAIR 1.97 1 14.4 .136
AAME 1.97 5 3.85 2.555
RNXT 1.96 4 6.77 1.156
CELH 1.96 7 65.52 .203
AMD 1.96 19 150.68 .247
COHN 1.95 5 15.85 .615
VMW 1.91 7 117.34 .112
ARVN 1.91 7 76.46 .168
ACIU 1.91 2 5.02 .760
DLTR 1.90 9 134.83 .126
ESTC 1.89 5 118.28 .075
MSGE 1.88 4 67.45 .108
TDG 1.87 4 581.99 .012
COF 1.87 4 143.36 .052
VLO 1.86 4 71.17 .104
DIS 1.86 9 147.2 .108
CI 1.83 5 197.79 .045
ACMR 1.83 5 81.57 .110
KNBE 1.80 7 22.02 .567
AAP 1.79 5 228.76 .035
ROLL 1.78 7 198.92 .056
CERE 1.78 7 32.83 .378
BIDU 1.78 117 148.96 1.287
VRPX 1.77 9 4.16 3.825
RAPT 1.77 7 32.21 .378
DAVA 1.77 4 146.52 .048
HON 1.76 7 204 .056
TSP 1.75 5 37.9 .230
DELL 1.75 7 57.15 .210
TASK 1.74 7 41.34 .294
BFRI 1.74 1 5.25 .331
TMUS 1.73 6 110.36 .090
SQ 1.73 23 192.15 .207
LWAC 1.73 5 16.98 .505
WAVE 1.72 5 6.145 1.395
LAIX 1.72 4 0.7538 9.124
ABNB 1.72 8 169.6 .080
IMPL 1.70 5 8.89 .955
SPG 1.69 7 151.86 .077
NNOX 1.69 5 17.69 .475
KYMR 1.69 2 54.15 .062
BURL 1.68 8 293 .040
ROG 1.67 1 271 .006
AN 1.67 8 126.8 .104
XM 1.66 2 32.83 .100
NMRD 1.66 4 4.45 1.492
VVOS 1.65 6 2.49 3.972
NVOS 1.65 5 1.4 5.890
BBY 1.65 6 103.92 .090
FISV 1.64 6 99.86 .096
CREE 1.64 5 79.12 .100
TRI 1.63 4 120.68 .052
JZXN 1.63 4 1.89 3.448
WYNN 1.62 4 82.29 .076
NVTS 1.62 2 18.52 .174
ISPC 1.61 4 12.81 .500
CLDX 1.61 3 37.61 .126
RBLX 1.60 12 116.92 .156
PLCE 1.60 4 86.17 .072
STMP 1.59 4 329.61 .016
LH 1.59 7 291.27 .035
LHDX 1.58 4 6.51 .968
DNA 1.58 1 10.22 .154
ALC 1.58 2 79.67 .038
RLMD 1.57 4 17.85 .348
KSS 1.57 9 49.89 .279
GH 1.57 8 95.98 .128
CARA 1.57 2 12.89 .242
JD 1.56 7 84.46 .126
DPW 1.56 5 1.63 4.785
TSC 1.55 1 29.82 .051
IRDM 1.55 4 39.32 .156
CRNC 1.55 4 70.63 .084
BLFS 1.55 1 37.12 .041
CPE 1.54 7 47.99 .224
CHCI 1.54 3 4.78 .966
TERN 1.53 4 7.7 .792
SIEB 1.53 5 2.62 2.915
MDT 1.53 6 107.28 .084
DLO 1.53 5 33.71 .225
TSCO 1.52 9 227.65 .054
CLX 1.52 4 166.47 .036
SNOA 1.51 4 4.68 1.288
GRU 1.51 1 4.5217 .333
EA 1.51 4 122.59 .048
AUPH 1.51 7 20.14 .518
ASAN 1.51 13 91 .208
WAFU 1.50 4 4.78 1.252
KTTA 1.49 1 3.35 .444
BCYC 1.49 3 57.53 .075
STT 1.48 3 92.39 .048
ADI 1.48 5 180.63 .040
NURO 1.47 11 7.03 2.299
FGEN 1.47 3 13.76 .318
EDIT 1.47 3 30.03 .144
VCVC 1.46 1 9.85 .148
SFIX 1.46 2 22.95 .126
HTBX 1.46 2 4.17 .700
APP 1.46 9 90.32 .144
SBEA 1.45 2 10.2 .284
EYEG 1.45 1 1.95 .743
BTBT 1.45 10 9.14 1.580
KALV 1.44 8 13.45 .856
LYFT 1.43 5 41.15 .170
LANC 1.43 2 150.28 .018
ATKR 1.43 2 110.07 .024
TTC 1.42 5 102.18 .065
TSN 1.42 4 80.79 .068
IMNM 1.42 4 16.72 .336
CM 1.42 6 107.15 .078
RMBL 1.41 3 39.16 .108
HOOD 1.41 14 24.2 .812
TWTR 1.40 6 42.65 .192
SNA 1.40 4 210.07 .024
JCS 1.40 3 2.9858 1.404
HX 1.40 6 2.54 3.306
CVS 1.40 3 89.99 .045
XLY 1.39 2 203.61 .012
WGO 1.39 2 72.84 .038
VERY 1.39 4 8.29 .668
EOSE 1.39 2 8.99 .308
TNET 1.38 1 98.14 .014
EXPI 1.38 6 35.24 .234
TWST 1.37 7 91.07 .105
LIVE 1.37 3 33.32 .123
ECOM 1.37 1 24.39 .056
CRM 1.37 12 261.2 .060
FATE 1.36 3 52.6 .075
TAOP 1.35 3 2.98 1.359
WNW 1.34 1 2.89 .463
OLN 1.34 1 52.5 .025
CAH 1.34 4 46.81 .112
MOXC 1.33 4 3.91 1.360
J 1.33 4 142.03 .036
GRVY 1.33 7 79.75 .112
FIGS 1.33 6 32.22 .246
COUR 1.32 2 28.72 .090
AEO 1.32 2 26.26 .100
VIH 1.31 1 9.36 .139
SPY 1.31 1 457.4 .002
DOCN 1.31 9 90.47 .126
ABCL 1.31 1 14.83 .088
A 1.31 10 150.99 .080
UHS 1.30 4 121.62 .040
LITE 1.30 3 85.32 .045
JG 1.30 3 1.09 3.576
GWRE 1.30 5 117.18 .055
BNR 1.30 3 12.98 .300
ZIM 1.29 7 54.83 .161
VSCO 1.29 5 53.95 .115
OLLI 1.29 2 62.86 .040
JPM 1.29 14 161.21 .112
ATAI 1.29 2 11.14 .230
APPN 1.29 4 68.89 .072
FRD 1.28 1 10.38 .123
BILI 1.28 23 59.17 .483
YETI 1.27 4 88.93 .056
RHE 1.27 2 5.34 .474
NFE 1.27 1 24.58 .051
HJLI 1.27 1 10.38 .122
DKS 1.27 17 113.91 .187
APXT 1.27 1 12.11 .104
TTWO 1.26 5 161.38 .035
SPCE 1.26 24 15.08 1.992
DOMO 1.26 4 65.15 .076
THCB 1.25 1 10 .125
SPT 1.25 6 102.48 .072
OPAD 1.25 4 6.84 .728
NVDA 1.25 158 321.26 .474
NGM 1.25 2 18.72 .132
CHKP 1.25 6 111.12 .066
BYSI 1.25 5 4.44 1.405
ABSI 1.25 2 10.56 .236
UAL 1.24 2 41.64 .058
SJ 1.24 4 5.73 .864
RSKD 1.24 2 8.87 .278
PBTS 1.24 1 0.7993 1.551
LPX 1.24 3 70.49 .051
LEDS 1.24 3 5.83 .636
EDSA 1.24 1 5.71 .217
CMMB 1.24 2 8.61 .288
BNTC 1.24 3 2.98 1.248
ANPC 1.24 2 1.65 1.502
ALXN 1.24 4 182.5 .024
TAP 1.23 2 45.38 .054
LAW 1.23 3 36.43 .099
JKS 1.23 5 48.56 .125
JBL 1.23 3 59.35 .060
RCUS 1.22 1 44.99 .027
EYES 1.22 6 1.94 3.768
DDL 1.22 2 20.28 .120
BZ 1.22 3 32.5 .111
RTX 1.21 2 81.66 .028
PFGC 1.21 3 41.11 .087
OSAT 1.21 3 3.62 1.002
LYEL 1.21 3 9.51 .381
JNJ 1.21 3 157.09 .021
HGEN 1.21 3 5.98 .606
EAT 1.21 3 35.69 .099
ARAV 1.21 1 3.09 .391
AMC 1.21 57 30.28 2.223
WHLM 1.20 4 4.59 1.044
MMM 1.20 7 170.26 .049
CRIS 1.20 2 4.77 .502
CETX 1.20 1 0.9519 1.260
AMTX 1.20 3 16.55 .216
AKAM 1.20 3 110.95 .030
TVTX 1.19 3 28.08 .126
SGOC 1.19 9 6.2 1.719
MQ 1.18 7 19.26 .427
DFH 1.18 1 17.27 .068
ZEV 1.17 4 6.75 .692
WM 1.17 8 163.74 .056
TDC 1.17 5 42.76 .135
STZ 1.17 4 225.26 .020
SKT 1.17 3 20.49 .171
MVIS 1.17 5 6.9 .845
CLSK 1.17 1 16.02 .073
VOXX 1.16 3 10.37 .333
SIF 1.16 1 8.78 .132
NTAP 1.16 4 90.18 .048
LAZR 1.16 5 15.72 .365
INMD 1.16 2 72 .032
HGSH 1.16 2 2.05 1.130
AMAT 1.16 8 146.49 .056
UPS 1.15 7 199.9 .035
NTRB 1.15 2 6.23 .368
HCWB 1.14 2 2.8 .814
BBLG 1.14 1 3.79 .300
AVIR 1.14 3 8.11 .420
ABT 1.14 7 128.38 .056
VNET 1.13 3 9.68 .348
STG 1.13 1 3.82 .295
PEP 1.13 5 160.62 .035
NUAN 1.13 1 55.09 .020
BTX 1.13 2 5.7 .396
SHEN 1.11 3 25.32 .129
SEMR 1.11 3 19.62 .168
PPSI 1.11 7 8.44 .917
PMCB 1.11 3 2.45 1.359
DXC 1.11 2 30.54 .072
CTRN 1.11 5 80.09 .065
CNET 1.11 1 1.1 1.009
ALLO 1.11 2 19.09 .116
RUN 1.10 5 42.31 .125
OPTT 1.10 1 1.74 .632
MRUS 1.10 3 25.91 .126
JRVR 1.10 3 25.84 .126
XTLB 1.09 2 3.14 .694
SKX 1.09 4 45.03 .096
LIFE 1.09 3 8.06 .405
FOSL 1.09 2 10.86 .200
ALDX 1.09 2 7.33 .296
SCHW 1.08 5 80.12 .065
MTSL 1.08 3 3.37 .960
FCBP 1.08 1 29.1 .037
B 1.08 1 45.24 .023
AZYO 1.08 1 4.7 .229
ALF 1.08 2 3.34 .646
SMLP 1.07 2 30.17 .070
HHR 1.07 9 55.51 .171
FANG 1.07 6 106.43 .060
AXP 1.07 6 156.77 .036
VYGR 1.06 2 2.93 .722
USB 1.06 5 56.6 .090
TGT 1.06 12 245.5 .048
C 1.06 5 63.81 .080
SCR 1.05 5 35.58 .145
PTGX 1.05 3 32.69 .096
PLD 1.05 4 154.42 .024
MNST 1.05 4 82.96 .048
CELC 1.05 3 14.44 .216
PRTA 1.04 9 49.67 .180
OCGN 1.04 12 6.31 1.968
NETE 1.04 2 13.09 .158
LEGN 1.04 6 48.66 .126
KURA 1.04 4 13.52 .304
IPA 1.04 2 5.52 .376
FSTX 1.04 1 5.21 .199
CANF 1.04 1 1.06 .981
TJX 1.03 6 70.25 .084
MARA 1.03 20 49.07 .400
KMPH 1.03 3 8.22 .375
IBM 1.03 9 116.9 .072
BLDR 1.03 2 73.32 .028
RIOT 1.02 5 32.97 .150
MFNC 1.02 2 21.5 .094
GIII 1.02 5 29.4 .170
DAL 1.02 5 36.64 .135
ZCMD 1.01 1 1.9152 .527
OVV 1.01 3 33.92 .087
LL 1.01 1 15.68 .064
FUBO 1.01 3 18.2 .165
EGRX 1.01 2 48.6 .040
CGC 1.01 2 10.36 .194
PINS 1.00 4 37.58 .104
OMER 1.00 1 7.32 .136
MO 1.00 3 43.21 .069
IMAB 1.00 5 57.43 .085
LUV .99 6 45.34 .126
LOGI .99 6 79.29 .072
DKNG .99 6 31.3 .186
ACY .99 19 34.48 .532
TRCH .98 2 4.95 .394
MYGN .98 2 25.53 .076
MCD .98 8 248.8 .024
JWN .98 4 20.56 .188
IMTX .98 4 11.35 .344
HOFV .98 2 1.91 1.026
HD .98 16 407.77 .032
BGFV .97 10 22.45 .430
RRGB .96 2 16.73 .114
HRI .96 4 162.8 .020
FA .96 1 17.39 .055
CYTK .96 5 38.15 .125
AZPN .96 4 145.98 .024
SUPN .95 2 31.18 .060
QDEL .95 4 146.5 .024
BTWN .95 1 9.83 .096
BPTH .95 2 4.35 .436
AGRI .95 5 2.02 2.350
PAYX .94 2 120.65 .014
HAS .94 6 98.67 .054
ENOB .94 5 11.48 .405
TGTX .93 3 16.78 .165
NIU .93 4 20.19 .184
INCY .93 4 66.63 .052
HCM .93 4 32.9 .112
TTD .92 12 95.89 .108
PLUG .92 9 36.42 .225
OKE .92 3 60.69 .045
NKE .92 9 170 .045
LBPH .92 1 5.52 .166
KNL .92 1 25.04 .036
FL .92 4 44.64 .080
YEXT .91 1 9.43 .096
SSY .91 3 1.82 1.500
OTIS .91 5 82.85 .050
AIT .91 2 98.31 .018
XLNX .90 12 218.7 .048
HOG .90 4 37.38 .096
GEG .90 1 1.88 .478
CRTO .90 1 38.88 .023
BBBY .90 16 18.15 .784
SPI .89 4 4.64 .764
BKE .89 6 46.52 .114
ARCE .89 2 19.31 .092
ACHL .89 1 4.89 .182
GMBL .88 2 4.5 .390
GM .87 3 61.02 .042
GDEV .87 3 7.65 .339
DTSS .87 1 1.43 .608
UTHR .86 4 189.29 .016
TTCF .86 2 15.82 .108
KODK .86 2 5.77 .298
GE .86 6 95.23 .054
VMEO .85 2 18.41 .092
SRNE .85 1 5.51 .154
SAFM .85 1 188.22 .004
PG .85 9 147.26 .045
PTIX .84 2 1.72 .976
NLS .84 2 6.87 .244
LEXX .84 3 5 .504
HOL .84 3 12.35 .204
DTST .84 3 3.25 .774
CLII .84 3 14.36 .174
BB .84 11 9.28 .990
APOP .84 5 13.17 .315
TNA .83 5 81.46 .050
ROIV .83 1 8.84 .093
MAXR .83 4 27.51 .120
IRBO .83 1 42.89 .019
CNA .83 1 43.17 .019
BLUW .83 2 9.63 .172
ABBV .83 6 116.87 .042
SANA .82 1 18.37 .044
MNSO .82 1 11.94 .068
KZR .82 2 14.8 .110
FITB .82 3 43.94 .054
SPRT .81 20 11.8 1.360
MBRX .81 2 2.09 .774
ATVI .81 5 57.29 .070
SYPR .80 4 2.6 1.228
MTTR .80 13 28.5 .364
GTEC .80 4 7.15 .444
DD .80 4 75.28 .040
COP .80 7 71.26 .077
BZUN .80 2 14.06 .112
VIR .79 6 45.94 .102
SWI .79 1 14.33 .055
PNRG .79 1 61.25 .012
ERYP .79 4 2.54 1.244
BJ .79 7 64.38 .084
ZY .78 3 8.64 .270
SJM .78 12 127.85 .072
IPHA .78 4 4.74 .656
GNOG .78 1 11.32 .068
CRDF .78 2 5.46 .284
CAI .78 1 56 .013
AA .78 10 44.82 .170
QFIN .77 9 21.99 .315
PLTR .77 2 19.69 .078
OLB .77 3 4.34 .531
LESL .77 1 20.45 .037
FUV .77 2 9.28 .164
ENTX .77 2 3.12 .492
BABA .77 99 122 .594
ALYA .77 4 2.46 1.252
VLDR .76 2 5.1 .298
STX .76 9 105.11 .063
NFLX .76 105 616.47 .105
NBRV .76 1 0.738 1.029
MOS .76 5 34.64 .105
LI .76 6 33.91 .132
IS .76 1 8.4 .090
GROM .76 2 2.05 .740
FLWS .75 4 26.87 .108
SPTN .74 3 24.07 .090
SCKT .74 4 5.2 .568
PTON .74 5 44.45 .080
MS .74 10 98.86 .070
MNOV .74 3 3.14 .705
GTIM .74 1 4.35 .170
GRVI .74 3 4.49 .492
EVOL .74 2 2.32 .636
ATXI .74 1 1.26 .587
VZ .73 2 50.73 .028
VOOV .73 1 144.14 .005
UPC .73 3 1.88 1.164
SQBG .73 2 6.24 .232
SOFI .73 7 16.43 .308
OPNT .73 4 29.6 .096
NVFY .73 3 1.96 1.116
RMED .72 6 1.88 2.292
RETO .72 2 0.7541 1.908
ENSC .72 1 1.38 .521
DEN .72 4 78.4 .036
CRMT .72 9 100.66 .063
BTCM .72 4 7.03 .408
BFLY .72 1 6.92 .104
ARPO .72 1 2.2 .327
ZKIN .71 2 1.87 .758
UBER .71 6 38.12 .108
RFL .71 5 5.69 .620
PALI .71 3 2.08 1.023
TBLA .70 1 9.85 .071
SONO .70 6 31.44 .132
ORGS .70 1 3.11 .225
OCX .70 1 2.29 .305
LEN .70 6 113.11 .036
INTC .70 6 49.5 .084
IGIC .70 3 8.1 .258
GLD .70 11 165.24 .044
DDD .70 12 22.08 .372
CRCT .70 4 24.32 .112
AMKR .70 2 22.31 .062
VRNT .69 5 47.37 .070
SLS .69 4 6.45 .424
FTEK .69 3 1.57 1.317
ASM .69 1 0.816 .845
APRE .69 3 3.9 .528
WMT .68 17 135.47 .085
STEM .68 6 19.66 .204
SM .68 3 28.17 .072
RIDE .68 7 4.14 1.148
PRPL .68 5 10.22 .330
ONCS .68 1 1.2 .566
FB .68 107 310.39 .214
BWAY .68 2 7.87 .172
XONE .67 2 26.7 .050
XLK .67 5 167.94 .015
SKLZ .67 4 8.62 .308
NPTN .67 1 15.17 .044
JRJC .67 3 6.45 .309
FTCH .67 6 34.07 .114
FOE .67 1 21.45 .031
CLNE .67 1 6.66 .100
ACH .67 1 11.86 .056
WFC .66 6 48.91 .078
VIPS .66 1 10.05 .065
CTKB .66 1 19.49 .033
ATNF .66 4 3.86 .680
AMOM .66 1 36.27 .018
TATT .65 3 6.29 .309
STRO .65 2 16.24 .080
PFE .65 10 53.04 .120
PCVX .65 1 20.4 .031
MESO .65 2 5.47 .236
LMNL .65 3 1.11 1.755
IONQ .65 7 21.45 .210
SLGG .64 2 2.98 .428
SDC .64 2 2.99 .428
LZB .64 2 33.95 .036
KO .64 7 53.07 .084
MAT .63 5 21.52 .145
FLOW .63 4 84.2 .028
ULTA .62 1 383.64 .001
M .62 15 27.7 .330
LJPC .62 2 3.69 .336
ISEE .62 4 14.86 .164
CUE .62 1 12.29 .050
BON .62 3 4.95 .375
BCRX .62 10 11.87 .520
ASTR .62 5 10.25 .300
AREC .62 5 1.76 1.760
APG .62 2 23.3 .052
VGR .61 1 15.51 .039
SOS .61 2 1.2 1.016
RY .61 7 100.1 .042
MVST .61 6 8.05 .450
LAC .61 8 34.44 .136
CL .61 4 75.48 .032
BEKE .61 2 18.48 .066
AMBO .61 1 1.15 .530
PSTV .60 1 1.41 .425
EVK .60 6 2.38 1.512
DRN .60 7 25.16 .161
CEMI .60 8 1.91 2.512
AYRO .60 2 2.11 .568
AVCT .60 1 1.48 .405
AMRS .60 1 5.96 .100
NEE .59 5 88.62 .030
BIG .59 2 43.62 .026
YMM .58 2 11.89 .096
XLF .58 2 38.66 .030
WPRT .58 2 2.32 .500
WISH .58 3 3.36 .516
TQQQ .58 138 158.02 .414
STAF .58 2 1.01 1.148
SLB .58 5 29.32 .095
RACE .58 11 262.48 .022
IFRX .58 3 4.83 .360
EQT .58 2 18.55 .062
CSIQ .58 4 35.22 .064
WEI .57 1 0.81 .703
SNAP .57 113 47.91 1.243
SBTX .57 1 7.19 .079
PRFX .57 4 1.69 1.348
ORPH .57 4 2.94 .772
EZFL .57 1 2.32 .245
EVGO .57 7 11.79 .336
DUK .57 5 97.65 .025
CLPS .57 1 2.36 .241
CLPS .57 1 2.36 .241
CLF .57 11 20.13 .308
VTSI .56 4 6.39 .348
UAA .56 4 23.5 .092
T .56 3 23.05 .072
SLV .56 3 20.69 .081
OBLN .56 3 3.05 .549
MTP .56 1 1.3587 .412
LODE .56 3 1.59 1.056
VNE .55 6 35.54 .090
RSI .55 2 16.67 .064
MOSY .55 2 3.84 .286
LOOP .55 5 13.03 .210
HPQ .55 5 37.64 .070
FLXN .55 1 9.12 .060
EOLS .55 1 5.59 .098
WHLR .54 2 1.89 .570
TSM .54 3 121.7 .012
MPC .54 4 63.33 .032
GPS .54 7 16.3 .231
ENZ .54 2 3.36 .320
CHPT .54 3 23.29 .069
ADMA .54 1 1.36 .397
TBIO .53 3 37.36 .042
NIO .53 77 36.2 1.078
MEDS .53 5 2.98 .885
KHC .53 4 33.25 .060
HUYA .53 3 7.38 .213
EQ .53 1 4.75 .111
BBWI .53 6 74.51 .042
SILK .52 7 43.83 .077
RF .52 2 22.63 .044
CCJ .52 10 23.12 .220
ANF .52 3 35.31 .042
RCON .51 2 1.74 .586
OCUP .51 2 3.75 .272
MRVL .51 6 71.03 .042
GFAI .51 2 1.78 .572
DYAI .51 3 3.56 .429
CSCO .51 9 56.15 .081
CPSH .51 1 3.51 .145
TIGR .50 8 5.28 .752
PATI .50 2 9.41 .106
MRK .50 9 73.89 .054
MDIA .50 3 4.94 .303
GRTX .50 3 1.27 1.179
CBAT .50 3 1.88 .795
RKDA .49 1 1.19 .411
PSTG .49 3 31.6 .045
NRBO .49 2 1.49 .656
K .49 10 61.93 .070
IGC .49 3 1.25 1.176
GP .49 3 12.96 .111
GEVO .49 4 5.24 .372
ENLV .49 2 6.65 .146
ECHO .49 1 48.24 .010
ATHM .49 3 31.46 .045
ARMP .49 1 4.91 .099
NNDM .48 3 4.45 .321
KIRK .48 3 15.48 .093
EPU .48 3 28.1 .051
TRIL .47 1 18.44 .025
TLRY .47 4 9.54 .196
SOHU .47 6 16.24 .168
EXPR .47 5 3.88 .605
DARE .47 1 1.69 .278
BODY .47 2 2.46 .382
BAC .47 6 44.89 .060
XPEV .46 84 48.29 .756
UFAB .46 2 2.15 .426
NTEC .46 4 9.63 .188
MARK .46 4 1.19 1.544
KBSF .46 2 3.05 .300
GURE .46 1 5.27 .087
GIS .46 7 62.86 .049
EQOS .46 1 3.93 .117
CVV .46 2 4.38 .210
CROX .46 9 166.15 .018
CONE .46 1 89.16 .005
BCLI .46 1 3.48 .132
ABUS .46 4 4.31 .424
VERU .45 4 6.95 .256
TYME .45 4 0.79 2.276
TME .45 1 6.87 .065
ONCT .45 2 2.87 .312
ON .45 10 62.54 .070
CCL .45 5 17.89 .125
APT .45 1 5.91 .076
ADIL .45 2 2.68 .334
XLV .44 6 130.13 .018
WORX .44 4 1.41 1.248
STN .44 3 54.85 .024
NNVC .44 3 4.55 .288
GALT .44 3 2.45 .537
FFHL .44 2 8.5 .102
ERF .44 1 9.47 .046
DWSN .44 2 2.33 .376
ACI .44 10 35.98 .120
WOOF .43 3 19.23 .066
QCOM .43 12 177.03 .024
HOLI .43 1 14.85 .028
GAME .43 1 4.39 .097
EVGN .43 1 1.92 .223
CAN .43 4 8.51 .200
ATIF .43 1 3.33 .129
AFMD .43 2 6.58 .130
MU .42 8 82.88 .040
HRC .42 6 155.76 .012
DNUT .42 7 14.17 .203
DBGI .42 5 2.46 .850
CTSO .42 4 4.75 .352
ARMK .42 4 33.77 .048
SRNG .41 1 11.42 .035
RKT .41 2 15.89 .050
PDCO .41 4 29.78 .052
KZIA .41 2 10.01 .080
HNST .41 3 8.16 .150
GTT .41 1 2.36 .173
FCX .41 24 37.1 .264
BLIN .41 8 2.67 1.224
AUUD .41 7 1.98 1.449
ACOR .41 4 2.61 .628
YJ .40 2 0.8605 .928
LIZI .40 4 1.97 .812
FBRX .40 1 2.42 .165
DUOT .40 1 4.35 .091
CTIB .40 5 1.41 1.415
CHRA .40 1 4.56 .087
MSFT .39 113 329.49 .113
LC .39 10 31.4 .120
IYC .39 4 82.45 .016
CSCW .39 2 0.5026 1.550
CRTD .39 7 2.26 1.204
AQMS .39 3 1.51 .774
XOM .38 10 61.28 .060
SBH .38 3 19.51 .057
OVID .38 2 3.24 .234
OTLK .38 2 1.38 .550
MRTN .38 3 16.36 .069
GPK .38 2 19.97 .038
CIEN .38 20 61.68 .120
ANY .38 19 4.33 1.653
ANIX .38 1 3.22 .118
VTNR .37 10 4.69 .780
UONE .37 7 4.82 .532
HUGE .37 1 1.27 .291
CHMA .37 2 3.76 .196
UAVS .36 3 2.1 .513
ORCL .36 35 89.99 .140
MRKR .36 1 1.13 .318
MITQ .36 1 1.99 .180
JFIN .36 2 2.99 .240
IDEX .36 4 1.48 .972
GOVX .36 7 3.92 .637
GNLN .36 2 1.16 .620
BNGO .36 12 3.71 1.164
AKTX .36 1 1.59 .226
ADMP .36 1 0.7307 .492
ACB .36 3 6.14 .174
VXX .35 4 25.72 .052
ORGO .35 2 9.62 .072
LMFA .35 5 4.95 .350
ERJ .35 9 13.8 .225
CLSD .35 3 3.28 .318
CIFR .35 3 7.59 .138
BSQR .35 13 1.91 2.379
AESE .35 1 1.9 .184
XLE .34 8 55.58 .048
XELB .34 2 1.28 .530
TRIT .34 5 3.9 .435
TESS .34 2 5.28 .128
SSNT .34 2 4.52 .150
PHUN .34 13 3.5 1.261
PBR .34 9 10.47 .288
ME .34 6 8 .252
HWCC .34 1 5.3 .064
CYTH .34 1 4.99 .068
IMMR .33 6 5.93 .330
HNP .33 2 17.87 .036
GTS .33 1 35.48 .009
BHTG .33 1 0.8411 .392
WATT .32 2 1.5 .426
TAL .32 2 5.01 .126
SPCB .32 2 0.6266 1.020
SGBX .32 3 2.19 .438
MINM .32 2 1.34 .476
CPIX .32 3 4.22 .225
AAPL .32 109 163.76 .109
AAL .32 9 17.42 .162
WINT .31 3 1.63 .570
ULBI .31 2 5.1 .120
SCYX .31 4 6.67 .184
NKLA .31 15 9.88 .465
HRL .31 7 41.96 .049
HMHC .31 2 15.59 .038
DMAC .31 2 3.55 .174
AEY .31 1 1.84 .168
OXBR .30 5 4.41 .340
LGHL .30 4 1.88 .636
KR .30 17 44.65 .102
HAPP .30 1 0.6687 .448
GT .30 5 20.88 .070
ENG .30 3 1.7 .528
BBIG .30 21 2.84 2.205
AUTL .30 3 6.21 .144
XLP .29 6 70.69 .024
UWMC .29 3 7.15 .120
NEXT .29 4 3.1 .372
HUSN .29 4 2.14 .540
ALTO .29 5 5.12 .280
MITO .28 1 0.8383 .334
FLO .28 6 25.46 .060
CLOV .28 2 4.5 .124
BP .28 4 27.06 .040
APTO .28 4 2.09 .532
WIMI .27 4 3.7 .288
RSLS .27 4 1.78 .604
ORMP .27 16 17.52 .240
NAOV .27 11 1.04 2.849
MGTX .27 1 18.52 .014
GSM .27 7 6.22 .301
FENC .27 2 4.25 .126
ENVB .27 3 1.26 .642
VIVE .26 2 1.44 .360
PPBT .26 1 3.78 .068
PME .26 1 0.9 .288
JQUA .26 1 43.57 .005
AXLA .26 2 2.73 .190
AGNC .26 3 15.46 .048
VCLO .25 1 17.26 .014
PBLA .25 1 1.76 .142
HIPO .25 2 3.41 .146
RVI .24 2 6.14 .078
RAIL .24 4 3.67 .260
PLG .24 3 2 .360
MOGO .24 4 4.82 .196
IKT .24 1 1.77 .135
GBR .24 1 2.72 .088
PIRS .23 7 3.3 .483
OCG .23 4 4.1 .224
THTX .22 1 3.14 .070
SSKN .22 1 1.47 .149
SPWH .22 3 16.94 .036
JFU .22 3 1.18 .558
INOV .22 2 41.06 .010
FFIE .22 2 6.58 .066
DYNT .22 5 1.04 1.055
BIOC .22 4 3.91 .224
VIEW .21 1 4.02 .052
VBLT .21 3 2.26 .276
TENX .21 1 1.18 .177
ATOS .21 5 2.1 .500
ALAC .21 2 11.6201 .036
SALM .20 4 2.89 .276
ENSV .20 1 0.9471 .211
NBEV .19 1 1.19 .159
MOMO .19 3 9.65 .057
LTHM .19 14 28.88 .084
FLGC .19 6 2.01 .564
COTY .19 8 9.67 .152
BKYI .19 2 2.39 .158
BGI .19 3 4.45 .126
AEHR .19 29 15.61 .348
VSH .18 3 20.79 .024
OBSV .18 5 2.11 .425
IRIX .18 4 6.11 .116
FCEL .18 130 8.15 2.860
BLNK .18 14 36.33 .056
AZN .18 15 54.79 .045
YPF .17 2 3.96 .084
TISI .17 1 1.31 .129
PPC .17 2 28.06 .012
PETZ .17 4 4.67 .144
LIVX .17 2 3.07 .110
KXIN .17 6 1.68 .606
GMTX .17 1 2.61 .065
D .17 9 71.84 .018
SNES .16 2 1.12 .284
INFI .16 4 2.02 .316
IMMP .16 7 3.36 .329
HFBL .16 1 19.75 .008
GGAL .16 4 9.53 .064
ZNGA .15 4 5.77 .100
IMV .15 2 1.49 .200
GSKY .15 2 11.55 .024
GRUB .15 3 12.13 .036
CREX .15 1 1.62 .092
CHNG .15 2 20.77 .014
SYKE .14 3 54 .006
OEG .14 1 2.34 .059
NXTP .14 1 0.9813 .142
INM .14 1 1.49 .093
IEC .14 1 15.34 .009
EDU .14 1 2.06 .067
TTM .13 11 31.97 .044
SVBI .13 1 13.63 .009
OSMT .13 4 1.21 .428
LMRK .13 1 16.26 .007
KULR .13 5 3.22 .200
GENE .13 3 2.21 .174
VERB .12 8 1.5 .640
SSL .12 17 17.61 .102
SBBP .12 2 2 .120
PSTX .12 1 7.22 .016
MRO .12 18 15.58 .126
HDGE .12 3 25.42 .012
GSAT .12 2 1.4 .170
CRON .12 5 4.4 .135
CHNR .12 4 0.8617 .556
UNIT .11 3 13.43 .024
TELL .11 9 3.21 .306
SNMP .11 2 0.6902 .318
MOHO .11 3 0.4688 .702
GBS .11 1 1.92 .057
FENG .11 2 1.05 .208
FAST .11 6 59.66 .006
EKSO .11 2 3.21 .068
CSPR .11 1 6.47 .017
CALA .11 1 0.798 .137
ACHV .11 2 7.1 .030
SWN .10 3 4.49 .066
SLHG .10 1 1.47 .068
RRD .10 7 10.63 .063
RCAT .10 2 2.12 .094
RAVN .10 3 58.08 .003
KDMN .10 4 9.5 .040
EDTK .10 2 1.17 .170
CNFR .10 2 2.27 .088
AGEN .10 12 3.02 .396
XPDI .09 13 13.32 .078
XELA .09 7 1.18 .532
WTER .09 2 1.21 .148
TEDU .09 2 0.7 .256
TAAG .09 1 20.9494 .004
SELF .09 1 5.3 .016
SBS .09 9 6.55 .117
RIG .09 6 2.92 .180
PRPO .09 3 1.89 .141
CPG .09 6 4.38 .120
AEMD .09 3 2.36 .114
AEI .09 2 1.09 .164
TEO .08 2 4.99 .032
MTL .08 13 3.02 .338
MFGP .08 5 4.72 .080
MBII .08 1 0.7249 .110
ET .08 5 8.32 .045
CLDR .08 1 15.99 .005
BQ .08 2 1.36 .116
OCG .07 13 4.1 .221
NEPT .07 2 0.445 .314
ITRO .07 1 1.27 .055
ITRN .07 3 25.96 .006
DBVT .07 11 2.81 .264
CPLG .07 1 15.35 .004
ALZN .07 1 2.02 .034
XBIO .06 8 1.34 .352
VSTM .06 2 2.6 .046
OXY .06 31 29.65 .062
ESXB .06 2 11.77 .010
ENIC .06 1 2.07 .028
ADMS .06 2 8.22 .014
ULTA .05 12 383.64 0
MDNA .05 8 1.74 .224
FRO .05 13 6.84 .091
FRBK .05 1 3.4 .014
PSP .04 3 15.72 .006
PBT .04 2 9.02 .008
NOK .04 6 5.74 .036
IRCP .04 4 2.42 .064
CXP .04 1 19.22 .002
CDEV .04 4 5.84 .024
AVGR .04 7 0.5502 .504
VTGN .03 5 1.8 .080
VCAR .03 1 16.23 .001
SNDL .03 1 0.592 .050
SLVO .03 4 4.96 .024
SIC .03 1 14.49 .002
RTLR .02 9 10.91 .009
NWHM .02 1 8.99 .002
KIN .02 2 9.25 .004
EIC .02 2 17.6 .002
DSE .02 1 9.49 .002
PMD .01 1 7.2604 .001
INFL .01 2 29.74 0
IACB .01 3 7.95 .003
DFP .01 3 27.65 0
BEST .01 3 0.9753 .030
WMPN 0 4 12.1 0
VALN 0 2 62.88 0
QQC 0 2 32.9608 0
QADB 0 4 87.54 0
PAE 0 1 9.89 0
ONON 0 1 51.42 0
NLSP 0 1 1.64 0
LHAA 0 1 9.79 0
HWBK 0 1 24.2 0
EPAY 0 1 45.32 0
DVD 0 1 3.61 0
APWC 0 1 2.99 0
NSYS -.12 1 10.9013 -.011
