NSYS -.12 1 12.8
EIC -.08 1 16.24
BIDU -.07 115 165.18
FCEL -.02 126 6.37
RTLR -.01 7 10.94
202PENN %:
BILI 0 21 84.56
WMPN 0 4 12.16
INFL .01 2 30.27
PMD .01 1 7.75
SLVO .01 2 5.51
BEST .02 2 1.06
BLNK .02 11 32.94
DSE .02 1 9.49
FB .02 100 382.05
IACB .02 2 9.84
KIN .02 2 9.25
NWHM .02 1 8.97
DFP .03 1 29.39
FB .03 93 382.05
SIC .03 1 14.3
SNDL .03 1 0.76
VCAR .03 1 12.1883
AVGR .04 7 0.8921
GMTX .04 1 5.08
PBT .04 2 5.25
SHOP .04 88 1539.03
VTGN .04 3 3.06
WYNN .04 4 96.15
CNFR .05 2 3.91
FRBK .05 1 3.35
SELF .05 1 5.4
ULTA .05 12 388.74
ITRO .06 1 1.27
PSP .06 2 16.38
WYNN .06 3 96.15
ITRN .07 3 26.1
NEPT .07 2 0.6471
BQ .08 2 2.76
CLDR .08 1 15.93
CRON .08 4 6.92
MARK .08 2 1.16
MBII .08 1 1.2
MDNA .08 7 2.39
AEI .09 2 2.02
FRO .09 3 7.62
NOK .09 2 6.12
PRPO .09 3 3.31
TEDU .09 2 1.61
WTER .09 2 1.79
AEMD .10 2 3.71
EDTK .10 2 1.6
MSFT .10 107 301.83
SLHG .10 1 2.9712
XLK .10 3 158.9
CALA .11 1 2.42
FENG .11 2 1.26
GBS .11 1 3.77
MOHO .11 3 0.7155
SNMP .11 2 1.06
VERB .11 6 2.04
CHNR .12 4 1.28
PSTX .12 1 8.55
RIG .12 2 3.5
SBBP .12 2 2.26
ESXB .13 1 11.18
LMRK .13 1 16.21
SVBI .13 1 12.4
EDU .14 1 2.35
IEC .14 1 15.305
INM .14 1 2.34
OEG .14 1 3.04
SYKE .14 3 54
CHNG .15 2 22.06
GRUB .15 3 18.25
IMV .15 2 1.72
HFBL .16 1 18.42
INFI .16 4 3.59
RAVN .16 2 58.1
SNES .16 2 1.68
IRCP .17 1 2.97
LIVX .17 2 2.94
MRO .17 6 11.26
PPC .17 2 27.98
DBVT .18 3 5.6
ET .18 2 9.11
OSMT .18 3 3.7
TELL .18 5 3.05
AGEN .19 4 6.19
NBEV .19 1 2.27
EKSO .20 1 4.78
ENSV .20 1 1.25
PHUN .20 5 1.11
ZNGA .20 2 8.11
ALAC .21 2 11.2455
KXIN .21 5 3.16
SBS .21 1 7.08
TENX .21 1 1.62
VIEW .21 1 5.1
XELA .21 6 2.57
DYNT .22 5 1.34
GENE .22 2 3.38
JFU .22 3 1.91
OXY .22 22 25.08
SSKN .22 1 1.4
THTX .22 1 3.66
ACHV .23 1 8.19
MOGO .23 3 5.54
GBR .24 1 4.03
GEVO .24 3 6.15
IKT .24 1 2.42
RAIL .24 4 5.25
PBLA .25 1 2.4
ATOS .26 4 3.76
NKLA .26 14 10.76
PME .26 1 0.683
PPBT .26 1 5
NAOV .27 11 2.66
SSL .27 3 15.4
ALTO .28 3 4.91
IMMR .28 2 7.53
MITO .28 1 1.29
AXLA .29 1 3.53
HUSN .29 4 2.79
HAPP .30 1 1.16
AEY .31 1 2.71
DMAC .31 2 4.29
FENC .31 1 7.86
PIRS .31 5 5.41
ULBI .31 2 8.24
WINT .31 3 1.98
BKYI .32 1 3.16
IMMP .32 3 4.07
MINM .32 2 2.19
SPCB .32 2 1.2
TAL .32 2 5.32
VBLT .32 2 2.34
BHTG .33 1 1.43
GTS .33 1 35.53
LMFA .33 4 5.05
AZN .34 6 58.72
HWCC .34 1 5.24
XELB .34 2 1.82
CLSD .35 3 6.71
IRIX .35 3 7.16
MFGP .35 1 6
ACB .36 3 7.2
ADMP .36 1 1.11
AGNC .36 2 16.18
AKTX .36 1 1.87
BNGO .36 11 5.89
BSQR .36 12 2.6
IDEX .36 4 2.41
JFIN .36 2 4.46
MRKR .36 1 1.96
CHMA .37 2 3.76
GPK .37 1 18.91
HNST .37 1 13.83
HUGE .37 1 1.79
AAL .38 8 19.64
ANIX .38 1 5.31
MRTN .38 3 15.37
OVID .38 2 3.56
BLUW .39 1 7.32
CSCW .39 2 1
MDIA .39 2 8.49
MOMO .39 1 12.92
OXBR .39 4 3.21
AAPL .40 105 152.51
CHRA .40 1 4.69
DUOT .40 1 6.3837
GE .40 4 103.66
LIZI .40 4 4.25
RRD .40 2 4.89
YJ .40 2 0.8392
ACOR .41 4 4.37
ASTR .41 3 11.66
CTSO .41 3 9.66
GTT .41 1 2.36
VSH .41 2 22.71
OBSV .42 2 3.04
AQMS .43 2 2.27
ATIF .43 1 3.73
CAN .43 4 9.15
EVGN .43 1 3.02
FCX .43 16 35.89
ENVB .44 1 2.1
FFHL .44 2 9.5
GALT .44 3 3.9
WORX .44 4 2.8
ADIL .45 2 4.13
BLIN .45 7 5.06
BTCM .45 3 9.35
ME .45 1 8.74
ONCT .45 2 4.42
TME .45 1 8.92
TYME .45 4 1.12
BCLI .46 1 3.55
CIEN .46 16 56.88
CVV .46 2 5.24
GURE .46 1 4.1595
INOV .46 1 36.87
KBSF .46 2 4.15
NTEC .46 4 9.63
UFAB .46 2 2.84
VXX .46 3 24.82
BGI .47 1 2.85
D .47 6 78.98
DARE .47 1 1.75
TRIL .47 1 17.39
DBGI .48 3 3.03
NEXT .48 2 3.29
NIO .48 75 39.08
NNDM .48 3 6.33
PBR .48 3 10.77
XOM .48 5 53.77
XPEV .48 79 40.78
ARMP .49 1 3.63
IGC .49 3 1.61
NRBO .49 2 4.17
RKDA .49 1 2.31
NKE .50 7 164.56
AUTL .51 1 7.15
CPSH .51 1 5.94
DYAI .51 3 6.21
KR .51 9 45.74
VTNR .51 6 7.42
XBIO .51 7 2.91
FLO .52 2 24.65
HRL .52 3 45.67
KULR .52 1 2.15
TLRY .52 3 13.57
VIVE .52 1 2.59
ENG .53 2 2.1
EQ .53 1 6.03
HUYA .53 3 11.28
MEDS .53 5 5.14
TBIO .53 3 37.52
ADMA .54 1 1.33
ENZ .54 2 3.71
WHLR .54 2 3.39
APTO .55 2 2.9
EOLS .55 1 10.33
EVGO .55 1 12.44
UWMC .55 1 7.46
VNE .55 6 36.38
ARMK .56 3 35.02
CLOV .56 1 8.47
CLPS .56 1 3.39
CLPS .56 1 3.39
INTC .56 5 53.67
KO .56 5 56.47
MTP .56 1 1.82
OBLN .56 3 3.05
SBH .56 2 18.53
T .56 3 27.19
TQQQ .57 129 150.31
WEI .57 1 0.9
EPU .58 2 26.64
LTHM .58 4 25.49
STAF .58 2 2.11
TRIT .58 3 5.31
WISH .58 3 7.38
WPRT .58 2 3.95
BIG .59 2 48.46
UONE .59 3 7.75
VERU .59 3 8.89
AMRS .60 1 14.86
AVCT .60 1 4.23
EVK .60 6 3.08
PSTV .60 1 1.9
AMBO .61 1 1.59
BIOC .61 1 3.67
CL .61 3 78.33
GNLN .61 1 2.47
MRVL .61 5 60.72
PLG .61 1 2.6
SNAP .61 110 74.17
SOS .61 2 2.86
SPWH .61 1 17.88
LJPC .62 2 4.05
ULTA .62 1 388.74
CCL .63 4 23.51
DNUT .63 3 16.85
XLP .63 1 72.64
ACY .64 16 27.34
ANY .64 6 6.63
CTIB .64 3 2.15
FLGC .64 2 9.32
GPS .64 5 26.45
LZB .64 2 34.29
M .64 5 22.54
TESS .64 1 6.2
AUUD .65 4 2.97
LMNL .65 3 2.63
OLB .65 1 4.18
PCVX .65 1 26.92
PDCO .65 2 30.11
SOHU .65 4 24.24
STRO .65 2 22.38
TATT .65 3 5.89
AMOM .66 1 37.0579
CRTD .66 3 3.39
ERJ .66 1 15.28
RETO .66 1 0.9402
SSNT .66 1 7.19
TIGR .66 5 14.63
VIPS .66 1 14.26
ACI .67 3 30.18
BODY .67 1 7.56
CLNE .67 1 7.92
FOE .67 1 20.97
WMT .67 14 147.78
XONE .67 2 24.61
ONCS .68 1 2.34
ASM .69 1 1.03
BEKE .69 1 20.52
WIMI .69 1 4.23
AEHR .70 9 7.05
CBAT .70 2 3.12
JRJC .70 1 4.53
NKE .70 5 164.56
OCX .70 1 4.16
ORGS .70 1 5.21
PRPL .70 3 27.32
SONO .70 4 40.51
TBLA .70 1 9.85
ZKIN .71 2 3.75
AREC .72 4 2.23
ARPO .72 1 2.2
ENSC .72 1 3.11
MRK .72 2 16.16
NVFY .73 3 2.31
ORMP .73 8 20.19
ORPH .73 3 5.11
UPC .73 3 2.4
VOOV .73 1 145.98
VZ .73 2 55.96
ATXI .74 1 1.8
FUBO .74 2 29.56
GRVI .74 3 5.81
GTIM .74 1 5.34
MQ .74 1 29.22
PSTG .74 2 25.97
SHOP .74 5 1539.03
GP .75 2 15.19
APG .76 1 22.92
NBRV .76 1 1.08
WOOF .76 1 21.52
EXPR .77 3 5.77
PLTR .77 2 26.2
WATT .77 1 2.44
CAI .78 1 55.99
GNOG .78 1 22.01
HX .78 1 1.82
K .78 5 63.29
OTLK .78 1 2.66
VVOS .78 4 5.06
ZY .78 3 10.33
BP .79 1 25.64
MU .79 4 73.72
PNRG .79 1 50
SCYX .79 1 6.36
SWI .79 1 10.88
COTY .80 2 9.73
GMBL .80 1 8.8
CLF .81 5 24.03
FITB .82 3 38.47
MNSO .82 1 16.96
SANA .82 1 23.14
CNA .83 1 43.9
CSCO .83 5 59.04
IRBO .83 1 45.2
LUV .83 3 49.55
SPRT .83 15 24.1
UAVS .83 1 3.45
UUU .83 2 6.25
BB .84 11 11.68
PTIX .84 2 2.09
RKT .84 1 19.21
ABBV .85 3 112.27
CRTO .85 1 36.5
HNP .85 1 19.47
RIDE .85 5 6.5
SAFM .85 1 193.28
SRNE .85 1
ATHM .86 2 40.22
RF .86 1 19.1
VLDR .86 1 6.73
AFMD .87 1 7.15
BABA .87 94 173.28
DTSS .87 1 2.12
GLD .87 5 169.7
HPQ .88 3 29.22
ACHL .89 1 6.81
CEMI .89 6 2.7
PLUG .89 8 26.93
YMM .89 1 17.95
GEG .90 1 2.34
NFLX .90 99 582.07
WFC .91 4 43.13
KNL .92 1 25.04
LBPH .92 1 9.61
MO .93 2 12.92
CGC .94 1 19.19
BTWN .95 1 9.81
DWSN .96 1 1.98
FA .96 1 22.05
SKLZ .97 3 12.21
UAA .97 2 23.83
HOFV .98 2 3.35
TRCH .98 2 9.88
BGFV .99 5 32.03
EGRX 1.01 2 47.73
LL 1.01 1 97.33
MVST 1.01 4 9.08
RCON 1.01 1 3.28
ZCMD 1.01 1 1.69
FAST 1.02 1 53.15
ALYA 1.03 3 2.84
AMKR 1.03 1 23.53
BJ 1.03 5 56.65
COP 1.03 5 54.65
FTEK 1.03 2 1.85
ALLO 1.04 1 24.78
CANF 1.04 1 1.845
FSTX 1.04 1 7.71
IPA 1.04 2 7.31
OCUP 1.04 1 5.28
NETE 1.05 1 9.9
LC 1.07 4 31.12
TTCF 1.07 1 17.03
XLE 1.07 3 47.69
ALF 1.08 2 8.71
AZYO 1.08 1 8.175
B 1.08 1 47.09
BAC 1.08 3 37.85
FCBP 1.08 1 29.1
MTSL 1.08 3 3.37
RSLS 1.08 1 3.34
SLB 1.08 1 28.43
ATAI 1.09 1 16.83
DDD 1.09 8 31.85
GT 1.09 1 16.16
HD 1.09 9 323.64
OPTT 1.10 1 2.21
BCRX 1.11 5 16.15
CNET 1.11 1 1.44
PMCB 1.11 3 3.45
TGTX 1.11 1 29.46
BZUN 1.12 1 19.14
MNOV 1.12 2 4.13
QFIN 1.12 6 23.7
RY 1.12 2 105.72
ABSI 1.13 1 22.26
NUAN 1.13 1 55.05
STG 1.13 1 6.66
VNET 1.13 3 20.79
DAL 1.14 4 38.52
MARA 1.14 7 41.18
HGSH 1.16 2 1.8
SIF 1.16 1 8.4
CLSK 1.17 1 11.69
NIU 1.17 3 24.33
AYRO 1.18 1 4.05
DFH 1.18 1 20.98
GRTX 1.18 1 8.24
GRU 1.18 0 4.3001
GRU 1.18 1 4.3001
PFE 1.18 3 46.04
QCOM 1.18 7 146.45
JWN 1.19 3 28.41
PALI 1.19 2 2.67
AMTX 1.20 3 11.75
CETX 1.20 1 1.26
CRIS 1.20 2 8.77
JPM 1.20 12 159.72
MAXR 1.20 3 31.97
STEM 1.20 4 25.22
ARAV 1.21 1 4.21
BBBY 1.22 12 27.74
EYES 1.22 6 3.79
RCUS 1.22 1 31.55
C 1.23 4 151.7
TAP 1.23 2 86.98
ANPC 1.24 2 3.5
CMMB 1.24 2 14.34
EDSA 1.24 1 6.12
HCM 1.24 3 40.62
PBTS 1.24 1 1.47
NNVC 1.25 1 3.92
THCB 1.25 1 10
HHR 1.26 1 42.84
MESO 1.26 1 6.05
SLGG 1.26 1 4.17
APXT 1.27 1 12.11
HJLI 1.27 1 7.76
RHE 1.27 2 10.92
XLV 1.27 1 135.25
FRD 1.28 1 12.23
LEN 1.28 3 108.59
MAT 1.28 2 21.54
RUN 1.28 3 47
AA 1.30 2 23.83
SJM 1.30 6 122.35
SPY 1.31 1 451.8
VIH 1.31 1 9.95
HOG 1.32 2 40.12
SLV 1.32 1 22.37
AMC 1.33 52 43.69
NLS 1.33 1 13.62
WNW 1.34 1 5.05
BWAY 1.35 1 7.97
TAOP 1.35 3 3.33
ATNF 1.36 2 6.61
ECOM 1.37 1 26.04
LIVE 1.37 3 48.99
NVDA 1.38 136 224.41
TNET 1.38 1 79.86
COUR 1.39 1 40.91
EOSE 1.39 2 13.61
ERYP 1.39 2 6.47
CVS 1.40 3 85.71
AVIR 1.41 1 25.0
SCHW 1.41 2 73.2
ATVI 1.42 3 82.3
GM 1.42 1 52.85
SCKT 1.43 3 6.71
SNOA 1.43 3 6.25
BPTH 1.44 1 5.55
EVOL 1.45 1 2.22
EYEG 1.45 1 1.85
PINS 1.45 3 56.99
LGHL 1.46 1 1.49
SPCE 1.46 19 26.79
VCVC 1.46 1 9.85
JNJ 1.48 2 173.74
SGOC 1.48 8 9.17
ZEV 1.49 3 8.91
DG 1.50 3 222.69
ENLV 1.50 1 12.3
SUPN 1.50 1 27.8
UAL 1.50 1 46.19
JKS 1.51 1 51.62
GIS 1.53 1 60.91
FUV 1.54 1 11.04
HGEN 1.54 2 16.71
SSY 1.54 2 2.65
ENTX 1.55 1 5.16
PAYX 1.56 1 113.62
SPTN 1.56 1 21.52
CARA 1.57 2 16.06
CNC 1.57 1 70.47
GTEC 1.57 2 6.68
RIOT 1.57 2 32.89
CELC 1.58 2 22.1
FISV 1.58 5 118.34
A 1.59 5 175.45
BZ 1.59 1 34.13
WHLM 1.59 3 6.26
MBRX 1.60 1 3.09
RMED 1.60 3 3.14
SPI 1.60 2 5.32
USB 1.60 3 57.13
CRCT 1.61 1 40.58
TMUS 1.61 2 137.74
IYC 1.62 1 79.94
MOS 1.62 1 31.27
BBIG 1.63 9 9.42
JZXN 1.63 4 3.35
KYMR 1.63 1
LODE 1.63 1 3
CAH 1.64 3 50.63
CRM 1.64 9 268.32
HRC 1.64 1 145.06
KMX 1.64 1 127.34
MMM 1.64 4 193.44
FLOW 1.65 3 80.83
SYPR 1.65 2 3.72
MPC 1.66 1 54.55
TWTR 1.66 2 68.65
MYGN 1.67 1 34.8
APOP 1.70 1 5.15
BLDR 1.70 1 47.31
ENOB 1.70 3 7.5
LYFT 1.70 3 48.37
VMEO 1.70 1 35.94
CHKP 1.71 4 125.09
IMTX 1.72 2 13.67
KODK 1.72 1 7.16
PG 1.72 4 143.84
CSIQ 1.74 1 37.41
VOXX 1.74 2 11.02
TTC 1.75 3 108.48
ARCE 1.78 1 24.04
ANF 1.79 1 35.78
DIS 1.79 6 183.48
OKE 1.82 1 51.72
OSAT 1.82 2 5.97
AIT 1.83 1 89.31
DKNG 1.84 2 60.21
DUK 1.84 1 107.72
ON 1.84 1 104.35
HOOD 1.85 12 44.57
AEO 1.87 1 30.05
AESE 1.87 0 1.99
AESE 1.87 1 1.99
LEDS 1.87 2 10.01
FTCH 1.88 1 38.67
ZIM 1.89 1 45.51
SILK 1.90 2 60.17
NEE 1.91 1 77.22
LEGN 1.93 3 49.0
RRGB 1.93 1 20.52
LI 1.94 2 30.47
NGM 1.94 1 20.95
BNR 1.96 2 19.16
JG 1.96 2 2.05
VTSI 1.97 1 8.33
DD 1.98 1 97.71
KSS 1.99 5 57.35
IBM 2.00 4 139.3
MRIN 2.01 5 6.35
APRE 2.02 1 4.73
FLWS 2.02 2 30.4
JD 2.03 3 76.25
VLO 2.03 2 66.35
BTX 2.04 1 12.12
MFNC 2.04 1 21.21
ALDX 2.06 1 9.51
BON 2.06 1 10.595
ROST 2.06 4 117.53
DELL 2.08 5 96.75
WM 2.10 2 226.16
BBWI 2.11 2 66.24
IGIC 2.12 1 9.31
INCY 2.13 1 77.95
EXPI 2.14 3 49.255
STMP 2.14 3 328.83
SMLP 2.15 1 34
MDT 2.17 4 134.17
TSN 2.17 2 78.35
XTLB 2.18 1 4.77
DXC 2.19 1 38.72
BTBT 2.20 6 12.63
OSTK 2.20 6 71.95
AMD 2.21 7 109.99
FGEN 2.21 2 12.39
CHGG 2.22 1 85.0
LMT 2.22 8 356.66
STT 2.22 2 79.72
TJX 2.22 3 72.08
TSP 2.22 4 44.39
DKS 2.23 3 143.7
DLTR 2.23 2 89.99
RTX 2.23 1 88.2
SQ 2.23 21 268.25
SQBG 2.23 0 7.86
IWM 2.25 3 226.16
ATKR 2.27 1 83.82
PRFX 2.29 1 3.01
AGRI 2.32 1 5.53
CYTK 2.32 2 33.02
SKX 2.32 1 54.16
UPS 2.33 5 196.4
GIII 2.35 2 32.56
PATI 2.38 1 12.5594
PATI 2.38 1 12.5594
PLD 2.38 2 128.07
CM 2.39 2 115.99
AVXL 2.41 5 20.22
AMAT 2.42 3 133.46
PYPL 2.42 4 286.75
QADB 2.42 0 86.56
TGT 2.44 7 246.37
CRNC 2.46 2 116.64
BBY 2.48 4 116.78
LOGI 2.48 2 107.98
ALXN 2.49 2 182.5
LEXX 2.49 1 6.21
HOL 2.52 1 12.35
JBL 2.52 1 61.09
NTAP 2.52 2 86.98
CLII 2.53 1 14.36
DDL 2.53 1 26.14
FL 2.53 1 58.17
LPX 2.53 1 55.27
DEN 2.54 1 70.22
TTD 2.55 5 79.51
BYSI 2.56 1 28.48
RMBL 2.58 1 36.44
GS 2.60 6 413.66
DPW 2.61 3 2.56
DTST 2.61 1 3.92
NCTY 2.63 5 15.49
PEP 2.63 1 153.0
XBI 2.65 4 135.08
KNBE 2.69 4 23.88
AKAM 2.70 1 112.41
MVIS 2.70 2 14.5
NXPI 2.70 3 211.5
TNA 2.70 2 93.19
MNST 2.74 1 97.8
PFGC 2.74 1 42.96
SLS 2.74 1 9.37
ABT 2.75 2 127.4
IRDM 2.75 2 45.93
MOXC 2.78 2 7.49
WAFU 2.79 2 7.21
HTBX 2.80 1 7.44
LITE 2.84 1 80.24
WGO 2.86 1 70.96
JCS 2.88 1 6.765
LOOP 2.88 1 9.49
FATE 2.92 1
BBIG 2.93 5 9.42
TSM 2.93 1 117.82
JRVR 2.95 1 36.75
ARVN 2.96 3 85.34
SEMR 2.96 1 26.4
UBER 2.96 1 43.03
J 2.97 1 55.27
DOMO 3.00 2 85.98
NEGG 3.00 20 16.89
CREE 3.02 3 84.73
CLX 3.04 2 165.71
KMPH 3.04 1 9.1
MS 3.05 2 92.62
XLNX 3.06 4 154.47
OLLI 3.08 1 72.58
PTON 3.08 1 104.35
VSCO 3.09 2 67.79
MSGE 3.10 3 80.24
NURO 3.12 6 11.9
BKE 3.14 1 41.56
BYND 3.16 2 130.32
OPNT 3.16 1 17.58
ESTC 3.23 2 161.37
KURA 3.24 1 19.39
UNH 3.25 9 417.35
BIIB 3.26 3 338.24
MCD 3.30 2 238.15
ISCG 3.33 1 51.8
NMRD 3.33 2 7.64
EA 3.34 1 146.43
FIGS 3.34 2 44.33
CERE 3.37 3 33.67
SFIX 3.41 1 42.11
OTIS 3.43 1 89.2
TDC 3.44 1 54.66
TVTX 3.46 1 22.13
GME 3.48 75 212.97
SKT 3.49 1 16.82
UHS 3.49 2 157.9
ADBE 3.51 5 665.89
TASK 3.55 2 65.45
DLPN 3.56 3 13.95
QDEL 3.57 1 136.97
PDD 3.58 4 106.83
AMEH 3.61 2 111.1
STX 3.65 2 87.19
DLO 3.68 2 68.92
PKG 3.68 2 139.12
KZIA 3.69 1 10.58
BHVN 3.71 2 117.28
OCGN 3.71 2 7.52
SHEN 3.71 1 61.1
VRNT 3.78 1 45.01
BNTC 3.84 1 3.98
FANG 3.89 1 80.54
SIEB 3.89 2 3.85
SAVA 3.92 20 51.96
EAT 3.93 1 50.92
SPT 3.95 1 105.63
STE 3.98 1 217.19
RBLX 4.11 3 84.45
VMW 4.12 3 146.86
SNA 4.15 1 221.53
AN 4.16 2 9.96
APPS 4.16 1 60.05
IMNM 4.16 1 14.94
ALEC 4.17 3 27.17
CLDX 4.17 1 53.83
COF 4.22 1 159.96
RL 4.24 2 118.94
NEWR 4.27 1 82.6
IMAB 4.28 1 76.16
DDS 4.31 5 194.4
CAT 4.36 2 207.96
AFRM 4.38 1 96.48
PRTA 4.43 2 69.88
TTWO 4.51 1 159.92
WSM 4.52 3 183.25
GOOG 4.55 25 2916.84
RACE 4.57 1 212.51
STZ 4.57 1 234.27
TSLA 4.57 141 734.09
ADI 4.60 1 165.78
CHCI 4.62 1 5.83
LAZR 4.65 1 17.15
EDIT 4.67 1 56.48
GRVY 4.67 2 100.71
HCA 4.67 1 249.32
ABNB 4.71 3 156.59
HAS 4.75 1 103.98
PLCE 4.81 1 100.58
ZG 4.83 3 98.32
ZM 4.83 12 290.86
YETI 4.85 1 100.11
FULC 4.87 3 26.83
HON 4.87 2 229.27
AXP 4.88 1 173.12
V 4.88 1 230.12
LIN 4.89 3 313.88
SJ 4.97 1 4.69
APP 5.03 1 74.3
APPN 5.04 2 108.82
SPLK 5.11 4 156.6
DOCS 5.31 2 91
AACG 5.35 2 2.8
LLY 5.39 3 257.4
MRNA 5.39 17 389.94
HRI 5.63 1 129.75
SI 5.73 1 22.26
VERY 5.74 1 9.34
LH 5.76 2 73.31
LOW 5.78 3 203.43
DQ 5.79 4 60.96
SITM 5.79 3 203.99
CELH 5.86 1 73.31
CTRN 5.87 1 84.17
ENPH 5.87 2 176.43
LANC 5.87 1 179.98
UTHR 5.88 1 205.43
SCR 5.96 1 35.58
ANVS 6.15 4 37.12
VIR 6.18 1 47.5
PKI 6.30 1 172.11
KMB 6.35 1 135.82
KEYS 6.46 1 168.72
RLMD 6.56 1 24.04
VERV 6.63 3 70.7
AAP 6.68 1 207.57
COST 6.76 2 456.52
TERN 6.81 1 12.33
LHDX 6.82 1 8.59
LAIX 6.87 1 1.12
MA 6.96 3 349.57
SPG 6.97 4 129.58
GH 7.05 1 131.51
GRTS 7.13 2 9.55
AMZN 7.28 90 3479
FLGT 7.33 3 92.36
DASH 7.45 2 187.61
SIVB 7.54 1 570.17
ZS 7.55 1 276.71
SNOW 7.57 4 301.02
CRMT 7.58 2 132.01
BLK 7.59 1 880.67
CI 7.65 1 30.39
GPN 7.69 3 162.51
BURL 7.92 1 318.09
SCPS 7.94 3 5.01
TSCO 7.96 1 180.9
W 8.07 5 279.07
ROLL 8.24 1 229.49
ROST 8.24 1 117.53
NRXP 8.25 3 16
NVOS 8.25 1 1.82
COIN 8.34 2 256.35
TDG 8.49 2 624.0
WAVE 8.60 1
AMGN 8.68 1 228.8
LWAC 8.69 1 16.98
INTU 8.87 1 563.13
NNOX 9.05 1 25.18
WDAY 9.24 1 269.21
DE 9.42 4 6.47
UHAL 9.66 3 638.16
QADB 9.69 1 86.56
SNPS 9.69 1 315.57
KOSS 9.72 4 18.18
UPST 9.72 6 226.81
AAME 9.89 1 4.35
RGEN 10.02 1 234.73
LAD 10.32 1 371.73
TWST 10.36 1 117.04
ADSK 10.81 1 310.13
SEDG 10.82 1 293.07
ANTM 10.86 1 383.57
EL 11.21 1 6.41
KALV 11.62 1 20.76
RAPT 11.74 1 35.3
CARV 11.81 2 19.3
LII 12.44 1 327.32
TPST 13.17 1 14.4
OCG 13.26 1 5.06
ROKU 13.43 1 479.39
NTLA 13.63 5 164.04
NVCR 14.03 2 137.58
ZLAB 14.08 1 135.91
CPOP 14.11 1 59.65
SE 14.48 4 340.08
NVAX 14.88 8 252.06
COHN 15.28 1 22.54
GLSI 15.30 1 43.75
VRPX 15.31 2 18.31
JAN 15.89 1 6.84
EJH 15.96 2 3.73
ACRS 16.90 1 17.22
ASML 16.96 1 719.77
DPZ 17.02 4 515.4
IAC 17.92 1 132.05
REGN 18.91 3 680.96
EBET 20.52 1 33.36
EEIQ 20.56 1 3.77
BNTX 20.64 2 446.24
AUVI 20.73 1 6.84
SPG 27.88 1 129.58
AZO 34.41 1 1540.09
BKNG 36.56 1 2209.57
MSTR 38.02 1 630.07
SAM 41.05 1 699.01
SQBG 46.89 1 7.86
GOVX 56.89 2 5.64
GOVX 56.89 2 5.64
