EJH 5.21 6 2.31 13.530
LAIX 1.72 4 0.8668 7.936
SCPS 3.34 7 4.12 5.670
EEIQ 4.33 5 4.42 4.895
AACG 2.14 5 2.2638 4.725
NEGG 3.07 20 13.77 4.440
NVOS 1.65 5 1.88 4.385
CPOP 2.34 5 2.78 4.205
AUVI 2.56 8 5.58 3.664
FCEL .17 129 6.04 3.612
VRPX 1.77 9 4.48 3.555
DPW 1.56 5 2.4 3.250
JZXN 1.63 4 2.09 3.116
NRXP 3.86 6 8.83 2.622
JAN 3.24 5 6.27 2.580
EYES 1.22 6 2.95 2.478
JG 1.96 2 1.61 2.434
SIEB 1.53 5 3.21 2.380
AAME 1.97 5 4.18 2.355
KOSS 5.35 7 16.03 2.331
CEMI .75 7 2.44 2.149
BSQR .35 13 2.24 2.028
SGOC 1.48 8 6.05 1.952
AMC 1.23 55 37.06 1.815
NURO 1.69 10 9.38 1.800
TYME .45 4 1.01 1.780
INDP 2.52 5 7.12 1.765
NAOV .27 11 1.73 1.716
TAOP 1.35 3 2.48 1.632
RMED 1.60 3 2.97 1.614
GRTS 3.14 5 9.8 1.600
CSCW .39 2 0.5067 1.538
AREC .72 4 1.94 1.484
HGSH 1.16 2 1.5891 1.458
BBIG .49 16 5.54 1.408
GME 2.99 82 172.18 1.394
SPRT .81 20 11.8 1.360
SAVA 3.02 26 57.17 1.352
WAVE 1.72 5 6.355 1.350
EVK .60 6 2.66 1.350
SJ 1.24 4 3.7201 1.332
IRNT 3.52 5 13.42 1.310
CARV 3.92 6 17.91 1.308
BIDU 1.78 117 149.8 1.287
MRIN 2.01 5 7.89 1.270
FTEK 1.03 2 1.69 1.218
YJ .40 2 0.6752 1.184
AUUD .54 5 2.28 1.180
ALYA 1.03 3 2.6457 1.167
NCTY 2.63 5 11.34 1.155
SPCE 1.14 23 22.53 1.150
PHUN .20 5 0.879 1.135
CETX 1.20 1 1.07 1.121
AGRI .76 3 2.04 1.116
PMCB 1.11 3 3.02 1.101
NMRD 1.66 4 6.02 1.100
BTBT 1.39 8 10.35 1.072
BNTC 1.24 3 3.49 1.065
PBTS 1.24 1 1.18 1.050
SSY .91 3 2.6 1.050
NIO .48 75 33.87 1.050
OCGN 1.45 5 6.93 1.045
NVFY .73 3 2.15 1.017
CTIB .64 3 1.89 1.014
IGC .49 3 1.47 .999
CNET 1.11 1 1.14 .973
CHCI 1.54 3 4.74 .972
BB .84 11 9.52 .968
LHDX 1.58 4 6.56 .960
MTSL 1.08 3 3.37 .960
XPEV .46 80 35.52 .960
LMNL .65 3 2.04 .954
WAFU 1.94 3 6.2 .936
BBBY 1.07 13 15.03 .923
UPC .73 3 2.44 .897
PTIX .84 2 1.89 .888
WHLM 1.59 3 5.39 .882
DLPN 2.14 5 12.13 .880
PALI .71 3 2.44 .870
SYPR 1.65 2 3.8 .868
ACRS 2.12 7 17.1 .861
WORX .44 4 2.04 .860
EBET 3.45 6 24.12 .858
ASM .69 1 0.805 .857
ANVS 3.73 6 26.35 .846
NVDA 1.23 141 204.51 .846
PRFX .77 3 2.73 .846
BLIN .41 8 3.87 .840
IMPL 1.70 5 10.12 .835
CRTD .66 3 2.37 .834
ANPC 1.24 2 3 .826
RIDE .85 5 5.2 .815
RETO .66 1 0.817 .807
EYEG 1.45 1 1.81 .801
SNOA 1.43 3 5.45 .786
SNAP .58 112 73.41 .784
VVOS .78 4 3.99 .780
WEI .57 1 0.7368 .773
BNGO .36 11 5.1 .770
DYNT .22 5 1.43 .765
HOFV .98 2 2.58 .758
IDEX .36 4 1.91 .752
ENOB 1.70 3 6.81 .747
MOXC 1.77 3 7.11 .744
OSAT 1.82 2 4.96 .732
TPST 2.19 5 15 .730
NVAX 13.77 9 170 .729
TSLA 4.22 145 780.59 .725
XELA .21 6 1.75 .720
ADGI 3.21 7 31.87 .700
NBRV .76 1 1.09 .697
LGHL 1.46 1 2.1 .695
SPI 1.60 2 4.62 .692
AVXL 2.41 5 17.63 .680
KALV 1.44 8 16.88 .680
SCKT 1.43 3 6.34 .675
SPCB .32 2 0.95 .672
ANY .38 11 6.2 .671
CANF 1.04 1 1.57 .662
ZCMD 1.01 1 1.56 .647
LODE 1.63 1 2.53 .644
CBAT .70 2 2.19 .638
STAF .58 2 1.82 .636
EVOL 1.45 1 2.33 .622
OPAD 1.25 4 8.09 .616
VERY 1.85 3 9.05 .612
MNOV 1.12 2 3.66 .612
FULC 2.54 6 24.96 .606
DTST .84 3 4.21 .597
MOHO .11 3 0.5566 .591
TERN 1.53 4 10.35 .588
HGEN 1.21 3 6.18 .585
MBRX 1.60 1 2.75 .581
AEHR .47 17 13.72 .578
BABA .88 96 143.14 .576
SOS .61 2 2.18 .558
VTNR .51 6 5.45 .558
MVIS 1.51 4 10.89 .552
MEDS .53 5 4.81 .550
OBLN .56 3 3.05 .549
OPTT 1.10 1 2.01 .547
ORPH .73 3 3.99 .546
ATXI .74 1 1.37 .540
DBGI .48 3 2.68 .537
HOOD 1.85 12 42.01 .528
TQQQ .54 132 123.62 .528
GOVX .35 6 3.97 .528
ZEV 1.49 3 8.49 .525
LIZI .40 4 3.04 .524
ALEC 2.10 6 23.89 .522
MVST 1.01 4 7.73 .520
XTLB 1.09 2 4.23 .514
JCS 1.40 3 8.15 .513
IPHA .78 4 6.05 .512
ATNF .90 3 5.29 .510
LWAC 1.73 5 16.98 .505
OXBR .30 5 2.95 .505
ZKIN .71 2 2.82 .502
GTEC 1.57 2 6.28 .500
HTBX 1.46 2 5.89 .494
APTO .55 2 2.23 .492
LEDS 1.87 2 7.65 .488
COHN 1.95 5 20.22 .480
HUSN .29 4 2.41 .480
ADMA .54 1 1.14 .473
XELB .34 2 1.45 .468
KXIN .21 5 2.27 .460
ERYP 1.39 2 6.07 .456
DTSS .87 1 1.905 .456
GRVI .74 3 4.84 .456
WINT .31 3 2.05 .453
KNBE 2.06 5 22.71 .450
AMBO .61 1 1.37 .445
NRBO .49 2 2.2 .444
DWSN .96 1 2.17 .442
ENVB .27 3 1.83 .441
AQMS .43 2 1.96 .438
GLSI 3.27 5 37.76 .430
FGEN 1.47 3 10.25 .429
RSLS 1.08 1 2.54 .425
BILI 1.28 22 64.5 .418
SLGG 1.26 1 3.04 .414
GEG .90 1 2.19 .410
APRE .69 3 5.07 .408
DQ 3.36 7 57.3 .406
CERE 1.78 7 30.43 .406
AVGR .04 7 0.684 .406
CHNR .12 4 1.19 .400
ACOR .41 4 4.14 .396
LIFE 1.69 2 8.54 .394
TRCH .98 2 4.95 .394
RAPT 1.77 7 31.1 .392
BCRX .78 7 13.73 .392
LEXX .84 3 6.44 .390
JFU .22 3 1.69 .390
KMPH 1.70 2 8.9 .382
NKLA .28 14 10.12 .378
WATT .77 1 2.05 .375
RCON 1.01 1 2.7 .374
ENG .53 2 2.83 .374
AYRO 1.18 1 3.17 .372
AFRM 4.66 9 111.46 .369
WHLR .54 2 2.92 .368
OTLK .78 1 2.12 .367
ALF 1.08 2 5.89 .366
WPRT .58 2 3.16 .366
WISH .58 3 4.78 .363
GALT .44 3 3.62 .363
NEXT .37 3 3.05 .363
PME .26 1 0.72 .361
NNOX 1.69 5 23.42 .360
WNW 1.34 1 3.72 .360
ADMP .36 1 1.01 .356
IPA 1.04 2 5.85 .354
MINM .32 2 1.8 .354
NNVC .75 2 4.31 .348
ARAV 1.21 1 3.56 .339
ENTX .77 2 4.58 .336
SKLZ .97 3 8.69 .333
ONCS .68 1 2.04 .333
ATOS .26 4 3.1 .332
PSTV .60 1 1.81 .331
TIGR .66 5 9.99 .330
HAPP .30 1 0.9067 .330
PIRS .28 6 5.05 .330
DDD 1.09 8 26.27 .328
ARPO .72 1 2.2 .327
MTP .56 1 1.71 .327
RHE 1.27 2 7.82 .324
ACY .91 18 49.32 .324
HX .78 1 2.42 .322
GDEV .87 3 8.06 .321
QFIN .76 8 18.76 .320
MRNA 3.75 29 332.11 .319
NVCR 3.93 9 110.17 .315
SLS .91 3 8.61 .315
VBLT .32 2 2.03 .314
KBSF .46 2 2.93 .312
VERB .11 6 2.11 .312
TATT .65 3 6.3 .309
PLG .61 1 1.97 .309
IMNM 1.42 4 18.37 .308
BTCM .72 4 9.24 .308
ENZ .54 2 3.49 .308
GEVO .49 4 6.31 .308
ENSC .72 1 2.34 .307
VOXX 1.74 2 11.5 .302
LJPC .62 2 4.09 .302
GNLN .36 2 2.38 .302
BNTX 6.26 12 250.12 .300
TRIT .58 3 5.79 .300
DARE .47 1 1.58 .297
CRIS 1.20 2 8.09 .296
LMFA .33 4 4.45 .296
DYAI .51 3 5.17 .294
UAVS .83 1 2.83 .293
DDS 6.22 9 190 .288
PLUG .89 8 24.37 .288
UFAB .46 2 3.22 .284
BPTH 1.44 1 5.15 .279
OBSV .28 3 3.01 .279
LYEL 1.69 2 12.13 .278
LOOP 1.57 2 11.22 .278
LAZR 1.40 3 15.19 .276
GRU 1.18 1 4.335 .272
EXPR .31 4 4.62 .268
IMTX 1.15 3 13 .264
KULR .52 1 1.98 .262
NNDM .48 3 5.51 .261
FLGT 4.22 5 79.66 .260
CAN .43 4 6.58 .260
BHTG .33 1 1.27 .259
XBIO .06 8 1.83 .256
KODK 1.72 1 6.72 .255
BYSI 1.25 3 14.66 .255
RNXT .73 2 5.72 .254
ORMP .50 11 21.6 .253
BON .62 3 7.31 .252
TSP 1.75 5 34.83 .250
BTX 1.13 2 9.01 .250
HUGE .37 1 1.48 .250
IMMP .32 3 3.83 .249
CMMB 1.24 2 9.99 .248
FCX .45 19 32.2 .247
BNR 1.96 2 15.94 .244
STG 1.13 1 4.65 .243
IGIC .70 3 8.6 .243
ALDX 1.09 2 8.97 .242
RLMD 1.57 4 25.93 .240
FLGC .64 2 5.3 .240
NEPT .07 2 0.5822 .240
VIVE .52 1 2.17 .239
RKDA .49 1 2.05 .239
ZM 4.40 14 257.12 .238
KSS 1.63 7 47.75 .238
SQBG .73 2 6.24 .232
AVCT .60 1 2.58 .232
EXPI 1.84 5 39.49 .230
OCUP 1.04 1 4.52 .230
TELL .18 5 3.83 .230
DOCS 3.04 6 78.15 .228
ADIL .45 2 3.94 .228
RAIL .24 4 4.2 .228
OVID .38 2 3.36 .226
APOP .84 5 18.32 .225
ONCT .45 2 4.05 .222
CARA 1.57 2 14.19 .220
MESO 1.26 1 5.72 .220
INFI .16 4 2.9 .220
SDC .64 2 5.87 .218
GSM .27 7 8.64 .217
EOSE 1.39 2 12.99 .214
AAPL .40 107 141.11 .214
AKTX .36 1 1.68 .214
UONE .59 3 8.22 .213
SKT 1.76 2 16.5 .212
SNES .16 2 1.5 .212
W 7.31 7 241.35 .210
GPN 3.44 10 157.62 .210
MRKR .36 1 1.72 .209
COTY .43 4 8.15 .208
OCG .21 4 4.01 .208
VNET 1.13 3 16.28 .207
VERU .59 3 8.52 .207
CLPS .56 1 2.7 .207
CLPS .56 1 2.7 .207
MITO .28 1 1.36 .205
SE 5.62 12 320.94 .204
FB .87 102 332.96 .204
HOL .84 3 12.35 .204
CLSD .35 3 5.08 .204
OCX .70 1 3.45 .202
CRDF 1.40 1 6.96 .201
AMTX 1.20 3 17.88 .201
HUYA .53 3 7.81 .201
CVV .46 2 4.56 .200
ZLAB 3.42 6 102.99 .198
TASK 2.03 6 59.71 .198
AESE .35 1 1.77 .197
CHMA .37 2 3.76 .196
JFIN .36 2 3.67 .196
UPST 4.49 13 296.3 .195
RBLX 2.77 5 72.57 .190
AGEN .12 9 5.66 .189
CELC 1.58 2 16.79 .188
NTEC .46 4 9.63 .188
AMZN 8.18 93 3221 .186
VTSI 1.97 1 10.55 .186
GPS .75 6 23.74 .186
TTD 2.55 5 67.6 .185
MTL .25 3 4.09 .183
OCG .06 13 4.01 .182
ZG 3.17 5 86.37 .180
MARA .59 12 37.19 .180
IMV .15 2 1.65 .180
MARK .08 2 0.89 .178
SQ 1.96 22 235.98 .176
KURA 1.66 2 18.73 .176
OSTK 2.20 6 74.57 .174
EDSA 1.24 1 7.11 .174
CLII .84 3 14.36 .174
WIMI .69 1 3.96 .174
OSMT .18 3 3.06 .174
FENG .11 2 1.26 .174
GTT .41 1 2.36 .173
BLUW .83 2 9.63 .172
SNMP .11 2 1.27 .172
BODY .47 2 5.49 .170
EDTK .10 2 1.17 .170
ISEE 1.48 2 17.44 .168
ZY .78 3 13.73 .168
BGFV .70 6 24.35 .168
OLB .65 1 3.85 .168
M .64 6 22.3 .168
EVGN .43 1 2.58 .166
AZYO 1.08 1 6.54 .165
BWAY 1.35 1 8.3 .162
ASTR .41 3 7.53 .162
ALTO .28 3 5.1 .162
MOGO .23 3 4.23 .162
ARVN 1.91 7 82.48 .161
CLF .48 7 20.76 .161
BGI .47 1 2.91 .161
GSAT .12 2 1.5 .160
TEDU .09 2 1.12 .160
MOSY .76 1 4.78 .158
VIR 1.85 3 35.29 .156
IRDM 1.55 4 38.85 .156
DMAC .31 2 3.94 .156
SCYX .79 1 5.07 .155
AMD 1.77 9 101.81 .153
CTSO .41 3 8 .153
GIII 1.11 4 28.9 .152
AFMD .87 1 5.76 .151
SCR 1.05 5 34.26 .150
VLDR .86 1 5.73 .150
VCVC 1.46 1 9.85 .148
GRTX 1.18 1 7.94 .148
OPNT 1.39 3 28 .147
ACB .36 3 7.3 .147
FUV 1.54 1 10.49 .146
ORGS .70 1 4.77 .146
SPLK 4.15 5 142.58 .145
DLTR 2.90 5 97.17 .145
CELH 2.77 5 94.92 .145
FIGS 1.12 5 37.36 .145
BCLI .46 1 3.17 .145
NLS 1.33 1 9.21 .144
NIU 1.17 3 23.98 .144
LI 1.94 2 26.99 .142
FSTX 1.04 1 7.31 .142
RRD .40 2 5.62 .142
FBRX .40 1 2.8 .142
TAL .32 2 4.46 .142
GENE .22 2 3.07 .142
IAC 3.78 5 130.49 .140
TVTX 1.79 2 25.39 .140
ARMP .49 1 3.48 .140
KR .42 14 39.88 .140
MAT 1.28 2 18.53 .138
TLRY .52 3 11.1 .138
DLO 1.91 4 55.29 .136
NETE 1.05 1 7.7 .136
AAL .38 8 21.47 .136
ORCL .37 34 91.49 .136
MDNA .05 8 2.82 .136
DNUT .63 3 13.89 .135
IRIX .35 3 7.61 .135
NBEV .19 1 1.41 .134
SIF 1.16 1 8.6609 .133
JWN 1.19 3 26.79 .132
SRNE .85 1 6.41 .132
JRJC .70 1 5.3 .132
SOHU .47 6 20.69 .132
GTIM .74 1 5.64 .131
ENPH 3.89 5 147.41 .130
STX 2.26 5 85.15 .130
SEMR 1.48 2 22.75 .130
VIH 1.31 1 10.03 .130
AEY .31 1 2.38 .130
FLWS 1.34 3 31.09 .129
MAXR 1.20 3 27.65 .129
IKT .24 1 1.86 .129
RUN 1.35 4 41.01 .128
PRTA 1.18 8 71.72 .128
LTHM .39 8 23.51 .128
PBLA .25 1 1.96 .127
SAM 9.40 7 507.56 .126
CIEN .40 18 51.94 .126
ENSV .20 1 1.58 .126
WTER .09 2 1.42 .126
THCB 1.25 1 10 .125
GMBL .80 1 6.46 .123
HJLI 1.27 1 10.38 .122
DPZ 5.62 11 474.62 .121
PDD 2.15 5 87.42 .120
SBBP .12 2 2 .120
RIOT 1.57 2 26.34 .118
REGN 7.44 9 550.9 .117
ACHL .89 1 7.55 .117
TENX .21 1 1.81 .116
SSKN .22 1 1.9 .115
ZIM 1.71 3 44.11 .114
EDIT 1.47 3 38.23 .114
CYTK 1.42 3 36.81 .114
RMBL 1.41 3 36.98 .114
CCJ .84 3 21.98 .114
DE 4.88 8 338.29 .112
RGEN 4.41 7 270.39 .112
DKS 1.67 8 118.1 .112
GH 1.57 8 105.4 .112
NGM 1.25 2 22.02 .112
MTTR 1.03 2 18.19 .112
VSCO 1.95 3 52.3 .111
TESS .64 1 5.72 .111
STEM .47 5 21.25 .110
LIVX .17 2 3.07 .110
APPS 1.99 4 73.56 .108
LEGN 1.93 3 52.23 .108
MSGE 1.88 4 69.11 .108
LIVE 1.37 3 37.46 .108
HCM .93 4 33.56 .108
SSNT .66 1 6.08 .108
GP .49 3 13.53 .108
MSFT .47 108 288.76 .108
AEO 1.32 2 24.7 .106
FRD 1.28 1 11.98 .106
GRVY 1.33 7 87.5 .105
CPSH .51 1 4.85 .105
SHEN 1.68 2 32.28 .104
APXT 1.27 1 12.11 .104
OXY .14 26 32.77 .104
NFLX .70 103 634.81 .103
GURE .46 1 4.45 .103
DDL 1.22 2 23.52 .102
ABSI 1.13 1 11.03 .102
ATIF .43 1 4.2 .102
PRPO .09 3 2.62 .102
LAD 6.41 5 312 .100
CREE 1.64 5 79.12 .100
DAL 1.14 4 44.74 .100
ENLV .49 2 9.62 .100
DBVT .10 5 4.93 .100
CAH 1.64 3 49.18 .099
DASH 2.82 7 199.5 .098
CSIQ 1.59 2 32.08 .098
AMEH 1.36 7 90.79 .098
AXLA .29 1 2.94 .098
LBPH .92 1 9.45 .097
MDB 5.88 8 452.68 .096
LYFT 1.70 3 52.92 .096
BTWN .95 1 9.82 .096
PRPL .70 3 21.36 .096
CCL .63 4 25.42 .096
DELL 2.08 5 105.93 .095
BBY 2.06 5 106.37 .095
MFNC 1.02 2 21.5 .094
MDIA .39 2 8.13 .094
BKYI .32 1 3.4 .094
HPQ .88 3 28.3 .093
UAA .97 2 21.05 .092
CRON .13 4 5.48 .092
TWST 1.37 7 99.35 .091
XLNX 2.75 5 151.77 .090
XBI 2.27 5 123.6 .090
VNE .55 6 35.79 .090
ACI .45 6 29.47 .090
FFHL .44 2 9.64 .090
INM .14 1 1.54 .090
BKE 1.86 2 41.38 .088
ARCE 1.78 1 20.07 .088
PINS 1.45 3 50 .087
CLSK 1.17 1 13.39 .087
CHRA .40 1 4.57 .087
MBII .08 1 0.9102 .087
VRNT 1.94 2 45 .086
PATI .50 2 11.4 .086
ULBI .31 2 7.05 .086
VLO 2.15 3 74.3 .084
DIS 2.12 7 174.61 .084
JPM 1.20 12 168.66 .084
SBS .19 3 6.74 .084
AEI .09 2 2.12 .084
RRGB 1.93 1 23.01 .083
AUTL .51 1 6.12 .083
ANIX .38 1 4.54 .083
CLNE .67 1 8.08 .082
IMMR .28 2 6.78 .082
AA 1.37 3 49.05 .081
LAW 1.23 3 45.32 .081
UWMC .55 1 6.76 .081
SITM 3.41 5 207.07 .080
LOW 3.28 5 204.27 .080
CAT 3.14 5 192.5 .080
ABNB 2.80 5 164.74 .080
SPT 1.96 5 115.35 .080
RL 1.95 5 119.45 .080
AN 1.91 5 115.06 .080
SFIX 1.46 2 36.12 .080
TJX 1.32 4 65.11 .080
ATAI 1.09 1 13.49 .080
YEXT .91 1 11.36 .080
ABCL 1.31 1 16.53 .079
UBER 1.78 2 45.61 .078
USB 1.60 3 61.29 .078
MS 1.19 7 99.2 .077
CLOV .56 1 7.24 .077
MRO .11 11 15.38 .077
JRVR 1.48 2 38.16 .076
JD 1.37 4 71.62 .076
KZIA .41 2 10.7 .076
SEDG 3.89 5 258.7 .075
LLY 3.67 5 230.93 .075
VMW 2.32 5 150.12 .075
PKG 2.17 5 141.72 .075
TSN 1.98 3 78.31 .075
MDT 1.95 5 125.8 .075
EOLS .55 1 7.3 .075
EQ .53 1 6.99 .075
SONO .50 5 31.56 .075
DKNG 1.84 2 49.29 .074
PFGC 1.82 2 48.2 .074
SNPS 3.69 6 293.35 .072
UNH 3.25 9 393.43 .072
SNOW 2.91 8 300.28 .072
TDC 1.99 2 55.15 .072
EAT 1.81 2 50.19 .072
CTRN 1.79 3 73.9 .072
CRNC 1.55 4 85.78 .072
HOG 1.32 2 36.59 .072
BAC 1.08 3 44.22 .072
WFC .91 4 47.96 .072
MRTN .38 3 15.42 .072
CNFR .10 2 2.74 .072
TBLA .70 1 9.85 .071
SIVB 6.76 7 665.38 .070
BIIB 4.00 5 280.44 .070
ZS 3.84 5 258.5 .070
WSM 2.54 5 169.74 .070
TSCO 2.08 7 197.55 .070
A 1.64 7 153.03 .070
FL 1.59 2 45.36 .070
FISV 1.58 5 108.02 .070
APP 1.06 5 73.75 .070
COP 1.03 5 71.73 .070
CGC .94 1 13.38 .070
CSCO .56 7 54.69 .070
SSL .14 10 19.62 .070
BQ .08 2 2.24 .070
DFH 1.18 1 16.96 .069
ASAN 1.78 4 103.16 .068
STRO .65 2 18.67 .068
EVGO .55 1 8.08 .068
EDU .14 1 2.05 .068
NEWR 1.67 3 73.26 .066
FLOW 1.65 3 73.98 .066
PLTR .77 2 23.21 .066
SBH .56 2 16.6 .066
IWM 3.04 5 221.02 .065
AMAT 1.73 5 128.07 .065
BZUN 1.12 1 17.08 .065
IMAB 1.00 5 74.5 .065
C 1.23 4 72.53 .064
DUOT .40 1 6.2309 .064
HWCC .34 1 5.3 .064
IRCP .17 1 2.65 .064
ASML 5.22 9 732.87 .063
SLV 1.32 1 20.92 .063
QCOM 1.18 7 127.53 .063
VIPS .66 1 10.44 .063
SILK .52 7 55.43 .063
TME .45 1 7.11 .063
YPF .31 1 4.9 .063
CRCT 1.61 1 25.95 .062
DXC 1.11 2 35.1 .062
FUBO .74 2 23.54 .062
THTX .22 1 3.53 .062
ADSK 3.38 5 275.98 .060
UPS 2.33 5 179.67 .060
NXPI 2.32 5 191.63 .060
NTAP 1.88 3 90.3 .060
LPX 1.87 2 61.78 .060
LOGI 1.76 3 87.39 .060
FATE 1.76 2 57.3 .060
YETI 1.72 3 84.83 .060
PTON 1.69 3 82.56 .060
FANG 1.60 4 104.16 .060
DOMO 1.26 4 81.13 .060
CHKP 1.25 6 113.69 .060
KIRK 1.21 1 20 .060
INTC .68 5 53.95 .060
T .56 3 27.35 .060
RIG .12 2 3.94 .060
VMEO 1.70 1 28.57 .059
YMM .89 1 14.88 .059
PPBT .26 1 4.34 .059
XONE .67 2 22.67 .058
AEMD .10 2 3.42 .058
HAS 1.73 3 87.12 .057
QADB 1.69 3 87.23 .057
TNA 1.63 3 85.37 .057
TTCF 1.07 1 18.58 .057
GS 2.81 8 385.81 .056
KMB 1.88 4 131.93 .056
ROLL 1.78 7 215.39 .056
CM 1.70 4 114.42 .056
CLDX 1.59 2 56.04 .056
SUPN 1.50 1 26.74 .056
BYND 1.46 4 100.67 .056
APPN 1.29 4 88.32 .056
JKS 1.26 2 44.92 .056
GT 1.09 1 19.17 .056
PSTG .74 2 25.68 .056
WMT .67 14 136.62 .056
K .51 8 64.02 .056
LIN 3.50 5 297.83 .055
GGAL .57 1 10.31 .055
CALA .11 1 1.99 .055
ITRO .07 1 1.27 .055
LII 2.97 6 299.31 .054
TWTR 1.66 2 59.86 .054
ATVI 1.42 3 76.8 .054
SMLP 1.07 2 38.6 .054
RKT .84 1 15.5 .054
FITB .82 3 43.97 .054
CRMT .72 9 118.91 .054
SBTX .57 1 10.47 .054
AZN .38 9 59.89 .054
ZNGA .20 2 7.28 .054
FRO .06 9 9.31 .054
ECOM 1.37 1 25.7 .053
LL 1.01 1 18.78 .053
MNSO .82 1 15.36 .053
GBR .24 1 4.46 .053
IBM 2.00 4 143.15 .052
FTCH 1.88 1 35.93 .052
MYGN 1.67 1 31.53 .052
SPTN .60 2 22.54 .052
ORGO .35 2 13.43 .052
TTC 1.75 3 98.79 .051
MNST 1.59 3 89.55 .051
DOCN 1.41 3 79.19 .051
CHPT .93 1 17.99 .051
VXX .46 3 26.55 .051
ROKU 3.09 5 304.51 .050
WDAY 2.61 5 252.05 .050
V 2.27 5 224.28 .050
AMGN 2.27 5 211.86 .050
TAP 1.23 2 48.25 .050
SKX 1.05 2 41.83 .050
RSI 1.01 1 20.17 .050
SJM .67 10 121.32 .050
MRVL .61 5 59.39 .050
KO .56 5 53.08 .050
KDMN .23 2 8.88 .050
TMUS 2.01 3 125.4 .048
GWRE 1.92 3 114.77 .048
BHVN 1.74 4 142.72 .048
STT 1.48 3 88.72 .048
CVS 1.40 3 83.64 .048
ABT 1.40 4 115.88 .048
BBWI .53 6 63.69 .048
OEG .14 1 2.86 .048
AMRS .60 1 12.63 .047
GBS .11 1 2.32 .047
WOOF .51 2 21.4 .046
EKSO .20 1 4.3 .046
BIOC .09 2 3.84 .046
SNDL .03 1 0.6406 .046
HON 2.02 5 215.72 .045
LMT 1.95 9 347.75 .045
CI 1.83 5 201.4 .045
ANF 1.79 1 39.18 .045
HD 1.71 9 329.48 .045
ROST 1.70 3 108.32 .045
PG 1.37 5 139.33 .045
FA .96 1 20.96 .045
LUV .83 3 54.47 .045
ARMK .56 3 36.26 .045
PBR .10 5 10.97 .045
AZO 6.70 11 1651.22 .044
ESTC 1.65 4 144.16 .044
BZ 1.59 1 35.69 .044
JBL 1.39 2 61.04 .044
COUR 1.39 1 31.2 .044
ACMR 1.37 4 117.7 .044
SWI .79 1 17.61 .044
MU .79 4 70.5 .044
EPU .58 2 26.35 .044
AGNC .36 2 16.05 .044
GMTX .17 1 3.81 .044
SLHG .10 1 2.23 .044
GNOG .78 1 17.75 .043
ADBE 4.10 6 566.7 .042
OTIS 1.81 2 83.36 .042
MOS 1.62 1 38.52 .042
MMM 1.40 6 177.88 .042
INCY 1.38 2 65.33 .042
OLLI 1.29 2 59.06 .042
ALLO 1.04 1 24.32 .042
NKE 1.02 7 149.46 .042
TBIO .53 3 37.36 .042
FLO .52 2 24.35 .042
LC .18 7 28.68 .042
CPG .11 2 5.02 .042
VTGN .04 3 2.76 .042
AMKR 1.03 1 25.05 .041
MA 2.96 5 343.21 .040
ON 1.84 1 45.64 .040
ADI 1.48 5 165.37 .040
MO .93 2 46.17 .040
SANA .82 1 20.29 .040
PDCO .67 2 32.11 .040
XLE .48 5 55.04 .040
VIEW .21 1 5.21 .040
MFGP .11 2 5.38 .040
QDEL 1.84 3 133.79 .039
PLD 1.66 3 126.43 .039
RF .86 1 21.85 .039
ERJ .66 1 16.81 .039
BLFS 1.55 1 40.14 .038
BEKE .69 1 17.88 .038
LZB .64 2 32.84 .038
HNST .37 1 9.66 .038
ME .16 2 8.16 .038
FCBP 1.08 1 29.1 .037
APG .76 1 20.53 .037
EL 2.10 6 313.18 .036
SI 1.88 3 153 .036
SCHW 1.41 2 75.9 .036
UHS 1.30 4 133.86 .036
RCUS 1.22 1 33.62 .036
TGT 1.11 9 227.56 .036
KNL .92 1 25.04 .036
ATHM .86 2 46.1 .036
XOM .40 6 61.62 .036
HRL .39 4 41.27 .036
ALAC .21 2 11.34 .036
ET .18 2 9.86 .036
BLK 6.24 5 838.78 .035
COST 3.33 5 446.24 .035
COIN 1.85 5 240.09 .035
LH 1.59 7 276.1 .035
SLB 1.08 1 30.59 .035
MQ .74 1 20.87 .035
SRNG .41 1 11.42 .035
TEO .18 1 5.05 .035
LITE 1.46 2 81.98 .034
WGO 1.39 2 77.25 .034
TGTX 1.11 1 32.36 .034
EGRX 1.01 2 56.21 .034
ACH .67 1 19.18 .034
SPWH .61 1 17.69 .034
AXP 2.00 3 174.76 .033
BLDR 1.77 1 52.73 .033
AVIR 1.41 1 42.36 .033
PLCE .92 3 81.95 .033
BKNG 10.17 8 2432.34 .032
ATKR 1.43 2 88.29 .032
TTWO 1.42 4 162.02 .032
ABBV .93 4 109.51 .032
FOE .67 1 20.36 .032
HNP .33 2 20.09 .032
FENC .31 1 9.41 .032
D .31 8 72.78 .032
OKE 1.82 1 60.22 .030
COF 1.82 3 168.72 .030
HRI 1.71 3 169.62 .030
MCD 1.68 5 245.22 .030
AKAM 1.62 2 103.18 .030
CROX 1.41 3 136.92 .030
CRM 1.02 10 271.77 .030
MOMO .16 2 10.26 .030
NOK .09 2 5.66 .030
UAL 1.50 1 50.88 .029
KHC 1.11 1 37.07 .029
CTKB .66 1 22.73 .029
GLD .80 7 164.59 .028
LEN .73 4 91.85 .028
DRN .32 2 21.88 .028
GOOG 4.33 27 2723.54 .027
DD 1.98 1 70.97 .027
STZ 1.94 3 213.06 .027
AAP 1.93 3 209.02 .027
DG 1.89 3 205.61 .027
UTHR 1.84 3 188.75 .027
ALXN 1.66 3 182.5 .027
J 1.23 3 132.28 .027
BP .79 1 28.42 .027
GRUB .15 3 15.34 .027
MPC 1.66 1 63.25 .026
KYMR 1.63 1 61.47 .026
GM 1.42 1 54.34 .026
RTX 1.21 2 88.72 .026
CHGG .96 2 69.96 .026
VZ .73 2 54.51 .026
PCVX .65 1 24.12 .026
BIG .59 2 43.16 .026
TRIL .47 1 17.74 .026
ACHV .23 1 8.75 .026
ANTM 1.88 5 373.55 .025
CNC 1.57 1 62.71 .025
CRTO .90 1 35.41 .025
NEE 1.91 1 79.48 .024
PEP 1.88 2 151.09 .024
GIS 1.53 1 61.54 .024
STE 1.42 4 207.62 .024
SNA 1.40 4 215.68 .024
TSM 1.36 2 109.26 .024
WM 1.31 3 149.85 .024
HHR 1.26 1 50.44 .024
SPG 1.12 3 131.39 .024
B 1.08 1 43.64 .024
CL .61 3 74.42 .024
PFE .21 6 42.32 .024
VSH .18 3 20.21 .024
EA 1.67 2 144.09 .022
RY 1.12 2 101.17 .022
BEST .02 2 1.78 .022
PKI 1.33 3 170.06 .021
CLX 1.16 3 162.62 .021
INTU 2.61 5 533.35 .020
IYC 1.62 1 77.84 .020
NUAN 1.13 1 55.29 .020
AIT 1.83 1 93.33 .019
FAST 1.02 1 51.7 .019
IRBO .83 1 41.82 .019
CNA .83 1 43.27 .019
AMOM .66 1 34.5864 .019
GPK .37 1 19.37 .019
UHAL 1.98 9 662 .018
DUK 1.84 1 100.17 .018
JNJ 1.48 2 159.58 .018
PSTX .12 1 6.68 .017
SELF .09 1 5.24 .017
STMP 1.59 4 329.61 .016
LANC 1.43 2 172.98 .016
MRK .72 2 81.6 .016
FRBK .05 1 3.09 .016
HCA 1.27 3 243.11 .015
PYPL 1.01 5 260.15 .015
HRC .84 3 150.84 .015
DEN .42 3 73.3 .015
CHNG .15 2 20.86 .014
PAYX 1.56 1 116.83 .013
TNET 1.38 1 99.57 .013
CAI .78 1 55.91 .013
PYPL .39 13 260.15 .013
KMX 1.64 1 126.23 .012
KEYS 1.04 2 162.75 .012
RACE .92 3 209.71 .012
PNRG .79 1 63.15 .012
GE .40 4 104.9 .012
PBT .04 2 6.39 .012
INOV .46 1 40.43 .011
ESXB .13 1 11.39 .011
XLV .71 2 126.14 .010
ECHO .49 1 48 .010
PPC .17 2 29.24 .010
SVBI .13 1 12.5 .010
XLP .63 1 69.15 .009
GTS .33 1 35.22 .009
IEC .14 1 15.34 .009
TDG 1.87 4 645.28 .008
MSTR .94 8 651.01 .008
HFBL .16 1 18.5001 .008
PSP .06 2 14.989 .008
BURL .32 7 277.43 .007
LMRK .13 1 16.43 .007
SYKE .14 3 54 .006
ITRN .07 3 25.68 .006
VOOV .73 1 142.93 .005
CLDR .08 1 15.99 .005
SAFM .85 1 186.75 .004
RAVN .16 2 57.9 .004
KIN .02 2 9.25 .004
IACB .02 2 9.89 .004
SPY 1.31 1 433.1 .003
CXP .04 1 19.12 .002
VCAR .03 1 11.59 .002
SIC .03 1 14.47 .002
NWHM .02 1 8.99 .002
DSE .02 1 9.49 .002
SLVO .01 2 5.135 .002
ULTA .62 1 373.77 .001
DFP .03 1 28.58 .001
PMD .01 1 8.09 .001
SHOP .67 5 1318.08 0
BURL .15 15 277.43 0
XLK .10 3 150.17 0
WYNN .06 3 85.05 0
MSTR .06 118 651.01 0
ULTA .05 12 373.77 0
WYNN .04 4 85.05 0
SHOP .03 88 1318.08 0
BLNK .02 11 26.83 0
XPDI .01 3 10.25 0
RTLR .01 8 12.06 0
INFL .01 2 29.62 0
WMPN 0 4 12.24 0
GSKY 0 1 11.39 0
EIC -.08 1 17.84 -.004
NSYS -.12 1 12 -.010
