SHOP 28.96 11 1392.08 .220
PANW 23.18 1 563.6 .041
DWAC 22.11 4 52.45 1.684
MSTR 14.75 8 567.97 .200
CCMP 11.86 1 192 .061
RNG 11.84 1 193.57 .061
BKNG 10.17 8 2384.68 .032
SAM 9.40 7 501.97 .126
PCTY 8.94 1 237.2 .037
RMD 8.09 1 261.11 .030
REGN 7.44 9 647.28 .099
NVAX 7.31 16 153.25 .752
DUOL 7.27 3 108.11 .201
SIVB 7.01 8 683.19 .080
AMZN 6.99 94 3413.22 .188
PUBM 6.66 1 33.04 .201
LAD 6.41 5 291.75 .105
KRYS 6.33 1 69.78 .090
BLK 6.24 5 921.82 .030
SPLK 6.20 6 115.5 .318
W 6.04 9 191.72 .279
CAR 6.00 2 206.56 .058
EYPT 5.86 1 12.69 .461
DPZ 5.62 11 562.4 .099
MDB 5.57 9 538.01 .090
DDS 5.48 11 254.38 .231
KOSS 5.35 7 11.08 3.374
ASML 5.32 21 801.98 .126
VRTX 5.31 1 223.32 .023
EJH 5.21 6 1.48 21.120
AZO 5.11 12 2104.04 .024
THC 4.91 1 80.43 .061
DE 4.88 11 345.71 .154
INTU 4.61 8 649.78 .056
SI 4.55 8 153.96 .232
WBX 4.49 2 16.56 .542
GKOS 4.45 1 45.94 .096
RGEN 4.41 7 257.9 .119
SMH 4.39 2 313.39 .028
EEIQ 4.33 5 3.21 6.740
SE 4.12 19 213.91 .361
CARV 3.92 6 9.16 2.562
ZM 3.91 15 181.81 .315
EL 3.86 7 370.08 .070
GOOG 3.73 28 2928.96 .028
ANVS 3.73 6 18.89 1.182
IRTC 3.69 1 116.02 .031
CCXI 3.66 3 36.43 .300
SNPS 3.62 7 372.15 .063
U 3.60 6 144.55 .144
ABNB 3.59 10 167.44 .210
MA 3.58 7 360.78 .063
GPN 3.54 11 134.24 .286
XMTR 3.46 1 51.73 .066
EBET 3.45 6 17 1.212
ADBE 3.38 12 569.29 .060
DQ 3.36 7 37.87 .616
TSLA 3.35 159 1088.47 .477
SCPS 3.34 7 1.67 14.000
TOST 3.31 2 37.11 .178
SNOW 3.29 10 344.21 .090
GLSI 3.27 5 21.76 .750
ZG 3.19 7 60 .371
IAC 3.19 7 128.51 .168
BIIB 3.16 7 235.99 .091
ROKU 3.14 8 224.8 .104
LSI 3.13 2 150.7 .040
CMTL 3.13 1 23.66 .132
NEGG 3.07 20 10.06 6.100
MRNA 3.05 41 247.88 .492
GDYN 3.03 1 37.39 .081
IRNT 3.02 6 4.08 4.440
BNTX 3.02 31 240.61 .372
UPST 2.99 19 148.97 .380
GME 2.99 82 153.93 1.558
ANTM 2.99 6 467.67 .036
SITM 2.97 7 288.68 .070
LII 2.97 6 326.46 .054
BKKT 2.95 2 8.54 .690
ZLAB 2.93 7 65.44 .308
NEWR 2.93 6 110.03 .156
IWM 2.93 6 222.75 .078
GS 2.93 9 386.2 .063
NRXP 2.89 8 4.97 4.648
ZS 2.76 10 323.18 .080
LLY 2.74 11 276.43 .099
SAVA 2.73 29 44.5 1.769
JAN 2.73 6 4.03 4.062
PWR 2.69 2 114.3 .046
PENN 2.65 10 49.07 .540
NVCR 2.63 10 80.46 .320
NCTY 2.63 5 6.99 1.880
DOCS 2.62 8 50.63 .408
OSTK 2.60 7 60.12 .301
BIGC 2.58 2 36.32 .142
WDAY 2.57 7 275.8 .063
SEDG 2.57 8 278.82 .072
ADGI 2.56 12 7.57 4.056
UNH 2.55 13 505.58 .065
FULC 2.54 6 16.67 .912
INDP 2.52 5 5.4 2.330
LMT 2.51 11 354.27 .077
CRM 2.49 14 255.45 .126
AVXL 2.41 5 17.73 .675
PEAR 2.37 1 5.27 .449
COST 2.35 14 567.77 .056
CPOP 2.34 5 2.31 5.060
DPST 2.33 3 50.33 .138
QDEL 2.32 6 126.97 .108
CFLT 2.29 2 75.08 .060
SPY 2.27 4 477.48 .016
FLGT 2.27 6 98.11 .138
STE 2.26 5 242.32 .045
GRTS 2.25 7 12.63 1.246
AXON 2.25 1 153.81 .014
KMX 2.23 4 127.91 .068
SPB 2.21 1 101.6 .021
HCA 2.20 4 258.49 .032
TPST 2.19 5 5.28 2.070
AMGN 2.19 6 227.6 .054
PKG 2.17 5 133.48 .080
CHGG 2.17 3 29.28 .222
PKI 2.16 4 197.48 .040
PDD 2.15 5 56.04 .190
LGVN 2.15 6 11.92 1.080
KEYS 2.15 5 207.29 .050
DG 2.15 6 233.58 .054
PYPL 2.14 9 190.1 .099
DLPN 2.14 5 9.23 1.155
AACG 2.14 5 1.06 10.090
CI 2.12 6 230.54 .054
BHVN 2.12 5 139.08 .075
ACRS 2.12 7 14.51 1.022
DASH 2.11 10 150.11 .140
APPS 2.11 7 62.34 .231
HRI 2.10 5 162.29 .060
AUVI 2.10 10 2.65 7.920
ALEC 2.10 6 21.84 .576
ROST 2.08 4 112.16 .072
TSP 2.05 7 35.35 .399
AMEH 2.05 9 74.11 .243
ADSK 2.04 7 282.77 .049
MRIN 2.01 5 3.84 2.615
BYND 2.00 6 66.31 .180
UHAL 1.98 9 721.2 .018
XAIR 1.97 1 9.85 .200
WSM 1.97 6 169.67 .066
AAME 1.97 5 2.88 3.420
RNXT 1.96 4 4.72 1.660
CELH 1.96 7 73.55 .182
COHN 1.95 5 15.6515 .620
ACIU 1.91 2 5.02 .760
LCID 1.90 13 36.98 .663
DOCN 1.90 11 80.47 .253
DLTR 1.90 9 140.3 .117
SNA 1.89 5 216.9 .040
RL 1.89 8 116.75 .128
MSGE 1.88 4 67.28 .108
CAT 1.88 10 207.33 .090
BIDU 1.88 118 136.3 1.534
AFRM 1.88 18 98.28 .342
TDG 1.87 4 630.51 .008
COF 1.87 4 146.2 .048
VLO 1.86 4 74.65 .096
DIS 1.86 9 154.87 .108
ESTC 1.83 7 122.34 .098
ACMR 1.83 5 80.61 .110
ENPH 1.82 8 185.47 .072
KNBE 1.80 7 22.58 .553
ROLL 1.78 7 206.01 .056
CERE 1.78 7 32.92 .378
VRPX 1.77 9 3.19 4.986
RAPT 1.77 7 36.2 .336
DAVA 1.77 4 168.05 .040
HON 1.76 7 207.53 .056
XBI 1.75 6 112.74 .090
TASK 1.74 7 55.02 .217
LWAC 1.73 5 16.98 .505
WAVE 1.72 5 4.79 1.795
LIN 1.72 9 345.4 .036
LAIX 1.72 4 0.5706 12.056
IMPL 1.70 5 8.53 .995
NNOX 1.69 5 15.22 .555
KYMR 1.69 2 62.56 .054
SQ 1.68 24 161.85 .240
PAYX 1.68 4 135.85 .048
BURL 1.68 8 292.06 .040
ROG 1.67 1 273.28 .006
AN 1.67 8 112.74 .112
NMRD 1.66 4 4.5 1.472
VVOS 1.65 6 2.38 4.158
NVOS 1.65 5 1.42 5.805
AMD 1.65 26 148.26 .286
FISV 1.64 6 104.27 .090
CREE 1.64 5 79.12 .100
TRI 1.63 4 118.63 .052
JZXN 1.63 4 1.52 4.288
NVTS 1.62 2 15.51 .208
KMB 1.62 9 139.79 .099
GRU 1.62 1 4.7601 .340
EVA 1.62 2 70.5 .044
CVS 1.62 4 103.7 .060
CLDX 1.61 3 39.09 .123
PLCE 1.60 4 81.2 .076
STMP 1.59 4 329.61 .016
LH 1.59 9 308.67 .045
TMX 1.58 3 45.11 .105
LHDX 1.58 4 8.05 .784
DNA 1.58 1 8.88 .177
XLNX 1.57 16 217.62 .112
WYNN 1.57 5 84.98 .090
RLMD 1.57 4 22.36 .280
GH 1.57 8 96.26 .128
CARA 1.57 2 12.21 .256
DPW 1.56 5 1.6 4.875
TSC 1.55 1 30.79 .050
SPG 1.55 8 158.76 .072
IRDM 1.55 4 42.42 .144
FANG 1.55 7 108.71 .098
CRNC 1.55 4 76.59 .080
BLFS 1.55 1 39.59 .039
ARVN 1.55 8 79.5 .152
CPE 1.54 7 50.61 .210
CHCI 1.54 3 4.48 1.029
TERN 1.53 4 5.98 1.020
SIEB 1.53 5 2.06 3.710
DLO 1.53 5 35.03 .215
TSCO 1.52 9 236.76 .054
MRAM 1.52 3 10.98 .414
SNOA 1.51 4 4.56 1.324
WAFU 1.50 4 4 1.500
RBLX 1.49 16 97.34 .240
KTTA 1.49 1 1.93 .772
CNC 1.49 5 84.22 .085
BCYC 1.49 3 59.5 .075
ZIM 1.48 11 57.06 .275
STT 1.48 3 93.79 .045
RACE 1.48 13 257.8 .065
JNJ 1.48 6 171.55 .048
ADI 1.48 5 175.52 .040
NURO 1.47 11 5.03 3.212
FGEN 1.47 3 14.32 .306
EDIT 1.47 3 27.08 .162
VCVC 1.46 1 9.85 .148
LOW 1.46 12 257.57 .060
HTBX 1.46 2 3.3 .884
AAP 1.46 6 241.03 .036
SBEA 1.45 2 10.09 .286
EYEG 1.45 1 1.95 .743
COIN 1.45 11 261.33 .055
BTBT 1.45 10 6.56 2.210
BLDR 1.45 4 84.46 .068
BBY 1.45 7 100.86 .098
KALV 1.44 8 13.24 .864
FATE 1.44 4 59.22 .096
LYFT 1.43 5 43.24 .165
LANC 1.43 2 165.1 .016
ATKR 1.43 2 112.02 .024
TTC 1.42 5 99.35 .070
IMNM 1.42 4 14.42 .392
DELL 1.42 8 57.05 .192
RMBL 1.41 3 40.29 .102
KSS 1.41 10 50.08 .280
HOOD 1.41 14 17.45 1.120
TWTR 1.40 6 42.76 .192
JCS 1.40 3 2.38 1.764
HX 1.40 6 2.24 3.750
VERY 1.39 4 7.05 .788
EOSE 1.39 2 7.65 .362
TNET 1.38 1 96.97 .014
EXPI 1.38 6 34.34 .240
APP 1.38 10 93.19 .140
TWST 1.37 7 75.47 .126
LIVE 1.37 3 32.105 .126
ECOM 1.37 1 25.23 .054
TAOP 1.35 3 1.93 2.097
NXPI 1.35 8 230.52 .040
EA 1.35 5 133.47 .050
WNW 1.34 1 2.45 .546
CAH 1.34 4 51.72 .100
J 1.33 4 138.25 .036
GRVY 1.33 7 70.65 .126
FIGS 1.33 6 25.71 .306
XLY 1.32 5 205.67 .030
COUR 1.32 2 24.17 .108
AEO 1.32 2 24.35 .108
VIH 1.31 1 9.36 .139
TJX 1.31 6 74.77 .102
INMD 1.31 5 70.77 .090
BFRI 1.31 6 8.76 .894
ABCL 1.31 1 13.71 .095
A 1.31 10 159.18 .080
UHS 1.30 4 131 .036
LITE 1.30 3 106.89 .036
JG 1.30 3 0.9897 3.939
GWRE 1.30 5 113.42 .055
BNR 1.30 3 9.43 .411
OLLI 1.29 2 51.13 .050
JPM 1.29 14 158.56 .112
ATAI 1.29 2 7.49 .344
APPN 1.29 4 66.78 .076
FRD 1.28 1 9.32 .137
BILI 1.28 23 42.57 .690
YETI 1.27 4 81.7 .060
RHE 1.27 2 4.47 .568
NFE 1.27 1 24.69 .051
HJLI 1.27 1 10.38 .122
APXT 1.27 1 12.11 .104
AKAM 1.27 4 118.45 .040
TTWO 1.26 5 180.3 .030
SPCE 1.26 24 13.04 2.304
DOMO 1.26 4 48.78 .100
THCB 1.25 1 10 .125
SPT 1.25 6 90.35 .078
OPAD 1.25 4 6.56 .760
NGM 1.25 2 18 .138
CHKP 1.25 6 117.68 .060
BYSI 1.25 5 4.37 1.430
ABSI 1.25 2 8.1 .308
SJ 1.24 4 5.72 .864
RSKD 1.24 2 7.61 .324
PBTS 1.24 1 0.6933 1.788
NVDA 1.24 166 300.01 .664
LPX 1.24 3 78.09 .045
LEDS 1.24 3 4.56 .813
JD 1.24 12 65.63 .216
EDSA 1.24 1 5.88 .210
CMMB 1.24 2 7.05 .350
BNTC 1.24 3 2.66 1.398
ANPC 1.24 2 1.05 2.360
ALXN 1.24 4 182.5 .024
TAP 1.23 2 45.77 .052
LAW 1.23 3 35.6 .102
JKS 1.23 5 43.3 .140
HOG 1.23 5 37.38 .160
ANET 1.23 1 144.89 .008
RCUS 1.22 1 42.18 .028
EYES 1.22 6 1.69 4.326
DDL 1.22 2 14.09 .172
BZ 1.22 3 35.14 .102
PFGC 1.21 3 45.54 .078
OSAT 1.21 3 3.64 .996
LYEL 1.21 3 7.13 .507
HGEN 1.21 3 3.66 .990
EAT 1.21 3 37.14 .096
ARAV 1.21 1 2.28 .530
WHLM 1.20 4 5.07 .944
MMM 1.20 7 178.41 .042
MARA 1.20 21 33.91 .735
CRIS 1.20 2 4.82 .496
CLX 1.20 5 171.38 .035
CETX 1.20 1 0.8299 1.445
AMTX 1.20 3 12.14 .294
TVTX 1.19 3 30.58 .114
SGOC 1.19 9 6.2 1.719
AMC 1.19 60 27.95 2.520
V 1.18 11 218.17 .055
MQ 1.18 7 16.83 .490
DFH 1.18 1 19.54 .060
ZEV 1.17 4 6.21 .752
VMW 1.17 9 117.88 .081
TDC 1.17 5 44.05 .130
STZ 1.17 4 249.78 .016
SKT 1.17 3 19.51 .177
MVIS 1.17 5 5.1 1.145
VOXX 1.16 3 10.26 .339
SIF 1.16 1 6.015 .192
NTAP 1.16 4 93.26 .048
LAZR 1.16 5 16.56 .350
HGSH 1.16 2 2.15 1.078
AMAT 1.16 8 160.98 .056
WGO 1.15 3 75 .045
NTRB 1.15 2 3.56 .646
HCWB 1.14 2 2.4 .950
BBLG 1.14 1 3.36 .339
AVIR 1.14 3 8.82 .387
VNET 1.13 3 8.06 .420
VIR 1.13 8 39.38 .224
SYTA 1.13 3 3.22 1.050
STG 1.13 1 4.7 .240
BTX 1.13 2 4.28 .528
ARDS 1.12 1 2.02 .554
SHEN 1.11 3 25.9 .126
SEMR 1.11 3 20.78 .159
PMCB 1.11 3 2.53 1.314
CTRN 1.11 5 81 .065
CNET 1.11 1 0.98 1.132
ALLO 1.11 2 15.41 .144
XM 1.10 3 35.37 .093
OPTT 1.10 1 1.56 .705
MRUS 1.10 3 32.12 .102
JRVR 1.10 3 28.15 .117
XTLB 1.09 2 2.81 .774
SKX 1.09 4 43.37 .100
FOSL 1.09 2 10.19 .212
ALDX 1.09 2 4.01 .542
TGT 1.08 14 227.92 .056
SFIX 1.08 3 19.51 .165
MTSL 1.08 3 3.37 .960
FCBP 1.08 1 29.1 .037
B 1.08 1 46.85 .023
AZYO 1.08 1 5.47 .197
ALF 1.08 2 2.2 .980
SMLP 1.07 2 22.01 .096
AXP 1.07 6 163.83 .036
VYGR 1.06 2 2.7 .784
USB 1.06 5 56.75 .090
C 1.06 5 60.62 .085
SCR 1.05 5 35.58 .145
QCOM 1.05 15 186.2 .075
PTGX 1.05 3 34.38 .090
MNST 1.05 4 94.7 .044
CELC 1.05 3 12.67 .246
RUN 1.04 6 32.76 .186
PRTA 1.04 9 45.7 .198
OCGN 1.04 12 4.38 2.844
NETE 1.04 2 13.09 .158
LEGN 1.04 6 47.28 .126
KURA 1.04 4 14.66 .280
IPA 1.04 2 5.585 .372
FSTX 1.04 1 5 .208
AUPH 1.04 10 22.49 .460
TSN 1.03 5 86.42 .055
KMPH 1.03 3 9.08 .339
MFNC 1.02 2 21.5 .094
GIII 1.02 5 27.63 .180
ZCMD 1.01 1 1.8 .561
TMUS 1.01 7 117.64 .056
SCHW 1.01 6 84.96 .066
OVV 1.01 3 33.66 .090
MOXC 1.01 6 3.52 1.716
LL 1.01 1 17.84 .056
FUBO 1.01 3 15.87 .189
EGRX 1.01 2 52.83 .038
DKS 1.01 18 107.39 .162
PINS 1.00 4 36.52 .108
OMER 1.00 1 6.75 .148
ISPC 1.00 7 9.15 .763
UAL .99 3 44.43 .066
LOGI .99 6 83.86 .066
DKNG .99 6 27.32 .216
CM .99 9 115.5 .072
ACY .99 19 59.59 .304
TRCH .98 2 4.95 .394
MYGN .98 2 27.56 .070
MCD .98 8 268.49 .024
MBOT .98 2 8.3 .236
JWN .98 4 22.59 .172
IMTX .98 4 12.49 .312
HOFV .98 2 1.52 1.288
HHR .98 11 51.85 .198
VSCO .97 6 54.5 .102
SAFM .97 2 190.07 .010
BGFV .97 10 19.3 .500
RRGB .96 2 16.93 .112
IMAB .96 6 45.65 .126
FA .96 1 19.02 .050
BRLT .96 4 16.31 .232
AZPN .96 4 152 .024
SUPN .95 2 30.41 .062
HD .95 20 406.22 .040
BTWN .95 1 9.8 .096
BPTH .95 2 4.21 .450
AGRI .95 5 1.96 2.420
MDT .94 9 103.95 .081
HAS .94 6 99.51 .054
ENOB .94 5 7.2 .650
UPS .93 9 214.6 .036
TGTX .93 3 19.24 .144
NIU .93 4 15.57 .236
LIFE .93 4 7.4 .500
ABT .93 11 141.19 .066
PLUG .92 9 27.96 .288
OKE .92 3 58.77 .045
LBPH .92 1 5.11 .180
KNL .92 1 25.04 .036
YEXT .91 1 10.12 .089
SSY .91 3 1.53 1.782
OTIS .91 5 86.46 .050
GM .91 4 57.23 .060
BIG .91 3 44.54 .060
AIT .91 2 104.21 .016
GEG .90 1 2.02 .445
DXC .90 3 32.43 .081
CRTO .90 1 38.74 .023
BBBY .90 16 14.92 .960
SPI .89 4 3.98 .892
BKE .89 6 42.56 .120
ACHL .89 1 5.09 .174
RTX .88 3 85.89 .030
IBM .88 10 133.35 .060
GMBL .88 2 3.58 .490
WMT .87 19 142.78 .114
GDEV .87 3 8.35 .312
DTSS .87 1 1.65 .527
UTHR .86 4 215.02 .012
TTCF .86 2 15.32 .112
RELI .86 3 6.02 .426
KODK .86 2 4.6 .372
GE .86 6 95.3 .054
APT .86 2 6.4 .268
VMEO .85 2 17.73 .094
SRNE .85 1 4.87 .174
DAL .85 6 39.63 .126
STX .84 10 115 .070
PTIX .84 2 1.35 1.244
NLS .84 2 6.08 .276
MO .84 4 47.38 .068
HOL .84 3 12.35 .204
FL .84 5 43.61 .095
DTST .84 3 3.22 .780
CLII .84 3 14.36 .174
APOP .84 5 13.17 .315
XLK .83 10 175.88 .040
TNA .83 5 85.26 .045
ROIV .83 1 10.67 .077
MAXR .83 4 28.75 .112
IRBO .83 1 41.61 .019
CNA .83 1 44.58 .018
BLUW .83 2 9.63 .172
ABBV .83 6 135.36 .036
SANA .82 1 15.18 .054
MNSO .82 1 9.32 .087
FITB .82 3 43.9 .054
BABA .82 99 112.09 .693
SPRT .81 20 11.8 1.360
MBRX .81 2 1.77 .914
ATVI .81 5 66.67 .060
SYPR .80 4 2.26 1.412
GTEC .80 4 6.49 .492
DD .80 4 80.45 .036
CYTK .80 6 46.38 .102
CALT .80 3 25 .096
BZUN .80 2 12.45 .128
ASAN .80 16 72.11 .176
SWI .79 1 14.34 .055
PNRG .79 1 67.9179 .011
LUV .79 8 42.16 .144
ERYP .79 4 2.3239 1.356
ZY .78 3 6.53 .357
PTON .78 6 34.56 .132
IPHA .78 4 4.65 .668
GNOG .78 1 9.65 .080
CAI .78 1 56 .013
QFIN .77 9 20.12 .342
PLTR .77 2 18.17 .084
OLB .77 3 2.8 .825
FUV .77 2 8.44 .182
ENTX .77 2 2.94 .522
ALYA .77 4 2.45 1.256
VLDR .76 2 4.63 .328
NFLX .76 105 610.71 .105
NBRV .76 1 0.5384 1.411
MOS .76 5 39.96 .095
LI .76 6 29.84 .150
IS .76 1 7.65 .099
GROM .76 2 1.91 .794
JBL .75 6 71.51 .060
FLWS .75 4 23.24 .128
SCKT .74 4 4.14 .712
MS .74 10 98.73 .070
MNOV .74 3 2.61 .849
GTIM .74 1 4.33 .170
GRVI .74 3 4.11 .540
EVOL .74 2 2.29 .646
BB .74 12 9.44 .936
ATXI .74 1 0.887401 .833
VZ .73 2 52.36 .026
UPC .73 3 1.6 1.368
SQBG .73 2 6.24 .232
SOFI .73 7 14.47 .350
RIOT .73 6 23 .186
OPNT .73 4 33.65 .084
NVFY .73 3 1.865 1.173
RMED .72 6 1.62 2.664
RETO .72 2 1.34 1.074
GLD .72 12 168.59 .048
DEN .72 4 76.06 .036
CRMT .72 9 102.46 .063
COP .72 9 72.92 .081
BTCM .72 4 6.23 .460
BFLY .72 1 6.39 .112
ARPO .72 1 2.2 .327
ZKIN .71 2 1.32 1.074
VALN .71 6 57.19 .072
UBER .71 6 42.54 .096
RFL .71 5 4.91 .720
PALI .71 3 1.38 1.542
BJ .71 8 67.27 .080
TBLA .70 1 9.85 .071
SONO .70 6 29.57 .138
ORGS .70 1 2.77 .252
OCX .70 1 2.09 .334
IGIC .70 3 7.55 .276
DDD .70 12 21.18 .396
CRCT .70 4 21.55 .128
AMKR .70 2 24.81 .056
VRNT .69 5 52.77 .065
SLS .69 4 5.46 .504
FTEK .69 3 1.44 1.437
ASM .69 1 0.8053 .856
APRE .69 3 2.88 .717
STEM .68 6 18.72 .216
SM .68 3 30.43 .066
RIDE .68 7 3.55 1.337
ONCS .68 1 0.88 .772
CGC .68 3 9.02 .225
XONE .67 2 26.7 .050
SKLZ .67 4 7.43 .360
PPSI .67 9 7.51 .801
PLD .67 5 167.68 .015
NPTN .67 1 15.34 .043
JRJC .67 3 6.73 .297
FTCH .67 6 33.32 .120
FOE .67 1 21.8 .030
CROX .67 12 129.95 .060
CLNE .67 1 6.37 .105
ACH .67 1 13.85 .048
WFC .66 6 48.45 .078
VIPS .66 1 7.5 .088
PG .66 11 164.19 .044
PEP .66 7 172.97 .021
HCM .66 5 34.61 .095
CTKB .66 1 17.14 .038
ATNF .66 4 3.72 .708
AMOM .66 1 36.0259 .018
TATT .65 3 6.43 .303
STRO .65 2 14.98 .086
PCVX .65 1 24.04 .027
NEE .65 6 91.99 .042
MESO .65 2 4.8 .270
LMNL .65 3 0.930899 2.094
LEN .65 8 116.1 .040
IONQ .65 7 17.7 .252
FB .65 108 342.94 .108
AA .65 12 59.63 .120
TQQQ .64 143 171.08 .429
SLGG .64 2 2.28 .560
SDC .64 2 2.52 .506
LZB .64 2 36.02 .034
SJM .63 14 135.1 .056
NKE .63 10 166.42 .030
LEXX .63 4 3.87 .648
FLOW .63 4 86.22 .028
CANF .63 2 1.26 1.000
ARCE .63 3 21.38 .087
ULTA .62 1 405.3 .001
LJPC .62 2 4.72 .262
LAC .62 13 29.55 .260
ISEE .62 4 16 .152
CUE .62 1 11.43 .054
BON .62 3 4.56 .405
BLPH .62 1 2.93 .211
BCRX .62 10 13.7 .450
ASTR .62 5 6.61 .465
AREC .62 5 1.86 1.665
APG .62 2 25.39 .048
WM .61 11 165.14 .033
VGR .61 1 17.06 .035
SOS .61 2 0.8925 1.366
MVST .61 6 6.07 .600
ENSC .61 4 4.4 .552
BEKE .61 2 19.77 .060
AMBO .61 1 0.88 .693
PSTV .60 1 1.03 .582
MRVL .60 9 88.54 .054
KZR .60 3 16.33 .108
EVK .60 6 2.42 1.482
CEMI .60 8 1.56 3.072
AYRO .60 2 1.53 .784
AMRS .60 1 5.22 .114
SPTN .59 4 26.01 .088
YMM .58 2 8.15 .142
WPRT .58 2 2.23 .520
WISH .58 3 3.01 .576
STAF .58 2 0.9263 1.252
M .58 17 26.98 .357
IFRX .58 3 4.45 .390
ICCM .58 1 2.98 .194
CSIQ .58 4 30.42 .076
BRTX .58 1 4.02 .144
WEI .57 1 0.7616 .748
SNAP .57 113 47.06 1.356
SBTX .57 1 6.19 .092
PRFX .57 4 1.3 1.752
ORPH .57 4 2.66 .856
EZFL .57 1 1.46 .390
CLPS .57 1 1.96 .290
CLPS .57 1 1.96 .290
VTSI .56 4 7.09 .312
UAA .56 4 21.08 .104
TTD .56 16 92.57 .096
RY .56 8 105.73 .040
OLN .56 3 58.27 .027
OBLN .56 3 3.05 .549
MTP .56 1 1.08 .518
LODE .56 3 1.36 1.233
CYAD .56 1 3.82 .146
VNE .55 6 35.67 .090
RSI .55 2 16.5 .066
MOSY .55 2 4.5 .244
MAT .55 6 20.97 .156
LOOP .55 5 12.21 .225
K .55 11 63.89 .088
FLXN .55 1 9.12 .060
EOLS .55 1 6.35 .086
WHLR .54 2 1.96 .550
VOOV .54 2 151.17 .006
TSM .54 3 121.41 .012
MSFT .54 117 341.95 .117
MPC .54 4 63.95 .032
INTC .54 7 51.83 .070
GPS .54 7 17.65 .210
ENZ .54 2 3.17 .340
ADMA .54 1 1.3 .415
TBIO .53 3 37.36 .042
NIO .53 77 28.25 1.386
MEDS .53 5 2.41 1.095
HUYA .53 4 6.59 .320
HPQ .53 6 37.98 .078
EQ .53 1 4.11 .128
DVAX .53 1 15 .035
CHPT .53 4 18.68 .112
BBWI .53 6 68.66 .042
ALC .53 8 88.5 .040
SILK .52 7 44.24 .077
RF .52 2 21.85 .046
ANF .52 3 34.33 .045
RCON .51 2 1.37 .744
OCUP .51 2 3.64 .280
GFAI .51 2 1.21 .842
DYAI .51 3 4.16 .366
CPSH .51 1 3.92 .130
BLU .51 3 7.95 .192
TIGR .50 8 4.79 .832
PSTG .50 5 33.5 .070
PATI .50 2 8.1 .122
MDIA .50 3 4.7 .318
CBAT .50 3 1.46 1.026
RKDA .49 1 1.08 .453
NRBO .49 2 1.3 .752
IGC .49 3 1.01 1.455
GP .49 3 7.88 .186
GEVO .49 4 4.61 .424
ENLV .49 2 5.81 .168
ECHO .49 1 48.24 .010
ATHM .49 3 26.13 .054
ARMP .49 1 5.31 .092
NNDM .48 3 3.76 .381
MT .48 2 32.43 .028
KIRK .48 3 15.19 .093
EPU .48 3 29.35 .048
TRIL .47 1 18.44 .025
TLRY .47 4 7.28 .256
SPRB .47 3 4.28 .327
SOHU .47 6 15.13 .186
EXPR .47 5 3.14 .745
DARE .47 1 1.96 .239
BODY .47 2 2.25 .416
BAC .47 6 44.63 .060
XPEV .46 84 44.47 .840
UFAB .46 2 1.93 .476
NTEC .46 4 9.63 .188
MARK .46 4 0.9496 1.936
KO .46 9 58.95 .063
KBSF .46 2 3.05 .300
GURE .46 1 4.31 .106
EQOS .46 1 1.96 .234
CVV .46 2 4.12 .222
CL .46 7 84.46 .035
CCJ .46 12 22.03 .240
VERU .45 4 5.91 .304
TYME .45 4 0.6799 2.644
TME .45 1 5.97 .075
ONCT .45 2 2.34 .384
FCX .45 25 41.98 .250
EVGO .45 8 9.75 .368
CSCO .45 12 63.96 .084
CRDF .45 3 5.99 .225
CCL .45 5 20.9 .105
ADIL .45 2 2.49 .360
WORX .44 4 1.2 1.464
STN .44 3 55.56 .021
NNVC .44 3 3.62 .363
MTTR .44 15 22.28 .285
LESL .44 2 23.28 .036
GALT .44 3 2.2 .600
FFHL .44 2 7.79 .112
DWSN .44 2 2.3 .382
WOOF .43 3 19.5 .066
PFE .43 19 57.58 .133
HOLI .43 1 14.02 .030
GAME .43 1 3.13 .137
EVGN .43 1 1.65 .260
CLF .43 12 20.78 .240
CAN .43 4 4.92 .348
ATIF .43 1 3.25 .132
T .42 4 24.64 .068
HRC .42 6 155.96 .012
DBGI .42 5 2.25 .930
CTSO .42 4 4.15 .404
BWAY .42 3 7.78 .159
ARMK .42 4 36.55 .044
SRNG .41 1 11.42 .035
SLB .41 6 29.65 .078
RKT .41 2 14.29 .056
PDCO .41 4 29.92 .052
KZIA .41 2 8 .102
HNST .41 3 7.73 .159
GTT .41 1 2.36 .173
BLIN .41 8 2.22 1.472
AUUD .41 7 1.85 1.547
ACOR .41 4 2.3 .712
YJ .40 2 0.652 1.226
XLF .40 3 39.19 .030
LIZI .40 4 1.74 .916
GRTX .40 4 4.48 .356
FBRX .40 1 2.08 .192
DUOT .40 1 6.16 .064
CTIB .40 5 1.28 1.560
CHRA .40 1 4.66 .085
IYC .39 4 84.08 .016
HALO .39 1 39.97 .009
EQT .39 3 22.8 .051
DUK .39 8 104.76 .024
DNUT .39 9 17.85 .189
CSCW .39 2 0.503 1.550
CRTD .39 7 2.2 1.239
AQMS .39 3 1.29 .906
XOM .38 10 61.15 .060
SBH .38 3 18.97 .060
RDUS .38 1 6.84 .055
OVID .38 2 3.23 .234
OTLK .38 2 1.33 .570
MRTN .38 3 16.96 .066
GPK .38 2 19.43 .038
ANIX .38 1 2.97 .127
VTNR .37 10 4.44 .830
UONE .37 7 4.66 .553
MRK .37 12 76.95 .048
LICY .37 1 9.5 .038
HUGE .37 1 0.9823 .376
GT .37 6 21.32 .102
CHMA .37 2 3.76 .196
UAVS .36 3 1.53 .705
MRKR .36 1 0.95 .378
MITQ .36 1 2.08 .173
JFIN .36 2 2.16 .332
IDEX .36 4 1.16 1.240
GOVX .36 7 3.81 .658
GNLN .36 2 0.9073 .792
BNGO .36 12 3 1.440
AKTX .36 1 1.48 .243
ADMP .36 1 0.5734 .627
ACB .36 3 5.45 .198
VXX .35 4 19.21 .072
SLV .35 5 21.11 .080
PHUN .35 16 2.68 2.080
ORMP .35 19 13.1 .494
ORGO .35 2 9.19 .076
ON .35 12 68.32 .060
LMFA .35 5 4.94 .350
KHC .35 6 35.81 .054
CLSD .35 3 2.72 .384
CIFR .35 3 4.48 .234
BSQR .35 13 1.64 2.769
AESE .35 1 1.7 .205
XELB .34 2 1.09 .622
TRIT .34 5 2.44 .695
SSNT .34 2 4.66 .144
ME .34 6 6.55 .306
HWCC .34 1 5.3 .064
CYTH .34 1 3.47 .097
NUAN .33 3 55.32 .015
IMMR .33 6 5.8 .336
HNP .33 2 26.27 .024
GTS .33 1 35.69 .009
CIEN .33 21 77.6 .084
BHTG .33 1 0.837 .394
WATT .32 2 1.23 .520
TAL .32 2 3.44 .186
SPCB .32 2 0.4362 1.466
SGBX .32 3 1.92 .498
PRPL .32 6 13.44 .138
MINM .32 2 1.23 .520
CORT .32 2 19.26 .032
AAPL .32 112 179.29 .112
AAL .32 9 18.05 .153
WINT .31 3 1.4 .663
ULBI .31 2 6.04 .102
SCYX .31 4 6.35 .192
LC .31 12 24.78 .144
HRL .31 7 48.43 .042
HMHC .31 2 16.26 .038
DMAC .31 2 3.45 .178
D .31 10 78.42 .030
AEY .31 1 1.68 .184
TESS .30 3 6.33 .141
PBR .30 10 10.9 .270
OXBR .30 5 6.36 .235
MU .30 10 96.17 .030
LGHL .30 4 1.3 .920
KR .30 17 44.71 .102
HAPP .30 1 0.5291 .567
ENG .30 3 1.34 .669
CLSK .30 1 11.01 .027
BRG .30 3 26.73 .033
BBIG .30 21 2.47 2.541
AVCT .30 5 2.25 .665
AUTL .30 3 5.1 .174
NEXT .29 4 3 .384
HUSN .29 4 2.75 .420
EFOI .29 4 3.94 .292
DRN .29 10 29.84 .090
ALTO .29 5 4.8 .300
AFMD .29 3 5.51 .156
XLE .28 10 56.06 .040
ORCL .28 37 88.21 .111
NKLA .28 17 9.88 .476
MITO .28 1 0.78 .358
FLO .28 6 27.44 .060
EPAY .28 3 56.65 .012
CLOV .28 2 3.74 .148
APTO .28 4 1.35 .828
XLV .27 9 141.2 .009
WIMI .27 4 2.99 .360
RSLS .27 4 1.65 .652
NAOV .27 11 1.01 2.937
MGTX .27 1 23.56 .011
INCY .27 5 73.79 .015
GSM .27 7 6.36 .294
FENC .27 2 4.22 .126
ERF .27 3 10.51 .075
ENVB .27 3 1.01 .801
ACI .27 12 29.83 .108
VIVE .26 2 1.11 .468
PPBT .26 1 3.8359 .067
PME .26 1 0.455 .571
JQUA .26 1 45.6905 .005
AXLA .26 2 2.09 .248
VCLO .25 1 15.34 .016
PBLA .25 1 1.75 .142
HITI .25 1 4.35 .057
RVI .24 2 6.42 .074
RAIL .24 4 3.78 .252
PLG .24 3 1.69 .426
MOGO .24 4 3.71 .256
IKT .24 1 1.38 .173
GBR .24 1 2.52 .095
ERJ .24 14 17.11 .196
CPIX .24 4 4.73 .200
CONE .24 3 90.19 .006
UWMC .23 4 6.01 .152
PIRS .23 7 3.36 .476
GIS .23 13 66.89 .039
BCLI .23 2 4.01 .114
THTX .22 1 2.915 .075
SSKN .22 1 1.4 .157
SPWH .22 3 11.38 .057
JFU .22 3 1.1 .600
INOV .22 2 41.06 .010
FFIE .22 2 4.84 .090
DYNT .22 5 0.9891 1.110
BIOC .22 4 3.52 .248
ABUS .22 8 3.76 .464
VBLT .21 3 1.97 .318
TENX .21 1 1.01 .207
GNFT .21 6 5.08 .246
AZN .21 16 58.32 .048
ATOS .21 5 1.6 .655
ALZN .21 3 2.18 .288
ALAC .21 2 11.68 .034
ENSV .20 1 0.8671 .230
ANY .20 21 3.01 1.386
AEHR .20 31 23.43 .248
NBEV .19 1 1.07 .177
MOMO .19 3 8.2 .069
FLGC .19 6 1.76 .642
COTY .19 8 10.43 .144
BKYI .19 2 2.26 .168
BGI .19 3 4.71 .120
AGNC .19 4 15.39 .048
VSH .18 3 22.55 .021
IRIX .18 4 6.17 .116
FCEL .18 130 5.87 3.900
BLNK .18 14 27.4 .084
TISI .17 1 1.09 .155
PPC .17 2 27.99 .012
PETZ .17 4 4.24 .160
LIVX .17 2 3.07 .110
KXIN .17 6 1.12 .906
GMTX .17 2 2.88 .118
BVXV .17 3 2.49 .204
SNES .16 2 1.029 .310
OCG .16 4 4.77 .132
INFI .16 4 2.25 .284
IMMP .16 7 3.43 .322
HFBL .16 1 20.382 .007
GGAL .16 4 9.61 .064
BP .16 7 26.99 .035
ZNGA .15 4 6.4 .092
XLP .15 14 76.48 .014
VRS .15 2 26.92 .010
IMV .15 2 1.24 .240
HIPO .15 3 2.82 .159
GSKY .15 2 11.49 .026
GRUB .15 3 10.62 .042
CREX .15 1 1.42 .105
CHNG .15 2 21.26 .014
XERS .14 1 2.51 .055
SYKE .14 3 54 .006
OEG .14 1 2.15 .065
NXTP .14 1 0.8441 .165
INM .14 1 1.32 .106
IEC .14 1 15.34 .009
EDU .14 1 1.9 .073
VIEW .13 2 4.86 .052
SVBI .13 1 13.63 .009
SALM .13 5 2.98 .215
OSMT .13 4 1.06 .488
GENE .13 3 1.96 .198
VERB .12 8 1.25 .768
SBBP .12 2 2 .120
PSTX .12 1 6.91 .017
MRO .12 18 16.48 .126
LTHM .12 19 24.98 .076
HDGE .12 3 24.84 .012
GSAT .12 2 1.17 .204
CRON .12 5 3.85 .155
CHNR .12 4 0.5951 .804
AHPI .12 3 5.95 .060
UNIT .11 3 13.77 .021
TTM .11 14 31.72 .042
TELL .11 9 3.11 .315
SNMP .11 2 0.5598 .392
MOHO .11 3 0.4012 .822
GBS .11 1 1.5 .073
FENG .11 2 0.814 .270
FAST .11 6 63.88 .006
ET .11 6 8.15 .078
EKSO .11 2 2.69 .080
CSPR .11 1 6.68 .016
CALA .11 1 0.6245 .176
ACHV .11 2 7.56 .028
SLHG .10 1 1.39 .071
RAVN .10 3 58.08 .003
OBSV .10 6 1.99 .300
KDMN .10 4 9.5 .040
EDTK .10 2 0.9512 .210
CNFR .10 2 2.17 .092
CDEV .10 5 6.26 .075
AGEN .10 12 3.37 .348
YPF .09 3 3.99 .066
XELA .09 7 0.8875 .707
WTER .09 2 1.23 .146
TEDU .09 2 1.62 .110
TAAG .09 1 20.9494 .004
SELF .09 1 5.7 .015
RIG .09 6 2.86 .186
PRPO .09 3 1.62 .165
CXM .09 1 15.9 .005
CPG .09 8 5.2 .136
AEMD .09 3 1.97 .135
AEI .09 2 0.5554 .324
XPDI .08 14 10.53 .098
TEO .08 2 5.18 .030
SSL .08 23 16.4 .092
SBS .08 10 7.06 .110
MBII .08 1 0.6471 .123
CLDR .08 1 15.99 .005
BQ .08 2 0.87 .182
VSTM .07 3 2.05 .102
SWN .07 4 4.92 .056
NEPT .07 2 0.3636 .384
LMRK .07 2 16.49 .008
ITRO .07 1 1.27 .055
ITRN .07 3 26.25 .006
CPLG .07 1 15.67 .004
XBIO .06 8 1.33 .360
VG .06 1 20.78 .002
RRD .06 11 10.63 .055
OXY .06 31 29.48 .062
KULR .06 8 2.95 .160
ESXB .06 2 11.3 .010
ENIC .06 1 1.81 .033
DBVT .06 12 1.65 .432
ADMS .06 2 8.22 .014
ULTA .05 12 405.3 0
OCG .05 13 4.77 .130
MTL .05 19 3.19 .285
MDNA .05 8 1.65 .240
FRBK .05 1 3.79 .013
PSP .04 3 15.33 .006
PBT .04 2 8.97 .008
NOK .04 6 6.29 .036
MFGP .04 7 5.43 .049
IRCP .04 4 2.23 .068
CXP .04 1 19.28 .002
AVGR .04 7 0.49 .567
VTGN .03 5 1.9 .075
VCAR .03 1 16.1 .001
SNDL .03 1 0.5904 .050
SIC .03 1 14.49 .002
LPTX .03 4 3.02 .036
FRO .03 19 7.18 .076
RTLR .02 9 11.16 .009
RCAT .02 3 2.11 .027
NWHM .02 1 8.99 .002
KIN .02 2 9.25 .004
EIC .02 2 17.15 .002
DSE .02 1 9.49 .002
PMD .01 1 6.96 .001
INFL .01 2 31.05 0
IACB .01 3 7.95 .003
DFP .01 3 27.48 0
BEST .01 3 0.7974 .036
WMPN 0 4 12.05 0
SLVO 0 5 5.01 0
QQC 0 2 34.0086 0
QADB 0 4 87.54 0
PAE 0 1 9.91 0
ONON 0 1 51.42 0
NLSP 0 1 1.13 0
LHAA 0 1 9.72 0
HWBK 0 1 25.29 0
DVD 0 1 3.61 0
APWC 0 1 2.99 0
NSYS -.12 1 10.06 -.011
