EJH 5.21 6 2.05 15.246
SCPS 3.34 7 2.18 10.724
LAIX 1.72 4 0.8 8.600
AACG 2.14 5 1.42 7.535
EEIQ 4.33 5 3.56 6.080
CPOP 2.34 5 2.01 5.820
NVOS 1.65 5 1.505 5.480
DPW 1.56 5 1.74 4.480
NEGG 3.07 20 14.12 4.340
AUVI 2.32 9 5.02 4.158
NRXP 2.89 8 5.94 3.888
JZXN 1.63 4 1.8 3.620
VRPX 1.77 9 4.46 3.564
EYES 1.22 6 2.06 3.552
VVOS 1.65 6 2.8 3.534
JAN 2.73 6 4.87 3.360
JG 1.30 3 1.24 3.144
SIEB 1.53 5 2.53 3.020
FCEL .18 130 7.61 2.990
HX 1.40 6 2.83 2.964
KOSS 5.35 7 13.6 2.751
CEMI .60 8 1.84 2.608
AAME 1.97 5 3.785 2.600
NAOV .27 11 1.16 2.552
NURO 1.47 11 6.81 2.365
TYME .45 4 0.7679 2.344
BSQR .35 13 1.98 2.288
IRNT 3.02 6 8.05 2.250
AGRI .95 5 2.13 2.230
RMED .72 6 1.99 2.166
BBIG .30 21 2.95 2.121
AMC 1.21 57 32.35 2.109
INDP 2.52 5 5.99 2.100
OCGN 1.04 12 6.03 2.064
MRIN 2.01 5 5.29 1.895
ANPC 1.24 2 1.31 1.892
SPCE 1.26 24 16.24 1.848
CARV 3.92 6 12.77 1.836
LMNL .65 3 1.09 1.788
BTBT 1.45 10 8.13 1.780
SGOC 1.19 9 6.2 1.719
RETO .72 2 0.8698 1.654
AREC .62 5 1.9 1.630
PBTS 1.24 1 0.7708 1.608
JCS 1.40 3 2.68 1.566
CSCW .39 2 0.5056 1.542
WAVE 1.72 5 5.615 1.530
SAVA 2.72 28 49.98 1.512
NCTY 2.63 5 8.72 1.505
TAOP 1.35 3 2.72 1.488
BIDU 1.88 118 148.93 1.416
GME 2.99 82 173.65 1.394
EVK .60 6 2.58 1.392
SSY .91 3 1.97 1.383
PHUN .36 15 3.91 1.380
SPRT .81 20 11.8 1.360
MARK .46 4 1.36 1.352
CTIB .40 5 1.48 1.350
DWAC 22.11 4 65.42 1.348
WAFU 1.50 4 4.63 1.292
BYSI 1.25 5 4.84 1.290
RNXT 1.96 4 6.07 1.288
PRFX .57 4 1.77 1.288
PMCB 1.11 3 2.6 1.278
GRTS 2.25 7 12.35 1.274
ERYP .79 4 2.48 1.272
WORX .44 4 1.38 1.272
FTEK .69 3 1.63 1.269
TPST 2.19 5 8.63 1.265
AUUD .41 7 2.27 1.260
BNTC 1.24 3 2.99 1.242
DLPN 2.14 5 8.74 1.220
NMRD 1.66 4 5.47 1.212
SNOA 1.51 4 4.98 1.212
SYPR .80 4 2.71 1.180
YJ .40 2 0.6801 1.176
MOXC 1.33 4 4.55 1.168
CETX 1.20 1 1.03 1.165
UPC .73 3 1.88 1.164
ALYA .77 4 2.66 1.156
NIO .53 77 35.05 1.155
BLIN .41 8 2.84 1.152
BNGO .36 12 3.73 1.152
IGC .49 3 1.28 1.146
SNAP .57 113 53.42 1.130
LHDX 1.58 4 5.73 1.100
HGSH 1.16 2 2.14 1.084
NVFY .73 3 2.02 1.083
ACRS 2.12 7 13.68 1.078
NBRV .76 1 0.7103 1.069
PALI .71 3 2 1.065
RIDE .68 7 4.47 1.064
STAF .58 2 1.09 1.064
GRTX .50 3 1.43 1.047
CRTD .39 7 2.63 1.036
LODE .56 3 1.63 1.029
SOS .61 2 1.19 1.024
SJ 1.24 4 4.9 1.012
BB .84 11 9.31 .990
WHLM 1.20 4 4.88 .980
ANY .21 20 4.21 .980
FULC 2.54 6 15.73 .966
MTSL 1.08 3 3.37 .960
DYNT .22 5 1.14 .960
PTIX .84 2 1.76 .954
SPCB .32 2 0.67 .954
CHCI 1.54 3 4.87 .948
CNET 1.11 1 1.17 .948
CANF 1.04 1 1.11 .936
OSAT 1.21 3 3.89 .933
ANVS 3.73 6 24.07 .924
HOFV .98 2 2.16 .906
IMPL 1.70 5 9.43 .900
IDEX .36 4 1.62 .888
MEDS .53 5 3.06 .865
KALV 1.44 8 13.56 .848
ZKIN .71 2 1.68 .844
EBET 3.45 6 24.63 .840
DBGI .42 5 2.53 .830
HCWB 1.14 2 2.75 .828
HOOD 1.41 14 23.72 .826
SPI .89 4 4.32 .824
MVIS 1.17 5 7.16 .815
TERN 1.53 4 7.64 .800
VTNR .37 10 4.6 .800
ASM .69 1 0.8649 .797
LIZI .40 4 2.01 .796
ADGI 2.98 10 37.79 .780
ORPH .57 4 3.01 .756
XPEV .46 84 47.88 .756
MBRX .81 2 2.15 .752
EYEG 1.45 1 1.95 .743
DTST .84 3 3.4 .741
BBBY .90 16 19.22 .736
ACIU 1.91 2 5.2 .734
VERY 1.39 4 7.79 .712
ZEV 1.17 4 6.58 .708
CBAT .50 3 2.11 .708
MOHO .11 3 0.471 .699
HTBX 1.46 2 4.18 .698
XTLB 1.09 2 3.13 .696
WBX 8.99 1 13.11 .685
ALF 1.08 2 3.15 .684
AQMS .39 3 1.71 .684
VYGR 1.06 2 3.1 .682
KXIN .17 6 1.5 .678
MNOV .74 3 3.28 .675
GROM .76 2 2.25 .674
ATNF .66 4 3.95 .668
GFAI .51 2 1.55 .658
NRBO .49 2 1.5 .652
GOVX .36 7 3.87 .651
TIGR .50 8 6.11 .648
LGHL .30 4 1.85 .648
HGEN 1.21 3 5.64 .642
NVDA 1.32 160 318.26 .640
NVAX 8.92 13 181.75 .637
EXPR .47 5 3.68 .635
EVOL .74 2 2.33 .634
ENVB .27 3 1.29 .627
OPTT 1.10 1 1.76 .625
OPAD 1.25 4 8.01 .624
IPHA .78 4 4.99 .624
WEI .57 1 0.92 .619
LEDS 1.24 3 6.08 .609
ATXI .74 1 1.23 .601
AVXL 2.41 5 19.96 .600
COHN 1.95 5 16.22 .600
RCON .51 2 1.7 .600
ACOR .41 4 2.74 .596
GNLN .36 2 1.21 .594
BABA .82 98 125.08 .588
KTTA 1.49 1 2.56 .582
AVCT .60 1 1.03 .582
DTSS .87 1 1.5 .580
SCKT .74 4 5.1647 .572
VERB .12 8 1.69 .568
RFL .71 5 6.26 .565
CHNR .12 4 0.85 .564
LCID 2.32 11 44.72 .561
AMBO .61 1 1.09 .559
ZCMD 1.01 1 1.81 .558
PPSI .67 9 10.79 .558
AYRO .60 2 2.15 .558
WINT .31 3 1.66 .558
OBLN .56 3 3.05 .549
ALEC 2.10 6 22.93 .546
AUPH 1.40 8 20.83 .536
GALT .44 3 2.46 .534
JFU .22 3 1.23 .534
KNBE 1.80 7 23.66 .532
APTO .28 4 2.09 .532
RSLS .27 4 2.02 .532
XELB .34 2 1.3 .522
WHLR .54 2 2.07 .520
OLB .77 3 4.47 .516
ACY .99 19 36.12 .513
MINM .32 2 1.25 .512
FLGC .19 6 2.22 .510
ENG .30 3 1.77 .507
LWAC 1.73 5 16.98 .505
ISPC 1.43 5 14.15 .505
DQ 3.36 7 46.49 .504
HUSN .29 4 2.3 .504
ADMP .36 1 0.7153 .503
APRE .69 3 4.12 .501
PENN 2.65 10 52.94 .500
BCRX .62 10 12.24 .500
UONE .37 7 5.18 .497
XELA .09 7 1.26 .497
WNW 1.34 1 2.7 .496
ENSC .74 2 2.98 .496
MVST .61 6 7.35 .492
BILI 1.28 23 60.52 .483
AVGR .04 7 0.5795 .483
NNOX 1.69 5 17.55 .480
CRIS 1.20 2 4.98 .480
OTLK .38 2 1.59 .476
WPRT .58 2 2.45 .472
UAVS .36 3 2.28 .471
GLSI 3.27 5 34.64 .470
ENTX .77 2 3.27 .470
OSMT .13 4 1.11 .468
GRVI .74 3 4.75 .465
ATOS .21 5 2.24 .465
RHE 1.27 2 5.47 .464
ONCS .68 1 1.48 .459
WISH .58 3 3.78 .459
ABUS .27 7 4.14 .455
UFAB .46 2 2.02 .454
BGFV .97 10 21.47 .450
HAPP .30 1 0.6656 .450
LEXX .63 4 5.6 .448
GTEC .80 4 7.17 .444
SYTA 1.89 1 4.28 .441
PSTV .60 1 1.36 .441
MARA 1.03 20 46.64 .440
GEG .90 1 2.05 .439
NKLA .31 15 10.35 .435
SDC .64 2 2.96 .432
MRNA 3.13 39 283.4 .429
MQ 1.18 7 19.11 .427
BTCM .72 4 6.84 .420
TQQQ .64 138 169.77 .414
MTP .56 1 1.35 .414
PIRS .23 7 3.88 .413
ARAV 1.21 1 2.95 .410
ENOB .94 5 11.36 .410
WATT .32 2 1.57 .406
SLS .69 4 6.8 .404
SGBX .32 3 2.38 .402
SLGG .64 2 3.2 .400
RAPT 1.77 7 30.89 .399
TRCH .98 2 4.95 .394
AVIR 1.14 3 8.69 .393
MTL .08 14 2.79 .392
ADMA .54 1 1.38 .391
BHTG .33 1 0.8491 .388
TRIT .34 5 4.41 .385
BPTH .95 2 4.94 .384
EYPT 5.86 1 15.27 .383
NTRB 1.15 2 6.02 .382
BON .62 3 4.86 .381
BTX 1.13 2 5.94 .380
LIFE 1.09 3 8.61 .378
IFRX .58 3 4.6 .378
DYAI .51 3 4.02 .378
DWSN .44 2 2.32 .378
RKDA .49 1 1.31 .374
MRAM 2.30 2 12.39 .370
VNET 1.13 3 9.14 .369
NEXT .29 4 3.15 .368
LYEL 1.21 3 9.93 .363
AGEN .10 12 3.32 .360
CERE 1.78 7 34.4 .357
IPA 1.04 2 5.84 .356
BODY .47 2 2.63 .356
BFRI 1.74 1 4.9 .355
LAZR 1.16 5 16.16 .355
KMPH 1.03 3 8.77 .351
DDD .70 12 23.55 .348
BKKT 2.95 2 17.14 .344
GEVO .49 4 5.65 .344
XBIO .06 8 1.39 .344
ZG 3.19 7 64.48 .343
GDEV .87 3 7.6 .342
IMMR .33 6 5.76 .342
ORMP .35 17 17.24 .340
PME .26 1 0.765 .339
GMBL .88 2 5.18 .338
TEDU .09 2 0.5323 .338
BNTX 3.70 28 291.94 .336
DOCS 2.62 8 62.02 .336
RLMD 1.57 4 18.54 .336
IMTX .98 4 11.59 .336
PLG .24 3 2.13 .336
ASTR .62 5 9.37 .330
MDIA .50 3 4.53 .330
GRU 1.51 1 4.585 .329
IMMP .16 7 3.34 .329
IMNM 1.42 4 17.23 .328
VTSI .56 4 6.78 .328
ARPO .72 1 2.2 .327
STG 1.13 1 3.46 .326
VIVE .26 2 1.59 .326
MITO .28 1 0.859999 .325
APPS 3.13 6 57.53 .324
CLSD .35 3 3.26 .321
AFRM 2.60 16 127.97 .320
EOSE 1.39 2 8.66 .320
M .56 16 27.34 .320
AEHR .19 29 16.17 .319
KURA 1.04 4 13.04 .316
APOP .84 5 13.17 .315
PRPL .68 5 10.67 .315
TSLA 3.09 156 1068.96 .312
VOXX 1.16 3 11.05 .312
CTSO .42 4 5.35 .312
NEPT .07 2 0.4477 .312
LGVN 1.37 5 21.9 .310
SNES .16 2 1.03 .310
NNDM .48 3 4.64 .309
SPLK 6.20 6 119.43 .306
TATT .65 3 6.35 .306
ADIL .45 2 2.94 .306
CMMB 1.24 2 8.11 .304
ONCT .45 2 2.98 .302
BBLG 1.14 1 3.78 .301
SOFI .73 7 16.94 .301
ZM 3.91 15 194.86 .300
CCXI 3.66 3 36.6 .300
LJPC .62 2 4.13 .300
ENZ .54 2 3.59 .300
KBSF .46 2 3.05 .300
MRKR .36 1 1.2 .300
GPN 3.54 11 130.11 .297
QFIN .77 9 23.3 .297
ALDX 1.09 2 7.32 .296
HUGE .37 1 1.25 .296
SNMP .11 2 0.7383 .296
BNR 1.30 3 13.26 .294
KODK .86 2 5.82 .294
WIMI .27 4 3.69 .292
FGEN 1.47 3 15.08 .291
JRJC .67 3 6.88 .291
ALTO .29 5 4.95 .290
ZLAB 3.42 6 71.02 .288
EVGO .45 8 12.17 .288
TELL .11 9 3.37 .288
CLF .57 11 21.36 .286
AEI .09 2 0.626 .286
UPST 2.99 19 194.37 .285
SBEA 1.45 2 10.26 .282
NNVC .44 3 4.65 .282
NVCR 2.63 10 92.74 .280
VBLT .21 3 2.24 .279
VLDR .76 2 5.5 .276
AMD 1.97 21 145.24 .273
TASK 1.74 7 43.97 .273
GSM .27 7 6.81 .273
SE 4.40 17 263.01 .272
KSS 1.41 10 51.12 .270
OXBR .30 5 5.53 .270
SKLZ .67 4 9.9 .268
HUYA .53 4 7.91 .268
CAN .43 4 6.33 .268
INFI .16 4 2.38 .268
RSKD 1.24 2 9.3 .266
MOSY .55 2 4.115 .266
LMFA .35 5 6.58 .265
OCX .70 1 2.65 .264
VERU .45 4 6.75 .264
DBVT .07 11 2.85 .264
OCUP .51 2 3.89 .262
ZY .78 3 8.9 .261
IGIC .70 3 7.98 .261
PBR .30 10 11.31 .260
RBLX 2.35 14 124.78 .252
MTTR .48 14 26.03 .252
SALM .20 4 3.14 .252
ERJ .39 10 15.33 .250
OBSV .10 6 2.4 .246
CARA 1.57 2 12.8 .244
DDS 6.58 10 266.48 .240
FCX .41 24 38.72 .240
ME .34 6 8.38 .240
RAIL .24 4 3.99 .240
JFIN .36 2 3.01 .238
CLPS .57 1 2.41 .236
CLPS .57 1 2.41 .236
FIGS 1.33 6 33.72 .234
SQBG .73 2 6.24 .232
MDNA .05 8 1.72 .232
AKTX .36 1 1.56 .230
NLS .84 2 7.32 .228
ATAI 1.29 2 11.38 .226
EZFL .57 1 2.52 .226
FENG .11 2 0.9675 .226
CHGG 2.17 3 28.71 .225
AMEH 2.05 9 80.94 .225
CELC 1.05 3 13.91 .225
PLUG .92 9 36.6 .225
W 6.80 8 237.98 .224
ASAN 1.33 14 80.01 .224
OVID .38 2 3.37 .224
BRLT 2.17 2 19.47 .222
DARE .47 1 2.13 .220
CCJ .47 11 23.25 .220
CRDF .45 3 6.12 .219
OSTK 2.60 7 81.53 .217
GPS .54 7 17.34 .217
SI 4.55 8 168.05 .216
EXPI 1.38 6 37.65 .216
ABSI 1.25 2 11.49 .216
FB .72 108 330.56 .216
TSP 1.75 5 39.82 .215
CVV .46 2 4.32 .212
EDSA 1.24 1 5.89 .210
AMTX 1.20 3 17.03 .210
IONQ .65 7 20.97 .210
EVGN .43 1 2.04 .210
SHOP 28.96 11 1520.29 .209
ZIM 1.47 8 56.18 .208
BIOC .22 4 4.22 .208
ORGS .70 1 3.37 .207
DLO 1.53 5 36.83 .205
LOOP .55 5 13.18 .205
HOL .84 3 12.35 .204
STEM .68 6 19.69 .204
MOGO .24 4 4.7 .204
DELL 1.75 7 58.4 .203
MESO .65 2 6.46 .200
DUOL 7.27 3 108.58 .198
CPE 1.54 7 53.28 .196
CHMA .37 2 3.76 .196
AXLA .26 2 2.64 .196
FOSL 1.09 2 11.23 .194
TLRY .47 4 9.61 .192
AZYO 1.08 1 5.65 .191
CELH 1.96 7 71.86 .189
NTEC .46 4 9.63 .188
IMV .15 2 1.58 .188
EDTK .10 2 1.055 .188
FSTX 1.04 1 5.58 .186
XAIR 1.97 1 10.61 .185
MSTR 14.75 8 636.54 .184
SQ 1.73 23 194.78 .184
CGC 1.01 2 10.94 .184
DNUT .38 8 15.96 .184
ENSV .20 1 1.09 .183
NVTS 1.62 2 17.73 .182
DOCN 1.74 10 95.14 .180
TWTR 1.40 6 45.72 .180
PRTA 1.04 9 49.55 .180
JWN .98 4 21.4 .180
NIU .93 4 20.26 .180
BWAY .68 2 7.64 .178
ARVN 1.91 7 73.91 .175
AESE .35 1 1.99 .175
DKNG .99 6 33.38 .174
CLII .84 3 14.36 .174
RIG .09 6 3.1 .174
GTT .41 1 2.36 .173
BLUW .83 2 9.63 .172
GSAT .12 2 1.38 .172
GENE .13 3 2.2502 .171
PUBM 6.66 1 39.04 .170
PDD 2.15 5 62.43 .170
GIII 1.02 5 29.43 .170
TENX .21 1 1.23 .170
SFIX 1.08 3 19 .168
AEY .31 1 1.84 .168
ACHL .89 1 5.32 .167
LYFT 1.43 5 42.21 .165
SKT 1.17 3 20.95 .165
GTIM .74 1 4.51 .164
ISEE .62 4 14.79 .164
SCYX .31 4 7.41 .164
CPIX .24 4 5.78 .164
TOST 3.31 2 40.38 .162
NEWR 2.93 6 105.89 .162
DDL 1.22 2 14.91 .162
DKS 1.01 18 110.31 .162
SOHU .47 6 17.38 .162
ACB .36 3 6.57 .162
IAC 3.19 7 133.58 .161
HHR .86 10 53.19 .160
AA .78 10 48.56 .160
DRN .57 8 28.03 .160
MITQ .36 1 2.25 .160
HIPO .25 2 3.11 .160
OCG .16 4 4 .160
SEMR 1.11 3 20.85 .159
CIFR .35 3 6.52 .159
NBEV .19 1 1.19 .159
NETE 1.04 2 13.09 .158
FUV .77 2 9.7 .158
FBRX .40 1 2.52 .158
DMAC .31 2 3.9 .158
FLGT 2.27 6 85.68 .156
BYND 2.00 6 74.13 .156
OCG .05 13 4 .156
DNA 1.58 1 10.16 .155
LBPH .92 1 5.96 .154
BKYI .19 2 2.44 .154
JD 1.40 9 78.29 .153
FUBO 1.01 3 19.77 .153
TGTX .93 3 18.04 .153
AAL .32 9 18.23 .153
IRDM 1.55 4 41.22 .148
VCVC 1.46 1 9.85 .148
SSKN .22 1 1.49 .147
SCR 1.05 5 35.58 .145
LI .76 6 31.59 .144
RIOT .73 6 29.34 .144
LAC .60 9 35.32 .144
HNST .41 3 8.48 .144
SSNT .34 2 4.7 .144
COTY .19 8 10.27 .144
DE 4.88 11 361.06 .143
ENLV .49 2 6.89 .142
IKT .24 1 1.68 .142
APP 1.38 10 96.06 .140
MAT .63 5 21.88 .140
ORCL .36 35 88.94 .140
NXTP .14 1 1 .140
VIH 1.31 1 9.36 .139
CALA .11 1 0.79 .139
DPST 2.33 3 50 .138
EDIT 1.47 3 31.9 .138
CPSH .51 1 3.75 .136
SRNE .85 1 6.29 .135
TESS .30 3 6.62 .135
PRPO .09 3 1.97 .135
NGM 1.25 2 18.43 .134
PBLA .25 1 1.86 .134
RL 2.39 7 124.17 .133
FRD 1.28 1 9.6 .133
SONO .70 6 31.42 .132
AUTL .30 3 6.75 .132
SIF 1.16 1 8.825 .131
ATIF .43 1 3.28 .131
U 4.07 5 153.94 .130
TDC 1.17 5 43.93 .130
DAL 1.02 5 38.88 .130
CRON .12 5 4.6 .130
WTER .09 2 1.38 .130
GH 1.57 8 97.34 .128
EQOS .46 1 3.58 .128
BCLI .46 1 3.57 .128
GAME .43 1 3.34 .128
TISI .17 1 1.32 .128
PETZ .17 4 5.22 .128
SAM 9.40 7 503.42 .126
SHEN 1.11 3 25.89 .126
LUV .99 6 45.27 .126
FENC .27 2 4.26 .126
MRO .12 18 16.19 .126
KULR .06 7 3.18 .126
THCB 1.25 1 10 .125
JKS 1.23 5 48.64 .125
CYTK .96 5 37.05 .125
AFMD .43 2 6.83 .124
CMTL 3.13 1 25.26 .123
TVTX 1.19 3 28.86 .123
JRVR 1.10 3 26.58 .123
UWMC .29 3 7 .123
HJLI 1.27 1 10.38 .122
OMER 1.00 1 8.14 .122
BQ .08 2 1.3 .122
BIGC 2.58 2 42.84 .120
DASH 2.11 10 168.93 .120
CLDX 1.61 3 39.73 .120
LIVE 1.37 3 34.1 .120
RUN 1.10 5 44.68 .120
MRUS 1.10 3 27.09 .120
LEGN 1.04 6 51.29 .120
PFE .53 12 51.4 .120
LC .39 10 31.72 .120
TAL .32 2 5.33 .120
CLOV .28 2 4.65 .120
SBBP .12 2 2 .120
GRVY 1.33 7 77.76 .119
KR .30 17 42.81 .119
PATI .50 2 8.37 .118
DLTR 1.90 9 138.63 .117
BZ 1.22 3 30.65 .117
ALLO 1.11 2 18.91 .116
VSCO 1.29 5 54.61 .115
CCL .45 5 19.52 .115
MSFT .51 114 334.97 .114
GP .49 3 12.87 .114
ULBI .31 2 5.41 .114
RGEN 4.41 7 266.03 .112
CAT 2.86 8 204.19 .112
JPM 1.29 14 160.71 .112
MAXR .83 4 28.94 .112
FLWS .75 4 26.38 .112
CYAD .56 1 4.99 .112
IRIX .18 4 6.3 .112
BGI .19 3 5.06 .111
AEMD .09 3 2.38 .111
LAD 6.41 5 288.65 .110
DPZ 5.62 11 534.17 .110
ACMR 1.83 5 79.76 .110
KZR .82 2 14.76 .110
AAPL .34 110 175.08 .110
LIVX .17 2 3.07 .110
SBS .08 10 7.04 .110
MBII .08 1 0.73 .109
DIS 1.86 9 153.34 .108
CAH 1.34 4 48.25 .108
HCM .93 4 33.56 .108
BZUN .80 2 14.56 .108
VIR .79 6 41.89 .108
UBER .71 6 38.81 .108
CRCT .70 4 25.62 .108
FTCH .67 6 36 .108
FFHL .44 2 8.1 .108
SSL .12 18 18.39 .108
EQ .53 1 4.94 .107
ANIX .38 1 3.56 .106
TWST 1.37 7 90.13 .105
NFLX .76 105 628.08 .105
MOS .76 5 36.02 .105
CIEN .33 21 62.2 .105
LTHM .21 15 28.62 .105
MSGE 1.88 4 71.76 .104
VLO 1.86 4 70.72 .104
AN 1.67 8 120.3 .104
APXT 1.27 1 12.11 .104
RRGB .96 2 18.13 .104
TTCF .86 2 16.27 .104
YMM .58 2 11.15 .104
ARMP .49 1 4.7 .104
RMBL 1.41 3 41.4 .102
BKE .89 6 50.03 .102
KZIA .41 2 8.02 .102
GKOS 4.45 1 44.06 .100
BHVN 2.12 5 105.37 .100
CREE 1.64 5 79.12 .100
CHPT .53 4 20.98 .100
REGN 7.44 9 654.04 .099
ACI .29 11 31.84 .099
KMB 1.99 7 136.89 .098
ESTC 1.83 7 128.31 .098
MDT 1.66 7 112.42 .098
RCAT .10 2 2.01 .098
CNC 2.42 3 73.88 .096
EAT 1.21 3 37.49 .096
PINS 1.00 4 40.52 .096
BTWN .95 1 9.83 .096
PTON .78 6 45.91 .096
GT .37 6 22.25 .096
XBI 2.27 5 116.69 .095
AMZN 6.99 94 3523.16 .094
XM 1.66 2 34.99 .094
AEO 1.32 2 27.7 .094
MFNC 1.02 2 21.5 .094
CLNE .67 1 7.12 .094
BFLY .72 1 7.72 .093
COUR 1.32 2 28.55 .092
DOMO 1.26 4 52.53 .092
SKX 1.09 4 46.57 .092
HOG .90 4 37.92 .092
UAA .56 4 24.25 .092
EOLS .55 1 5.97 .092
DUOT .40 1 4.33 .092
CRM 2.12 13 266.31 .091
FANG 1.55 7 113.63 .091
XPDI .09 13 11.61 .091
CPG .07 7 5.31 .091
MDB 5.57 9 531.57 .090
SNOW 3.82 9 370.28 .090
BIIB 3.69 6 234.72 .090
PYPL 2.14 9 197.35 .090
TMUS 1.73 6 114.75 .090
BBY 1.65 6 106.93 .090
FISV 1.64 6 103.95 .090
LAW 1.23 3 39.88 .090
VMW 1.17 9 114.78 .090
USB 1.06 5 57.04 .090
PTGX 1.05 3 34.04 .090
IMAB 1.00 5 53.36 .090
FL .84 5 44.35 .090
SPTN .74 3 24.17 .090
AMRS .60 1 6.62 .090
VNE .55 6 35.43 .090
CSCO .53 10 57.02 .090
KIRK .48 3 15.63 .090
CHRA .40 1 4.4 .090
CREX .15 1 1.66 .090
LOW 2.16 11 256.74 .088
VMEO .85 2 19 .088
OPNT .73 4 32.2 .088
ZNGA .15 4 6.53 .088
IS .76 1 8.67 .087
INM .14 1 1.6 .087
ABCL 1.31 1 15.12 .086
APT .45 1 5.27 .085
BLDR 2.17 3 76.48 .084
OVV 1.01 3 35.1 .084
ARCE .89 2 20.94 .084
TTD .62 14 97.9 .084
HPQ .53 6 36.71 .084
CNFR .10 2 2.35 .084
KRYS 6.33 1 76.2 .083
YEXT .91 1 10.89 .083
ROIV .83 1 9.96 .083
GBR .24 1 2.89 .083
STRO .65 2 15.57 .082
GURE .46 1 5.56 .082
COP .72 9 74.11 .081
XLE .53 9 57.26 .081
PKG 2.17 5 132.23 .080
CRNC 1.55 4 76.08 .080
A 1.31 10 156.31 .080
C 1.06 5 62.46 .080
BCYC 1.49 3 56 .078
PFGC 1.21 3 46.26 .078
TJX 1.03 6 74.34 .078
WFC .66 6 49.41 .078
SBTX .57 1 7.22 .078
SLV .56 3 20.76 .078
SLB .41 6 31.06 .078
FRO .05 13 7.41 .078
ROKU 2.89 7 256.08 .077
ENPH 2.57 7 225.61 .077
LMT 2.51 11 341.08 .077
BJ .79 7 66 .077
KO .64 7 55 .077
SILK .52 7 43.73 .077
XMTR 3.46 1 45.31 .076
GDYN 3.03 1 39.66 .076
PLTR .77 2 19.82 .076
RVI .24 2 6.2 .076
FFIE .22 2 5.66 .076
VTGN .03 5 1.91 .075
MYGN .98 2 26.23 .074
SIVB 7.01 8 710.21 .072
IWM 2.93 6 225.63 .072
ROST 2.08 4 113.13 .072
V 2.00 8 208.99 .072
ABNB 1.72 8 186.49 .072
WYNN 1.62 4 88.17 .072
CM 1.42 6 112.41 .072
FATE 1.36 3 55.96 .072
IBM 1.03 9 123.02 .072
LOGI .99 6 82.43 .072
SJM .78 12 129.88 .072
T .56 3 23.17 .072
CYTH .34 1 4.69 .072
ET .11 6 8.52 .072
MNSO .82 1 11.47 .071
TBLA .70 1 9.85 .071
EL 3.86 7 356.15 .070
MA 3.58 7 342.34 .070
SPG 1.69 7 157.45 .070
DXC 1.11 2 31.3 .070
STX .84 10 105.7 .070
MS .74 10 101.25 .070
VRNT .69 5 49.13 .070
INTC .54 7 51.75 .070
K .49 10 62.02 .070
BLNK .18 14 34.25 .070
MRTN .38 3 16.46 .069
PLCE 1.60 4 91.98 .068
APPN 1.29 4 73.08 .068
SMLP 1.07 2 31.47 .068
WMT .68 17 137.15 .068
CSIQ .58 4 34.11 .068
VIPS .66 1 9.8 .067
THTX .22 1 3.25 .067
CFLT 2.29 2 69.01 .066
SPT 1.25 6 106.7 .066
CHKP 1.25 6 110.89 .066
MO 1.00 3 44.52 .066
ORGO .35 2 10.4 .066
UNH 2.55 13 468.86 .065
WSM 2.54 5 182.66 .065
TTC 1.42 5 102.29 .065
CTRN 1.11 5 82.1 .065
SCHW 1.08 5 81.2 .065
ATVI .81 5 59.27 .065
TME .45 1 6.88 .065
EDU .14 1 2.15 .065
THC 4.91 1 75.9 .064
ASML 3.96 16 803.92 .064
TSN 1.42 4 83.53 .064
GNOG .78 1 12.08 .064
VXX .35 4 21.52 .064
HWCC .34 1 5.3 .064
GGAL .16 4 9.71 .064
SLHG .10 1 1.56 .064
RRD .09 8 10.45 .064
IRCP .04 4 2.37 .064
GS 2.93 9 397.32 .063
LLY 2.28 7 244.32 .063
SM .68 3 31.94 .063
YPF .09 3 4.17 .063
DFH 1.18 1 18.83 .062
GMTX .17 1 2.71 .062
EKSO .11 2 3.46 .062
GBS .11 1 1.79 .061
SNPS 3.69 6 364.36 .060
COST 3.29 10 530.11 .060
SUPN .95 2 31 .060
VALN .80 4 52.28 .060
FLXN .55 1 9.12 .060
BAC .47 6 44.16 .060
WOOF .43 3 20.88 .060
XOM .38 10 62.45 .060
KHC .35 6 33.15 .060
FLO .28 6 26 .060
PPBT .26 1 4.37 .059
KYMR 1.69 2 57.85 .058
LL 1.01 1 17.28 .058
RSI .55 2 18.45 .058
JBL 1.23 3 62.6 .057
ADBE 4.59 8 653.1 .056
SITM 2.97 7 334.98 .056
ZS 2.79 7 311.81 .056
SEDG 2.70 7 330.56 .056
ROLL 1.78 7 208.55 .056
HON 1.76 7 204.65 .056
WM 1.17 8 163.53 .056
AMAT 1.16 8 157.29 .056
ABT 1.14 7 132.37 .056
AMKR .70 2 24.42 .056
RNG 11.84 1 214.51 .055
GWRE 1.30 5 117.99 .055
ITRO .07 1 1.27 .055
KMX 2.82 3 148.84 .054
DG 2.15 6 221.41 .054
TSCO 1.52 9 235.18 .054
UAL 1.24 2 45.25 .054
HAS .94 6 100.93 .054
FITB .82 3 43.96 .054
SWI .79 1 14.47 .054
CRMT .72 9 110.25 .054
BEKE .61 2 22.15 .054
GIS .41 9 64.21 .054
EQT .39 3 20.97 .054
SBH .38 3 20.73 .054
MOMO .19 3 10.34 .054
VIEW .13 2 4.73 .054
SWN .10 3 5.3 .054
ECOM 1.37 1 25.53 .053
FA .96 1 17.85 .053
TRI 1.63 4 121.98 .052
YETI 1.27 4 93.04 .052
TAP 1.23 2 46.11 .052
XLNX 1.11 13 224.75 .052
INCY .93 4 67.33 .052
PDCO .41 4 29.61 .052
TSC 1.55 1 29.93 .051
AMGN 2.27 5 213.53 .050
KEYS 2.15 5 202.19 .050
COIN 1.63 10 287.48 .050
EA 1.35 5 126.37 .050
OLLI 1.29 2 51.22 .050
OTIS .91 5 86.21 .050
ALC .91 5 85.24 .050
XONE .67 2 26.7 .050
CUE .62 1 12.17 .050
APG .62 2 24.41 .050
MRK .42 10 73.21 .050
RKT .41 2 16.38 .050
OEG .14 1 2.77 .050
MFGP .05 5 4.73 .050
EVA 3.59 1 72.95 .049
ADSK 2.04 7 276.29 .049
NXPI 1.66 7 228.09 .049
HRL .31 7 42.79 .049
CAR 6.00 2 248.15 .048
INTU 4.61 8 673.06 .048
LII 2.97 6 332.7 .048
WDAY 2.46 6 282.3 .048
COF 1.87 4 148.81 .048
NFE 1.27 1 26.25 .048
LPX 1.24 3 74.41 .048
NTAP 1.16 4 89.81 .048
TGT 1.06 12 239.6 .048
GE .86 6 98.28 .048
ACH .67 1 13.95 .048
EPU .48 3 28.91 .048
AGNC .26 3 15.89 .048
SPWH .22 3 13.13 .048
AZN .21 16 55.13 .048
SNDL .03 1 0.6165 .048
VSTM .06 2 2.53 .046
STE 2.26 5 230.59 .045
LIN 1.72 9 333.19 .045
STT 1.48 3 92.91 .045
CVS 1.40 3 93.1 .045
NKE .92 9 170.25 .045
PG .85 9 152.43 .045
TNA .83 5 88.47 .045
LSI 3.13 2 141.34 .044
PKI 2.16 4 190.32 .044
DAVA 1.77 4 155 .044
MNST 1.05 4 88.93 .044
SANA .82 1 18.37 .044
GLD .70 11 166.9 .044
RF .52 2 22.64 .044
ARMK .42 4 35.87 .044
PANW 23.18 1 530.63 .043
NPTN .67 1 15.37 .043
ANTM 2.99 6 415.97 .042
BLFS 1.55 1 36.49 .042
MMM 1.20 7 176.04 .042
EGRX 1.01 2 46.67 .042
OKE .92 3 62.36 .042
GM .87 3 60.78 .042
MRVL .57 7 91.29 .042
TBIO .53 3 37.36 .042
ANF .52 3 36.89 .042
PSTG .49 3 33.09 .042
ATHM .49 3 33.47 .042
ERF .44 1 10.61 .041
CI 1.83 5 208.31 .040
BURL 1.68 8 289.85 .040
UHS 1.30 4 129.68 .040
DD .80 4 78.26 .040
KDMN .10 4 9.5 .040
LITE 1.30 3 93.41 .039
INMD .99 3 74.03 .039
VGR .61 1 15.35 .039
WGO 1.39 2 71.27 .038
HMHC .31 2 16.18 .038
FCBP 1.08 1 29.1 .037
IRTC 3.69 1 100.85 .036
HCA 2.20 4 240.51 .036
CLX 1.52 4 167.78 .036
J 1.33 4 144.49 .036
AXP 1.07 6 168.93 .036
KNL .92 1 25.04 .036
ABBV .83 6 121.87 .036
LEN .70 6 115.34 .036
BBWI .53 6 76.4 .036
GPK .38 2 20.4 .036
ALAC .21 2 11.621 .036
GRUB .15 3 11.95 .036
NOK .04 6 5.86 .036
PCTY 8.94 1 251.04 .035
AAP 1.79 5 234.03 .035
LH 1.59 7 296.83 .035
ADI 1.48 5 186.26 .035
TTWO 1.26 5 170.55 .035
UPS 1.15 7 204.72 .035
LESL .77 1 21.99 .035
RY .61 7 102.49 .035
SRNG .41 1 11.42 .035
BP .21 5 27.5 .035
LZB .64 2 35.91 .034
AZO 6.70 11 1988.86 .033
TTM .13 11 32.61 .033
BKNG 10.17 8 2307.2 .032
DEN .72 4 84.47 .032
CTKB .66 1 20.02 .032
MPC .54 4 64.06 .032
MU .42 8 86.02 .032
AHPI .17 1 5.22 .032
ALZN .07 1 2.22 .031
OXY .06 31 30.77 .031
RMD 8.09 1 268.02 .030
BLK 6.24 5 923.86 .030
AKAM 1.20 3 112.03 .030
PEP 1.13 5 166.52 .030
RTX .88 3 86.5 .030
FOE .67 1 21.65 .030
NEE .59 5 90.32 .030
HNP .33 2 20.85 .030
LPTX .08 1 2.65 .030
BEST .01 3 0.9912 .030
PWR 3.42 1 116.06 .029
PCVX .65 1 21.98 .029
ENIC .06 1 2.03 .029
GOOG 3.73 28 2974.41 .028
VZ .73 2 50.49 .028
FLOW .63 4 85.59 .028
CL .61 4 77.76 .028
XLF .58 2 39.09 .028
HOLI .43 1 14.87 .028
ACHV .11 2 7.61 .028
TEO .08 2 5.34 .028
RCUS 1.22 1 44.17 .027
BIG .59 2 44.5 .026
QCOM .43 13 182.63 .026
VRTX 5.31 1 206.61 .025
DUK .57 5 100.85 .025
TRIL .47 1 18.44 .025
XLY 1.73 3 207.16 .024
ATKR 1.43 2 111.34 .024
SNA 1.40 4 214.7 .024
ALXN 1.24 4 182.5 .024
MCD .98 8 259.58 .024
AZPN .96 4 148.73 .024
QDEL .95 4 142.65 .024
XLK .73 6 173.31 .024
VSH .18 3 21.32 .024
GSKY .15 2 11.89 .024
UNIT .11 3 13.45 .024
SLVO .03 4 5 .024
OLN 1.34 1 58.04 .023
B 1.08 1 46.44 .023
SPB 2.21 1 99.86 .022
RACE .58 11 267.07 .022
ON .16 11 64.24 .022
JNJ 1.21 3 164.34 .021
CRTO .90 1 42.21 .021
STN .44 3 56.24 .021
NUAN 1.13 1 54.82 .020
HRI .96 4 181.28 .020
PLD .67 5 159.44 .020
CLSK .30 1 14.73 .020
CDEV .04 4 6.82 .020
UHAL 1.98 9 716.32 .018
LANC 1.43 2 154.4 .018
IRBO .83 1 44.07 .018
CNA .83 1 43.81 .018
CROX .46 9 166.75 .018
D .17 9 75.13 .018
HD .68 17 411.25 .017
AMOM .66 1 37.0373 .017
CSPR .11 1 6.45 .017
STMP 1.59 4 329.61 .016
STZ 1.17 4 234.68 .016
AIT .91 2 103.23 .016
UTHR .86 4 193.94 .016
IYC .39 4 84.23 .016
PSTX .12 1 7.345 .016
SELF .09 1 5.43 .016
AXON 2.25 1 151.47 .014
TNET 1.38 1 98.1 .014
PAYX .94 2 123.04 .014
XLV .31 7 133.8 .014
VCLO .25 1 17.41 .014
CHNG .15 2 20.88 .014
ADMS .06 2 8.22 .014
FRBK .05 1 3.46 .014
CAI .78 1 56 .013
TDG 1.87 4 612.57 .012
PNRG .79 1 64.47 .012
TSM .54 3 121.8 .012
HRC .42 6 155.94 .012
MGTX .27 1 21.04 .012
PPC .17 2 28.02 .012
HDGE .12 3 24.46 .012
SPY 2.43 2 469.52 .010
ECHO .49 1 48.24 .010
INOV .22 2 41.06 .010
ESXB .06 2 11.3 .010
GTS .33 1 35.66 .009
IEC .14 1 15.34 .009
SVBI .13 1 13.63 .009
RTLR .02 9 11.2 .009
HFBL .16 1 19.65 .008
XLP .13 8 72.76 .008
PBT .04 2 9.51 .008
LMRK .13 1 16.33 .007
ROG 1.67 1 272.26 .006
SYKE .14 3 54 .006
FAST .11 6 62.87 .006
ITRN .07 3 26.55 .006
PSP .04 3 15.96 .006
CONE .46 1 89.37 .005
JQUA .26 1 44.65 .005
CLDR .08 1 15.99 .005
SAFM .85 1 189.69 .004
VOOV .73 1 147.65 .004
TAAG .09 1 20.9494 .004
CPLG .07 1 15.44 .004
KIN .02 2 9.25 .004
RAVN .10 3 58.08 .003
IACB .01 3 7.95 .003
CXP .04 1 19.28 .002
SIC .03 1 14.49 .002
NWHM .02 1 8.99 .002
EIC .02 2 17.75 .002
DSE .02 1 9.49 .002
ULTA .62 1 412.09 .001
VCAR .03 1 16.33 .001
PMD .01 1 7.895 .001
ULTA .05 12 412.09 0
INFL .01 2 30.61 0
DFP .01 3 28.39 0
WMPN 0 4 12 0
QQC 0 2 33.9055 0
QADB 0 4 87.54 0
PAE 0 1 9.89 0
ONON 0 1 51.42 0
NLSP 0 1 1.38 0
LHAA 0 1 9.75 0
HWBK 0 1 24.05 0
EPAY 0 1 45.21 0
DVD 0 1 3.6 0
APWC 0 1 2.99 0
NSYS -.12 1 10.8 -.011
