EJH 5.21 6 2.78 11.244
LAIX 1.72 4 0.8701 7.904
SCPS 3.34 7 4.24 5.509
CPOP 3.24 4 2.88 4.500
AACG 2.67 4 2.4 4.448
NVOS 2.75 3 1.9245 4.284
NEGG 3.07 20 14.77 4.140
DPW 1.96 4 2.25 3.484
VRPX 1.77 9 4.7 3.384
AUVI 3.42 6 6.49 3.156
FCEL .17 129 6.97 3.096
JZXN 1.63 4 2.48 2.628
AAME 2.47 4 3.98 2.480
NRXP 3.86 6 9.42 2.454
EEIQ 5.44 4 9 2.416
JAN 3.24 5 6.99 2.315
SIEB 2.59 3 3.39 2.292
KOSS 5.35 7 16.88 2.212
JG 1.96 2 1.78 2.202
EYES 1.22 6 3.37 2.172
CEMI .75 7 2.59 2.023
SGOC 1.48 8 5.97 1.976
INDP 4.08 4 8.82 1.848
BSQR .35 13 2.52 1.794
TYME .45 4 1.08 1.664
AMC 1.23 55 40.01 1.650
HGSH 1.16 2 1.46 1.588
CARV 3.92 6 14.83 1.584
RMED 1.60 3 3.04 1.578
TAOP 1.35 3 2.65 1.527
AREC .72 4 1.91 1.504
NAOV .27 11 1.98 1.496
BTBT 1.92 7 9.46 1.414
GRTS 3.97 4 11.35 1.396
CSCW .39 2 0.565 1.380
SPRT .81 20 11.8 1.360
GME 2.99 82 185.16 1.312
NCTY 2.63 5 10.17 1.290
BIDU 1.78 117 156.57 1.287
SJ 1.65 3 3.87 1.278
SAVA 3.25 24 61.94 1.248
BBIG .49 16 6.32 1.232
EVK .60 6 2.94 1.224
LGHL 1.46 1 1.23 1.186
FTEK 1.03 2 1.74 1.182
ALYA 1.03 3 2.63 1.173
YJ .40 2 0.6915 1.156
SPCE 1.29 22 25.04 1.122
AUUD .54 5 2.43 1.110
SSY .91 3 2.47 1.104
WAVE 2.15 4 7.82 1.096
NMRD 1.66 4 6.1 1.088
XPEV .46 80 35.34 1.040
OCGN 1.93 4 7.53 1.024
NURO 1.31 9 11.575 1.017
CETX 1.20 1 1.19 1.008
PMCB 1.11 3 3.3 1.008
NVFY .73 3 2.21 .990
PHUN .20 5 1.01 .990
MRIN 2.01 5 10.21 .980
NIO .48 75 35.38 .975
PBTS 1.24 1 1.29 .961
BNTC 1.24 3 3.87 .960
MTSL 1.08 3 3.37 .960
CTIB .64 3 2 .960
IGC .49 3 1.53 .960
AGRI 2.32 1 2.4535 .945
WAFU 1.94 3 6.2 .936
UPC .73 3 2.34 .933
DLPN 2.68 4 11.54 .928
CHCI 1.54 3 4.97 .927
SYPR 1.65 2 3.63 .908
BB .84 11 10.38 .880
PALI .71 3 2.42 .879
WHLM 1.59 3 5.55 .858
RETO .66 1 0.7699 .857
CNET 1.11 1 1.31 .847
NVDA 1.39 139 220.81 .834
LHDX 1.58 4 7.59 .832
ASM .69 1 0.8346 .826
ACRS 2.12 7 18.07 .819
PTIX .84 2 2.07 .810
SNOA 1.43 3 5.345 .801
LMNL .65 3 2.5 .780
WORX .44 4 2.26 .776
TPST 2.81 4 14.55 .772
MOXC 1.77 3 6.87 .771
EBET 4.40 5 28.63 .765
EYEG 1.45 1 1.91 .759
PRFX 2.29 1 3.05 .750
BLIN .45 7 4.23 .742
ANPC 1.24 2 3.42 .724
TSLA 4.08 144 774.39 .720
BNGO .36 11 5.49 .715
WEI .57 1 0.8 .712
ANY .38 11 5.88 .704
CRTD .66 3 2.81 .702
VVOS .78 4 4.45 .700
IDEX .36 4 2.05 .700
DYNT .22 5 1.57 .700
EVOL 1.45 1 2.075 .698
OSAT 1.82 2 5.24 .694
ENOB 1.70 3 7.36 .690
KALV 2.54 5 18.55 .680
SNAP .58 112 83.11 .672
VERY 1.85 3 8.3 .666
ANVS 3.73 6 34.49 .648
HOFV .98 2 3.02 .648
NBRV .76 1 1.18 .644
SCKT 1.43 3 6.66 .642
AVXL 2.41 5 18.74 .640
BBBY 1.22 12 22.95 .636
XELA .21 6 2 .630
IMPL 2.05 4 13.03 .628
IRNT 4.02 4 25.76 .624
ZCMD 1.01 1 1.62 .623
CANF 1.04 1 1.677 .620
SPCB .32 2 1.03 .620
SPI 1.60 2 5.36 .596
BABA .88 96 145.08 .576
MNOV 1.12 2 3.9 .574
LODE 1.63 1 2.84 .573
HGEN 1.21 3 6.36 .570
DTST 2.61 1 4.58 .569
VTNR .51 6 5.405 .564
RIDE .85 5 7.57 .560
STAF .58 2 2.07 .560
MOHO .11 3 0.59 .558
TERN 1.53 4 10.99 .556
OBLN .56 3 3.05 .549
CBAT .70 2 2.55 .548
MBRX 1.60 1 2.96 .540
SOS .61 2 2.27 .536
ALEC 2.50 5 23.6 .525
DBGI .48 3 2.75 .522
FULC 2.86 5 27.45 .520
MEDS .53 5 5.08 .520
COHN 2.68 4 20.7 .516
OPTT 1.10 1 2.13 .516
OXBR .30 5 2.92 .510
LWAC 2.17 4 16.98 .508
XTLB 1.09 2 4.2931 .506
ZEV 1.49 3 8.9 .501
ORPH .73 3 4.4 .495
HOOD 1.85 12 44.91 .492
WINT .31 3 1.89 .492
GTEC 1.57 2 6.44 .486
ATNF .90 3 5.54 .486
AEHR .48 16 15.82 .480
ZKIN .71 2 2.96 .478
HTBX 1.46 2 6.12 .476
ATXI .74 1 1.56 .474
NVAX 14.88 8 248.16 .472
ERYP 1.39 2 5.88 .472
LIZI .40 4 3.37 .472
HUSN .29 4 2.44 .472
OPAD 1.64 3 10.41 .471
ADGI 3.43 6 43.72 .468
MVIS 1.91 3 12.28 .465
IPHA .78 4 6.7 .464
ENG .53 2 2.28 .464
KNBE 2.69 4 23.98 .448
APRE 2.02 1 4.54 .444
LEDS 1.87 2 8.5 .440
APTO .55 2 2.51 .438
GRVI .74 3 5.1 .435
ADMA .54 1 1.25 .432
JCS 1.40 3 9.73 .429
HX .78 1 1.85 .421
AQMS .43 2 2.05 .418
GLSI 4.33 4 41.4 .416
DTSS .87 1 2.11 .412
FGEN 1.47 3 10.8 .408
XELB .34 2 1.665 .408
DWSN .96 1 2.36 .406
MVST 1.01 4 9.93 .404
AMBO .61 1 1.52 .401
RAPT 3.42 4 34.37 .396
BILI 1.28 22 70.73 .396
TQQQ .54 132 141.79 .396
NEXT .37 3 2.8 .396
TRCH .98 2 4.95 .394
SLGG 1.26 1 3.24 .388
JFU .22 3 1.71 .384
CHNR .12 4 1.25 .384
RSLS 1.08 1 2.87 .376
GEG .90 1 2.39 .376
KMPH 1.70 2 9.1 .372
RCON 1.01 1 2.71 .372
VERB .11 6 1.79 .366
NNOX 2.21 4 24.26 .364
LEXX 2.49 1 6.86 .362
DQ 3.27 6 53.82 .360
ENVB .27 3 2.24 .360
GDEV 2.41 1 6.73 .358
WATT .77 1 2.15 .358
KXIN .21 5 2.92 .355
WHLR .54 2 3.07 .350
BCRX .87 6 14.92 .348
ADMP .36 1 1.04 .346
ACOR .41 4 4.74 .344
MINM .32 2 1.855 .344
WPRT .58 2 3.38 .342
OTLK .78 1 2.3 .339
TATT .65 3 5.769 .336
NKLA .28 14 11.66 .336
AVGR .04 7 0.8244 .336
CERE 2.10 5 30.9 .335
GOVX .29 5 4.32 .335
LIFE 1.69 2 10.25 .328
AYRO 1.18 1 3.6 .327
ARPO .72 1 2.2 .327
ENTX .77 2 4.81 .320
HAPP .30 1 0.94 .319
GALT .44 3 4.15 .318
WNW 1.34 1 4.22 .317
IPA 1.04 2 6.58 .316
ALF 1.08 2 6.86 .314
BTCM .72 4 9.21 .312
PME .26 1 0.84 .309
LMFA .33 4 4.24 .308
ACY 1.08 17 60 .306
TRIT .58 3 5.67 .306
PLG .61 1 2 .305
LJPC .62 2 4.06 .304
PSTV .60 1 1.97 .304
VBLT .32 2 2.1 .304
ATOS .26 4 3.38 .304
MTP .56 1 1.86 .301
ARAV 1.21 1 4.02 .300
CRIS 1.20 2 8 .300
ONCS .68 1 2.26 .300
ENZ .54 2 3.59 .300
DDD 1.09 8 29.15 .296
GEVO .49 4 6.59 .296
AFRM 5.30 7 123.73 .294
VOXX 1.74 2 11.8 .294
NNVC .75 2 5.08 .294
KBSF .46 2 3.12 .294
RHE 1.27 2 8.68 .292
SLS 1.45 2 10.02 .288
QFIN .76 8 21.11 .288
WISH .58 3 6.02 .288
TIGR .66 5 11.49 .285
GNLN .36 2 2.52 .284
CAN .43 4 6.11 .280
PIRS .31 5 5.62 .275
LYEL 1.69 2 12.28 .274
GRU 1.18 1 4.3 .274
BPTH 1.44 1 5.3 .271
DARE .47 1 1.73 .271
ORMP .62 10 22.69 .270
DYAI .51 3 5.73 .267
UAVS .83 1 3.11 .266
UFAB .46 2 3.45 .266
OBSV .28 3 3.15 .264
LOOP 1.57 2 11.96 .262
IMTX 1.15 3 13.15 .261
ALDX 1.09 2 8.5 .256
PLUG .89 8 26.97 .256
NRBO .49 2 3.82 .256
SKLZ .97 3 11.37 .255
IGIC 2.12 1 8.5 .249
LAZR 1.40 3 16.83 .249
IMMP .32 3 3.89 .246
KODK 1.72 1 7.04 .244
BYSI 1.25 3 15.43 .243
AMTX 1.20 3 14.7 .243
NNDM .48 3 5.97 .240
HUGE .37 1 1.54 .240
TELL .18 5 3.69 .240
BTX 1.13 2 9.48 .238
RKDA .49 1 2.06 .237
KULR .52 1 2.22 .234
SQBG .73 2 6.24 .232
EXPR .31 4 5.26 .232
BON 2.06 1 8.9 .231
UONE .59 3 7.58 .231
NEPT .07 2 0.608 .230
TSP 1.75 5 38.34 .225
SDC .64 2 5.68 .224
BHTG .33 1 1.47 .224
FCX .44 17 32.24 .221
SE 7.69 10 340.41 .220
APOP .84 5 18.96 .220
OVID .38 2 3.45 .220
MDNA .08 7 2.55 .217
RAIL .24 4 4.37 .216
XBIO .06 8 2.22 .216
AAPL .40 107 146.92 .214
VIVE .52 1 2.44 .213
RLMD 1.57 4 29.1 .212
COTY .43 4 8.01 .212
AKTX .36 1 1.7 .211
KSS 1.96 6 55.12 .210
ZM 4.42 13 272.36 .208
GPN 4.22 8 161.64 .208
BNR 1.96 2 18.74 .208
RNXT .73 2 7.015 .208
OCG .21 4 3.99 .208
SNMP .11 2 1.05 .208
SKT 1.76 2 17.05 .206
EOSE 1.39 2 13.43 .206
HOL 1.26 2 12.35 .204
CMMB 1.24 2 12.04 .204
FB .87 102 352.96 .204
ONCT .45 2 4.4 .204
SNES .16 2 1.56 .204
MESO 1.26 1 6.2 .203
AVCT .60 1 2.955 .203
MRKR .36 1 1.78 .202
AESE .35 1 1.74 .201
CVV .46 2 4.64 .198
CARA 1.57 2 15.93 .196
CHMA .37 2 3.76 .196
OCUP 1.04 1 5.33 .195
VERU .59 3 9.07 .195
CLPS .56 1 2.87 .195
CLPS .56 1 2.87 .195
MTL .25 3 3.81 .195
OCG .06 13 3.99 .195
ADIL .45 2 4.63 .194
MITO .28 1 1.44 .194
STG 1.13 1 5.83 .193
VTSI 1.97 1 10.3 .191
CRDF 1.40 1 7.36 .190
BNTX 7.14 9 333.48 .189
VNET 1.13 3 17.67 .189
OCX .70 1 3.7 .189
HUYA .53 3 8.34 .189
NTEC .46 4 9.63 .188
OSMT .18 3 2.88 .186
AMZN 8.07 92 3425.52 .184
DOCS 3.99 4 86.09 .184
NVCR 2.99 8 127.3 .184
FLGC .64 2 6.9 .184
W 7.31 7 274.59 .182
RRD .40 2 4.38 .182
ZG 4.16 4 91.07 .180
ISEE 1.48 2 16.37 .180
ACB .36 3 5.95 .180
ALTO .28 3 4.66 .180
INFI .16 4 3.55 .180
SCR 2.08 3 34.96 .177
MARA .58 11 36.18 .176
JFIN .36 2 4.06 .176
CELC 1.58 2 18.02 .174
CLII 1.26 2 14.36 .174
ZY .78 3 13.4 .174
GSM .26 6 8.77 .174
IMV .15 2 1.72 .174
GTT .41 1 2.36 .173
BLUW .83 2 9.63 .172
BGI .47 1 2.72 .172
PRTA 2.60 5 75.32 .170
WIMI .69 1 4.05 .170
FENG .11 2 1.28 .170
UPST 4.78 12 327.88 .168
SQ 2.23 21 262.5 .168
TTD 2.55 5 76.46 .165
FIGS 2.11 3 38.33 .165
OPNT 1.39 3 25.2 .165
TASK 3.03 4 72.54 .164
ENSV .20 1 1.22 .163
OSTK 2.20 6 81.41 .162
KURA 1.66 2 20.25 .162
CLF .48 7 20.5 .161
RBLX 3.40 4 83.22 .160
ENSC .72 1 4.49 .160
IMNM 2.21 2 27.76 .158
DMAC .31 2 3.92 .158
GIII 2.35 2 29.93 .156
BGFV .70 6 25.93 .156
ZLAB 3.76 5 119.86 .155
TENX .21 1 1.35 .155
EDTK .10 2 1.29 .154
CLSD .35 3 6.84 .153
EDSA 1.24 1 8.15 .152
OLB .65 1 4.25 .152
EVGN .43 1 2.82 .152
BWAY 1.35 1 8.94 .151
MRNA 2.70 25 430.14 .150
LTHM .60 6 23.96 .150
BODY .47 2 6.23 .150
CTSO .41 3 8.15 .150
IAC 5.23 4 140.37 .148
PDD 3.58 4 94.55 .148
LI 1.94 2 26.11 .148
VCVC 1.46 1 9.85 .148
GRTX 1.18 1 7.92 .148
MOSY .76 1 5.24 .145
FLGT 3.14 4 85.24 .144
TVTX 1.79 2 24.63 .144
NIU 1.17 3 24.19 .144
GSAT .12 2 1.68 .142
SCYX .79 1 5.58 .141
ORGS .70 1 4.95 .141
AMD 2.21 7 105.8 .140
AZYO 1.08 1 7.68 .140
KR .42 14 39.98 .140
TAL .32 2 4.52 .140
DKS 3.03 6 131.37 .138
AFMD .87 1 6.26 .138
VLDR .86 1 6.23 .138
GTIM .74 1 5.35 .138
JRJC .70 1 5.04 .138
IRIX .35 3 7.49 .138
NLS 1.33 1 9.73 .136
BCLI .46 1 3.37 .136
AAL .38 8 21.39 .136
ORCL .37 34 89.94 .136
MARK .08 2 1.16 .136
DPZ 7.66 9 489.84 .135
M .64 5 23.7 .135
FSTX 1.04 1 7.72 .134
ARMP .49 1 3.635 .134
SPLK 5.11 4 151.12 .132
CELH 3.33 4 98.65 .132
FUV 1.54 1 11.65 .132
TLRY .52 3 11.67 .132
SOHU .47 6 20.87 .132
NBEV .19 1 1.43 .132
GPS .64 5 23.91 .130
GENE .22 2 3.36 .130
EXPI 2.14 3 49.73 .129
IRDM 1.88 3 43.08 .129
VIH 1.31 1 10.13 .129
DNUT .63 3 14.51 .129
ASTR .41 3 9.33 .129
MOGO .23 3 5.23 .129
MAT 1.28 2 19.81 .128
ACHL .89 1 6.95 .128
AEY .31 1 2.41 .128
HJLI 1.27 1 9.95 .127
SAM 9.40 7 514.59 .126
CYTK 1.42 3 33.13 .126
TEDU .09 2 1.42 .126
THCB 1.25 1 10 .125
OXY .15 25 28.1 .125
ENPH 4.87 4 153.66 .124
RUN 1.35 4 43.02 .124
CCJ .84 3 20.07 .123
FBRX .40 1 3.24 .123
LEGN 1.93 3 47.2 .120
MAXR 1.20 3 29.43 .120
JWN 1.19 3 29.41 .120
SIF 1.16 1 9.755 .118
IKT .24 1 2.03 .118
FLWS 1.34 3 33.94 .117
SSKN .22 1 1.88 .117
NETE 1.05 1 9.03 .116
TESS .64 1 5.52 .115
PBLA .25 1 2.19 .114
SBBP .12 2 2.09 .114
DLO 1.91 4 66.51 .112
RIOT 1.57 2 27.93 .112
NGM 1.25 2 22.26 .112
AGEN .10 7 5.9 .112
SHEN 1.68 2 30.02 .110
ATIF .43 1 3.88 .110
WTER .09 2 1.62 .110
DDL 2.53 1 23.15 .109
FRD 1.28 1 11.77 .108
SRNE .85 1 7.83 .108
MSFT .47 108 299.35 .108
GMBL .80 1 7.45 .107
SEMR 1.48 2 27.55 .106
TWST 2.44 5 112.11 .105
ARVN 1.87 5 88.61 .105
REGN 8.57 8 638.9 .104
DE 4.88 8 349.25 .104
CREE 2.28 4 84.76 .104
APXT 1.27 1 12.11 .104
DAL 1.14 4 43.53 .104
LIVE 1.37 3 39.15 .102
CLSK 1.17 1 11.4 .102
SSNT .66 1 6.42 .102
CIEN .34 17 52.02 .102
LIVX .17 2 3.29 .102
NFLX .98 101 592.39 .101
DELL 2.08 5 103.88 .100
HCM .93 4 36.56 .100
LBPH .92 1 9.14 .100
ABSI 1.13 1 11.31 .099
GP .49 3 14.84 .099
VIR 2.19 2 43.82 .098
GURE .46 1 4.68 .098
CPSH .51 1 5.23 .097
STX 2.76 3 86.08 .096
VSCO 1.95 3 60.25 .096
CAH 1.64 3 51.19 .096
BTWN .95 1 9.82 .096
CCL .63 4 25.44 .096
GRVY 1.86 5 93.24 .095
DBVT .10 5 5.01 .095
MFNC 2.04 1 21.5 .094
CSIQ 1.59 2 33.72 .094
AEO 1.32 2 28 .094
AXLA .29 1 3.07 .094
TJX 2.22 3 71.1 .093
HPQ .88 3 27.89 .093
PRPL .70 3 22.53 .093
BBY 2.48 4 104.74 .092
MSGE 1.88 4 79.51 .092
MTTR 1.03 2 22.27 .092
MDIA .39 2 8.42 .092
BKYI .32 1 3.51 .091
LAW 2.18 2 48 .090
LYFT 1.70 3 55.86 .090
UAA .97 2 21.5 .090
ACI .57 5 31.34 .090
VNE .55 6 34.86 .090
STEM .47 5 25.3 .090
FFHL .44 2 9.75 .090
PRPO .09 3 2.92 .090
MDB 5.88 8 508.04 .088
IMAB 1.53 4 68 .088
ENLV .49 2 11.12 .088
CHRA .40 1 4.53 .088
CRON .13 4 5.7 .088
MRO .11 11 12.85 .088
BKE 1.86 2 42.83 .086
JRVR 1.48 2 33.88 .086
ROLL 3.67 5 211.21 .085
DASH 2.82 7 220.52 .084
DOMO 2.40 3 84.56 .084
VRNT 1.94 2 45.82 .084
CRMT 1.76 6 121.03 .084
AA 1.37 3 48.49 .084
JPM 1.20 12 163.04 .084
PATI .50 2 11.77 .084
CLNE .67 1 8.16 .082
ULBI .31 2 7.49 .082
JD 2.03 3 73.98 .081
AUTL .51 1 6.29 .081
SSL .15 9 16.52 .081
RGEN 5.32 5 323.26 .080
XBI 2.65 4 130.37 .080
AN 2.58 4 123.82 .080
RL 2.38 4 116.47 .080
UWMC .55 1 6.83 .080
MBII .08 1 0.989 .080
RRGB 1.93 1 24.24 .079
USB 1.60 3 59.79 .078
PINS 1.45 3 54.2 .078
IMMR .28 2 7.06 .078
SBS .19 3 7.14 .078
ARCE 1.78 1 22.92 .077
ANIX .38 1 4.89 .077
LOW 3.95 4 207.87 .076
CAT 3.91 4 196.82 .076
XLNX 3.06 4 157.24 .076
UBER 1.78 2 46.63 .076
EQ .53 1 6.91 .076
INM .14 1 1.82 .076
AEI .09 2 2.31 .076
ABNB 2.80 5 175.88 .075
GH 1.98 5 128.4 .075
AMEH 1.50 5 95.62 .075
EDIT 1.47 3 58.71 .075
BAC 1.08 3 42.14 .075
COP 1.03 5 65.02 .075
EDU .14 1 1.87 .074
CNFR .10 2 2.66 .074
BQ .08 2 2.13 .074
SEDG 5.15 4 275.36 .072
LLY 4.31 4 231.68 .072
SNOW 4.03 6 316.47 .072
VMW 2.68 4 145.56 .072
ZIM 2.07 2 56.7 .072
YEXT .91 1 12.61 .072
WFC .91 4 47.92 .072
CLOV .56 1 7.73 .072
KZIA .41 2 11.21 .072
MRTN .38 3 15.69 .072
RMBL 2.58 1 35.9 .071
TBLA .70 1 9.85 .071
SITM 3.41 5 234.49 .070
DDS 2.22 7 207.89 .070
TDC 1.99 2 55.4 .070
DKNG 1.84 2 51.33 .070
EAT 1.81 2 51.63 .070
FISV 1.58 5 109.74 .070
MS 1.45 5 102.91 .070
RIG .12 2 3.42 .070
EOLS .55 1 7.87 .069
ROKU 5.65 4 321.89 .068
NEWR 2.60 2 76.23 .068
HOG 1.32 2 37.95 .068
C 1.23 4 71.18 .068
ATAI 1.09 1 16 .068
YPF .31 1 4.53 .068
CGC .94 1 13.91 .067
APPS 2.45 2 73.86 .066
CTRN 1.79 3 79.25 .066
SFIX 1.46 2 43.73 .066
STRO .65 2 19.23 .066
APP 1.06 5 79.47 .065
SONO .50 5 35.97 .065
WDAY 4.30 4 268.43 .064
AMGN 3.47 4 213.61 .064
ADI 2.86 4 178.53 .064
DOCN 2.65 2 82.54 .064
MDT 2.17 4 130.02 .064
TGT 2.11 8 241.44 .064
DFH 1.18 1 18.23 .064
SBH .56 2 17.04 .064
HWCC .34 1 5.3 .064
UNH 3.25 9 407.08 .063
FLOW 1.65 3 77.18 .063
SLV 1.32 1 20.71 .063
BZUN 1.12 1 17.68 .063
CSCO .56 7 56.73 .063
TME .45 1 7.08 .063
DUOT .40 1 6.2723 .063
FRO .06 9 8.45 .063
DXC 2.19 1 34.93 .062
KIRK 1.21 1 19.34 .062
EVGO .55 1 8.76 .062
ABCL 1.31 1 21.15 .061
MNSO .82 1 13.42 .061
TNA 2.70 2 88.15 .060
UPS 2.33 5 188.02 .060
BYND 2.26 3 109.69 .060
PKG 2.16 4 141.87 .060
VLO 2.03 2 67.63 .060
DIS 1.79 6 176 .060
AMAT 1.73 5 141.92 .060
CHKP 1.48 5 117.47 .060
GT 1.09 1 17.97 .060
INTC .68 5 54.22 .060
GGAL .57 1 9.38 .060
T .56 3 27.13 .060
LC .30 6 28.17 .060
GBR .24 1 4.05 .059
IRCP .17 1 2.85 .059
SMLP 2.15 1 36.45 .058
JKS 1.26 2 42.34 .058
FUBO .74 2 25.42 .058
PFGC 2.74 1 47.46 .057
FITB .82 3 41.51 .057
BIIB 4.30 4 291.71 .056
ZS 3.95 4 279.99 .056
TSCO 3.14 4 210.72 .056
WSM 2.77 4 191.24 .056
HAS 2.68 2 94.43 .056
TSN 2.17 2 76.22 .056
IBM 2.00 4 137.49 .056
CLDX 1.59 2 55.21 .056
QCOM 1.18 7 133.88 .056
TTCF 1.07 1 19.01 .056
XONE .67 2 23.62 .056
WMT .67 14 143.17 .056
SPTN .60 2 20.98 .056
K .51 8 63.78 .056
ADSK 3.38 5 294.67 .055
YMM .89 1 16.14 .055
VIPS .66 1 11.96 .055
SILK .63 5 55.69 .055
ITRO .07 1 1.27 .055
KMB 2.44 3 132.99 .054
FANG 2.44 2 88.72 .054
SI 1.88 3 103.73 .054
FATE 1.76 2 64.85 .054
ATVI 1.42 3 75.26 .054
PSTG .74 2 27.11 .054
VXX .46 3 24.58 .054
PPBT .26 1 4.79 .054
THTX .22 1 4.07 .054
SUPN 1.50 1 27.81 .053
LL 1.01 1 18.79 .053
SBTX .57 1 10.59 .053
CI 2.73 4 203.89 .052
FL 2.53 1 48.23 .052
NTAP 2.52 2 93.64 .052
SKX 2.32 1 44.41 .052
DLTR 2.23 2 84.54 .052
ECOM 1.37 1 26.27 .052
ACMR 1.37 4 99.3 .052
TAP 1.23 2 46.51 .052
PLTR .77 2 28.56 .052
KDMN .23 2 8.83 .052
ZNGA .20 2 7.65 .052
CPG .11 2 4.23 .052
ASAN 2.05 3 120.02 .051
TTC 1.75 3 98.4 .051
YETI 1.72 3 95.97 .051
VMEO 1.70 1 33 .051
RSI 1.01 1 19.65 .051
STT 2.22 2 85.74 .050
MYGN 1.67 1 33.31 .050
KO .56 5 53.89 .050
GS 3.08 7 390.85 .049
RKT .84 1 16.98 .049
MA 4.60 4 358.16 .048
LOGI 2.48 2 99.35 .048
BHVN 2.23 3 133.38 .048
TWTR 1.66 2 67.22 .048
CVS 1.40 3 84.71 .048
APPN 1.29 4 107.1 .048
ARMK .56 3 33.25 .048
AZN .37 8 60.35 .048
CRCT 1.61 1 34.01 .047
CALA .11 1 2.31 .047
CRNC 2.46 2 103.4 .046
FA .96 1 20.5 .046
CHPT .93 1 19.91 .046
SWI .79 1 17.03 .046
WOOF .51 2 22.08 .046
AEMD .10 2 4.2 .046
UHS 2.31 3 144.76 .045
TMUS 2.01 3 129.43 .045
LMT 1.95 9 349.52 .045
GWRE 1.92 3 120.68 .045
FTCH 1.88 1 41.2 .045
HD 1.71 9 337.49 .045
MOS 1.62 1 35.86 .045
A 1.59 5 172.4 .045
PG 1.37 5 143.55 .045
QADB 1.34 3 87.07 .045
LUV .83 3 52.85 .045
BBWI .64 5 67.39 .045
MRVL .61 5 63.61 .045
XLE .48 5 50.9 .045
PBR .10 5 10.3 .045
LIN 3.48 4 310.26 .044
ABT 2.75 2 124.37 .044
ANF 1.79 1 39.99 .044
PDCO .67 2 30.43 .044
FLO .52 2 23.41 .044
AGNC .36 2 16.16 .044
ORGO .35 2 15.42 .044
OEG .14 1 3.12 .044
BIOC .09 2 4.07 .044
SNDL .03 1 0.673 .044
AVIR 1.41 1 32.14 .043
PTON 2.02 2 92.64 .042
OTIS 1.81 2 84.86 .042
ROST 1.70 3 115.99 .042
BZ 1.59 1 37.01 .042
MMM 1.40 6 181.04 .042
NKE 1.02 7 149.59 .042
GNOG .78 1 18.44 .042
SJM .77 7 119.11 .042
AMRS .60 1 14.05 .042
EPU .58 2 26.71 .042
TBIO .53 3 37.36 .042
EKSO .20 1 4.6942 .042
VTGN .04 3 2.83 .042
LPX 2.53 1 61.56 .041
RF .86 1 20.65 .041
BEKE .69 1 16.53 .041
GBS .11 1 2.65 .041
ASML 5.17 8 868.82 .040
COST 4.91 4 467.75 .040
SNPS 3.38 4 321.94 .040
EL 2.69 5 320.65 .040
JBL 2.52 1 62.21 .040
HON 2.39 4 219.19 .040
CM 2.39 2 115.25 .040
WGO 1.39 2 66.86 .040
COUR 1.39 1 34.4 .040
OLLI 1.29 2 63.16 .040
ALLO 1.04 1 25.66 .040
ATHM .86 2 41.1 .040
MU .79 4 74.05 .040
MFGP .11 2 5.42 .040
GMTX .17 1 4.35 .039
AMKR 1.03 1 27.04 .038
MO .93 2 48.46 .038
LZB .64 2 33.48 .038
ET .18 2 9.28 .038
ON 1.84 1 49.29 .037
SLB 1.08 1 29.01 .037
FCBP 1.08 1 29.1 .037
SANA .82 1 21.65 .037
ERJ .66 1 17.77 .037
LH 2.92 4 296.37 .036
TTWO 2.75 2 147.36 .036
NXPI 2.70 3 216.67 .036
PLD 2.38 2 127.9 .036
V 2.19 4 231.59 .036
QDEL 1.84 3 146.94 .036
ESTC 1.65 4 166.34 .036
SCHW 1.41 2 75.59 .036
EGRX 1.01 2 54.11 .036
KNL .92 1 25.04 .036
APG .76 1 20.8 .036
XOM .40 6 57.59 .036
HRL .39 4 40.8 .036
ALAC .21 2 11.3 .036
TEO .18 1 4.92 .036
SLHG .10 1 2.73 .036
ACH .67 1 18.86 .035
SRNG .41 1 11.42 .035
SPT 2.57 2 144.12 .034
DEN 2.54 1 74.12 .034
TGTX 1.11 1 32.16 .034
SPWH .61 1 17.8 .034
HNST .37 1 10.83 .034
VIEW .21 1 6.08 .034
ME .16 2 9.28 .034
IWM 2.55 3 223.05 .033
AXP 2.00 3 175.72 .033
BLFS 1.55 1 46.94 .033
RCUS 1.22 1 35.97 .033
PLCE .92 3 83.18 .033
FENC .31 1 9.39 .033
BKNG 10.17 8 2491.35 .032
AZO 6.83 8 1694.83 .032
LAD 3.10 4 345.2 .032
COF 2.73 2 166.17 .032
J 2.31 2 136 .032
SPG 2.16 2 133.85 .032
COIN 2.04 4 231.82 .032
BLDR 1.77 1 54.16 .032
LITE 1.46 2 86.58 .032
ABBV .93 4 107.07 .032
FOE .67 1 20.36 .032
D .31 8 74.58 .032
NOK .09 2 5.58 .032
OKE 1.82 1 57.47 .031
MCD 2.54 3 246.42 .030
CHGG 2.22 1 72.85 .030
INCY 2.13 1 69 .030
HRI 1.71 3 159.98 .030
UAL 1.50 1 48.79 .030
KHC 1.11 1 36.39 .030
CRM 1.02 10 285.63 .030
BP .79 1 26.24 .030
MOMO .16 2 10.53 .030
MNST 2.74 1 92.74 .029
DD 1.98 1 68.25 .029
LII 2.41 4 308.63 .028
LEN .73 4 99.96 .028
HNP .33 2 23.17 .028
GOOG 4.33 27 2852.66 .027
SNA 2.13 3 214.59 .027
STE 2.09 3 220.21 .027
UHAL 1.98 9 652.51 .027
STZ 1.94 3 212.62 .027
GM 1.42 1 52.23 .027
CROX 1.41 3 156.3 .027
MQ .74 1 26.88 .027
CTKB .66 1 24.11 .027
GRUB .15 3 15.4 .027
UTHR 2.62 2 195.1 .026
ALXN 2.49 2 182.5 .026
WM 2.10 2 154.19 .026
MPC 1.66 1 61.89 .026
KYMR 1.63 1 62.5 .026
VZ .73 2 54.37 .026
TRIL .47 1 17.53 .026
DRN .32 2 23.44 .026
ADBE 3.54 5 622.71 .025
RTX 2.23 1 87.16 .025
GIS 1.53 1 60.54 .025
B 1.08 1 42.46 .025
CRTO .90 1 35.37 .025
PCVX .65 1 25.78 .025
SIVB 3.90 4 649.96 .024
AKAM 2.70 1 110.13 .024
BURL 2.66 3 304.86 .024
AAP 1.93 3 215.66 .024
DG 1.89 3 217.71 .024
EA 1.67 2 129.9 .024
CNC 1.57 1 62.82 .024
HHR 1.26 1 50.69 .024
GLD .71 6 163.3 .024
BIG .59 2 46.56 .024
ACHV .23 1 9.37 .024
PFE .21 6 43.94 .024
VSH .18 3 20.73 .024
ATKR 2.27 1 97.1 .023
NEE 1.91 1 80.7 .023
TSM 1.36 2 115.64 .022
RY 1.12 2 101.07 .022
PKI 1.33 3 182.88 .021
CLX 1.16 3 164.56 .021
CL .61 3 76.63 .021
BLK 5.03 4 874.62 .020
ANTM 2.14 4 381.33 .020
AIT 1.83 1 88.45 .020
IYC 1.62 1 79.65 .020
NUAN 1.13 1 55.22 .020
BEST .02 2 1.85 .020
CNA .83 1 41.69 .019
STMP 2.14 3 329.39 .018
DUK 1.84 1 98.46 .018
JNJ 1.48 2 164.36 .018
FAST 1.02 1 54.1 .018
IRBO .83 1 44.2 .018
MRK .72 2 73.61 .018
AMOM .66 1 36.49 .018
GPK .37 1 19.48 .018
PEP 2.63 1 154.2 .017
SELF .09 1 5.18 .017
LANC 1.43 2 168.48 .016
FRBK .05 1 3.1 .016
HRC .84 3 150 .015
PSTX .12 1 7.87 .015
PAYX 1.56 1 109.98 .014
TNET 1.38 1 96.37 .014
PNRG .79 1 54.36 .014
CHNG .15 2 21.37 .014
PBT .04 2 5.36 .014
CAI .78 1 55.86 .013
PYPL .31 13 278.11 .013
INTU 2.18 4 577.92 .012
HCA 1.27 3 256.33 .012
RACE .92 3 217.46 .012
GE .40 4 103.8 .012
ESXB .13 1 10.54 .012
KMX 1.64 1 144.42 .011
INOV .46 1 40.41 .011
KEYS 1.04 2 178.38 .010
PYPL .80 5 278.11 .010
XLV .71 2 131.98 .010
ECHO .49 1 47.73 .010
PPC .17 2 28.5 .010
SVBI .13 1 12.35 .010
GTS .33 1 34.78 .009
IEC .14 1 15.31 .009
TDG 1.87 4 644.42 .008
MSTR .94 8 599.39 .008
XLP .63 1 70.62 .008
HFBL .16 1 18.52 .008
LMRK .13 1 16.5 .007
SYKE .14 3 54 .006
ITRN .07 3 26.12 .006
PSP .06 2 15.53 .006
VOOV .73 1 144.48 .005
CLDR .08 1 15.92 .005
SAFM .85 1 188.54 .004
RAVN .16 2 57.52 .004
KIN .02 2 9.25 .004
IACB .02 2 9.91 .004
SPY 1.31 1 443.91 .002
CXP .04 1 19.02 .002
VCAR .03 1 11.7522 .002
SIC .03 1 14.41 .002
NWHM .02 1 8.99 .002
DSE .02 1 9.49 .002
SLVO .01 2 5.1 .002
ULTA .62 1 382.13 .001
DFP .03 1 28.8 .001
PMD .01 1 8.4 .001
SHOP .67 5 1444 0
XLK .10 3 156.71 0
WYNN .06 3 82.88 0
MSTR .06 118 599.39 0
ULTA .05 12 382.13 0
WYNN .04 4 82.88 0
SHOP .03 88 1444 0
BLNK .02 11 29.08 0
XPDI .01 3 10.12 0
INFL .01 2 30.02 0
WMPN 0 4 12.38 0
GSKY 0 1 11.49 0
RTLR -.01 7 11.57 0
EIC -.08 1 17.48 -.004
NSYS -.12 1 11.64 -.010
