EJH 5.21 6 2.29 13.650
LAIX 1.72 4 0.87 7.908
SCPS 3.34 7 4.11 5.684
EEIQ 4.33 5 4.16 5.200
AACG 2.14 5 2.27 4.710
NVOS 1.65 5 1.77 4.660
NEGG 3.07 20 14.19 4.320
CPOP 2.34 5 2.89 4.045
AUVI 2.56 8 5.21 3.928
VRPX 1.77 9 4.39 3.627
DPW 1.56 5 2.32 3.360
FCEL .17 129 6.36 3.354
JZXN 1.63 4 2.08 3.132
NRXP 3.86 6 7.79 2.970
JAN 3.24 5 6.225 2.600
EYES 1.22 6 2.99 2.448
JG 1.96 2 1.62 2.418
KOSS 5.35 7 15.7 2.380
SIEB 1.53 5 3.27 2.335
AAME 1.97 5 4.33 2.270
CEMI .75 7 2.42 2.163
BSQR .35 13 2.22 2.041
SGOC 1.48 8 6.15 1.920
NAOV .27 11 1.64 1.804
TYME .45 4 1.01 1.780
INDP 2.52 5 7.14 1.760
NURO 1.69 10 9.6 1.760
AMC 1.23 55 38.14 1.760
GRTS 3.14 5 9.56 1.640
RMED 1.60 3 3.03 1.584
TAOP 1.35 3 2.59 1.563
CSCW .39 2 0.5146 1.514
SAVA 3.02 26 53.62 1.456
CARV 3.92 6 16.32 1.440
HGSH 1.16 2 1.63 1.422
IRNT 3.52 5 12.45 1.410
BBIG .42 18 5.34 1.404
GME 2.99 82 172.12 1.394
SPRT .81 20 11.8 1.360
AREC .72 4 2.12 1.356
EVK .60 6 2.65 1.356
WAVE 1.72 5 6.51 1.320
BIDU 1.78 117 156.55 1.287
SJ 1.24 4 3.89 1.272
MRIN 2.01 5 8.1 1.240
FTEK 1.03 2 1.69 1.218
AGRI .76 3 1.88 1.212
YJ .40 2 0.6804 1.174
NCTY 2.63 5 11.5 1.140
AUUD .54 5 2.36 1.140
CETX 1.20 1 1.06 1.132
PHUN .20 5 0.8848 1.130
SPCE 1.14 23 23.21 1.127
NMRD 1.66 4 5.92 1.120
PMCB 1.11 3 3 1.110
SSY .91 3 2.5 1.092
ALYA 1.03 3 2.84 1.086
BTBT 1.30 9 11.03 1.053
PBTS 1.24 1 1.18 1.050
BNTC 1.24 3 3.54 1.050
IGC .49 3 1.43 1.026
CHCI 1.54 3 4.51 1.023
OCGN 1.45 5 7.09 1.020
NVFY .73 3 2.17 1.008
LMNL .65 3 2 .975
NIO .48 75 35.99 .975
MTSL 1.08 3 3.37 .960
XPEV .46 80 38.26 .960
BB .84 11 9.6 .957
LHDX 1.58 4 6.6 .956
CTIB .64 3 2.01 .954
UPC .73 3 2.36 .927
CNET 1.11 1 1.23 .902
BBBY 1.07 13 15.5 .897
PRFX .77 3 2.61 .885
EBET 3.45 6 23.4 .882
WAFU 1.94 3 6.59 .882
SYPR 1.65 2 3.78 .872
PALI .71 3 2.47 .861
ASM .69 1 0.8099 .851
IMPL 1.70 5 9.96 .850
CRTD .66 3 2.33 .849
ANPC 1.24 2 2.93 .846
WHLM 1.59 3 5.67 .840
RIDE .85 5 5.04 .840
PTIX .84 2 2 .840
VVOS .78 4 3.73 .836
WORX .44 4 2.1 .836
RETO .66 1 0.7899 .835
ANVS 3.73 6 26.77 .834
BLIN .41 8 3.95 .824
DLPN 2.14 5 13.24 .805
ACRS 2.12 7 18.36 .805
SNAP .58 112 76.28 .784
SNOA 1.43 3 5.46 .783
EYEG 1.45 1 1.86 .779
WEI .57 1 0.745149 .764
HOFV .98 2 2.57 .762
BNGO .36 11 5.18 .759
IDEX .36 4 1.9 .756
TPST 2.19 5 14.47 .755
NVAX 13.77 9 165.68 .747
MOXC 1.77 3 7.13 .744
XELA .21 6 1.69 .744
OSAT 1.82 2 4.98 .730
TSLA 4.22 145 793.61 .725
ENOB 1.70 3 7.1 .717
ADGI 3.21 7 31.4 .714
SPI 1.60 2 4.51 .708
NVDA 1.23 141 210.75 .705
AVXL 2.41 5 17.42 .690
DYNT .22 5 1.59 .690
SPCB .32 2 0.9351 .684
CANF 1.04 1 1.53 .679
NBRV .76 1 1.12 .678
SCKT 1.43 3 6.35 .675
KALV 1.44 8 17.39 .656
EVOL 1.45 1 2.23 .650
LODE 1.63 1 2.51 .649
ANY .36 12 6.66 .648
OPAD 1.25 4 7.75 .644
STAF .58 2 1.8 .644
CBAT .70 2 2.19 .638
VERY 1.85 3 8.71 .636
ZCMD 1.01 1 1.59 .635
LGHL .70 2 2.22 .630
MNOV 1.12 2 3.67 .610
MOHO .11 3 0.55 .600
FULC 2.54 6 25.53 .594
DTST .84 3 4.25 .591
MBRX 1.60 1 2.71 .590
TERN 1.53 4 10.5 .580
MVIS 1.51 4 10.53 .572
HGEN 1.21 3 6.36 .570
XTLB 1.09 2 3.83 .568
SOS .61 2 2.17 .562
ZEV 1.49 3 7.93 .561
VTNR .43 7 5.33 .560
ORPH .73 3 3.91 .558
OBLN .56 3 3.05 .549
ATXI .74 1 1.35 .548
MEDS .53 5 4.86 .545
VYGR 1.04 2 3.84 .540
GOVX .35 6 3.85 .540
HOOD 1.85 12 41.84 .528
MVST 1.01 4 7.61 .528
DBGI .48 3 2.72 .528
OPTT 1.10 1 2.09 .526
XELB .34 2 1.31 .518
ALEC 2.10 6 24.28 .516
IPHA .78 4 6.04 .516
OXBR .30 5 2.9 .515
JCS 1.40 3 8.16 .513
GTEC 1.57 2 6.16 .508
LIZI .40 4 3.13 .508
LWAC 1.73 5 16.98 .505
HTBX 1.46 2 5.79 .504
ZKIN .71 2 2.85 .498
APTO .55 2 2.21 .496
LEDS 1.87 2 7.68 .486
NRBO .49 2 2.01 .486
BABA .82 97 156 .485
ATNF .90 3 5.66 .477
DWSN .96 1 2.02 .475
AEHR .43 19 16.66 .475
ADMA .54 1 1.14 .473
COHN 1.95 5 20.75 .465
HUSN .29 4 2.49 .464
GRVI .74 3 4.9 .453
ERYP 1.39 2 6.21 .446
DTSS .87 1 1.95 .446
CCXI 8.67 1 19.6 .442
ENVB .27 3 1.83 .441
KXIN .21 5 2.36 .440
AMBO .61 1 1.39 .438
RSLS 1.08 1 2.48 .435
WINT .31 3 2.13 .435
AQMS .43 2 1.98 .434
GLSI 3.27 5 37.73 .430
FGEN 1.47 3 10.34 .426
GEG .90 1 2.145 .419
KNBE 2.06 5 24.53 .415
DQ 3.36 7 56.86 .413
RCON 1.01 1 2.44 .413
RAPT 1.77 7 30.5 .406
ENG .53 2 2.6 .406
APRE .69 3 5.16 .399
TQQQ .50 133 129.47 .399
LIFE 1.69 2 8.51 .396
BILI 1.28 22 70.4 .396
TRCH .98 2 4.95 .394
ACOR .41 4 4.15 .392
CHNR .12 4 1.22 .392
LEXX .84 3 6.49 .387
SLGG 1.26 1 3.27 .385
BCRX .78 7 13.96 .385
WATT .77 1 2 .385
KMPH 1.70 2 8.85 .384
MINM .32 2 1.67 .382
JFU .22 3 1.73 .381
WHLR .54 2 2.84 .380
AYRO 1.18 1 3.11 .379
CERE 1.78 7 32.58 .378
WNW 1.34 1 3.58 .374
GALT .44 3 3.54 .372
NNOX 1.69 5 22.65 .370
NKLA .28 14 10.67 .364
ALF 1.08 2 5.95 .362
OTLK .40 2 2.23 .358
ONCS .68 1 1.9 .357
AVGR .04 7 0.78 .357
PME .26 1 0.73 .356
WPRT .58 2 3.3 .350
ADMP .36 1 1.03 .349
MRNA 3.75 29 309.36 .348
FLGC .62 3 5.35 .345
NEXT .37 3 3.2 .345
ARAV 1.21 1 3.53 .342
PIRS .28 6 4.83 .342
ENTX .77 2 4.51 .340
NNVC .75 2 4.41 .340
PSTV .60 1 1.76 .340
IPA 1.04 2 6.16 .336
WISH .58 3 5.18 .333
MTP .56 1 1.68 .333
HAPP .30 1 0.9102 .329
SKLZ .97 3 8.85 .327
ARPO .72 1 2.2 .327
RHE 1.27 2 7.81 .324
ACY .99 19 57.85 .323
DDD 1.09 8 26.79 .320
VBLT .32 2 2.01 .318
IMNM 1.42 4 17.76 .316
ATOS .26 4 3.27 .316
OBSV .28 3 2.66 .315
CRIS 1.20 2 7.67 .312
SLS .91 3 8.71 .312
GNLN .36 2 2.3 .312
VOXX 1.74 2 11.27 .308
AFRM 4.66 9 133.9 .306
NVCR 3.93 9 113.4 .306
LJPC .62 2 4.03 .306
TIGR .66 5 10.69 .305
QFIN .76 8 19.95 .304
KBSF .46 2 3.02 .304
GDEV .87 3 8.56 .303
BTCM .72 4 9.57 .300
TRIT .58 3 5.8 .300
TATT .65 3 6.55 .297
GEVO .49 4 6.58 .296
UFAB .46 2 3.12 .294
UAVS .83 1 2.83 .293
PLG .61 1 2.08 .293
DARE .47 1 1.6 .293
LYEL 1.21 3 12.45 .291
ENSC .72 1 2.49 .289
DYAI .51 3 5.31 .288
BNTX 5.57 13 246.57 .286
BPTH 1.44 1 5.05 .285
LMFA .33 4 4.66 .280
DDS 6.22 9 200.25 .279
ENZ .54 2 3.88 .278
LAZR 1.40 3 15.18 .276
BON .62 3 6.68 .276
HX .42 2 3.04 .276
LOOP 1.57 2 11.42 .274
VERB .09 7 2.27 .273
GRU 1.18 1 4.325 .272
PLUG .89 8 26.09 .272
OSMT .13 4 1.91 .272
EXPR .31 4 4.56 .268
CMMB 1.24 2 9.34 .264
BHTG .33 1 1.25 .264
IMTX 1.15 3 13.14 .261
FLGT 4.22 5 81.1 .260
BTX 1.13 2 8.67 .260
FCX .47 20 34.32 .260
KULR .52 1 2.01 .258
CAN .43 4 6.64 .256
XBIO .06 8 1.85 .256
TELL .18 5 3.48 .255
NNDM .48 3 5.68 .252
ALDX 1.09 2 8.7 .250
KODK 1.72 1 6.89 .249
BYSI 1.25 3 14.97 .249
IMMP .32 3 3.82 .249
HUGE .37 1 1.49 .248
VIVE .52 1 2.1 .247
IGIC .70 3 8.495 .246
STG 1.13 1 4.62 .244
ORMP .50 11 22.62 .242
NEPT .07 2 0.58 .240
ZM 4.40 14 256.27 .238
KSS 1.63 7 46.92 .238
BNR 1.96 2 16.58 .236
RLMD 1.57 4 26.44 .236
OCUP 1.04 1 4.4 .236
RNXT .73 2 6.15 .236
EOSE 1.39 2 11.87 .234
RKDA .49 1 2.1 .233
SQBG .73 2 6.24 .232
AVCT .60 1 2.585 .232
ADIL .45 2 3.87 .232
CTSO .42 4 7.195 .232
GSM .27 7 8.08 .231
TSP 1.75 5 37.73 .230
APOP .84 5 17.99 .230
RAIL .24 4 4.26 .224
MESO 1.26 1 5.64 .223
DOCS 3.04 6 80.22 .222
CARA 1.57 2 14.15 .220
ONCT .45 2 4.07 .220
INFI .16 4 2.86 .220
MRKR .36 1 1.65 .218
AKTX .36 1 1.6498 .218
EXPI 1.84 5 42.13 .215
AAPL .40 107 143.29 .214
SNES .16 2 1.49 .214
SKT 1.76 2 16.58 .212
CRDF 1.40 1 6.6 .212
W 7.31 7 243.39 .210
GPN 3.44 10 159.87 .210
TASK 2.03 6 57.81 .210
OVID .38 2 3.59 .210
CLSD .35 3 4.98 .210
COTY .43 4 8.18 .208
OCG .21 4 3.99 .208
VERU .59 3 8.54 .207
FB .92 103 329.22 .206
HOL .84 3 12.35 .204
UONE .59 3 8.58 .204
OCX .70 1 3.47 .201
CLPS .56 1 2.78 .201
CLPS .56 1 2.78 .201
MITO .28 1 1.39 .201
ZY .78 3 11.67 .198
AESE .35 1 1.77 .197
CHMA .37 2 3.76 .196
SE 4.93 13 324.25 .195
MDIA .50 3 7.66 .195
OCG .06 13 3.99 .195
SDC .64 2 6.59 .194
CVV .46 2 4.7 .194
ZLAB 3.42 6 104.19 .192
VNET 1.13 3 17.59 .192
SNMP .11 2 1.14 .192
NTEC .46 4 9.63 .188
AMZN 8.18 93 3302.43 .186
CELC 1.58 2 16.95 .186
AMTX 1.20 3 19.18 .186
GPS .75 6 23.63 .186
IMV .15 2 1.6 .186
RBLX 2.77 5 74.8 .185
UPST 4.49 13 307.38 .182
JFIN .36 2 3.92 .182
TTD 2.55 5 70.42 .180
MARA .59 12 38.42 .180
MTL .25 3 4.16 .180
AGEN .12 9 5.74 .180
MARK .08 2 0.8884 .180
VTSI 1.97 1 11.14 .176
BODY .47 2 5.32 .176
FENG .11 2 1.25 .176
KURA 1.66 2 18.96 .174
CLII .84 3 14.36 .174
HUYA .53 3 9.07 .174
TEDU .09 2 1.03 .174
GTT .41 1 2.36 .173
BLUW .83 2 9.63 .172
WIMI .69 1 4 .172
ZG 3.17 5 93.22 .170
AZYO 1.08 1 6.35 .170
EDSA 1.24 1 7.31 .169
EVGN .43 1 2.54 .169
OSTK 2.20 6 76.41 .168
ISEE 1.48 2 17.48 .168
BGFV .70 6 24.72 .168
M .64 6 22.53 .168
BWAY 1.35 1 8.17 .165
EDTK .10 2 1.21 .164
BGI .47 1 2.89 .162
PBR .29 6 10.64 .162
CLF .48 7 20.73 .161
IRDM 1.55 4 38.41 .160
VIR 1.85 3 34.57 .159
ALTO .28 3 5.24 .159
GIII 1.11 4 28.26 .156
ASTR .41 3 7.74 .156
SQ 1.96 22 249.16 .154
ARVN 1.91 7 83.75 .154
FSTX 1.04 1 6.75 .154
GSAT .12 2 1.55 .154
MOGO .23 3 4.43 .153
SCYX .79 1 5.17 .152
DMAC .31 2 4.03 .152
MDNA .05 8 2.63 .152
OLB .65 1 4.29 .151
OPNT 1.39 3 27.41 .150
GRTX 1.18 1 7.85 .150
SCR 1.05 5 34.96 .150
VCVC 1.46 1 9.85 .148
AFMD .87 1 5.94 .146
RRD .40 2 5.42 .146
GENE .22 2 2.98 .146
DLTR 2.90 5 98.28 .145
FIGS 1.12 5 37.34 .145
VLDR .86 1 5.9 .145
MOSY .76 1 5.24 .145
AMD 1.77 9 106.45 .144
ZIM 1.62 4 44.42 .144
FUV 1.54 1 10.68 .144
ORGS .70 1 4.86 .144
BCLI .46 1 3.18 .144
FBRX .40 1 2.77 .144
AAL .38 8 20.17 .144
ACB .36 3 7.38 .144
TLRY .52 3 11.02 .141
ARMP .49 1 3.47 .141
CELH 2.77 5 97.62 .140
KR .42 14 39.5 .140
IAC 3.29 6 141.93 .138
NIU 1.17 3 25.21 .138
GTIM .74 1 5.34 .138
NLS 1.33 1 9.66 .137
TVTX 1.79 2 26.02 .136
ORCL .37 34 92.31 .136
SPLK 4.15 5 150.08 .135
DNUT .63 3 13.75 .135
IRIX .35 3 7.67 .135
AEY .31 1 2.29 .135
LI 1.94 2 28.78 .134
SIF 1.16 1 8.65 .134
TAL .32 2 4.75 .134
IKT .24 1 1.79 .134
NETE 1.05 1 7.89 .133
DLO 1.91 4 57.48 .132
MAT 1.28 2 19.2 .132
JWN 1.19 3 26.84 .132
SOHU .47 6 21.17 .132
ENSV .20 1 1.51 .132
VIH 1.31 1 10 .131
NBEV .19 1 1.45 .131
FLWS 1.34 3 30.47 .129
SI 4.86 4 151.72 .128
LEGN 1.79 4 54.44 .128
PRTA 1.18 8 73.26 .128
SRNE .85 1 6.61 .128
LTHM .39 8 23.88 .128
STX 1.75 6 81.78 .126
MAXR 1.20 3 28.04 .126
CIEN .40 18 52.81 .126
THCB 1.25 1 10 .125
GMBL .80 1 6.48 .123
JRJC .70 1 5.65 .123
PBLA .25 1 2.03 .123
HJLI 1.27 1 10.38 .122
NGM 1.25 2 20.35 .122
DPZ 5.62 11 482.71 .121
ENPH 3.89 5 157.23 .120
RIOT 1.57 2 26.12 .120
RUN 1.35 4 44.01 .120
CYTK 1.17 4 38.85 .120
SBBP .12 2 2 .120
SAM 9.40 7 545 .119
TENX .21 1 1.76 .119
SEMR 1.48 2 24.96 .118
REGN 7.44 9 552.02 .117
TESS .64 1 5.45 .117
LIVE 1.37 3 36.05 .114
GP .49 3 12.78 .114
DBVT .09 6 4.68 .114
SSKN .22 1 1.93 .113
DE 4.88 8 344.09 .112
RGEN 4.41 7 272.17 .112
GH 1.57 8 111.59 .112
EDIT 1.47 3 39.03 .111
RMBL 1.41 3 37.8 .111
ACHL .89 1 7.99 .111
CCJ .84 3 22.41 .111
PDD 2.15 5 94.95 .110
AUTL .33 2 5.9 .110
LIVX .17 2 3.07 .110
VSCO 1.95 3 53.48 .108
HCM .93 4 33.71 .108
MSFT .47 108 294.85 .108
FRD 1.28 1 11.91 .107
SSNT .66 1 6.13 .107
ABSI 1.13 1 10.76 .105
AVIR 2.17 2 41.03 .104
MSGE 1.88 4 70.67 .104
SHEN 1.68 2 32.05 .104
DKS 1.67 8 120.02 .104
AEO 1.32 2 25.12 .104
ALLO 1.28 2 24.38 .104
APXT 1.27 1 12.11 .104
AMEH 1.16 8 83.9 .104
DAL 1.14 4 43.68 .104
MTTR 1.03 2 19.77 .104
NFLX .69 104 631.85 .104
WTER .09 2 1.72 .104
CPSH .51 1 4.99 .102
ENLV .49 2 9.52 .102
PRPO .09 3 2.59 .102
LBPH .92 1 9.02 .101
ATIF .43 1 4.22 .101
APPS 1.99 4 77.9 .100
CREE 1.64 5 79.12 .100
MRUS 1.39 2 27.49 .100
DDL 1.22 2 24.11 .100
CCL .63 4 24.49 .100
STEM .47 5 22.53 .100
GURE .46 1 4.5842 .100
AXLA .29 1 2.88 .100
FRO .10 10 9.1 .100
CAH 1.64 3 49 .099
CSIQ 1.59 2 32.07 .098
GRVY 1.33 7 90 .098
MDB 5.88 8 472.87 .096
BTWN .95 1 9.82 .096
LAD 6.41 5 323.48 .095
DELL 2.08 5 107.05 .095
BBY 2.06 5 107.59 .095
BKYI .32 1 3.36 .095
MFNC 1.02 2 21.5 .094
ERJ .84 2 17.61 .094
LYFT 1.70 3 54.7 .093
HPQ .88 3 28.05 .093
PRPL .70 3 22.12 .093
INM .14 1 1.5 .093
FFHL .44 2 9.53 .092
CRON .13 4 5.58 .092
DASH 2.82 7 204.92 .091
TWST 1.37 7 100.41 .091
ACI .39 7 28 .091
XBI 2.27 5 123.91 .090
UAA .97 2 21.11 .090
VNE .55 6 35.66 .090
BKE 1.86 2 42.14 .088
ARCE 1.78 1 20.4 .087
AA 1.37 3 47.05 .087
ULBI .31 2 7.1 .086
AEI .09 2 2.06 .086
MBII .08 1 0.92 .086
XLNX 2.75 5 158.07 .085
RRGB 1.93 1 22.57 .085
CHRA .40 1 4.68 .085
ANIX .38 1 4.44 .085
VLO 2.15 3 75.9 .084
VRNT 1.94 2 45.93 .084
JPM 1.20 12 170.09 .084
MS 1.19 7 98.8 .084
CLSK 1.17 1 13.81 .084
PATI .50 2 11.675 .084
ABCL 1.31 1 15.78 .083
EQ .53 1 6.33 .083
ATAI 1.09 1 13.17 .082
UWMC .55 1 6.66 .082
IMMR .28 2 6.69 .082
PINS 1.45 3 51.81 .081
SIVB 7.01 8 665.56 .080
UNH 3.56 10 404.7 .080
CAT 3.14 5 195.75 .080
ABNB 2.80 5 169.6 .080
SPT 1.96 5 118.49 .080
RL 1.95 5 117.21 .080
TJX 1.32 4 64.98 .080
SBS .14 4 6.79 .080
CLNE .67 1 8.39 .079
BCYC 3.83 1 48.69 .078
SFIX 1.46 2 36.91 .078
LAW 1.23 3 46.86 .078
DIS 2.12 7 177.71 .077
YEXT .91 1 11.68 .077
EOLS .55 1 7.08 .077
JRVR 1.48 2 38.31 .076
USB 1.23 4 61.88 .076
WFC .91 4 47.76 .076
KZIA .41 2 10.69 .076
LLY 3.67 5 233.18 .075
SITM 3.41 5 214.22 .075
VMW 2.32 5 153.68 .075
PKG 2.17 5 142.67 .075
TSN 1.98 3 78.68 .075
MDT 1.95 5 126.83 .075
ACMR 1.83 5 114.67 .075
WMT .77 15 139.24 .075
CLOV .56 1 7.4 .075
SONO .50 5 32.03 .075
DKNG 1.84 2 49.37 .074
PFGC 1.82 2 48.44 .074
UBER 1.78 2 47.91 .074
SLV .79 2 20.9 .074
SNPS 3.69 6 298.37 .072
SNOW 2.91 8 320.05 .072
CRNC 1.55 4 85.18 .072
HOG 1.32 2 36.39 .072
DFH 1.18 1 16.33 .072
BAC 1.08 3 44.12 .072
DRN .55 3 22.66 .072
MRTN .38 3 15.31 .072
MRO .10 12 15.36 .072
CNFR .10 2 2.73 .072
TBLA .70 1 9.85 .071
EVGO .55 1 7.74 .071
SEDG 3.89 5 263.61 .070
ZS 3.84 5 269.88 .070
WSM 2.54 5 172.65 .070
TSCO 2.08 7 198 .070
TDC 1.99 2 55.82 .070
EAT 1.81 2 50.37 .070
A 1.64 7 155.32 .070
FISV 1.58 5 109.26 .070
AN 1.24 7 117.49 .070
COP 1.03 5 71.51 .070
CSCO .56 7 55.02 .070
CTRN 1.79 3 76.52 .069
CGC .94 1 13.51 .069
JD 1.37 4 76.3 .068
C 1.23 4 72.19 .068
MQ .76 2 22.15 .068
SBH .56 2 16.26 .068
NEWR 1.67 3 75.55 .066
FLOW 1.65 3 73.29 .066
FL 1.59 2 47.53 .066
STRO .65 2 19.19 .066
IRCP .17 1 2.56 .066
SSL .13 11 18.92 .066
BIIB 4.00 5 287.77 .065
IWM 3.04 5 223.26 .065
AMAT 1.73 5 127.88 .065
IMAB 1.00 5 73.18 .065
DUOT .40 1 6.08 .065
ASAN 1.78 4 108.87 .064
DXC 1.11 2 34.65 .064
PLTR .77 2 23.73 .064
K .51 8 63.11 .064
HWCC .34 1 5.3 .064
YPF .31 1 4.8 .064
LC .24 8 29.62 .064
EDU .14 1 2.18 .064
BQ .08 2 2.46 .064
LOW 1.91 7 207.9 .063
QCOM 1.18 7 127.84 .063
SILK .52 7 56.34 .063
FATE 1.76 2 56.33 .062
RIG .12 2 3.84 .062
RFL 2.08 1 33.8 .061
UPS 2.33 5 181.6 .060
NTAP 1.88 3 91.15 .060
LPX 1.87 2 62.08 .060
CRCT 1.61 1 26.72 .060
FANG 1.60 4 105.12 .060
DOMO 1.26 4 82.45 .060
CHKP 1.25 6 116.77 .060
SMLP 1.07 2 35.48 .060
APP .87 6 84.94 .060
INTC .68 5 54.18 .060
T .56 3 27.09 .060
TME .45 1 7.43 .060
AZN .38 10 60.37 .060
THTX .22 1 3.62 .060
VMEO 1.70 1 28.67 .059
BZUN 1.12 1 18.88 .059
TTCF 1.07 1 17.99 .059
VIPS .66 1 11.02 .059
GT 1.09 1 18.56 .058
FUBO .74 2 25.03 .058
XONE .67 2 23.03 .058
PPBT .26 1 4.47 .058
HAS 1.73 3 89.31 .057
YETI 1.72 3 87.17 .057
QADB 1.69 3 87.31 .057
PTON 1.69 3 87.74 .057
GS 2.81 8 390.62 .056
IBM 2.00 4 141.81 .056
KMB 1.88 4 133.7 .056
ROLL 1.78 7 219.74 .056
CM 1.70 4 115.74 .056
CLDX 1.59 2 55.11 .056
APPN 1.29 4 91.4 .056
PSTG .74 2 25.68 .056
SBTX .57 1 10.14 .056
GBR .24 1 4.25 .056
LIN 3.50 5 299.16 .055
ADSK 3.38 5 283.02 .055
NXPI 2.32 5 193.85 .055
SUPN 1.50 1 26.82 .055
YMM .89 1 15.97 .055
GGAL .57 1 10.23 .055
ITRO .07 1 1.27 .055
ASML 5.22 9 746.82 .054
KEYS 3.02 3 163.23 .054
LII 2.97 6 303.97 .054
TNA 1.63 3 88 .054
ATVI 1.42 3 77.36 .054
LL 1.01 1 18.65 .054
RKT .84 1 15.35 .054
FITB .82 3 43.85 .054
CRMT .72 9 118.75 .054
KIRK .60 2 21.46 .054
VXX .46 3 25.26 .054
ORGO .35 2 12.51 .054
CALA .11 1 2.02 .054
MYGN 1.67 1 31.66 .052
BYND 1.46 4 104.41 .052
JKS 1.26 2 46.73 .052
TAP 1.23 2 47.19 .052
SPTN .60 2 22.75 .052
ZNGA .20 2 7.49 .052
AEMD .10 2 3.74 .052
FTCH 1.88 1 36.71 .051
TTC 1.75 3 98.68 .051
MNST 1.59 3 90.07 .051
ECOM 1.37 1 26.66 .051
MNSO .82 1 15.99 .051
EPU .48 3 27.99 .051
WDAY 2.61 5 257.86 .050
AMGN 2.27 5 209.12 .050
TWTR 1.66 2 63.97 .050
SJM .67 10 121.84 .050
KO .56 5 53.88 .050
CHPT .93 1 18.66 .049
AMRS .60 1 12.17 .049
OEG .14 1 2.81 .049
TMUS 2.01 3 123.18 .048
GWRE 1.92 3 118.85 .048
BHVN 1.74 4 142.45 .048
BURL 1.68 8 278.72 .048
STT 1.48 3 89.08 .048
DOCN 1.41 3 85.19 .048
CVS 1.40 3 84.2 .048
SKX 1.05 2 42.51 .048
RSI 1.01 1 20.69 .048
BBWI .53 6 63.72 .048
KDMN .15 3 8.86 .048
BZ 1.59 1 33.83 .046
FA .96 1 20.63 .046
WOOF .51 2 22.03 .046
EKSO .20 1 4.33 .046
GMTX .17 1 3.68 .046
BIOC .09 2 3.83 .046
SNDL .03 1 0.648 .046
ROKU 3.09 5 324.47 .045
V 2.27 5 230.55 .045
HON 2.02 5 218.37 .045
LMT 1.95 9 351.78 .045
ROST 1.70 3 107.91 .045
PG 1.37 5 142.32 .045
LUV .83 3 54.04 .045
ARMK .56 3 36.61 .045
HRL .39 5 41.34 .045
VTGN .04 3 2.59 .045
ABT 1.40 4 117.91 .044
JBL 1.39 2 62.78 .044
HD 1.39 11 337.48 .044
MU .79 4 70.54 .044
AGNC .36 2 16.02 .044
GBS .11 1 2.45 .044
SLHG .10 1 2.26 .044
COUR 1.39 1 31.99 .043
SWI .79 1 18.35 .043
GNOG .78 1 17.85 .043
ADBE 4.10 6 578.96 .042
ANTM 2.99 6 380.66 .042
MMM 1.40 6 177.8 .042
INCY 1.38 2 65.65 .042
NKE 1.02 7 151.85 .042
TBIO .53 3 37.36 .042
FLO .52 2 24.68 .042
MRVL .51 6 65.15 .042
XOM .39 7 60.66 .042
SPWH .38 2 17.71 .042
ET .14 3 9.64 .042
CPG .11 2 5.03 .042
VIEW .21 1 5.08 .041
DUOL 6.32 1 156.86 .040
DAVA 3.12 2 151.31 .040
MA 2.96 5 353.91 .040
ON 1.84 1 45.39 .040
CI 1.83 5 204.71 .040
ESTC 1.65 4 152.3 .040
MOS 1.62 1 39.54 .040
ADI 1.48 5 166.98 .040
OLLI 1.29 2 62.45 .040
AMKR 1.03 1 25.66 .040
MO .93 2 46.48 .040
LOGI .90 4 87.77 .040
SANA .82 1 20.19 .040
PDCO .67 2 32.51 .040
XLE .48 5 54.88 .040
ME .16 2 7.75 .040
QDEL 1.84 3 136.21 .039
OTIS 1.10 3 84.38 .039
SCHW 1.03 3 76.39 .039
RF .86 1 21.85 .039
MFGP .07 3 5.23 .039
NFE 1.27 1 33.26 .038
HNST .37 1 9.55 .038
BLFS 1.55 1 40.8 .037
FCBP 1.08 1 29.1 .037
COST 3.15 6 452.87 .036
EL 2.10 6 314.79 .036
WGO 1.39 2 76.99 .036
UHS 1.30 4 133.16 .036
RCUS 1.22 1 33.03 .036
TGT 1.11 9 229.82 .036
KNL .92 1 25.04 .036
APG .76 1 20.89 .036
DEN .72 4 72.52 .036
BEKE .69 1 19.15 .036
LZB .64 2 33.75 .036
SLB .57 2 31.02 .036
ALAC .21 2 11.3499 .036
TEO .18 1 5 .036
NOK .07 3 5.77 .036
BLK 6.24 5 842.35 .035
COIN 1.85 5 251.59 .035
LH 1.59 7 279.3 .035
TGTX 1.11 1 31.52 .035
ACH .67 1 18.76 .035
SRNG .41 1 11.42 .035
LITE 1.46 2 84.83 .034
EGRX 1.01 2 56.24 .034
ATHM .86 2 48.82 .034
ANF .67 2 39.36 .034
AZO 6.70 11 1683.73 .033
AXP 2.00 3 174.29 .033
FENC .31 1 9.18 .033
BKNG 10.17 8 2469 .032
BLDR 1.77 1 54.75 .032
TTWO 1.42 4 170.77 .032
PLD 1.05 4 129.38 .032
ABBV .93 4 110.87 .032
GLD .70 8 164.16 .032
FOE .67 1 20.44 .032
D .31 8 73.85 .032
COF 1.82 3 167.88 .030
MCD 1.68 5 248.32 .030
AKAM 1.62 2 103.75 .030
UAL 1.50 1 49.52 .030
ATKR 1.43 2 90.83 .030
CROX 1.41 3 139.54 .030
CRM 1.02 10 274.58 .030
PLCE .92 3 87 .030
HNP .33 2 20.83 .030
OKE 1.82 1 60.75 .029
KHC 1.11 1 37.08 .029
CTKB .66 1 22.21 .029
DD 1.98 1 70.54 .028
CHGG .96 2 66.42 .028
LEN .73 4 94.06 .028
MOMO .16 2 11.02 .028
GOOG 4.33 27 2783.71 .027
UTHR 1.84 3 195.94 .027
HRI 1.71 3 171.22 .027
ALXN 1.66 3 182.5 .027
J 1.23 3 134.85 .027
RY .96 3 101.97 .027
ACHV .23 1 8.3 .027
GRUB .15 3 15.22 .027
MPC 1.66 1 63.5 .026
KYMR 1.63 1 61.7 .026
RTX 1.21 2 90.15 .026
VZ .73 2 53.9 .026
PCVX .65 1 24.91 .026
TRIL .47 1 17.87 .026
BP .39 2 28.23 .026
GM 1.42 1 56.44 .025
CRTO .90 1 35.97 .025
STZ 1.94 3 216.51 .024
AAP 1.93 3 214.5 .024
DG 1.89 3 210.83 .024
PEP 1.88 2 156.39 .024
EA 1.67 2 137.59 .024
CNC 1.57 1 63.97 .024
STE 1.42 4 217.33 .024
SNA 1.40 4 216.16 .024
TSM 1.36 2 110.83 .024
SPG 1.12 3 134.01 .024
B 1.08 1 43.92 .024
GIS .75 2 61.32 .024
MRK .72 3 81.94 .024
CL .61 3 75.59 .024
BIG .59 2 46.33 .024
FAST .46 3 52.72 .024
PFE .21 6 42.74 .024
VSH .18 3 20.45 .024
NEE 1.91 1 80.92 .023
HHR 1.26 1 54.83 .022
TTM .58 1 25.75 .022
PKI 1.33 3 171 .021
CLX 1.16 3 165.06 .021
INTU 2.61 5 537.73 .020
IYC 1.62 1 79.04 .020
NUAN 1.13 1 55.32 .020
AIT 1.83 1 95.38 .019
IRBO .83 1 42.64 .019
GPK .37 1 19.27 .019
UHAL 1.98 9 694.65 .018
DUK 1.84 1 100.96 .018
JNJ 1.48 2 161.34 .018
CNA .83 1 44.36 .018
AMOM .66 1 35.0874 .018
BEST .02 2 2.01 .018
AZPN 2.37 1 137.64 .017
PSTX .12 1 6.81 .017
STMP 1.59 4 329.61 .016
LANC 1.43 2 173.58 .016
WM .75 4 153.99 .016
SELF .09 1 5.33 .016
FRBK .05 1 3.06 .016
HCA 1.27 3 242.28 .015
PYPL 1.01 5 263.54 .015
HRC .84 3 150.88 .015
CHNG .15 2 20.88 .014
PAYX 1.56 1 118.64 .013
TNET 1.38 1 100.58 .013
CAI .78 1 55.94 .013
PYPL .39 13 263.54 .013
KMX 1.64 1 131.35 .012
RACE .92 3 211.22 .012
PNRG .79 1 62 .012
GE .40 4 105.51 .012
PBT .04 2 6.18 .012
INOV .46 1 40.69 .011
ESXB .13 1 11.51 .011
TRI 1.17 1 113.64 .010
ECHO .49 1 48.08 .010
PPC .17 2 29.15 .010
SVBI .13 1 12.64 .010
XLV .47 3 127.58 .009
GTS .33 1 35.34 .009
IEC .14 1 15.34 .009
TDG 1.87 4 648.03 .008
MSTR .94 8 692.79 .008
XLP .63 1 70.13 .008
HFBL .16 1 18.5001 .008
LMRK .13 1 16.51 .007
SYKE .14 3 54 .006
ITRN .07 3 24.85 .006
PSP .06 2 15.11 .006
VOOV .73 1 144.23 .005
CLDR .08 1 15.99 .005
SAFM .85 1 188.96 .004
RAVN .16 2 57.8 .004
KIN .02 2 9.25 .004
IACB .02 2 9.94 .004
SPY 1.31 1 438.66 .002
CXP .04 1 19.14 .002
VCAR .03 1 11.8275 .002
SIC .03 1 14.44 .002
NWHM .02 1 8.99 .002
DSE .02 1 9.49 .002
SLVO .01 2 5.14 .002
ULTA .62 1 375.03 .001
DFP .03 1 28.59 .001
PMD .01 1 8.29 .001
SHOP .67 5 1398.5 0
XLK .10 3 152.53 0
WYNN .06 3 85.49 0
MSTR .06 118 692.79 0
ULTA .05 12 375.03 0
WYNN .04 4 85.49 0
SHOP .03 88 1398.5 0
BLNK .02 11 27.15 0
RTLR .01 8 11.77 0
OXY .01 27 32.48 0
INFL .01 2 30.2 0
XPDI 0 4 10.16 0
WMPN 0 4 12.18 0
GSKY 0 1 11.51 0
EIC -.08 1 18.08 -.004
NSYS -.12 1 12.3735 -.009
