EJH 5.21 6 1.39 22.488
SCPS 3.34 7 1.7 13.748
LAIX 1.72 4 0.595 11.560
AUVI 2.10 10 2.96 7.090
EEIQ 4.33 5 3.2 6.765
NEGG 3.07 20 10.22 6.000
NVOS 1.65 5 1.3897 5.935
VRPX 1.77 9 3.12 5.103
DPW 1.56 5 1.6 4.875
NRXP 2.89 8 4.85 4.760
IRNT 3.02 6 3.82 4.740
VVOS 1.65 6 2.12 4.668
AACG 1.49 7 2.3 4.529
JZXN 1.63 4 1.46 4.464
JAN 2.73 6 3.8 4.308
CEMI .60 8 1.12 4.280
ADGI 2.56 12 7.22 4.248
EYES 1.22 6 1.74 4.206
CPOP 2.34 5 2.87 4.075
FCEL .18 131 5.88 3.930
JG 1.30 3 1.01 3.861
HX 1.40 6 2.24 3.750
KOSS 5.35 7 10.3 3.633
NURO 1.47 11 4.79 3.366
AAME 1.97 5 2.98 3.305
SIEB 1.53 5 2.34 3.265
OCGN 1.04 12 4.18 2.976
NAOV .27 11 1.02 2.904
RMED .72 6 1.55 2.784
AMC 1.19 60 25.49 2.760
TYME .45 4 0.652 2.760
MRIN 2.01 5 3.75 2.680
BBIG .30 21 2.35 2.667
BSQR .35 13 1.72 2.639
CARV 3.92 6 8.95 2.622
PBTS 1.24 1 0.4843 2.560
SPCE 1.26 24 12.05 2.496
TAOP 1.35 3 1.65 2.454
AGRI .95 5 1.99 2.385
BTBT 1.45 10 6.13 2.360
INDP 2.52 5 5.56 2.265
GRTS 2.25 7 7.02 2.240
PHUN .35 16 2.56 2.176
NCTY 2.63 5 6.12 2.145
ANPC 1.24 2 1.21 2.048
MOXC 1.01 6 2.97 2.040
TPST 2.19 5 5.45 2.005
MARK .46 4 0.9279 1.980
GME 2.99 82 129.37 1.886
RNXT 1.96 4 4.3 1.820
JCS 1.40 3 2.33 1.800
SSY .91 3 1.52 1.794
LMNL .65 3 1.1 1.770
DWAC 22.11 4 50.37 1.752
SGOC 1.19 9 6.2 1.719
WAFU 1.50 4 3.63 1.652
CTIB .40 5 1.23 1.625
SAVA 2.73 29 48.19 1.624
CSCW .39 2 0.4828 1.614
PRFX .57 4 1.42 1.604
AREC .62 5 1.94 1.595
AUUD .41 7 1.83 1.568
FTEK .69 3 1.32 1.566
BLIN .41 8 2.12 1.544
WAVE 1.72 5 5.57 1.540
BNGO .36 12 2.81 1.536
BIDU 1.88 118 143.88 1.534
EVK .60 6 2.35 1.530
PALI .71 3 1.43 1.488
SOS .61 2 0.8246 1.478
SNAP .57 113 41.33 1.469
NMRD 1.66 4 4.55 1.456
IGC .49 3 1.01 1.455
RIDE .68 7 3.33 1.428
UPC .73 3 1.57 1.392
BNTC 1.24 3 2.7 1.377
ERYP .79 4 2.3 1.372
SPRT .81 20 11.8 1.360
ANY .20 21 3.1 1.344
SYPR .80 4 2.39 1.336
DLPN 2.14 5 8.08 1.320
BYSI 1.25 5 4.74 1.315
SNOA 1.51 4 4.6 1.312
ANVS 3.73 6 17.15 1.302
YJ .40 2 0.6135 1.302
WORX .44 4 1.35 1.300
PMCB 1.11 3 2.57 1.293
CETX 1.20 1 0.9298 1.290
CRTD .39 7 2.16 1.260
ALYA .77 4 2.46 1.252
HOOD 1.41 14 15.98 1.232
NIO .53 77 31.58 1.232
BFRI 1.31 6 6.46 1.212
NBRV .76 1 0.6325 1.201
EBET 3.45 6 17.32 1.194
PTIX .84 2 1.41 1.190
STAF .58 2 0.9776 1.186
MVIS 1.17 5 4.94 1.180
NVFY .73 3 1.86 1.176
MEDS .53 5 2.28 1.160
LODE .56 3 1.47 1.140
SPCB .32 2 0.564 1.134
IMPL 1.70 5 7.55 1.125
HOFV .98 2 1.75 1.120
HGSH 1.16 2 2.1 1.104
HGEN 1.21 3 3.3 1.098
CNET 1.11 1 1.02 1.088
IDEX .36 4 1.32 1.088
LGVN 2.15 6 11.86 1.086
ACRS 2.12 7 13.63 1.085
DYNT .22 5 1.02 1.075
BBBY .90 16 13.365 1.072
ZKIN .71 2 1.33 1.066
ALF 1.08 2 2.06 1.048
OSAT 1.21 3 3.52 1.029
CBAT .50 3 1.46 1.026
SPI .89 4 3.47 1.024
RETO .72 2 1.42 1.014
BB .74 12 8.78 1.008
TERN 1.53 4 6.11 1.000
HCWB 1.14 2 2.31 .986
OLB .77 3 2.35 .981
LIZI .40 4 1.64 .972
MTSL 1.08 3 3.37 .960
SYTA .85 4 3.54 .960
CHCI 1.54 3 4.83 .954
BKKT 2.95 2 6.19 .952
TIGR .50 8 4.2 .952
CANF .63 2 1.33 .946
HTBX 1.46 2 3.09 .944
WHLM 1.20 4 5.09 .940
LGHL .30 4 1.29 .928
FULC 2.54 6 16.49 .924
ORPH .57 4 2.48 .916
MBRX .81 2 1.78 .910
KXIN .17 6 1.12 .906
AQMS .39 3 1.34 .873
GFAI .51 2 1.17 .870
ASM .69 1 0.805 .857
LEDS 1.24 3 4.34 .855
KTTA 1.49 1 1.75 .851
GROM .76 2 1.79 .848
XELA .09 7 0.7401 .847
KALV 1.44 8 13.61 .840
MARA 1.20 21 29.62 .840
SJ 1.24 4 5.93 .836
NVAX 7.31 16 138.45 .832
LHDX 1.58 4 7.62 .828
ATXI .74 1 0.894 .827
OPAD 1.25 4 6.07 .820
ISPC 1.00 7 8.5 .819
APTO .28 4 1.37 .816
DBGI .42 5 2.59 .810
AYRO .60 2 1.51 .794
VERY 1.39 4 7 .792
XTLB 1.09 2 2.75 .792
MNOV .74 3 2.81 .789
ACIU 1.91 2 4.87 .784
AVXL 2.41 5 15.37 .780
ENVB .27 3 1.04 .777
PPSI .67 9 7.78 .774
DTST .80 4 4.13 .772
VYGR 1.06 2 2.75 .770
VTNR .37 10 4.75 .770
MOHO .11 3 0.4288 .768
GNLN .36 2 0.9401 .764
BILI 1.28 23 37.95 .759
XPEV .46 84 47.6 .756
RFL .71 5 4.68 .755
VERB .12 8 1.27 .752
ONCS .68 1 0.912 .745
EYEG 1.45 1 1.95 .743
GLSI 3.27 5 21.95 .740
WEI .57 1 0.7706 .739
RCON .51 2 1.38 .738
TRIT .34 5 2.3 .735
ATNF .66 4 3.6 .732
SCKT .74 4 4.1 .720
OPTT 1.10 1 1.54 .714
CHNR .12 4 0.673 .712
EXPR .47 5 3.33 .705
ENOB .94 5 6.8 .690
NRBO .49 2 1.44 .680
ZEV 1.17 4 6.92 .676
ACOR .41 4 2.42 .676
APRE .69 3 3.07 .672
GOVX .36 7 3.72 .672
AVCT .25 6 2.23 .672
ATOS .21 5 1.56 .670
NVDA 1.23 167 276.04 .668
EVOL .74 2 2.22 .666
COHN 1.95 5 14.61 .665
LCID 1.90 13 36.68 .663
WINT .31 3 1.42 .654
ENG .30 3 1.38 .651
IPHA .78 4 4.79 .648
JFU .22 3 1.02 .645
AMBO .61 1 0.95 .642
UAVS .36 3 1.7 .633
ALEC 2.10 6 19.92 .630
RSLS .27 4 1.72 .624
FLGC .19 6 1.81 .624
DTSS .87 1 1.4 .621
MVST .61 6 5.97 .612
ENSC .61 4 4.02 .604
AVGR .04 7 0.4687 .595
BABA .82 99 121.16 .594
DQ 3.36 7 39.99 .588
SLGG .64 2 2.17 .588
RHE 1.27 2 4.33 .586
GALT .44 3 2.25 .585
XELB .34 2 1.17 .580
WNW 1.34 1 2.32 .577
WBX 4.49 2 15.55 .576
ZCMD 1.01 1 1.76 .573
TQQQ .64 143 149.35 .572
SDC .64 2 2.23 .572
LEXX .63 4 4.39 .572
WISH .58 3 3.04 .570
ADMP .36 1 0.6312 .570
KNBE 1.80 7 22.08 .567
BTX 1.13 2 4.02 .562
WHLR .54 2 1.92 .562
PENN 2.65 10 46.61 .560
ALDX 1.09 2 3.9 .558
ORMP .35 19 11.83 .551
LYEL 1.21 3 6.58 .549
OBLN .56 3 3.05 .549
OTLK .38 2 1.39 .546
NNOX 1.69 5 15.55 .540
GRVI .74 3 4.11 .540
ENTX .77 2 2.86 .538
MRNA 3.05 41 233.06 .533
AUPH 1.04 10 19.6 .530
ARDS 1.12 1 2.12 .528
BTCM .72 4 5.44 .528
MQ 1.18 7 15.63 .525
WATT .32 2 1.23 .520
HAPP .30 1 0.5767 .520
GTEC .80 4 6.25 .512
SLS .69 4 5.39 .512
BGFV .97 10 18.97 .510
LIFE .93 4 7.27 .508
LWAC 1.73 5 16.98 .505
ASTR .62 5 6.1 .505
UONE .37 7 5.07 .504
CRIS 1.20 2 4.83 .496
PME .26 1 0.5274 .492
OSMT .13 4 1.05 .492
MINM .32 2 1.305 .490
WPRT .58 2 2.39 .484
MTP .56 1 1.17 .478
NKLA .28 17 9.88 .476
BPTH .95 2 4.04 .470
SGBX .32 3 2.04 .468
PSTV .60 1 1.29 .465
HUSN .29 4 2.5 .464
ABUS .22 8 3.73 .464
UPST 2.99 19 123.82 .456
ARAV 1.21 1 2.67 .453
MRAM 1.52 3 10.07 .450
BCRX .62 10 13.72 .450
UFAB .46 2 2.04 .450
IMNM 1.42 4 12.62 .448
BODY .47 2 2.09 .448
PIRS .23 7 3.57 .448
BON .62 3 4.16 .447
EYPT 5.86 1 13.15 .445
GEVO .49 4 4.38 .444
GEG .90 1 2.03 .443
GMBL .88 2 4.07 .432
CTSO .42 4 3.87 .432
DOCS 2.62 8 49.13 .424
SKLZ .67 4 6.31 .424
SE 3.92 20 184.72 .420
DBVT .06 12 1.7 .420
BNR 1.30 3 9.35 .417
NNVC .44 3 3.16 .417
PLG .24 3 1.72 .417
AFRM 1.88 18 79.53 .414
TSP 2.05 7 34.28 .413
ADMA .54 1 1.31 .412
VIVE .26 2 1.26 .412
AVIR 1.14 3 8.3 .411
ZY .78 3 5.69 .411
IFRX .58 3 4.23 .411
CLSD .35 3 2.57 .408
VNET 1.13 3 8.37 .405
MTTR .44 15 15.73 .405
EOSE 1.39 2 6.87 .404
GRTX .40 4 3.96 .404
ATAI 1.29 2 6.44 .400
EZFL .57 1 1.43 .398
SPRB .47 3 3.56 .396
NEXT .29 4 2.91 .396
AGEN .10 12 3 .396
MRKR .36 1 0.91 .395
TRCH .98 2 4.95 .394
ONCT .45 2 2.28 .394
BHTG .33 1 0.837 .394
RELI .87 4 8.9 .388
DDD .70 12 21.82 .384
DWSN .44 2 2.31 .380
LMFA .35 5 4.58 .380
WIMI .27 4 2.83 .380
SNMP .11 2 0.5783 .380
ZLAB 2.93 7 54.15 .378
CERE 1.78 7 32.39 .378
PEAR 2.37 1 6.42 .369
KMPH 1.03 3 8.35 .369
NNDM .48 3 3.88 .369
CMMB 1.24 2 6.74 .366
ZG 3.19 7 60.8 .364
DYAI .51 3 4.23 .360
ADIL .45 2 2.5 .360
CAN .43 4 4.74 .360
INFI .16 4 1.77 .360
NEPT .07 2 0.388 .360
SOFI .73 7 14.1 .357
KODK .86 2 4.83 .356
LAZR 1.16 5 16.32 .355
AEI .09 2 0.5076 .354
RKDA .49 1 1.39 .352
EVGO .45 8 10.15 .352
HUGE .37 1 1.05 .352
XBIO .06 8 1.36 .352
IMMR .33 6 5.64 .348
VBLT .21 3 1.81 .348
ENZ .54 2 3.13 .344
RSKD 1.24 2 7.24 .342
VOXX 1.16 3 10.12 .342
IPA 1.04 2 6.07 .342
QFIN .77 9 19.82 .342
NVCR 2.63 10 75.66 .340
GRU 1.62 1 4.7609 .340
M .58 17 28.09 .340
VTSI .56 4 6.55 .340
OCX .70 1 2.06 .339
VLDR .76 2 4.48 .338
JFIN .36 2 2.16 .332
SPLK 6.20 6 112.24 .330
OSTK 2.60 7 54.34 .329
ARPO .72 1 2.2 .327
ABSI 1.25 2 7.71 .324
GDEV .87 3 8 .324
HUYA .53 4 6.54 .324
ACY .99 19 56.6 .323
TSLA 2.82 161 1088.12 .322
BBLG 1.14 1 3.53 .322
GSM .27 7 5.79 .322
IMMP .16 7 3.45 .322
VERU .45 4 5.62 .320
FGEN 1.47 3 13.74 .318
W 6.04 9 170.26 .315
ZM 3.91 15 179.85 .315
RAPT 1.77 7 38.5 .315
APOP .84 5 13.17 .315
ALZN .21 3 1.99 .315
TELL .11 9 3.11 .315
AMTX 1.20 3 11.44 .312
IMTX .98 4 12.41 .312
SNES .16 2 1.02 .312
MITO .28 1 0.9 .311
FIGS 1.33 6 26.25 .300
KBSF .46 2 3.05 .300
ME .34 6 6.79 .300
EFOI .29 4 3.84 .300
DOCN 1.90 11 69.37 .297
AMD 1.59 27 144.42 .297
ZIM 1.48 11 54.62 .297
CCXI 3.66 3 37.15 .294
MBOT .98 2 6.66 .294
JRJC .67 3 6.8 .294
CCJ .53 14 24.18 .294
RLMD 1.57 4 21.46 .292
KURA 1.04 4 14.12 .292
TATT .65 3 6.645 .291
KSS 1.41 10 48.35 .290
BNTX 1.93 32 211.43 .288
HHR 1.09 12 45.11 .288
PLUG .92 9 28.15 .288
APT .86 2 5.97 .288
AEHR .20 32 20.35 .288
CLPS .57 1 1.98 .287
CLPS .57 1 1.98 .287
OXBR .30 5 5.25 .285
MTL .05 19 3.16 .285
SBEA 1.45 2 10.16 .284
EXPI 1.38 6 29.23 .282
NLS .84 2 5.94 .282
NTRB .49 4 6.99 .280
AMEH 2.05 9 65.34 .279
OBSV .10 6 2.13 .276
ALTO .29 5 5.19 .275
IONQ .65 7 16.44 .273
MESO .65 2 4.75 .272
FENG .11 2 0.8053 .272
ORGS .70 1 2.6 .269
CARA 1.57 2 11.67 .268
MOGO .24 4 3.58 .268
TASK 1.74 7 45.75 .266
OCUP .51 2 3.83 .266
SHOP 28.96 11 1190.01 .264
SI 4.55 8 136.31 .264
GPN 3.54 11 146.42 .264
IGIC .70 3 7.89 .264
TLRY .47 4 7.11 .264
DLO 1.53 5 29.03 .260
APPS 2.11 7 55.71 .259
GNFT .18 7 4.83 .259
CELC 1.05 3 12.14 .258
LJPC .62 2 4.77 .258
RBLX 1.49 16 88.54 .256
EVGN .43 1 1.68 .255
CIFR .35 3 4.09 .255
FCX .45 25 42.15 .250
AKTX .36 1 1.44 .250
AXLA .26 2 2.07 .250
MDIA .50 3 5.99 .249
LAC .62 13 31.05 .247
IMMX 1.66 1 6.75 .245
MOSY .55 2 4.5 .244
CGC .68 3 8.37 .243
DDS 5.48 11 244.24 .242
DARE .47 1 1.94 .242
ISIG 4.32 1 17.89 .241
SQ 1.68 24 156.33 .240
VIR 1.13 8 37.11 .240
DKNG .99 6 24.65 .240
LOOP .55 5 11.29 .240
RAIL .24 4 4.04 .236
CLF .41 13 22.62 .234
IMV .15 2 1.28 .234
NIU .93 4 15.8 .232
SQBG .73 2 6.24 .232
PUBM 6.66 1 28.94 .230
JD 1.24 12 63.02 .228
PBR .22 12 11.28 .228
BIOC .22 4 3.84 .228
ENSV .20 1 0.8774 .227
MSTR 14.75 8 509.1 .224
DUOL 5.53 4 97.49 .224
NVTS 1.62 2 14.45 .224
EDSA 1.24 1 5.52 .224
GSAT .12 2 1.07 .224
MDNA .05 8 1.75 .224
CHGG 2.17 3 28.99 .222
OVID .38 2 3.41 .222
ABNB 3.59 10 162.25 .220
PDD 2.15 5 48.53 .220
FSTX 1.04 1 4.71 .220
DRN .55 11 27.17 .220
CVV .46 2 4.2 .218
XAIR 1.97 1 9.04 .217
STEM .68 6 18.77 .216
FB .65 108 324.17 .216
EQOS .46 1 2.12 .216
CRDF .45 3 6.23 .216
TOST 3.31 2 30.86 .214
FUBO 1.01 3 14.16 .213
BLU .51 3 7.16 .213
CELH 1.96 7 63.67 .210
AEY .31 1 1.47 .210
FOSL 1.09 2 10.46 .208
ASAN .80 16 60.48 .208
CPIX .24 4 4.53 .208
TENX .21 1 1.01 .207
GENE .13 3 1.87 .207
EDTK .10 2 0.9701 .206
SALM .13 5 3.12 .205
BYND 2.00 6 58.49 .204
TWTR 1.40 6 40.85 .204
BRLT .96 4 18.49 .204
HOL .84 3 12.35 .204
CPE 1.54 7 52.49 .203
GPS .54 7 18.42 .203
STG 1.13 1 5.5786 .202
SCYX .31 4 6.15 .200
RUN 1.04 6 31.42 .198
PRTA 1.04 9 46.82 .198
FBRX .40 1 2.02 .198
ACB .36 3 5.45 .198
AESE .35 1 1.76 .198
DNA 1.58 1 7.98 .197
CHMA .37 2 3.76 .196
ERJ .23 15 16.48 .195
FUV .77 2 7.88 .194
SRNE .85 1 4.4 .193
ICCM .58 1 3 .193
DELL 1.42 8 57.98 .192
BLPH .62 1 3.23 .191
DNUT .39 9 18.17 .189
CPG .12 9 5.67 .189
AMZN 6.99 94 3350.44 .188
NTEC .46 4 9.63 .188
LBPH .92 1 4.9 .187
NBEV .19 1 1.02 .186
BQ .08 2 0.8626 .184
SFIX 1.08 3 17.63 .183
GP .49 3 8.03 .183
MITQ .36 1 1.96 .183
AUTL .30 3 4.9 .183
NEWR 2.93 6 97.39 .180
SEMR 1.11 3 18.21 .180
GIII 1.02 5 27.81 .180
TAL .32 2 3.56 .178
SKT 1.17 3 19.57 .177
SIF 1.16 1 6.56 .176
NXTP .14 1 0.7922 .176
LI .73 7 29.17 .175
CLII .84 3 14.36 .174
RIOT .73 6 24.38 .174
AFMD .29 3 4.97 .174
GTT .41 1 2.36 .173
ACHL .89 1 5.17 .172
BLUW .83 2 9.63 .172
ISEE .62 4 14.31 .172
HIPO .15 3 2.61 .171
DDL 1.22 2 14.26 .170
CALA .11 1 0.6453 .170
FLGT 2.27 6 81.01 .168
JWN .98 4 22.87 .168
SOHU .47 6 16.24 .168
BKYI .19 2 2.24 .168
RIG .09 6 3.18 .168
KULR .06 8 2.75 .168
AZYO 1.08 1 6.46 .167
IS .59 2 7.1 .166
EDIT 1.47 3 26.4 .165
APP 1.39 11 88.61 .165
HNST .41 3 7.4 .165
PRPO .09 3 1.63 .165
DMAC .31 2 3.78 .164
PETZ .17 4 4.06 .164
GTIM .74 1 4.52 .163
U 3.60 6 129.73 .162
DKS 1.01 18 106.66 .162
BWAY .42 3 7.68 .162
IAC 3.19 7 134.44 .161
SSKN .22 1 1.36 .161
BIGC 2.58 2 32.01 .160
IRDM 1.55 4 38.34 .160
LYFT 1.43 5 43.59 .160
ALLO 1.11 2 13.75 .160
ENLV .49 2 6.12 .160
IKT .24 1 1.5 .160
OMER 1.00 1 6.27 .159
TGTX .93 3 17.51 .159
NETE 1.04 2 13.09 .158
YMM .58 2 7.37 .156
LC .31 12 22.95 .156
WTER .09 2 1.14 .156
HOG 1.23 5 39.03 .155
EQ .53 1 3.41 .155
CRON .12 5 3.86 .155
GAME .43 1 2.78 .154
SSNT .34 2 4.405 .154
UWMC .23 4 5.99 .152
DASH 2.11 10 135.91 .150
PRPL .32 6 12.57 .150
VCVC 1.46 1 9.85 .148
CYAD .56 1 3.78 .148
BRTX .58 1 3.97 .146
SCR 1.05 5 35.58 .145
IMAB .96 6 39.2 .144
PTON .78 6 32.23 .144
SONO .70 6 28.9 .144
MAT .55 6 22.27 .144
AAL .32 9 19.02 .144
CLOV .28 2 3.88 .144
DE 4.88 11 371.29 .143
TESS .30 3 6.37 .141
CRM 2.49 14 227.67 .140
JKS 1.23 5 43.56 .140
VIH 1.31 1 9.36 .139
CPSH .51 1 3.66 .139
NGM 1.25 2 18.04 .138
LEGN 1.04 6 44.67 .138
FTCH .67 6 29.08 .138
TISI .17 1 1.23 .138
AEMD .09 3 1.92 .138
GH 1.57 8 88.91 .136
LUV .79 8 44.66 .136
ANIX .38 1 2.78 .136
COTY .19 8 10.6 .136
BVXV .07 4 2.03 .136
TDC 1.17 5 42.61 .135
RGEN 4.41 7 229.33 .133
CMTL 3.13 1 23.53 .133
TWST 1.37 7 71.8 .133
GRVY 1.33 7 69.36 .133
PFE .43 19 55.63 .133
LIVE 1.37 3 30.9204 .132
BKE .89 6 40.39 .132
AA .65 12 57.53 .132
PBLA .25 1 1.88 .132
OCG .16 4 4.72 .132
ADBE 5.88 13 554 .130
OCG .05 13 4.72 .130
SAM 9.40 7 502.22 .126
ASML 5.32 21 779.19 .126
SHEN 1.11 3 26.17 .126
DAL .85 6 40.28 .126
THCB 1.25 1 10 .125
FLWS .75 4 24.14 .124
CRCT .70 4 22.57 .124
GMTX .17 2 2.7 .124
DPST 2.33 3 56.81 .123
KZR .60 3 14.55 .123
BGI .19 3 4.63 .123
FRD 1.28 1 10.45 .122
HJLI 1.27 1 10.38 .122
FENC .27 2 4.41 .122
ROKU 3.14 8 196.71 .120
RL 1.89 8 122.13 .120
AN 1.67 8 111.23 .120
CLDX 1.61 3 39.32 .120
TVTX 1.19 3 29.29 .120
PINS 1.00 4 32.84 .120
CYTK .80 6 39.42 .120
BZUN .80 2 13.21 .120
PATI .50 2 8.29 .120
BCLI .23 2 3.82 .120
IRIX .18 4 5.81 .120
SBBP .12 2 2 .120
ATIF .43 1 3.62 .118
DLTR 1.90 9 140.51 .117
MYNZ 1.78 1 15.21 .117
JRVR 1.10 3 28.15 .117
ARVN .99 9 71.04 .117
AEO .96 3 24.52 .117
MSFT .54 117 316.38 .117
ACI .29 13 29.95 .117
LAW 1.23 3 31.75 .114
HCM .62 6 31.59 .114
AMRS .60 1 5.23 .114
XLNX 1.57 16 201.66 .112
VSCO .90 7 56.1 .112
TTD .56 16 79.64 .112
AAPL .32 112 174.92 .112
MRUS 1.10 3 29.34 .111
ORCL .28 37 86.46 .111
DPZ 5.62 11 520.53 .110
LLY 2.74 11 260.65 .110
ACMR 1.83 5 79.95 .110
INMD 1.31 5 57.75 .110
TTCF .86 2 15.48 .110
VMEO .85 2 15.4 .110
CLNE .67 1 6.07 .110
FFHL .44 2 7.9583 .110
LIVX .17 2 3.07 .110
SBS .07 11 6.52 .110
REGN 7.44 9 595.12 .108
QDEL 2.32 6 126.16 .108
TMX 1.58 3 43.67 .108
FATE 1.44 4 51.86 .108
VALN .71 6 38.57 .108
UAA .56 4 20.71 .108
CHPT .53 4 19.52 .108
MRO .12 18 17.61 .108
MBII .08 1 0.7405 .108
ABCL 1.31 1 12.26 .106
RRGB .96 2 17.86 .106
LAD 6.41 5 292.93 .105
ESTC 1.83 7 116.27 .105
BZ 1.22 3 34.38 .105
NFLX .76 105 567.52 .105
BFLY .72 1 6.82 .105
HMHC .53 3 15.03 .105
GURE .46 1 4.36 .105
CCL .45 5 21.17 .105
CREX .15 1 1.42 .105
INM .14 1 1.33 .105
VSTM .07 3 1.98 .105
MSGE 1.88 4 70.11 .104
COUR 1.32 2 25 .104
APXT 1.27 1 12.11 .104
DOMO 1.26 4 47.5 .104
MAXR .83 4 31.29 .104
ULBI .31 2 5.96 .104
RMBL 1.41 3 41.02 .102
TJX 1.31 6 75.14 .102
SPT 1.25 6 73.4 .102
XM 1.10 3 31.95 .102
GT .37 6 21.71 .102
YEXT .91 1 8.95 .101
GKOS 4.45 1 44.33 .100
SNOW 3.29 10 315.53 .100
CREE 1.64 5 79.12 .100
WMT .85 20 142 .100
SBTX .57 1 5.66 .100
MDB 5.57 9 465.37 .099
PYPL 2.14 9 187.16 .099
DIS 1.86 9 155.19 .099
KMB 1.62 9 144.06 .099
CALT .80 3 24.04 .099
BBY 1.45 7 103 .098
JPM 1.29 14 167.83 .098
KZIA .41 2 8.2764 .098
XPDI .08 14 10.1 .098
KRYS 6.33 1 65.69 .096
BIIB 3.06 8 239.27 .096
XBI 1.75 6 105.23 .096
BTWN .95 1 9.84 .096
ZNGA .15 4 6.12 .096
CAH 1.02 5 52.6 .095
FL .84 5 42.31 .095
MFNC 1.02 2 21.5 .094
GBR .24 1 2.53 .094
EAT 1.21 3 38.34 .093
ROIV .83 1 8.89 .093
VLO 1.86 4 78.51 .092
SKX 1.09 4 46.44 .092
NXE .43 1 4.66 .092
ERF .25 4 10.61 .092
TEDU .09 2 1.94 .092
SSL .08 23 16.52 .092
FANG 1.55 7 118.11 .091
ZS 2.76 10 281.58 .090
FISV 1.64 6 109 .090
WYNN 1.57 5 84.25 .090
CNC 1.49 5 79.79 .090
MOS .76 5 40.5 .090
UBER .71 6 44.42 .090
ARCE .63 3 20.95 .090
VNE .55 6 35.68 .090
KIRK .48 3 15.76 .090
ENPH 1.82 8 157.2 .088
OPNT .73 4 32.23 .088
BJ .71 8 63.64 .088
STRO .65 2 14.57 .088
SPTN .59 4 25.85 .088
K .55 11 65.31 .088
PTGX 1.05 3 36.08 .087
GNOG .78 1 8.91 .087
EOLS .55 1 6.3 .087
SMLP 1.07 2 24.72 .086
BHVN 2.12 5 123.86 .085
PLCE 1.60 4 75.94 .084
APPN 1.29 4 60.88 .084
USB .87 6 58.46 .084
PLTR .77 2 18.17 .084
VIPS .66 1 7.8 .084
CSCO .45 12 60.28 .084
CIEN .33 21 75.38 .084
SPWH .25 4 11.58 .084
BLNK .18 14 27.11 .084
ARMP .49 1 5.9 .083
CHRA .40 1 4.79 .083
ORGO .35 2 8.4 .082
CNFR .10 2 2.39 .082
BCYC 1.49 3 53.76 .081
VMW 1.17 9 120.98 .081
OVV 1.01 3 37.01 .081
MNSO .82 1 10.1 .081
COP .72 9 75.65 .081
CYTH .34 1 4.17 .081
EL 3.61 8 356.11 .080
SEDG 2.57 8 249.81 .080
CAT 1.88 10 219.75 .080
A 1.31 10 148.6 .080
C 1.06 5 62.85 .080
PSTG .50 5 30.78 .080
FRO .03 20 7.45 .080
IWM 2.93 6 224.98 .078
DXC .90 3 33.47 .078
HPQ .53 6 38.87 .078
DUOT .40 1 5.12 .078
EKSO .11 2 2.77 .078
LPTX .04 6 2.95 .078
SITM 2.97 7 249.85 .077
LMT 2.51 11 358.14 .077
SILK .52 7 43.53 .077
EDU .14 1 1.81 .077
MYGN .98 2 25.39 .076
CSIQ .58 4 29.16 .076
KR .22 19 46.81 .076
FFIE .22 2 5.71 .076
LTHM .12 19 26.43 .076
PKG 2.17 5 138.98 .075
PFGC 1.21 3 46.59 .075
QCOM 1.05 15 186.5 .075
SLHG .10 1 1.32 .075
VTGN .03 5 1.97 .075
THTX .22 1 2.96 .074
SIVB 7.01 8 706.15 .072
KMX 2.23 4 119.35 .072
SPG 1.55 8 161.03 .072
CRNC 1.55 4 82.92 .072
CM .99 9 117.67 .072
MDT .94 9 106.01 .072
SLB .41 6 33.26 .072
VXX .35 4 19.29 .072
GBS .11 1 1.52 .072
ET .11 6 8.92 .072
IRCP .04 4 2.18 .072
TBLA .70 1 9.85 .071
SNPS 3.62 7 339.77 .070
WDAY 2.57 7 248.26 .070
CFLT 2.29 2 64.97 .070
TTC 1.42 5 98.89 .070
STX .84 10 116.02 .070
MS .74 10 101.68 .070
BEKE .61 2 17.09 .070
INTC .54 7 53.87 .070
TME .45 1 6.34 .070
VIEW .13 2 3.64 .070
CDEV .10 5 7.12 .070
WOOF .43 3 18.62 .069
MO .84 4 48.64 .068
RSI .55 2 15.77 .068
GGAL .16 4 9.18 .068
XMTR 3.46 1 51.54 .067
WSM 1.97 6 165.88 .066
COIN 1.45 11 234.23 .066
SCHW 1.01 6 89.31 .066
ABT .93 11 135.16 .066
SLV .25 6 21 .066
AHPI .12 3 5.34 .066
UNH 2.55 13 489.69 .065
RACE 1.48 13 269.19 .065
CTRN 1.11 5 83.83 .065
VRNT .69 5 52.64 .065
RNG 11.84 1 184.29 .064
BLDR 1.45 4 85.42 .064
YETI 1.27 4 75.68 .064
SUPN .95 2 29.46 .064
LOGI .74 8 85.15 .064
HWCC .34 1 5.3 .064
MA 3.58 7 375.39 .063
GS 2.93 9 398.63 .063
UAL .99 3 45.78 .063
MRVL .60 9 84.12 .063
WFC .51 7 52.29 .063
KO .46 9 60.79 .063
MRTN .38 3 17.79 .063
MOMO .19 3 8.7 .063
YPF .09 3 4.16 .063
CCMP 11.86 1 189.83 .062
THC 4.91 1 80.65 .060
PWR 2.42 3 116.15 .060
HRI 2.10 5 164.94 .060
CVS 1.62 4 105.81 .060
LOW 1.46 12 254.75 .060
ROST 1.38 5 113.16 .060
ECOM 1.37 1 22.55 .060
GWRE 1.30 5 107.21 .060
CHKP 1.25 6 115.73 .060
DFH 1.18 1 19.55 .060
IBM .88 10 138.22 .060
ATVI .81 5 67.2 .060
JBL .75 6 71.29 .060
SM .68 3 33.02 .060
CROX .67 12 125.57 .060
FLXN .55 1 9.12 .060
RDUS .38 1 6.26 .060
FLO .28 6 27.88 .060
PPBT .26 1 4.3 .060
SWN .07 4 4.46 .060
RRD .06 12 11.18 .060
LL 1.01 1 16.87 .059
OEG .14 1 2.36 .059
CAR 6.00 2 202.53 .058
KYMR 1.69 2 58.26 .058
HITI .25 1 4.31 .058
BIG .91 3 47.74 .057
SBH .38 3 19.54 .057
INTU 4.61 8 618.32 .056
COST 2.35 14 564.23 .056
ROLL 1.78 7 209.36 .056
TRI 1.63 4 116.08 .056
AMAT 1.16 8 158.36 .056
TGT 1.08 14 228.86 .056
TMUS .89 8 115.36 .056
RKT .41 2 14.18 .056
KEYS 2.15 5 192.16 .055
V 1.18 11 220 .055
TSN 1.03 5 89.72 .055
SWI .79 1 14.16 .055
GM .73 5 62.74 .055
AGNC .17 5 15.16 .055
ITRO .07 1 1.27 .055
LII 2.97 6 308.76 .054
AMGN 2.19 6 225.14 .054
DG 2.15 6 233.8 .054
TTWO 1.56 6 171.85 .054
TSCO 1.52 9 229.75 .054
HAS .94 6 103.92 .054
CRMT .72 9 103.31 .054
AMKR .70 2 25.84 .054
BAC .47 6 47.18 .054
KHC .35 6 36.76 .054
FA .96 1 18.1 .053
SANA .82 1 15.4 .053
VGR .61 1 11.3 .053
XERS .14 1 2.61 .053
OLLI 1.29 2 49.54 .052
NFE 1.27 1 24.31 .052
CUE .62 1 11.81 .052
PDCO .41 4 29.7 .052
FITB .82 3 46.57 .051
EQT .39 3 22.41 .051
EA 1.35 5 133.8 .050
TAP 1.23 2 48.9 .050
OTIS .91 5 83.83 .050
TNA .83 5 78.68 .050
XONE .67 2 26.7 .050
ACH .67 1 13.25 .050
XOM .38 10 66.75 .050
ITCI 2.20 1 44.68 .049
ADSK 2.04 7 264.32 .049
SNDL .03 1 0.612 .049
CI 2.12 6 236.52 .048
COF 1.87 4 148.26 .048
DAVA 1.77 4 142.98 .048
PAYX 1.68 4 131.69 .048
BURL 1.68 8 274.32 .048
TSC 1.55 1 32.04 .048
JNJ 1.48 6 172.22 .048
HON 1.40 8 209 .048
NXPI 1.35 8 224.57 .048
LPX 1.24 3 75.03 .048
NTAP 1.16 4 94.2 .048
GE .86 6 99.37 .048
GDYN .81 2 33.72 .048
ALC .53 8 86.22 .048
MRK .37 12 78.88 .048
ON .35 12 70.95 .048
AZN .21 16 57.27 .048
BLFS 1.55 1 32.79 .047
APG .62 2 26.34 .046
PANW 23.18 1 504.86 .045
STE 2.26 5 238.91 .045
LH 1.59 9 286.57 .045
STT 1.48 3 97.15 .045
WGO 1.15 3 73.85 .045
OKE .92 3 60.64 .045
SJM .56 15 141.01 .045
ANF .52 3 33.19 .045
ATHM .49 3 31.4 .045
EPU .48 3 30.6 .045
TTM .10 15 31.95 .045
PKI 2.16 4 181.06 .044
MU .43 11 94.4 .044
ARMK .42 4 37.35 .044
NPTN .67 1 15.26 .043
CTKB .66 1 15.32 .043
LSI 3.13 2 146.13 .042
EVA 1.62 2 73.78 .042
MMM 1.20 7 179.49 .042
NEE .65 6 90.68 .042
TBIO .53 3 37.36 .042
DVAX .53 1 12.61 .042
BBWI .53 6 66.6 .042
GRUB .15 3 10.13 .042
MFGP .04 7 5.73 .042
PCTY 8.94 1 222.45 .040
SNA 1.89 5 219.13 .040
ADI 1.48 5 175.55 .040
AKAM 1.27 4 115.48 .040
MNST 1.05 4 96.05 .040
HD .95 20 412.84 .040
XLK .83 10 173.66 .040
LEN .65 8 112.54 .040
RY .56 8 108.34 .040
DUK .42 10 103.64 .040
LICY .37 1 9.12 .040
XLE .28 10 59.19 .040
T .22 5 26.21 .040
KDMN .10 4 9.5 .040
GLD .66 13 169.06 .039
GIS .23 13 68.8 .039
EGRX 1.01 2 50.69 .038
LESL .44 2 22.19 .038
GPK .38 2 19.85 .038
FCBP 1.08 1 29.1 .037
ANTM 2.99 6 458.22 .036
LIN 1.72 9 344.81 .036
AAP 1.46 6 237.05 .036
J 1.33 4 142.55 .036
UHS 1.30 4 133.8 .036
LITE 1.30 3 105.02 .036
AXP 1.07 6 171.76 .036
UPS .93 9 217.29 .036
KNL .92 1 25.04 .036
ABBV .83 6 135.87 .036
DD .80 4 81.79 .036
DEN .72 4 78.35 .036
PG .61 12 164.21 .036
HRL .23 9 49.01 .036
NOK .04 6 6.14 .036
BEST .01 3 0.8222 .036
XLY 1.05 7 203.39 .035
SRNG .41 1 11.42 .035
BP .16 7 28.37 .035
IRTC 3.69 1 106.01 .034
LZB .64 2 36.34 .034
ALAC .21 2 11.71 .034
RMD 8.09 1 244.74 .033
WOLF 3.86 1 114.46 .033
WM .61 11 161.84 .033
BRG .30 3 26.6 .033
RF .28 3 23.68 .033
BKNG 10.17 8 2464.93 .032
HCA 2.20 4 258.97 .032
RCUS 1.22 1 38.91 .031
CLSK .30 1 9.6 .031
OXY .06 31 31.81 .031
ENIC .06 1 1.9 .031
BLK 6.24 5 891.77 .030
CLX 1.20 5 177.43 .030
NKE .63 10 162.25 .030
OLN .56 3 52.69 .030
CORT .32 2 20.46 .030
TEO .08 2 5.05 .030
SMH 4.39 2 303.19 .028
GOOG 3.73 28 2753.07 .028
FLOW .63 4 86.36 .028
MPC .54 4 68.24 .028
MT .48 2 33.03 .028
HOLI .43 1 15.3 .028
FOE .32 2 21.76 .028
RTX .88 3 89.57 .027
XLF .40 3 40.1 .027
CL .32 9 85.22 .027
RVI .06 3 6.31 .027
RCAT .02 3 2.13 .027
ATKR 1.43 2 108.47 .026
VZ .73 2 54.02 .026
HNP .33 2 24.61 .026
ACHV .11 2 8.19 .026
NUE 3.02 1 117.07 .025
PCVX .65 1 25.38 .025
TRIL .47 1 18.44 .025
AZO 5.11 12 2080.25 .024
ALXN 1.24 4 182.5 .024
MCD .98 8 267.19 .024
AZPN .96 4 153.1 .024
CRTO .90 1 36.1 .024
VSH .18 3 21.86 .024
GSKY .15 2 12.14 .024
UNIT .11 3 13.16 .024
VRTX 5.31 1 221.42 .023
B 1.08 1 48.28 .022
D .22 11 79.21 .022
SPB 2.21 1 103.45 .021
PEP .66 7 173.23 .021
STN .44 3 55.24 .021
IRBO .83 1 40.98 .020
PLD .67 5 161 .020
AMOM .66 1 33.6021 .019
UHAL 1.98 9 725.62 .018
CNA .83 1 45.12 .018
PSTX .12 1 6.52 .018
VCLO .25 1 14.1273 .017
SPY 2.27 4 468.38 .016
STMP 1.59 4 329.61 .016
LANC 1.43 2 166.31 .016
STZ 1.17 4 253.36 .016
AIT .91 2 101.85 .016
UTHR .86 4 192.89 .016
TSM .66 4 133.4 .016
IYC .39 4 82.88 .016
CSPR .11 1 6.72 .016
NUAN .33 3 55.24 .015
INCY .27 5 70.45 .015
SELF .09 1 5.67 .015
AXON 2.25 1 151.51 .014
TNET 1.38 1 97.41 .014
XLP .15 14 77.62 .014
CHNG .15 2 20.85 .014
ADMS .06 2 8.22 .014
CAI .78 1 56 .013
FRBK .05 1 3.79 .013
HRC .42 6 155.96 .012
EPAY .28 3 56.4 .012
MGTX .27 1 21.62 .012
PPC .17 2 27.77 .012
HDGE .12 3 24.89 .012
SAFM .97 2 189.98 .010
PNRG .79 1 71.99 .010
ECHO .49 1 48.24 .010
HALO .39 1 38.25 .010
INOV .22 2 41.06 .010
VRS .15 2 26.94 .010
ESXB .06 2 11.3 .010
ANET 1.23 1 133.15 .009
GTS .33 1 35.71 .009
XLV .27 9 137.6 .009
IEC .14 1 15.34 .009
SVBI .13 1 13.63 .009
RTLR .02 9 11.91 .009
TDG 1.87 4 647.84 .008
HFBL .16 1 19.76 .008
LMRK .07 2 16.49 .008
ROG 1.67 1 273.2 .006
VOOV .54 2 152.64 .006
CONE .24 3 89.52 .006
SYKE .14 3 54 .006
FAST .11 6 61.54 .006
ITRN .07 3 26.5 .006
PSP .04 3 15.14 .006
PBT .04 2 10.67 .006
JQUA .26 1 45.28 .005
CXM .09 1 15.67 .005
CLDR .08 1 15.99 .005
TAAG .09 1 20.9494 .004
CPLG .07 1 15.67 .004
KIN .02 2 9.25 .004
RAVN .10 3 58.08 .003
IACB .01 3 7.95 .003
VG .06 1 20.77 .002
CXP .04 1 19.28 .002
SIC .03 1 14.49 .002
NWHM .02 1 8.99 .002
EIC .02 2 17.15 .002
DSE .02 1 9.49 .002
ULTA .62 1 401.49 .001
VCAR .03 1 15.59 .001
PMD .01 1 7.53 .001
ULTA .05 12 401.49 0
INFL .01 2 30.65 0
DFP .01 3 27.69 0
WMPN 0 4 12.41 0
SLVO 0 5 5.01 0
QQC 0 2 33.45 0
QADB 0 4 87.54 0
PAE 0 1 9.94 0
ONON 0 1 51.42 0
NLSP 0 1 1.52 0
LHAA 0 1 9.85 0
HWBK 0 1 25.89 0
DVD 0 1 3.61 0
APWC 0 1 2.99 0
NSYS -.12 1 10.5 -.011
