NVAX 14.88 8 248.16 .472
BKNG 10.17 8 2491.35 .032
SAM 9.40 7 514.59 .126
REGN 8.57 8 638.9 .104
AMZN 8.07 92 3425.52 .184
SE 7.69 10 340.41 .220
DPZ 7.66 9 489.84 .135
W 7.31 7 274.59 .182
BNTX 7.14 9 333.48 .189
AZO 6.83 8 1694.83 .032
MDB 5.88 8 508.04 .088
ROKU 5.65 4 321.89 .068
EEIQ 5.44 4 9 2.416
KOSS 5.35 7 16.88 2.212
RGEN 5.32 5 323.26 .080
AFRM 5.30 7 123.73 .294
IAC 5.23 4 140.37 .148
EJH 5.21 6 2.78 11.244
ASML 5.17 8 868.82 .040
SEDG 5.15 4 275.36 .072
SPLK 5.11 4 151.12 .132
BLK 5.03 4 874.62 .020
COST 4.91 4 467.75 .040
DE 4.88 8 349.25 .104
ENPH 4.87 4 153.66 .124
UPST 4.78 12 327.88 .168
MA 4.60 4 358.16 .048
ZM 4.42 13 272.36 .208
EBET 4.40 5 28.63 .765
GOOG 4.33 27 2852.66 .027
GLSI 4.33 4 41.4 .416
LLY 4.31 4 231.68 .072
WDAY 4.30 4 268.43 .064
BIIB 4.30 4 291.71 .056
GPN 4.22 8 161.64 .208
ZG 4.16 4 91.07 .180
TSLA 4.08 144 774.39 .720
INDP 4.08 4 8.82 1.848
SNOW 4.03 6 316.47 .072
IRNT 4.02 4 25.76 .624
DOCS 3.99 4 86.09 .184
GRTS 3.97 4 11.35 1.396
ZS 3.95 4 279.99 .056
LOW 3.95 4 207.87 .076
CARV 3.92 6 14.83 1.584
CAT 3.91 4 196.82 .076
SIVB 3.90 4 649.96 .024
NRXP 3.86 6 9.42 2.454
ZLAB 3.76 5 119.86 .155
ANVS 3.73 6 34.49 .648
ROLL 3.67 5 211.21 .085
PDD 3.58 4 94.55 .148
ADBE 3.54 5 622.71 .025
LIN 3.48 4 310.26 .044
AMGN 3.47 4 213.61 .064
ADGI 3.43 6 43.72 .468
RAPT 3.42 4 34.37 .396
AUVI 3.42 6 6.49 3.156
SITM 3.41 5 234.49 .070
RBLX 3.40 4 83.22 .160
SNPS 3.38 4 321.94 .040
ADSK 3.38 5 294.67 .055
SCPS 3.34 7 4.24 5.509
CELH 3.33 4 98.65 .132
DQ 3.27 6 53.82 .360
UNH 3.25 9 407.08 .063
SAVA 3.25 24 61.94 1.248
JAN 3.24 5 6.99 2.315
CPOP 3.24 4 2.88 4.500
TSCO 3.14 4 210.72 .056
FLGT 3.14 4 85.24 .144
LAD 3.10 4 345.2 .032
GS 3.08 7 390.85 .049
NEGG 3.07 20 14.77 4.140
XLNX 3.06 4 157.24 .076
TASK 3.03 4 72.54 .164
DKS 3.03 6 131.37 .138
NVCR 2.99 8 127.3 .184
GME 2.99 82 185.16 1.312
LH 2.92 4 296.37 .036
FULC 2.86 5 27.45 .520
ADI 2.86 4 178.53 .064
DASH 2.82 7 220.52 .084
TPST 2.81 4 14.55 .772
ABNB 2.80 5 175.88 .075
WSM 2.77 4 191.24 .056
STX 2.76 3 86.08 .096
TTWO 2.75 2 147.36 .036
NVOS 2.75 3 1.9245 4.284
ABT 2.75 2 124.37 .044
PFGC 2.74 1 47.46 .057
MNST 2.74 1 92.74 .029
COF 2.73 2 166.17 .032
CI 2.73 4 203.89 .052
TNA 2.70 2 88.15 .060
NXPI 2.70 3 216.67 .036
MRNA 2.70 25 430.14 .150
AKAM 2.70 1 110.13 .024
KNBE 2.69 4 23.98 .448
EL 2.69 5 320.65 .040
VMW 2.68 4 145.56 .072
HAS 2.68 2 94.43 .056
DLPN 2.68 4 11.54 .928
COHN 2.68 4 20.7 .516
AACG 2.67 4 2.4 4.448
BURL 2.66 3 304.86 .024
XBI 2.65 4 130.37 .080
DOCN 2.65 2 82.54 .064
PEP 2.63 1 154.2 .017
NCTY 2.63 5 10.17 1.290
UTHR 2.62 2 195.1 .026
DTST 2.61 1 4.58 .569
PRTA 2.60 5 75.32 .170
NEWR 2.60 2 76.23 .068
SIEB 2.59 3 3.39 2.292
RMBL 2.58 1 35.9 .071
AN 2.58 4 123.82 .080
SPT 2.57 2 144.12 .034
TTD 2.55 5 76.46 .165
IWM 2.55 3 223.05 .033
MCD 2.54 3 246.42 .030
KALV 2.54 5 18.55 .680
DEN 2.54 1 74.12 .034
LPX 2.53 1 61.56 .041
FL 2.53 1 48.23 .052
DDL 2.53 1 23.15 .109
NTAP 2.52 2 93.64 .052
JBL 2.52 1 62.21 .040
ALEC 2.50 5 23.6 .525
LEXX 2.49 1 6.86 .362
ALXN 2.49 2 182.5 .026
LOGI 2.48 2 99.35 .048
BBY 2.48 4 104.74 .092
AAME 2.47 4 3.98 2.480
CRNC 2.46 2 103.4 .046
APPS 2.45 2 73.86 .066
TWST 2.44 5 112.11 .105
KMB 2.44 3 132.99 .054
FANG 2.44 2 88.72 .054
LII 2.41 4 308.63 .028
GDEV 2.41 1 6.73 .358
AVXL 2.41 5 18.74 .640
DOMO 2.40 3 84.56 .084
HON 2.39 4 219.19 .040
CM 2.39 2 115.25 .040
RL 2.38 4 116.47 .080
PLD 2.38 2 127.9 .036
GIII 2.35 2 29.93 .156
UPS 2.33 5 188.02 .060
SKX 2.32 1 44.41 .052
AGRI 2.32 1 2.4535 .945
UHS 2.31 3 144.76 .045
J 2.31 2 136 .032
PRFX 2.29 1 3.05 .750
CREE 2.28 4 84.76 .104
ATKR 2.27 1 97.1 .023
BYND 2.26 3 109.69 .060
SQ 2.23 21 262.5 .168
RTX 2.23 1 87.16 .025
DLTR 2.23 2 84.54 .052
BHVN 2.23 3 133.38 .048
TJX 2.22 3 71.1 .093
STT 2.22 2 85.74 .050
DDS 2.22 7 207.89 .070
CHGG 2.22 1 72.85 .030
NNOX 2.21 4 24.26 .364
IMNM 2.21 2 27.76 .158
AMD 2.21 7 105.8 .140
OSTK 2.20 6 81.41 .162
VIR 2.19 2 43.82 .098
V 2.19 4 231.59 .036
DXC 2.19 1 34.93 .062
LAW 2.18 2 48 .090
INTU 2.18 4 577.92 .012
TSN 2.17 2 76.22 .056
MDT 2.17 4 130.02 .064
LWAC 2.17 4 16.98 .508
SPG 2.16 2 133.85 .032
PKG 2.16 4 141.87 .060
WAVE 2.15 4 7.82 1.096
SMLP 2.15 1 36.45 .058
STMP 2.14 3 329.39 .018
EXPI 2.14 3 49.73 .129
ANTM 2.14 4 381.33 .020
SNA 2.13 3 214.59 .027
INCY 2.13 1 69 .030
IGIC 2.12 1 8.5 .249
ACRS 2.12 7 18.07 .819
TGT 2.11 8 241.44 .064
FIGS 2.11 3 38.33 .165
WM 2.10 2 154.19 .026
CERE 2.10 5 30.9 .335
STE 2.09 3 220.21 .027
SCR 2.08 3 34.96 .177
DELL 2.08 5 103.88 .100
ZIM 2.07 2 56.7 .072
BON 2.06 1 8.9 .231
IMPL 2.05 4 13.03 .628
ASAN 2.05 3 120.02 .051
MFNC 2.04 1 21.5 .094
COIN 2.04 4 231.82 .032
VLO 2.03 2 67.63 .060
JD 2.03 3 73.98 .081
PTON 2.02 2 92.64 .042
APRE 2.02 1 4.54 .444
TMUS 2.01 3 129.43 .045
MRIN 2.01 5 10.21 .980
IBM 2.00 4 137.49 .056
AXP 2.00 3 175.72 .033
TDC 1.99 2 55.4 .070
UHAL 1.98 9 652.51 .027
GH 1.98 5 128.4 .075
DD 1.98 1 68.25 .029
VTSI 1.97 1 10.3 .191
KSS 1.96 6 55.12 .210
JG 1.96 2 1.78 2.202
DPW 1.96 4 2.25 3.484
BNR 1.96 2 18.74 .208
VSCO 1.95 3 60.25 .096
LMT 1.95 9 349.52 .045
WAFU 1.94 3 6.2 .936
VRNT 1.94 2 45.82 .084
STZ 1.94 3 212.62 .027
LI 1.94 2 26.11 .148
RRGB 1.93 1 24.24 .079
OCGN 1.93 4 7.53 1.024
LEGN 1.93 3 47.2 .120
AAP 1.93 3 215.66 .024
GWRE 1.92 3 120.68 .045
BTBT 1.92 7 9.46 1.414
NEE 1.91 1 80.7 .023
MVIS 1.91 3 12.28 .465
DLO 1.91 4 66.51 .112
DG 1.89 3 217.71 .024
SI 1.88 3 103.73 .054
MSGE 1.88 4 79.51 .092
IRDM 1.88 3 43.08 .129
FTCH 1.88 1 41.2 .045
TDG 1.87 4 644.42 .008
LEDS 1.87 2 8.5 .440
ARVN 1.87 5 88.61 .105
GRVY 1.86 5 93.24 .095
BKE 1.86 2 42.83 .086
VERY 1.85 3 8.3 .666
HOOD 1.85 12 44.91 .492
QDEL 1.84 3 146.94 .036
ON 1.84 1 49.29 .037
DUK 1.84 1 98.46 .018
DKNG 1.84 2 51.33 .070
AIT 1.83 1 88.45 .020
OSAT 1.82 2 5.24 .694
OKE 1.82 1 57.47 .031
OTIS 1.81 2 84.86 .042
EAT 1.81 2 51.63 .070
TVTX 1.79 2 24.63 .144
DIS 1.79 6 176 .060
CTRN 1.79 3 79.25 .066
ANF 1.79 1 39.99 .044
UBER 1.78 2 46.63 .076
BIDU 1.78 117 156.57 1.287
ARCE 1.78 1 22.92 .077
VRPX 1.77 9 4.7 3.384
MOXC 1.77 3 6.87 .771
BLDR 1.77 1 54.16 .032
SKT 1.76 2 17.05 .206
FATE 1.76 2 64.85 .054
CRMT 1.76 6 121.03 .084
TTC 1.75 3 98.4 .051
TSP 1.75 5 38.34 .225
VOXX 1.74 2 11.8 .294
AMAT 1.73 5 141.92 .060
YETI 1.72 3 95.97 .051
LAIX 1.72 4 0.8701 7.904
KODK 1.72 1 7.04 .244
HRI 1.71 3 159.98 .030
HD 1.71 9 337.49 .045
VMEO 1.70 1 33 .051
ROST 1.70 3 115.99 .042
LYFT 1.70 3 55.86 .090
KMPH 1.70 2 9.1 .372
ENOB 1.70 3 7.36 .690
LYEL 1.69 2 12.28 .274
LIFE 1.69 2 10.25 .328
SHEN 1.68 2 30.02 .110
MYGN 1.67 1 33.31 .050
EA 1.67 2 129.9 .024
TWTR 1.66 2 67.22 .048
NMRD 1.66 4 6.1 1.088
MPC 1.66 1 61.89 .026
KURA 1.66 2 20.25 .162
SYPR 1.65 2 3.63 .908
SJ 1.65 3 3.87 1.278
FLOW 1.65 3 77.18 .063
ESTC 1.65 4 166.34 .036
OPAD 1.64 3 10.41 .471
KMX 1.64 1 144.42 .011
CAH 1.64 3 51.19 .096
LODE 1.63 1 2.84 .573
KYMR 1.63 1 62.5 .026
JZXN 1.63 4 2.48 2.628
MOS 1.62 1 35.86 .045
IYC 1.62 1 79.65 .020
CRCT 1.61 1 34.01 .047
USB 1.60 3 59.79 .078
SPI 1.60 2 5.36 .596
RMED 1.60 3 3.04 1.578
MBRX 1.60 1 2.96 .540
WHLM 1.59 3 5.55 .858
CSIQ 1.59 2 33.72 .094
CLDX 1.59 2 55.21 .056
BZ 1.59 1 37.01 .042
A 1.59 5 172.4 .045
LHDX 1.58 4 7.59 .832
FISV 1.58 5 109.74 .070
CELC 1.58 2 18.02 .174
RLMD 1.57 4 29.1 .212
RIOT 1.57 2 27.93 .112
LOOP 1.57 2 11.96 .262
GTEC 1.57 2 6.44 .486
CNC 1.57 1 62.82 .024
CARA 1.57 2 15.93 .196
PAYX 1.56 1 109.98 .014
BLFS 1.55 1 46.94 .033
FUV 1.54 1 11.65 .132
CHCI 1.54 3 4.97 .927
TERN 1.53 4 10.99 .556
IMAB 1.53 4 68 .088
GIS 1.53 1 60.54 .025
UAL 1.50 1 48.79 .030
SUPN 1.50 1 27.81 .053
AMEH 1.50 5 95.62 .075
ZEV 1.49 3 8.9 .501
SGOC 1.48 8 5.97 1.976
SEMR 1.48 2 27.55 .106
JRVR 1.48 2 33.88 .086
JNJ 1.48 2 164.36 .018
ISEE 1.48 2 16.37 .180
CHKP 1.48 5 117.47 .060
FGEN 1.47 3 10.8 .408
EDIT 1.47 3 58.71 .075
VCVC 1.46 1 9.85 .148
SFIX 1.46 2 43.73 .066
LITE 1.46 2 86.58 .032
LGHL 1.46 1 1.23 1.186
HTBX 1.46 2 6.12 .476
SLS 1.45 2 10.02 .288
PINS 1.45 3 54.2 .078
MS 1.45 5 102.91 .070
EYEG 1.45 1 1.91 .759
EVOL 1.45 1 2.075 .698
BPTH 1.44 1 5.3 .271
SNOA 1.43 3 5.345 .801
SCKT 1.43 3 6.66 .642
LANC 1.43 2 168.48 .016
GM 1.42 1 52.23 .027
CYTK 1.42 3 33.13 .126
ATVI 1.42 3 75.26 .054
SCHW 1.41 2 75.59 .036
CROX 1.41 3 156.3 .027
AVIR 1.41 1 32.14 .043
MMM 1.40 6 181.04 .042
LAZR 1.40 3 16.83 .249
JCS 1.40 3 9.73 .429
CVS 1.40 3 84.71 .048
CRDF 1.40 1 7.36 .190
WGO 1.39 2 66.86 .040
OPNT 1.39 3 25.2 .165
NVDA 1.39 139 220.81 .834
ERYP 1.39 2 5.88 .472
EOSE 1.39 2 13.43 .206
COUR 1.39 1 34.4 .040
TNET 1.38 1 96.37 .014
PG 1.37 5 143.55 .045
LIVE 1.37 3 39.15 .102
ECOM 1.37 1 26.27 .052
ACMR 1.37 4 99.3 .052
AA 1.37 3 48.49 .084
TSM 1.36 2 115.64 .022
TAOP 1.35 3 2.65 1.527
RUN 1.35 4 43.02 .124
BWAY 1.35 1 8.94 .151
WNW 1.34 1 4.22 .317
QADB 1.34 3 87.07 .045
FLWS 1.34 3 33.94 .117
PKI 1.33 3 182.88 .021
NLS 1.33 1 9.73 .136
SLV 1.32 1 20.71 .063
HOG 1.32 2 37.95 .068
AEO 1.32 2 28 .094
VIH 1.31 1 10.13 .129
SPY 1.31 1 443.91 .002
NURO 1.31 9 11.575 1.017
ABCL 1.31 1 21.15 .061
SPCE 1.29 22 25.04 1.122
OLLI 1.29 2 63.16 .040
APPN 1.29 4 107.1 .048
MAT 1.28 2 19.81 .128
FRD 1.28 1 11.77 .108
BILI 1.28 22 70.73 .396
RHE 1.27 2 8.68 .292
HJLI 1.27 1 9.95 .127
HCA 1.27 3 256.33 .012
APXT 1.27 1 12.11 .104
SLGG 1.26 1 3.24 .388
MESO 1.26 1 6.2 .203
JKS 1.26 2 42.34 .058
HOL 1.26 2 12.35 .204
HHR 1.26 1 50.69 .024
CLII 1.26 2 14.36 .174
THCB 1.25 1 10 .125
NGM 1.25 2 22.26 .112
BYSI 1.25 3 15.43 .243
PBTS 1.24 1 1.29 .961
EDSA 1.24 1 8.15 .152
CMMB 1.24 2 12.04 .204
BNTC 1.24 3 3.87 .960
ANPC 1.24 2 3.42 .724
TAP 1.23 2 46.51 .052
C 1.23 4 71.18 .068
AMC 1.23 55 40.01 1.650
RCUS 1.22 1 35.97 .033
EYES 1.22 6 3.37 2.172
BBBY 1.22 12 22.95 .636
KIRK 1.21 1 19.34 .062
HGEN 1.21 3 6.36 .570
ARAV 1.21 1 4.02 .300
MAXR 1.20 3 29.43 .120
JPM 1.20 12 163.04 .084
CRIS 1.20 2 8 .300
CETX 1.20 1 1.19 1.008
AMTX 1.20 3 14.7 .243
JWN 1.19 3 29.41 .120
QCOM 1.18 7 133.88 .056
GRU 1.18 1 4.3 .274
GRTX 1.18 1 7.92 .148
DFH 1.18 1 18.23 .064
AYRO 1.18 1 3.6 .327
NIU 1.17 3 24.19 .144
CLSK 1.17 1 11.4 .102
SIF 1.16 1 9.755 .118
HGSH 1.16 2 1.46 1.588
CLX 1.16 3 164.56 .021
IMTX 1.15 3 13.15 .261
DAL 1.14 4 43.53 .104
VNET 1.13 3 17.67 .189
STG 1.13 1 5.83 .193
NUAN 1.13 1 55.22 .020
BTX 1.13 2 9.48 .238
ABSI 1.13 1 11.31 .099
RY 1.12 2 101.07 .022
MNOV 1.12 2 3.9 .574
BZUN 1.12 1 17.68 .063
TGTX 1.11 1 32.16 .034
PMCB 1.11 3 3.3 1.008
KHC 1.11 1 36.39 .030
CNET 1.11 1 1.31 .847
OPTT 1.10 1 2.13 .516
XTLB 1.09 2 4.2931 .506
GT 1.09 1 17.97 .060
DDD 1.09 8 29.15 .296
ATAI 1.09 1 16 .068
ALDX 1.09 2 8.5 .256
SLB 1.08 1 29.01 .037
RSLS 1.08 1 2.87 .376
MTSL 1.08 3 3.37 .960
FCBP 1.08 1 29.1 .037
BAC 1.08 3 42.14 .075
B 1.08 1 42.46 .025
AZYO 1.08 1 7.68 .140
ALF 1.08 2 6.86 .314
ACY 1.08 17 60 .306
TTCF 1.07 1 19.01 .056
APP 1.06 5 79.47 .065
NETE 1.05 1 9.03 .116
OCUP 1.04 1 5.33 .195
KEYS 1.04 2 178.38 .010
IPA 1.04 2 6.58 .316
FSTX 1.04 1 7.72 .134
CANF 1.04 1 1.677 .620
ALLO 1.04 1 25.66 .040
MTTR 1.03 2 22.27 .092
FTEK 1.03 2 1.74 1.182
COP 1.03 5 65.02 .075
AMKR 1.03 1 27.04 .038
ALYA 1.03 3 2.63 1.173
NKE 1.02 7 149.59 .042
FAST 1.02 1 54.1 .018
CRM 1.02 10 285.63 .030
ZCMD 1.01 1 1.62 .623
RSI 1.01 1 19.65 .051
RCON 1.01 1 2.71 .372
MVST 1.01 4 9.93 .404
LL 1.01 1 18.79 .053
EGRX 1.01 2 54.11 .036
TRCH .98 2 4.95 .394
NFLX .98 101 592.39 .101
HOFV .98 2 3.02 .648
UAA .97 2 21.5 .090
SKLZ .97 3 11.37 .255
FA .96 1 20.5 .046
DWSN .96 1 2.36 .406
BTWN .95 1 9.82 .096
MSTR .94 8 599.39 .008
CGC .94 1 13.91 .067
MO .93 2 48.46 .038
HCM .93 4 36.56 .100
CHPT .93 1 19.91 .046
ABBV .93 4 107.07 .032
RACE .92 3 217.46 .012
PLCE .92 3 83.18 .033
LBPH .92 1 9.14 .100
KNL .92 1 25.04 .036
YEXT .91 1 12.61 .072
WFC .91 4 47.92 .072
SSY .91 3 2.47 1.104
GEG .90 1 2.39 .376
CRTO .90 1 35.37 .025
ATNF .90 3 5.54 .486
YMM .89 1 16.14 .055
PLUG .89 8 26.97 .256
ACHL .89 1 6.95 .128
HPQ .88 3 27.89 .093
BABA .88 96 145.08 .576
FB .87 102 352.96 .204
DTSS .87 1 2.11 .412
BCRX .87 6 14.92 .348
AFMD .87 1 6.26 .138
VLDR .86 1 6.23 .138
RF .86 1 20.65 .041
ATHM .86 2 41.1 .040
SRNE .85 1 7.83 .108
SAFM .85 1 188.54 .004
RIDE .85 5 7.57 .560
RKT .84 1 16.98 .049
PTIX .84 2 2.07 .810
HRC .84 3 150 .015
CCJ .84 3 20.07 .123
BB .84 11 10.38 .880
APOP .84 5 18.96 .220
UAVS .83 1 3.11 .266
LUV .83 3 52.85 .045
IRBO .83 1 44.2 .018
CNA .83 1 41.69 .019
BLUW .83 2 9.63 .172
SANA .82 1 21.65 .037
MNSO .82 1 13.42 .061
FITB .82 3 41.51 .057
SPRT .81 20 11.8 1.360
PYPL .80 5 278.11 .010
GMBL .80 1 7.45 .107
SWI .79 1 17.03 .046
SCYX .79 1 5.58 .141
PNRG .79 1 54.36 .014
MU .79 4 74.05 .040
BP .79 1 26.24 .030
ZY .78 3 13.4 .174
VVOS .78 4 4.45 .700
OTLK .78 1 2.3 .339
IPHA .78 4 6.7 .464
HX .78 1 1.85 .421
GNOG .78 1 18.44 .042
CAI .78 1 55.86 .013
WATT .77 1 2.15 .358
SJM .77 7 119.11 .042
PLTR .77 2 28.56 .052
ENTX .77 2 4.81 .320
QFIN .76 8 21.11 .288
NBRV .76 1 1.18 .644
MOSY .76 1 5.24 .145
APG .76 1 20.8 .036
NNVC .75 2 5.08 .294
CEMI .75 7 2.59 2.023
PSTG .74 2 27.11 .054
MQ .74 1 26.88 .027
GTIM .74 1 5.35 .138
GRVI .74 3 5.1 .435
FUBO .74 2 25.42 .058
ATXI .74 1 1.56 .474
VZ .73 2 54.37 .026
VOOV .73 1 144.48 .005
UPC .73 3 2.34 .933
SQBG .73 2 6.24 .232
RNXT .73 2 7.015 .208
ORPH .73 3 4.4 .495
NVFY .73 3 2.21 .990
LEN .73 4 99.96 .028
MRK .72 2 73.61 .018
ENSC .72 1 4.49 .160
BTCM .72 4 9.21 .312
ARPO .72 1 2.2 .327
AREC .72 4 1.91 1.504
ZKIN .71 2 2.96 .478
XLV .71 2 131.98 .010
PALI .71 3 2.42 .879
GLD .71 6 163.3 .024
TBLA .70 1 9.85 .071
PRPL .70 3 22.53 .093
ORGS .70 1 4.95 .141
OCX .70 1 3.7 .189
JRJC .70 1 5.04 .138
CBAT .70 2 2.55 .548
BGFV .70 6 25.93 .156
WIMI .69 1 4.05 .170
BEKE .69 1 16.53 .041
ASM .69 1 0.8346 .826
ONCS .68 1 2.26 .300
INTC .68 5 54.22 .060
XONE .67 2 23.62 .056
WMT .67 14 143.17 .056
SHOP .67 5 1444 0
PDCO .67 2 30.43 .044
FOE .67 1 20.36 .032
CLNE .67 1 8.16 .082
ACH .67 1 18.86 .035
VIPS .66 1 11.96 .055
TIGR .66 5 11.49 .285
SSNT .66 1 6.42 .102
RETO .66 1 0.7699 .857
ERJ .66 1 17.77 .037
CTKB .66 1 24.11 .027
CRTD .66 3 2.81 .702
AMOM .66 1 36.49 .018
TATT .65 3 5.769 .336
STRO .65 2 19.23 .066
PCVX .65 1 25.78 .025
OLB .65 1 4.25 .152
LMNL .65 3 2.5 .780
TESS .64 1 5.52 .115
SDC .64 2 5.68 .224
M .64 5 23.7 .135
LZB .64 2 33.48 .038
GPS .64 5 23.91 .130
FLGC .64 2 6.9 .184
CTIB .64 3 2 .960
BBWI .64 5 67.39 .045
XLP .63 1 70.62 .008
SILK .63 5 55.69 .055
DNUT .63 3 14.51 .129
CCL .63 4 25.44 .096
ULTA .62 1 382.13 .001
ORMP .62 10 22.69 .270
LJPC .62 2 4.06 .304
SPWH .61 1 17.8 .034
SOS .61 2 2.27 .536
PLG .61 1 2 .305
MRVL .61 5 63.61 .045
CL .61 3 76.63 .021
AMBO .61 1 1.52 .401
SPTN .60 2 20.98 .056
PSTV .60 1 1.97 .304
LTHM .60 6 23.96 .150
EVK .60 6 2.94 1.224
AVCT .60 1 2.955 .203
AMRS .60 1 14.05 .042
VERU .59 3 9.07 .195
UONE .59 3 7.58 .231
BIG .59 2 46.56 .024
WPRT .58 2 3.38 .342
WISH .58 3 6.02 .288
TRIT .58 3 5.67 .306
STAF .58 2 2.07 .560
SNAP .58 112 83.11 .672
MARA .58 11 36.18 .176
EPU .58 2 26.71 .042
WEI .57 1 0.8 .712
SBTX .57 1 10.59 .053
GGAL .57 1 9.38 .060
ACI .57 5 31.34 .090
T .56 3 27.13 .060
SBH .56 2 17.04 .064
OBLN .56 3 3.05 .549
MTP .56 1 1.86 .301
KO .56 5 53.89 .050
CSCO .56 7 56.73 .063
CLPS .56 1 2.87 .195
CLPS .56 1 2.87 .195
CLOV .56 1 7.73 .072
ARMK .56 3 33.25 .048
VNE .55 6 34.86 .090
UWMC .55 1 6.83 .080
EVGO .55 1 8.76 .062
EOLS .55 1 7.87 .069
APTO .55 2 2.51 .438
WHLR .54 2 3.07 .350
TQQQ .54 132 141.79 .396
ENZ .54 2 3.59 .300
AUUD .54 5 2.43 1.110
ADMA .54 1 1.25 .432
TBIO .53 3 37.36 .042
MEDS .53 5 5.08 .520
HUYA .53 3 8.34 .189
EQ .53 1 6.91 .076
ENG .53 2 2.28 .464
VIVE .52 1 2.44 .213
TLRY .52 3 11.67 .132
KULR .52 1 2.22 .234
FLO .52 2 23.41 .044
WOOF .51 2 22.08 .046
VTNR .51 6 5.405 .564
K .51 8 63.78 .056
DYAI .51 3 5.73 .267
CPSH .51 1 5.23 .097
AUTL .51 1 6.29 .081
SONO .50 5 35.97 .065
PATI .50 2 11.77 .084
RKDA .49 1 2.06 .237
NRBO .49 2 3.82 .256
IGC .49 3 1.53 .960
GP .49 3 14.84 .099
GEVO .49 4 6.59 .296
ENLV .49 2 11.12 .088
ECHO .49 1 47.73 .010
BBIG .49 16 6.32 1.232
ARMP .49 1 3.635 .134
XLE .48 5 50.9 .045
NNDM .48 3 5.97 .240
NIO .48 75 35.38 .975
DBGI .48 3 2.75 .522
CLF .48 7 20.5 .161
AEHR .48 16 15.82 .480
TRIL .47 1 17.53 .026
STEM .47 5 25.3 .090
SOHU .47 6 20.87 .132
MSFT .47 108 299.35 .108
DARE .47 1 1.73 .271
BODY .47 2 6.23 .150
BGI .47 1 2.72 .172
XPEV .46 80 35.34 1.040
VXX .46 3 24.58 .054
UFAB .46 2 3.45 .266
NTEC .46 4 9.63 .188
KBSF .46 2 3.12 .294
INOV .46 1 40.41 .011
GURE .46 1 4.68 .098
CVV .46 2 4.64 .198
BCLI .46 1 3.37 .136
TYME .45 4 1.08 1.664
TME .45 1 7.08 .063
ONCT .45 2 4.4 .204
BLIN .45 7 4.23 .742
ADIL .45 2 4.63 .194
WORX .44 4 2.26 .776
GALT .44 3 4.15 .318
FFHL .44 2 9.75 .090
FCX .44 17 32.24 .221
EVGN .43 1 2.82 .152
COTY .43 4 8.01 .212
CAN .43 4 6.11 .280
ATIF .43 1 3.88 .110
AQMS .43 2 2.05 .418
KR .42 14 39.98 .140
SRNG .41 1 11.42 .035
KZIA .41 2 11.21 .072
GTT .41 1 2.36 .173
CTSO .41 3 8.15 .150
ASTR .41 3 9.33 .129
ACOR .41 4 4.74 .344
YJ .40 2 0.6915 1.156
XOM .40 6 57.59 .036
RRD .40 2 4.38 .182
LIZI .40 4 3.37 .472
GE .40 4 103.8 .012
FBRX .40 1 3.24 .123
DUOT .40 1 6.2723 .063
CHRA .40 1 4.53 .088
AAPL .40 107 146.92 .214
MDIA .39 2 8.42 .092
HRL .39 4 40.8 .036
CSCW .39 2 0.565 1.380
OVID .38 2 3.45 .220
MRTN .38 3 15.69 .072
ANY .38 11 5.88 .704
ANIX .38 1 4.89 .077
AAL .38 8 21.39 .136
ORCL .37 34 89.94 .136
NEXT .37 3 2.8 .396
HUGE .37 1 1.54 .240
HNST .37 1 10.83 .034
GPK .37 1 19.48 .018
CHMA .37 2 3.76 .196
AZN .37 8 60.35 .048
MRKR .36 1 1.78 .202
JFIN .36 2 4.06 .176
IDEX .36 4 2.05 .700
GNLN .36 2 2.52 .284
BNGO .36 11 5.49 .715
AKTX .36 1 1.7 .211
AGNC .36 2 16.16 .044
ADMP .36 1 1.04 .346
ACB .36 3 5.95 .180
ORGO .35 2 15.42 .044
IRIX .35 3 7.49 .138
CLSD .35 3 6.84 .153
BSQR .35 13 2.52 1.794
AESE .35 1 1.74 .201
XELB .34 2 1.665 .408
HWCC .34 1 5.3 .064
CIEN .34 17 52.02 .102
LMFA .33 4 4.24 .308
HNP .33 2 23.17 .028
GTS .33 1 34.78 .009
BHTG .33 1 1.47 .224
VBLT .32 2 2.1 .304
TAL .32 2 4.52 .140
SPCB .32 2 1.03 .620
MINM .32 2 1.855 .344
IMMP .32 3 3.89 .246
DRN .32 2 23.44 .026
BKYI .32 1 3.51 .091
YPF .31 1 4.53 .068
WINT .31 3 1.89 .492
ULBI .31 2 7.49 .082
PYPL .31 13 278.11 .013
PIRS .31 5 5.62 .275
FENC .31 1 9.39 .033
EXPR .31 4 5.26 .232
DMAC .31 2 3.92 .158
D .31 8 74.58 .032
AEY .31 1 2.41 .128
OXBR .30 5 2.92 .510
LC .30 6 28.17 .060
HAPP .30 1 0.94 .319
HUSN .29 4 2.44 .472
GOVX .29 5 4.32 .335
AXLA .29 1 3.07 .094
OBSV .28 3 3.15 .264
NKLA .28 14 11.66 .336
MITO .28 1 1.44 .194
IMMR .28 2 7.06 .078
ALTO .28 3 4.66 .180
NAOV .27 11 1.98 1.496
ENVB .27 3 2.24 .360
PPBT .26 1 4.79 .054
PME .26 1 0.84 .309
GSM .26 6 8.77 .174
ATOS .26 4 3.38 .304
PBLA .25 1 2.19 .114
MTL .25 3 3.81 .195
RAIL .24 4 4.37 .216
IKT .24 1 2.03 .118
GBR .24 1 4.05 .059
MOGO .23 3 5.23 .129
KDMN .23 2 8.83 .052
ACHV .23 1 9.37 .024
THTX .22 1 4.07 .054
SSKN .22 1 1.88 .117
JFU .22 3 1.71 .384
GENE .22 2 3.36 .130
DYNT .22 5 1.57 .700
XELA .21 6 2 .630
VIEW .21 1 6.08 .034
TENX .21 1 1.35 .155
PFE .21 6 43.94 .024
OCG .21 4 3.99 .208
KXIN .21 5 2.92 .355
ALAC .21 2 11.3 .036
ZNGA .20 2 7.65 .052
PHUN .20 5 1.01 .990
ENSV .20 1 1.22 .163
EKSO .20 1 4.6942 .042
SBS .19 3 7.14 .078
NBEV .19 1 1.43 .132
VSH .18 3 20.73 .024
TEO .18 1 4.92 .036
TELL .18 5 3.69 .240
OSMT .18 3 2.88 .186
ET .18 2 9.28 .038
PPC .17 2 28.5 .010
LIVX .17 2 3.29 .102
IRCP .17 1 2.85 .059
GMTX .17 1 4.35 .039
FCEL .17 129 6.97 3.096
SNES .16 2 1.56 .204
RAVN .16 2 57.52 .004
MOMO .16 2 10.53 .030
ME .16 2 9.28 .034
INFI .16 4 3.55 .180
HFBL .16 1 18.52 .008
SSL .15 9 16.52 .081
OXY .15 25 28.1 .125
IMV .15 2 1.72 .174
GRUB .15 3 15.4 .027
CHNG .15 2 21.37 .014
SYKE .14 3 54 .006
OEG .14 1 3.12 .044
INM .14 1 1.82 .076
IEC .14 1 15.31 .009
EDU .14 1 1.87 .074
SVBI .13 1 12.35 .010
LMRK .13 1 16.5 .007
ESXB .13 1 10.54 .012
CRON .13 4 5.7 .088
SBBP .12 2 2.09 .114
RIG .12 2 3.42 .070
PSTX .12 1 7.87 .015
GSAT .12 2 1.68 .142
CHNR .12 4 1.25 .384
VERB .11 6 1.79 .366
SNMP .11 2 1.05 .208
MRO .11 11 12.85 .088
MOHO .11 3 0.59 .558
MFGP .11 2 5.42 .040
GBS .11 1 2.65 .041
FENG .11 2 1.28 .170
CPG .11 2 4.23 .052
CALA .11 1 2.31 .047
XLK .10 3 156.71 0
SLHG .10 1 2.73 .036
PBR .10 5 10.3 .045
EDTK .10 2 1.29 .154
DBVT .10 5 5.01 .095
CNFR .10 2 2.66 .074
AGEN .10 7 5.9 .112
AEMD .10 2 4.2 .046
WTER .09 2 1.62 .110
TEDU .09 2 1.42 .126
SELF .09 1 5.18 .017
PRPO .09 3 2.92 .090
NOK .09 2 5.58 .032
BIOC .09 2 4.07 .044
AEI .09 2 2.31 .076
MDNA .08 7 2.55 .217
MBII .08 1 0.989 .080
MARK .08 2 1.16 .136
CLDR .08 1 15.92 .005
BQ .08 2 2.13 .074
NEPT .07 2 0.608 .230
ITRO .07 1 1.27 .055
ITRN .07 3 26.12 .006
XBIO .06 8 2.22 .216
WYNN .06 3 82.88 0
PSP .06 2 15.53 .006
OCG .06 13 3.99 .195
MSTR .06 118 599.39 0
FRO .06 9 8.45 .063
ULTA .05 12 382.13 0
FRBK .05 1 3.1 .016
WYNN .04 4 82.88 0
VTGN .04 3 2.83 .042
PBT .04 2 5.36 .014
CXP .04 1 19.02 .002
AVGR .04 7 0.8244 .336
VCAR .03 1 11.7522 .002
SNDL .03 1 0.673 .044
SIC .03 1 14.41 .002
SHOP .03 88 1444 0
DFP .03 1 28.8 .001
NWHM .02 1 8.99 .002
KIN .02 2 9.25 .004
IACB .02 2 9.91 .004
DSE .02 1 9.49 .002
BLNK .02 11 29.08 0
BEST .02 2 1.85 .020
XPDI .01 3 10.12 0
SLVO .01 2 5.1 .002
PMD .01 1 8.4 .001
INFL .01 2 30.02 0
WMPN 0 4 12.38 0
GSKY 0 1 11.49 0
RTLR -.01 7 11.57 0
EIC -.08 1 17.48 -.004
NSYS -.12 1 11.64 -.010
