GOVX 56.89 2 5.26
GOVX 56.89 2 5.26
AZO 25.65 2 1526.22
SAM 20.52 2 559.37
BKNG 19.45 3 2317.66
MSTR 19.01 2 638.13
ACRS 16.90 1 17.1
VRPX 15.31 2 16.16
BNTX 14.94 3 336.14
NVAX 14.88 8 270.58
SE 14.48 4 351.02
DPZ 14.41 5 514.02
REGN 14.34 4 668.81
NVCR 14.03 2 138.6
ROKU 13.43 1 334.55
OCG 13.26 1 4.59
TPST 13.17 1 14.4
LII 12.44 1 328.67
RAPT 11.74 1 36.22
KALV 11.62 1 20.5
EL 11.21 1 336.83
ASML 10.95 2 857.77
ANTM 10.86 1 370.83
SEDG 10.82 1 293.07
ADSK 10.81 1 310.13
EJH 10.64 3 3.76
TWST 10.36 1 114.35
AUVI 10.36 2 6.71
LAD 10.32 1 371.73
EEIQ 10.28 2 3.89
EBET 10.26 2 34.34
RGEN 10.02 1 234.73
NTLA 10.00 7 163.25
UPST 9.72 6 262.7
KOSS 9.72 4 19.27
SNPS 9.69 1 315.57
UHAL 9.66 3 638.16
DE 9.42 4 6.47
WDAY 9.24 1 269.21
NNOX 9.05 1 24.25
IAC 8.96 2 132.18
INTU 8.87 1 560.47
LWAC 8.69 1 16.98
AMGN 8.68 1 228.8
WAVE 8.60 1
TDG 8.49 2 624.0
CARV 8.41 3 16.95
COIN 8.34 2 256.35
NVOS 8.25 1 1.85
NRXP 8.25 3 12.96
ROST 8.24 1 114.52
ROLL 8.24 1 226.52
W 8.07 5 269.71
AMZN 8.07 92 3509.29
TSCO 7.96 1 180.9
JAN 7.94 2 6.73
BURL 7.92 1 318.09
MRNA 7.68 19 436.39
GLSI 7.65 2 44.8
COHN 7.64 2 21.81
BLK 7.59 1 880.67
MDB 7.58 2 489.75
CRMT 7.58 2 132.01
SNOW 7.57 4 312.49
ZS 7.55 1 282.905
SIVB 7.54 1 570.17
DASH 7.45 2 187.61
FLGT 7.33 3 89.99
GH 7.05 1 132.17
CPOP 7.05 2 4.07
ZLAB 7.04 2 150.99
MA 6.96 3 344.71
LAIX 6.87 1 0.97
IRNT 6.87 1 19.59
GPN 6.86 4 158.61
LHDX 6.82 1 8.73
TERN 6.81 1 12.14
AAP 6.68 1 207.57
VERV 6.63 3 70.46
RLMD 6.56 1 25.28
KEYS 6.46 1 168.72
KMB 6.35 1 135.82
PKI 6.30 1 172.11
VIR 6.18 1 49.68
ANVS 6.15 4 35.33
SCPS 6.13 4 5.64
SCR 5.96 1 35.87
UTHR 5.88 1 205.43
LANC 5.87 1 179.98
ENPH 5.87 2 168.73
CELH 5.86 1 73.31
SITM 5.79 3 203.99
DQ 5.79 4 63.95
LOW 5.78 3 205.15
LH 5.76 2 73.31
VERY 5.74 1 9.06
SI 5.73 1 23.01
HRI 5.63 1 131.76
COST 5.45 3 459.6
LLY 5.39 3 254.8
GWRE 5.32 1 122.67
SPLK 5.11 4 157.21
APPN 5.04 2 111.36
APP 5.03 1 74.04
SJ 4.97 1 4.51
AAME 4.94 2 3.9
LIN 4.89 3 315.64
V 4.88 1 226.27
AXP 4.88 1 173.12
HON 4.87 2 229.27
FULC 4.87 3 28.49
YETI 4.85 1 97.12
ZM 4.83 12 299.96
ZG 4.83 3 98.18
IMPL 4.83 2 18.4
GRTS 4.83 3 11.83
PLCE 4.81 1 100.58
HAS 4.75 1 103.98
ABNB 4.71 3 165
HCA 4.67 1 249.32
GRVY 4.67 2 108.35
EDIT 4.67 1 56.48
LAZR 4.65 1 17.22
ADI 4.60 1 165.78
TSLA 4.57 141 752.92
STZ 4.57 1 234.27
RACE 4.57 1 212.51
GOOG 4.55 25 2910.38
WSM 4.52 3 173.06
TTWO 4.51 1 159.92
PRTA 4.43 2 71.89
CI 4.39 2 217.12
CAT 4.36 2 208.23
DOCN 4.31 1 70.27
DDS 4.31 5 202.03
IMAB 4.28 1 74.53
NEWR 4.27 1 82.6
RL 4.24 2 112.9
COF 4.22 1 159.96
CLDX 4.17 1 55.19
ALEC 4.17 3 26.72
IMNM 4.16 1 17.35
APPS 4.16 1 60.05
AN 4.16 2 6.76
SNA 4.15 1 221.53
VMW 4.12 3 145.63
STE 3.98 1 214.39
SPT 3.95 1 105.63
EAT 3.93 1 50.92
SAVA 3.92 20 47.84
SIEB 3.89 2 3.82
FANG 3.89 1 80.54
AFRM 3.85 3 91.51
BNTC 3.84 1 3.91
VRNT 3.78 1 44.57
SHEN 3.71 1 61.1
OCGN 3.71 2 7.31
BHVN 3.71 2 117.28
KZIA 3.69 1 10.22
PKG 3.68 2 139.12
CTRN 3.67 2 88.64
AMEH 3.61 2 111.1
LAW 3.60 1 65.8
PDD 3.58 4 107.74
QDEL 3.57 1 136.97
DLPN 3.56 3 12.73
AACG 3.56 3 2.82
DOCS 3.54 3 98.25
ADBE 3.51 5 661.39
UHS 3.49 2 157.9
SKT 3.49 1 17.11
GME 3.48 75 199
TVTX 3.46 1 22.63
TDC 3.44 1 56.14
OTIS 3.43 1 89.2
SFIX 3.41 1 40.97
RBLX 3.40 4 84.97
FIGS 3.34 2 45.18
EA 3.34 1 145.22
NMRD 3.33 2 6.32
ISCG 3.33 1 51.69
MCD 3.30 2 236.19
BIIB 3.26 3 327.24
UNH 3.25 9 421.24
KURA 3.24 1 19.03
OPNT 3.16 1 17.8
BYND 3.16 2 130.32
BKE 3.14 1 41.56
NURO 3.12 6 10.99
MSGE 3.10 3 80.77
VSCO 3.09 2 64.21
PTON 3.08 1 104.35
OLLI 3.08 1 72.58
XLNX 3.06 4 154.75
MS 3.05 2 92.62
KMPH 3.04 1 9.15
CLX 3.04 2 165.71
CREE 3.02 3 85.18
NEGG 3.00 20 16.89
DOMO 3.00 2 83.32
J 2.97 1 55.27
UBER 2.96 1 43.03
SEMR 2.96 1 26.8
ARVN 2.96 3 89.84
JRVR 2.95 1 35.86
TSM 2.93 1 117.82
FATE 2.92 1
DKS 2.90 4 140.19
LOOP 2.88 1 10.52
JCS 2.88 1 6.7333
WGO 2.86 1 70.82
LITE 2.84 1 80.24
ESTC 2.83 3 170.78
HTBX 2.80 1 6.36
WAFU 2.79 2 7.29
MOXC 2.78 2 7.45
DLO 2.78 3 62.93
IRDM 2.75 2 48.79
ABT 2.75 2 128.39
SLS 2.74 1 9.36
PFGC 2.74 1 42.96
MNST 2.74 1 95.18
TNA 2.70 2 91.83
NXPI 2.70 3 212.86
MVIS 2.70 2 14.26
AKAM 2.70 1 112.41
KNBE 2.69 4 27.09
XBI 2.65 4 133.47
STX 2.65 3 88.06
AESE 2.65 1 1.93
PEP 2.63 1 153.0
NCTY 2.63 5 14.94
DTST 2.61 1 5.44
DPW 2.61 3 2.67
GS 2.60 6 410.32
RMBL 2.58 1 37.73
TTD 2.55 5 75.28
DEN 2.54 1 72.2
LPX 2.53 1 55.27
FL 2.53 1 58.17
DDL 2.53 1 26.14
CLII 2.53 1 14.36
NTAP 2.52 2 86.98
JBL 2.52 1 62.96
HOL 2.52 1 12.35
LEXX 2.49 1 7.02
ALXN 2.49 2 182.5
LOGI 2.48 2 107.98
BBY 2.48 4 111.5
CRNC 2.46 2 116.64
TGT 2.44 7 242.72
AMAT 2.42 3 136.49
TASK 2.41 3 72.44
AVXL 2.41 5 19.14
LYEL 2.40 1 17
CM 2.39 2 39.74
PLD 2.38 2 128.07
PATI 2.38 1 12.2461
PATI 2.38 1 12.2461
GIII 2.35 2 31.28
UPS 2.33 5 195.56
SKX 2.32 1 54.16
CYTK 2.32 2 31.05
AGRI 2.32 1 5.53
CHCI 2.31 2 5.55
PRFX 2.29 1 2.85
ATKR 2.27 1 83.82
IWM 2.25 3 226.16
SQ 2.23 21 265.83
RTX 2.23 1 88.2
DLTR 2.23 2 92.22
TSP 2.22 4 42.94
TJX 2.22 3 69.85
STT 2.22 2 79.72
LMT 2.22 8 349.2
CHGG 2.22 1 85.0
FGEN 2.21 2 12.41
AMD 2.21 7 109.15
OSTK 2.20 6 70.31
DXC 2.19 1 38.72
XTLB 2.18 1 4.99
TSN 2.17 2 77.29
MDT 2.17 4 134.57
SPG 2.16 2 134.71
SMLP 2.15 1 31.81
STMP 2.14 3 328.65
EXPI 2.14 3 50.4
INCY 2.13 1 77.95
IGIC 2.12 1 8.81
BBWI 2.11 2 64.98
WM 2.10 2 226.16
CERE 2.10 5 35.96
DELL 2.08 5 96.01
ROST 2.06 4 114.52
BON 2.06 1 10.66
ALDX 2.06 1 9.2
MFNC 2.04 1 21.5
BTX 2.04 1 11.83
VLO 2.03 2 66.35
JD 2.03 3 76.25
FLWS 2.02 2 30.4
APRE 2.02 1 4.66
MRIN 2.01 5 6.21
IBM 2.00 4 138.06
KSS 1.99 5 55.05
DD 1.98 1 97.71
VTSI 1.97 1 8.4
JG 1.96 2 2.33
BNR 1.96 2 19.85
NGM 1.94 1 21.19
LI 1.94 2 30.99
RRGB 1.93 1 20.52
LEGN 1.93 3 49.0
BTBT 1.92 7 11.72
BIDU 1.92 115 166.68
NEE 1.91 1 77.22
ZIM 1.89 1 45.51
FTCH 1.88 1 38.67
LEDS 1.87 2 9.37
HOOD 1.85 12 42.13
ON 1.84 1 104.35
DUK 1.84 1 107.72
DKNG 1.84 2 63.58
AIT 1.83 1 89.31
OSAT 1.82 2 6
OKE 1.82 1 51.72
DIS 1.79 6 184.34
ANF 1.79 1 35.78
ARCE 1.78 1 24.04
TTC 1.75 3 106.93
VOXX 1.74 2 10.52
PG 1.72 4 143.51
KODK 1.72 1 7.26
CHKP 1.71 4 122.79
VMEO 1.70 1 35.94
SILK 1.70 3 64.1
LYFT 1.70 3 50.59
ENOB 1.70 3 7.8
BLDR 1.70 1 47.31
MYGN 1.67 1 34.8
TWTR 1.66 2 68.65
MPC 1.66 1 54.55
SYPR 1.65 2 3.87
FLOW 1.65 3 76.96
MMM 1.64 4 185.58
KMX 1.64 1 126.92
CRM 1.64 9 265.21
CAH 1.64 3 50.63
LODE 1.63 1 3.14
KYMR 1.63 1
JZXN 1.63 4 3.1
MOS 1.62 1 31.27
IYC 1.62 1 79.82
TMUS 1.61 2 134.47
CRCT 1.61 1 40.58
USB 1.60 3 57.13
SPI 1.60 2 5.59
RMED 1.60 3 3.13
MBRX 1.60 1 3.19
WHLM 1.59 3 5.95
CSIQ 1.59 2 37.38
BZ 1.59 1 34.13
A 1.59 5 177.72
FISV 1.58 5 115
CELC 1.58 2 21.77
RIOT 1.57 2 32.89
GTEC 1.57 2 7.07
CNC 1.57 1 70.47
CARA 1.57 2 15.62
SPTN 1.56 1 21.52
PAYX 1.56 1 111.29
ENTX 1.55 1 4.93
BLFS 1.55 1 53.13
SSY 1.54 2 2.55
HGEN 1.54 2 15.73
FUV 1.54 1 11.04
GIS 1.53 1 60.91
UAL 1.50 1 46.57
SUPN 1.50 1 27.29
ENLV 1.50 1 11.41
DG 1.50 3 221.54
ZEV 1.49 3 9.03
SGOC 1.48 8 7.08
JNJ 1.48 2 172.32
VCVC 1.46 1 9.85
LGHL 1.46 1 1.41
PINS 1.45 3 55.74
EYEG 1.45 1 1.75
EVOL 1.45 1 2.25
BPTH 1.44 1 5.51
SNOA 1.43 3 5.95
SCKT 1.43 3 6.98
GM 1.42 1 52.85
ATVI 1.42 3 78.47
SCHW 1.41 2 72.08
AVIR 1.41 1 25.0
CVS 1.40 3 86.58
ERYP 1.39 2 6.47
EOSE 1.39 2 13.57
COUR 1.39 1 40.91
TNET 1.38 1 79.86
NVDA 1.38 136 226.62
LIVE 1.37 3 37.93
ECOM 1.37 1 25.82
ATNF 1.36 2 6.46
TAOP 1.35 3 3.05
RUN 1.35 4 45.5
BWAY 1.35 1 8.05
WNW 1.34 1 5.15
NLS 1.33 1 13.62
AMC 1.33 52 47.83
SLV 1.32 1 22.51
HOG 1.32 2 40.12
AESE 1.32 0 1.93
AEO 1.32 2 26.48
VIH 1.31 1 11
SPY 1.31 1 451.46
SJM 1.30 6 119.64
AA 1.30 2 23.83
SPCE 1.29 22 24.61
MAT 1.28 2 21.19
LEN 1.28 3 104.37
FRD 1.28 1 11.9
BYSI 1.28 2 23.46
XLV 1.27 1 136.05
RHE 1.27 2 8.56
HJLI 1.27 1 8.14
APXT 1.27 1 12.11
SLGG 1.26 1 3.93
MESO 1.26 1 6.54
JKS 1.26 2 51.62
HHR 1.26 1 42.84
THCB 1.25 1 10
NNVC 1.25 1 3.94
PBTS 1.24 1 1.38
EDSA 1.24 1 5.7343
CMMB 1.24 2 15.04
ANPC 1.24 2 3.67
TAP 1.23 2 86.98
C 1.23 4 162.24
RCUS 1.22 1 33.58
EYES 1.22 6 3.68
BBBY 1.22 12 25.19
KIRK 1.21 1 21.69
ARAV 1.21 1 4.06
STEM 1.20 4 24.74
MAXR 1.20 3 31.32
JPM 1.20 12 159.21
CRIS 1.20 2 8.45
CETX 1.20 1 1.23
AMTX 1.20 3 12.65
PALI 1.19 2 2.89
JWN 1.19 3 27.93
GSM 1.19 1 9.21
QCOM 1.18 7 143.75
PFE 1.18 3 46.75
GRU 1.18 1 4.2183
GRU 1.18 0 4.2183
GRTX 1.18 1 7.81
DFH 1.18 1 20.98
AYRO 1.18 1 4.07
NIU 1.17 3 24.33
CLSK 1.17 1 11.69
SIF 1.16 1 8.5193
HGSH 1.16 2 1.85
IMTX 1.15 3 14.68
MARA 1.14 7 39.39
DAL 1.14 4 38.52
VNET 1.13 3 22.23
STG 1.13 1 6.12
NUAN 1.13 1 55.2
ABSI 1.13 1 22.26
RY 1.12 2 105.72
QFIN 1.12 6 26.28
MNOV 1.12 2 4
BZUN 1.12 1 19.14
TGTX 1.11 1 30.09
PMCB 1.11 3 3.24
CNET 1.11 1 1.44
BCRX 1.11 5 15.1
OPTT 1.10 1 2.02
HD 1.09 9 328.95
GT 1.09 1 16.1
DDD 1.09 8 32.78
ATAI 1.09 1 17.84
SLB 1.08 1 28.43
RSLS 1.08 1 3.18
MTSL 1.08 3 3.37
FCBP 1.08 1 29.1
BAC 1.08 3 37.85
B 1.08 1 45.93
AZYO 1.08 1 8.58
ALF 1.08 2 8.12
XLE 1.07 3 48.33
TTCF 1.07 1 17.03
NETE 1.05 1 9.75
OCUP 1.04 1 5.28
IPA 1.04 2 7.2
FSTX 1.04 1 8.02
CANF 1.04 1 1.81
ALLO 1.04 1 25.4
FTEK 1.03 2 1.88
COP 1.03 5 55.98
BJ 1.03 5 58.67
AMKR 1.03 1 23.53
ALYA 1.03 3 2.88
QADB 1.02 3 86.7
FAST 1.02 1 53.15
ZCMD 1.01 1 1.68
RCON 1.01 1 3.21
MVST 1.01 4 10.87
LL 1.01 1 97.33
EGRX 1.01 2 47.73
BGFV .99 5 30.55
TRCH .98 2 9.88
NFLX .98 101 606.71
HOFV .98 2 3.06
UAA .97 2 23.83
SKLZ .97 3 12.58
FA .96 1 23.18
DWSN .96 1 2.01
BTWN .95 1 10.02
CGC .94 1 19.19
MO .93 2 12.92
HCM .93 4 39.78
CHPT .93 1 22.58
ABBV .93 4 109.03
LBPH .92 1 10.35
KNL .92 1 25.04
YEXT .91 1 12.75
WFC .91 4 43.13
APOP .91 3 5.93
GEG .90 1 2.35
YMM .89 1 18.23
PLUG .89 8 26.8
CEMI .89 6 2.63
ACHL .89 1 6.51
HPQ .88 3 28.65
BABA .88 96 175.16
GLD .87 5 167.71
DTSS .87 1 1.93
AFMD .87 1 6.74
VLDR .86 1 6.95
RF .86 1 19.1
LC .86 5 32.16
ATHM .86 2 40.22
SRNE .85 1
SAFM .85 1 193.28
RIDE .85 5 6.4
HNP .85 1 22.03
CRTO .85 1 35.4
RKT .84 1 19.21
PTIX .84 2 2.2
HRC .84 3 151.88
BB .84 11 10.83
UUU .83 2 6.11
UAVS .83 1 3.48
LUV .83 3 48.53
IRBO .83 1 45.55
CSCO .83 5 58.88
CNA .83 1 43.9
SANA .82 1 23.14
MNSO .82 1 16.96
FITB .82 3 38.56
CLF .81 5 23.94
GMBL .80 1 8.55
SWI .79 1 10.88
SCYX .79 1 6.58
PNRG .79 1 53.07
MU .79 4 73.64
MTL .79 1 5
BP .79 1 25.64
AEHR .79 8 9.21
ZY .78 3 10.33
VVOS .78 4 5.63
OTLK .78 1 2.53
HX .78 1 1.78
GNOG .78 1 22.97
CAI .78 1 56.02
WATT .77 1 2.45
PLTR .77 2 26.7
EXPR .77 3 5.43
WOOF .76 1 21.52
NBRV .76 1 1.08
APG .76 1 22.92
GP .75 2 15.19
SHOP .74 5 1536.7
PSTG .74 2 26.1
MQ .74 1 26.53
GTIM .74 1 5.25
GRVI .74 3 5.8
FUBO .74 2 29.58
ATXI .74 1 1.66
VZ .73 2 55.96
VOOV .73 1 145.2
UPC .73 3 2.33
SQBG .73 2 7.45
SPRT .73 18 19.3
RNXT .73 2 7.89
ORPH .73 3 5.02
ORMP .73 9 18.8
NVFY .73 3 2.17
MRK .72 2 16.16
ENSC .72 1 3.78
BTCM .72 4 10.34
ARPO .72 1 2.2
AREC .72 4 2.35
ZKIN .71 2 3.55
TBLA .70 1 9.85
SONO .70 4 39.15
PRPL .70 3 27.32
ORGS .70 1 5.2
OCX .70 1 4.08
NKE .70 5 162.64
JRJC .70 1 5.02
CBAT .70 2 2.93
WIMI .69 1 4.62
BEKE .69 1 22
ASM .69 1 1.05
ONCS .68 1 2.19
BBIG .68 11 9.66
XONE .67 2 24.62
WMT .67 14 147.27
FOE .67 1 21.05
CLNE .67 1 7.96
BODY .67 1 6.94
VIPS .66 1 14.26
TIGR .66 5 14
SSNT .66 1 6.78
RETO .66 1 0.9452
ERJ .66 1 15.28
CTKB .66 1 23.96
CRTD .66 3 3.29
AMOM .66 1 37.01
TATT .65 3 5.76
STRO .65 2 21.08
SOHU .65 4 24.1
PDCO .65 2 31.34
PCVX .65 1 25.9
OLB .65 1 5.44
LMNL .65 3 2.63
K .65 6 61.74
TESS .64 1 5.935
M .64 5 21.93
LZB .64 2 34.29
GPS .64 5 24.89
FLGC .64 2 8.07
CTIB .64 3 2.15
ANY .64 6 6.05
ACY .64 16 29.41
XLP .63 1 71.99
DNUT .63 3 14.96
CCL .63 4 23.56
ULTA .62 1 388.74
LJPC .62 2 4.27
SPWH .61 1 17.73
SOS .61 2 2.64
SNAP .61 110 76.49
QADB .61 0 86.7
PYPL .61 5 293.26
PLG .61 1 2.66
MRVL .61 5 61.24
GNLN .61 1 2.78
CL .61 3 76.9
BIOC .61 1 3.64
AMBO .61 1 1.51
PSTV .60 1 1.96
EVK .60 6 2.92
AVCT .60 1 3.95
AMRS .60 1 13.29
VERU .59 3 9.43
UONE .59 3 8.33
BIG .59 2 46.02
ACI .59 4 33.5
WPRT .58 2 3.85
WISH .58 3 7.38
TRIT .58 3 5.4
STAF .58 2 2.16
LTHM .58 4 25.82
EPU .58 2 26.7
WEI .57 1 0.8701
TQQQ .57 129 152.07
T .56 3 27.42
SBH .56 2 17.04
OBLN .56 3 3.05
MTP .56 1 1.8
KO .56 5 56.47
INTC .56 5 53.65
CLPS .56 1 3.4
CLPS .56 1 3.4
CLOV .56 1 10.8
ARMK .56 3 35.02
VNE .55 6 35.36
UWMC .55 1 7.46
EVGO .55 1 12.44
EOLS .55 1 9.47
APTO .55 2 2.95
WHLR .54 2 3.2
ENZ .54 2 3.68
AUUD .54 5 2.96
ADMA .54 1 1.27
TBIO .53 3 37.2
MEDS .53 5 5.11
HUYA .53 3 11.44
EQ .53 1 5.65
ENG .53 2 2.07
VIVE .52 1 2.54
TLRY .52 3 13.3
KULR .52 1 2.32
HRL .52 3 42.22
FLO .52 2 24.65
XBIO .51 7 2.62
VTNR .51 6 7.13
KR .51 9 45.99
DYAI .51 3 6
CPSH .51 1 5.96
AUTL .51 1 7.35
NKE .50 7 162.64
RKDA .49 1 2.27
NRBO .49 2 4.28
IGC .49 3 1.59
ARMP .49 1 3.7
XPEV .48 79 41.77
XOM .48 5 54.55
PBR .48 3 10.55
NNDM .48 3 6.35
NIO .48 75 40.59
NEXT .48 2 3.5
DBGI .48 3 2.9
TRIL .47 1 17.34
DARE .47 1 1.73
D .47 6 76.52
BGI .47 1 2.71
VXX .46 3 25.55
UFAB .46 2 2.615
NTEC .46 4 9.63
KBSF .46 2 3.66
INOV .46 1 36.87
GURE .46 1 4.16
CVV .46 2 5.24
CIEN .46 16 55.63
BCLI .46 1 3.41
TYME .45 4 1.11
TME .45 1 8.92
ONCT .45 2 4.35
ME .45 1 8.17
BLIN .45 7 4.55
ADIL .45 2 4.55
WORX .44 4 2.67
GALT .44 3 3.8
FFHL .44 2 9.78
ENVB .44 1 3.12
FCX .43 16 36.36
EVGN .43 1 3.2
COTY .43 4 9.28
CAN .43 4 9.58
ATIF .43 1 4.51
AQMS .43 2 2.21
OBSV .42 2 3.09
VSH .41 2 22.71
GTT .41 1 2.36
CTSO .41 3 9.09
ASTR .41 3 11.66
ACOR .41 4 4.17
YJ .40 2 0.818
RRD .40 2 4.93
LIZI .40 4 4.22
GE .40 4 103.29
FBRX .40 1 4.19
DUOT .40 1 6.61
CHRA .40 1 4.96
AAPL .40 107 156.69
OXBR .39 4 3.38
MOMO .39 1 12.92
MDIA .39 2 7.76
CSCW .39 2 1.07
BLUW .39 1 8.04
OVID .38 2 3.5
MRTN .38 3 15.37
ANIX .38 1 5.18
AAL .38 8 19.53
HUGE .37 1 1.75
HNST .37 1 13.83
GPK .37 1 18.91
CHMA .37 2 3.76
MRKR .36 1 1.95
JFIN .36 2 4.3
IDEX .36 4 2.34
BNGO .36 11 5.79
AKTX .36 1 1.79
AGNC .36 2 16.18
ADMP .36 1 1.1
ACB .36 3 7.16
MFGP .35 1 5.78
IRIX .35 3 7.36
CLSD .35 3 6.6
BSQR .35 13 2.53
XELB .34 2 1.73
HWCC .34 1 5.24
LMFA .33 4 4.43
GTS .33 1 35.51
BHTG .33 1 1.54
AZN .33 7 58.39
VBLT .32 2 2.46
TAL .32 2 5.73
SPCB .32 2 1.16
MINM .32 2 2.48
IMMP .32 3 4.19
BKYI .32 1 3.27
WINT .31 3 1.92
ULBI .31 2 8.23
PIRS .31 5 5.2
FENC .31 1 8.04
DMAC .31 2 4.2
AEY .31 1 2.52
HAPP .30 1 1.14
HUSN .29 4 2.46
AXLA .29 1 3.41
MITO .28 1 1.34
IMMR .28 2 7.59
ALTO .28 3 4.91
SSL .27 3 14.92
NAOV .27 11 2.46
PPBT .26 1 4.89
PME .26 1 0.6998
NKLA .26 14 10.72
ATOS .26 4 3.66
SBS .25 2 6.9
PBLA .25 1 2.4
RAIL .24 4 5.07
IKT .24 1 2.43
GEVO .24 3 6.16
GBR .24 1 4.18
PYPL .23 13 293.26
MOGO .23 3 5.11
ACHV .23 1 7.92
THTX .22 1 3.65
SSKN .22 1 1.455
OXY .22 22 25.66
JFU .22 3 1.92
GENE .22 2 3.37
DYNT .22 5 1.33
XELA .21 6 2.49
VIEW .21 1 5.37
TENX .21 1 1.56
KXIN .21 5 3.14
ALAC .21 2 11.3
ZNGA .20 2 8.11
PHUN .20 5 1.08
ENSV .20 1 1.29
EKSO .20 1 4.7
NBEV .19 1 2.27
AGEN .19 4 6.4
TELL .18 5 3.18
OSMT .18 3 3.48
ET .18 2 34.19
DBVT .18 3 5.45
PPC .17 2 27.94
ORGO .17 1 15.33
MRO .17 6 11.58
LIVX .17 2 2.94
IRCP .17 1 3.25
FCEL .17 126 6
SNES .16 2 1.69
RAVN .16 2 58.12
INFI .16 4 3.75
HFBL .16 1 18.55
IMV .15 2 1.78
GRUB .15 3 18.25
CHNG .15 2 22
SYKE .14 3 54
OEG .14 1 3.04
INM .14 1 2.26
IEC .14 1 15.3
EDU .14 1 2.43
SVBI .13 1 12.4
LMRK .13 1 16.44
ESXB .13 1 10.97
SBBP .12 2 2.19
RIG .12 2 3.5
PSTX .12 1 8.29
CHNR .12 4 1.26
VERB .11 6 1.94
SNMP .11 2 1.1
MOHO .11 3 0.665
GBS .11 1 3.36
FENG .11 2 1.3
CALA .11 1 2.3
XLK .10 3 159.4
SLHG .10 1 2.66
MSFT .10 107 300.18
EDTK .10 2 1.55
AEMD .10 2 3.7
WTER .09 2 1.79
TEDU .09 2 1.52
PRPO .09 3 3.23
NOK .09 2 6.12
AEI .09 2 2.4
MDNA .08 7 2.55
MBII .08 1 1.2
MARK .08 2 1.16
CRON .08 4 6.92
CLDR .08 1 15.95
BQ .08 2 2.76
NEPT .07 2 0.6466
ITRN .07 3 26.1
WYNN .06 3 96.15
PSP .06 2 16.37
ITRO .06 1 1.27
FRO .06 5 7.89
ULTA .05 12 388.74
SELF .05 1 5.39
KDMN .05 1 5.3
FRBK .05 1 3.28
CNFR .05 2 3.54
WYNN .04 4 96.15
VTGN .04 3 3.14
SHOP .04 88 1536.7
PBT .04 2 5.3
GMTX .04 1 4.93
CXP .04 1 19.05
AVGR .04 7 0.868
VCAR .03 1 12.25
SNDL .03 1 0.76
SIC .03 1 14.34
FB .03 93 382.18
DFP .03 1 29.22
NWHM .02 1 8.99
KIN .02 2 9.25
IACB .02 2 9.89
FB .02 100 382.18
DSE .02 1 9.49
BLNK .02 11 32.85
BEST .02 2 1.06
SLVO .01 2 5.56
PMD .01 1 8.14
INFL .01 2 30.15
WMPN 0 4 12.25
BILI 0 21 91.14
202PENN %:
RTLR -.01 7 11.24
EIC -.08 1 16.24
NSYS -.12 1 13.37
