EJH 5.21 6 1.53 20.430
SCPS 3.34 7 1.78 13.132
LAIX 1.72 4 0.62 11.096
AACG 2.14 5 1.18 9.065
EEIQ 4.33 5 3.39 6.385
NEGG 3.07 20 10.2 6.000
NVOS 1.65 5 1.44 5.725
AUVI 2.32 9 4.11 5.076
CPOP 2.34 5 2.31 5.060
NRXP 2.89 8 4.72 4.896
DPW 1.56 5 1.6 4.875
VRPX 1.77 9 3.64 4.374
EYES 1.22 6 1.71 4.278
IRNT 3.02 6 4.36 4.152
JZXN 1.63 4 1.59 4.100
VVOS 1.65 6 2.48 3.990
JAN 2.73 6 4.18 3.918
JG 1.30 3 1.03 3.786
HX 1.40 6 2.24 3.750
FCEL .18 130 6.3 3.640
SIEB 1.53 5 2.13 3.590
ADGI 2.56 12 9 3.408
AAME 1.97 5 3.125 3.150
KOSS 5.35 7 12.05 3.101
NURO 1.47 11 5.36 3.014
NAOV .27 11 1.02 2.904
CEMI .60 8 1.67 2.872
RMED .72 6 1.57 2.748
TYME .45 4 0.66 2.724
BSQR .35 13 1.7 2.665
CARV 3.92 6 9.11 2.580
BBIG .30 21 2.53 2.478
AMC 1.19 60 28.7 2.460
OCGN 1.04 12 5.11 2.436
MRIN 2.01 5 4.33 2.320
ANPC 1.24 2 1.11 2.234
SPCE 1.26 24 13.81 2.184
AGRI .95 5 2.25 2.110
BTBT 1.45 10 6.93 2.090
INDP 2.52 5 6.13 2.055
TPST 2.19 5 5.46 2.005
PHUN .35 16 2.88 1.936
LMNL .65 3 1.05 1.857
TAOP 1.35 3 2.21 1.830
MARK .46 4 1.02 1.800
WAVE 1.72 5 4.99 1.720
SGOC 1.19 9 6.2 1.719
NCTY 2.63 5 7.73 1.700
DWAC 22.11 4 52.45 1.684
SAVA 2.73 29 46.84 1.682
JCS 1.40 3 2.51 1.671
PRFX .57 4 1.37 1.664
SSY .91 3 1.65 1.653
GME 2.99 82 148.31 1.640
AREC .62 5 1.89 1.640
RNXT 1.96 4 4.83 1.620
CSCW .39 2 0.4923 1.584
YJ .40 2 0.5135 1.556
PALI .71 3 1.38 1.542
BIDU 1.88 118 143.77 1.534
AUUD .41 7 1.9 1.505
WAFU 1.50 4 4 1.500
NMRD 1.66 4 4.47 1.484
CTIB .40 5 1.35 1.480
MOXC 1.18 5 4.02 1.465
FTEK .69 3 1.44 1.437
ERYP .79 4 2.2 1.436
CETX 1.20 1 0.8389 1.430
BLIN .41 8 2.31 1.416
SYPR .80 4 2.26 1.412
EVK .60 6 2.55 1.410
IGC .49 3 1.06 1.386
BYSI 1.25 5 4.5 1.385
SOS .61 2 0.8925 1.366
SPRT .81 20 11.8 1.360
BNTC 1.24 3 2.75 1.350
PBTS 1.24 1 0.93 1.333
NBRV .76 1 0.572 1.328
UPC .73 3 1.6602 1.317
PMCB 1.11 3 2.53 1.314
NIO .53 77 29.96 1.309
WORX .44 4 1.35 1.300
BNGO .36 12 3.33 1.296
HOFV .98 2 1.55 1.264
SNOA 1.51 4 4.8 1.256
ALYA .77 4 2.46 1.252
STAF .58 2 0.9315 1.244
SPCB .32 2 0.5144 1.244
SNAP .57 113 48.64 1.243
ANY .20 21 3.37 1.239
DLPN 2.14 5 8.64 1.235
NVFY .73 3 1.78 1.230
LODE .56 3 1.39 1.206
GRTS 2.25 7 13.02 1.204
RIDE .68 7 3.96 1.197
CRTD .39 7 2.33 1.169
IDEX .36 4 1.23 1.168
EBET 3.45 6 18.05 1.146
ANVS 3.73 6 19.89 1.122
HOOD 1.41 14 17.45 1.120
MVIS 1.17 5 5.39 1.085
LGVN 2.15 6 12.21 1.056
DYNT .22 5 1.04 1.055
CHCI 1.54 3 4.4 1.050
MEDS .53 5 2.53 1.045
PTIX .84 2 1.63 1.030
ZKIN .71 2 1.39 1.020
CNET 1.11 1 1.1 1.009
HGSH 1.16 2 2.305 1.006
RETO .72 2 1.45 .992
ACRS 2.12 7 15.3 .966
OSAT 1.21 3 3.75 .966
HGEN 1.21 3 3.75 .966
MTSL 1.08 3 3.37 .960
CANF .63 2 1.31 .960
TERN 1.53 4 6.45 .948
IMPL 1.70 5 8.98 .945
WHLM 1.20 4 5.11 .936
BB .74 12 9.4 .936
LIZI .40 4 1.72 .928
HCWB 1.14 2 2.47 .922
SJ 1.24 4 5.39 .920
LGHL .30 4 1.32 .908
AQMS .39 3 1.29 .906
CBAT .50 3 1.67 .897
BBBY .90 16 16.04 .896
FULC 2.54 6 16.95 .894
MBRX .81 2 1.85 .874
DBGI .42 5 2.43 .860
ORPH .57 4 2.66 .856
SPI .89 4 4.16 .852
ALF 1.08 2 2.55 .846
GFAI .51 2 1.21 .842
HTBX 1.46 2 3.47 .840
ASM .69 1 0.8205 .840
CHNR .12 4 0.576 .832
VTNR .37 10 4.5 .820
KALV 1.44 8 14.1 .816
VERY 1.39 4 6.84 .812
XTLB 1.09 2 2.69 .810
OLB .77 3 2.85 .810
KTTA 1.49 1 1.84 .809
TIGR .50 8 4.91 .808
MNOV .74 3 2.75 .807
ENVB .27 3 1.01 .801
KXIN .17 6 1.27 .798
AYRO .60 2 1.53 .784
MOHO .11 3 0.4201 .783
APTO .28 4 1.43 .780
ATXI .74 1 0.9564 .773
ONCS .68 1 0.88 .772
GROM .76 2 1.97 .770
EXPR .47 5 3.05 .770
PPSI .67 9 7.8 .765
LHDX 1.58 4 8.26 .764
GNLN .36 2 0.9402 .764
DTST .84 3 3.3 .762
VYGR 1.06 2 2.8 .756
XPEV .46 84 46.07 .756
EYEG 1.45 1 1.95 .743
NVAX 7.31 16 157.8 .736
WEI .57 1 0.7738 .736
LEDS 1.24 3 5.05 .735
ACIU 1.91 2 5.2 .734
VERB .12 8 1.34 .712
ACOR .41 4 2.32 .704
APRE .69 3 2.97 .696
BABA .82 99 114.8 .693
OPAD 1.25 4 7.23 .688
ZEV 1.17 4 6.79 .688
GLSI 3.27 5 23.8 .685
RFL .71 5 5.17 .685
BFRI 1.31 6 11.49 .684
SCKT .74 4 4.32 .684
XELA .09 7 0.926 .679
RCON .51 2 1.52 .670
LCID 1.90 13 36.98 .663
NVDA 1.28 165 309.45 .660
ATNF .66 4 4 .660
NRBO .49 2 1.49 .656
ISPC 1.00 7 10.65 .651
GOVX .36 7 3.84 .651
OPTT 1.10 1 1.69 .650
ENOB .94 5 7.21 .650
TRIT .34 5 2.6 .650
EVOL .74 2 2.28 .648
ENG .30 3 1.39 .645
BILI 1.28 23 44.59 .644
IPHA .78 4 4.82 .644
NTRB 1.15 2 3.59 .640
AVXL 2.41 5 19.1 .630
ATOS .21 5 1.66 .630
UAVS .36 3 1.72 .627
WINT .31 3 1.49 .624
RSLS .27 4 1.72 .624
AMBO .61 1 0.98 .622
FLGC .19 6 1.84 .618
DQ 3.36 7 37.81 .616
COHN 1.95 5 15.746 .615
SYTA 1.89 1 3.08 .613
XELB .34 2 1.11 .612
MVST .61 6 6.07 .600
GALT .44 3 2.2 .600
JFU .22 3 1.1 .600
ENSC .61 4 4.08 .596
BKKT 2.95 2 9.96 .592
LEXX .63 4 4.23 .592
MARA 1.03 20 35.14 .580
ADMP .36 1 0.6271 .574
AVGR .04 7 0.49 .567
HAPP .30 1 0.5387 .556
ZCMD 1.01 1 1.8173 .555
ALEC 2.10 6 22.62 .552
AVCT .33 4 2.39 .552
WNW 1.34 1 2.43 .551
OBLN .56 3 3.05 .549
WBX 4.49 2 16.51 .542
ALDX 1.09 2 4.06 .536
OTLK .38 2 1.42 .534
WHLR .54 2 2.03 .532
UONE .37 7 4.85 .532
PENN 2.65 10 49.34 .530
PSTV .60 1 1.13 .530
KNBE 1.80 7 23.74 .525
RHE 1.27 2 4.86 .522
SLGG .64 2 2.46 .520
WISH .58 3 3.36 .516
GRVI .74 3 4.32 .513
MINM .32 2 1.25 .512
SDC .64 2 2.52 .506
WATT .32 2 1.26 .506
LWAC 1.73 5 16.98 .505
NNOX 1.69 5 16.58 .505
DTSS .87 1 1.72 .505
LIFE .93 4 7.4 .500
BTX 1.13 2 4.53 .498
MRNA 3.05 41 241.44 .492
WPRT .58 2 2.35 .492
ARAV 1.21 1 2.46 .491
BGFV .97 10 19.59 .490
ENTX .77 2 3.155 .488
MQ 1.18 7 17.09 .483
CRIS 1.20 2 5 .480
GTEC .80 4 6.71 .476
PIRS .23 7 3.36 .476
SLS .69 4 5.83 .472
LYEL 1.21 3 7.69 .471
PEAR 2.37 1 5.09 .465
OSMT .13 4 1.12 .464
EYPT 5.86 1 12.64 .463
MTP .56 1 1.2282 .455
BPTH .95 2 4.18 .454
RKDA .49 1 1.08 .453
GMBL .88 2 3.88 .452
UFAB .46 2 2.04 .450
SGBX .32 3 2.13 .450
ABUS .22 8 3.86 .448
GEG .90 1 2.04 .441
ARDS 1.12 1 2.54 .440
BCRX .62 10 13.83 .440
ORMP .35 19 14.65 .437
ADMA .54 1 1.25 .432
DBVT .06 12 1.65 .432
AUPH 1.04 10 23.91 .430
TQQQ .64 143 173.39 .429
RELI .86 3 6.02 .426
NKLA .28 17 10.78 .425
GEVO .49 4 4.61 .424
HUSN .29 4 2.73 .424
VIVE .26 2 1.24 .418
BTCM .72 4 6.91 .416
BODY .47 2 2.25 .416
PME .26 1 0.63 .412
DOCS 2.62 8 52.37 .400
BON .62 3 4.69 .396
TRCH .98 2 4.95 .394
BHTG .33 1 0.837 .394
MRAM 1.52 3 11.61 .390
PLG .24 3 1.86 .387
ASTR .62 5 8.01 .385
DWSN .44 2 2.28 .384
NEXT .29 4 3.01 .384
VNET 1.13 3 8.83 .381
CTSO .42 4 4.38 .380
IFRX .58 3 4.57 .378
SNMP .11 2 0.58 .378
HUGE .37 1 0.9823 .376
CLSD .35 3 2.8 .375
M .58 17 26.05 .374
NEPT .07 2 0.3731 .374
IPA 1.04 2 5.585 .372
DDD .70 12 22 .372
ONCT .45 2 2.41 .372
BNR 1.30 3 10.5 .369
NNDM .48 3 3.91 .366
ZG 3.19 7 60.99 .364
EZFL .57 1 1.57 .363
AVIR 1.14 3 9.43 .360
SKLZ .67 4 7.43 .360
DYAI .51 3 4.22 .360
WIMI .27 4 2.99 .360
CERE 1.78 7 34.61 .357
CMMB 1.24 2 6.96 .356
IMNM 1.42 4 16.09 .352
EVGO .45 8 10.05 .352
MRKR .36 1 1.03 .349
KODK .86 2 4.92 .348
NNVC .44 3 3.78 .348
AGEN .10 12 3.37 .348
SE 4.12 19 219.6 .342
UPST 2.99 19 160.04 .342
BNTX 3.02 31 254.84 .341
ADIL .45 2 2.64 .340
ENZ .54 2 3.19 .338
RAPT 1.77 7 36.43 .336
SPRB .47 3 4.21 .333
MITO .28 1 0.8399 .333
EOSE 1.39 2 8.37 .332
VOXX 1.16 3 10.53 .330
KMPH 1.03 3 9.31 .330
SOFI .73 7 15.39 .329
XBIO .06 8 1.46 .328
ZY .78 3 7.1 .327
ARPO .72 1 2.2 .327
BBLG 1.14 1 3.49 .326
LAZR 1.16 5 17.79 .325
IMMR .33 6 6.05 .324
ATAI 1.29 2 7.99 .322
IMMP .16 7 3.44 .322
VBLT .21 3 1.96 .321
LMFA .35 5 5.42 .320
SPLK 6.20 6 115.03 .318
TSP 1.90 6 35.35 .318
TSLA 3.00 158 1093.94 .316
RSKD 1.24 2 7.83 .316
HUYA .53 4 6.63 .316
CAN .43 4 5.38 .316
APOP .84 5 13.17 .315
AEI .09 2 0.57 .314
GRU 1.51 1 4.8102 .313
GDEV .87 3 8.3 .312
VTSI .56 4 7.09 .312
MDIA .50 3 4.78 .312
JFIN .36 2 2.3 .312
NVCR 2.63 10 82.71 .310
SNES .16 2 1.03 .310
ZLAB 2.93 7 65.9 .308
IMTX .98 4 12.59 .308
OCX .70 1 2.27 .308
AFRM 1.88 18 105.73 .306
QFIN .77 9 22.08 .306
TELL .11 9 3.19 .306
ACY .99 19 59.93 .304
TATT .65 3 6.38 .303
ZM 3.91 15 187.44 .300
FIGS 1.33 6 26.12 .300
ABSI 1.25 2 8.29 .300
VLDR .76 2 5.04 .300
JRJC .67 3 6.66 .300
KBSF .46 2 3.05 .300
ME .34 6 6.79 .300
EFOI .29 4 3.82 .300
CCXI 3.66 3 36.92 .297
GRTX .50 3 5.05 .297
APPS 3.13 6 63.44 .294
OSTK 2.60 7 61.05 .294
FGEN 1.47 3 14.89 .294
ALZN .21 3 2.13 .294
OBSV .10 6 2.01 .294
ALTO .29 5 4.93 .290
RLMD 1.57 4 21.73 .288
SBEA 1.45 2 10.03 .288
GSM .27 7 6.46 .287
GPN 3.54 11 135.15 .286
ZIM 1.48 11 54.93 .286
AMTX 1.20 3 12.61 .285
MTL .05 19 3.3 .285
OCUP .51 2 3.59 .284
CLPS .57 1 2.01 .283
CLPS .57 1 2.01 .283
VERU .45 4 6.34 .280
W 6.04 9 192.86 .279
PLUG .92 9 29.6 .279
MESO .65 2 4.66 .278
IGIC .70 3 7.65 .273
KSS 1.41 10 50.8 .270
NLS .84 2 6.18 .270
MTTR .44 15 23.91 .270
PBR .30 10 11.08 .270
FENG .11 2 0.814 .270
KURA 1.04 4 15.43 .268
INFI .16 4 2.4 .264
AMEH 2.05 9 70.56 .261
AMD 1.65 26 154.36 .260
LAC .62 13 30.2 .260
EVGN .43 1 1.68 .255
LJPC .62 2 4.87 .254
FCX .45 25 41.99 .250
CARA 1.57 2 12.57 .248
AEHR .20 31 23.11 .248
IONQ .65 7 18.3 .245
MOSY .55 2 4.5 .244
TLRY .47 4 7.61 .244
ORGS .70 1 2.88 .243
DOCN 1.90 11 83.96 .242
SQ 1.68 24 163.67 .240
CELC 1.05 3 13.08 .240
APT .86 2 7.15 .240
CLF .43 12 20.68 .240
RAIL .24 4 3.97 .240
IMV .15 2 1.26 .238
MOGO .24 4 4.01 .236
DARE .47 1 2 .235
GNFT .24 5 5.08 .235
SI 4.55 8 153.96 .232
BRLT .96 4 16.44 .232
NIU .93 4 15.86 .232
SQBG .73 2 6.24 .232
MDNA .05 8 1.72 .232
DDS 5.48 11 251.84 .231
STG 1.13 1 4.88 .231
AKTX .36 1 1.57 .229
EXPI 1.38 6 35.88 .228
OVID .38 2 3.31 .228
BIOC .22 4 3.82 .228
AXLA .26 2 2.29 .226
RBLX 1.49 16 105.01 .224
CVV .46 2 4.12 .222
CIFR .35 3 4.69 .222
BLPH .62 1 2.8 .221
SHOP 28.96 11 1400.59 .220
CCJ .47 11 23.03 .220
CRDF .45 3 6.09 .219
MBOT .98 2 8.95 .218
TASK 1.74 7 55.24 .217
JD 1.24 12 65.87 .216
VIR 1.13 8 40.41 .216
LOOP .55 5 12.76 .215
CHGG 2.17 3 30.28 .213
CGC .68 3 9.45 .213
EQOS .46 1 2.15 .213
FOSL 1.09 2 10.2 .212
ENSV .20 1 0.9462 .211
ABNB 3.59 10 169.71 .210
NVTS 1.62 2 15.41 .210
DLO 1.53 5 36.24 .210
FSTX 1.04 1 4.94 .210
DKNG .99 6 28.2 .210
STEM .68 6 19.02 .210
GPS .54 7 17.54 .210
OXBR .30 5 7.06 .210
SALM .13 5 3.09 .210
HOL .84 3 12.35 .204
EDTK .10 2 0.98 .204
EDSA 1.24 1 6.09 .203
TENX .21 1 1.03 .203
SIF 1.16 1 5.77 .201
XAIR 1.97 1 9.85 .200
DELL 1.42 8 56.6 .200
HHR .98 11 52.52 .198
BLU .51 3 7.64 .198
GENE .13 3 1.96 .198
CPE 1.54 7 53.18 .196
CHMA .37 2 3.76 .196
CPIX .24 4 4.85 .196
BVXV .23 2 2.33 .196
DUOL 7.27 3 110.25 .195
AESE .35 1 1.79 .195
PUBM 6.66 1 34.27 .194
MSTR 14.75 8 608.28 .192
GSAT .12 2 1.25 .192
PRTA 1.04 9 47.43 .189
DNUT .39 9 17.85 .189
AMZN 6.99 94 3393.39 .188
NTEC .46 4 9.63 .188
FBRX .40 1 2.13 .187
TWTR 1.40 6 44.33 .186
RUN 1.04 6 33.27 .186
PDD 2.15 5 56.96 .185
SCYX .31 4 6.615 .184
CELH 1.96 7 73.55 .182
FUV .77 2 8.44 .182
ERJ .24 14 17.35 .182
SKT 1.17 3 19.34 .180
GIII 1.02 5 27.71 .180
FUBO 1.01 3 16.81 .180
GP .49 3 8.11 .180
SOHU .47 6 15.37 .180
ACB .36 3 5.94 .180
DMAC .31 2 3.43 .180
TOST 3.31 2 36.78 .178
LBPH .92 1 5.19 .177
DDL 1.22 2 13.71 .176
JWN .98 4 22.22 .176
BYND 2.00 6 66.75 .174
CLII .84 3 14.36 .174
RIG .09 6 3.07 .174
AZYO 1.08 1 6.21 .173
SRNE .85 1 4.91 .173
GTT .41 1 2.36 .173
BLUW .83 2 9.63 .172
BQ .08 2 0.9205 .172
AUTL .30 3 5.18 .171
HIPO .25 2 2.93 .170
IAC 3.19 7 129.94 .168
GTIM .74 1 4.4 .168
RIOT .73 6 25.85 .168
AEY .31 1 1.84 .168
NBEV .19 1 1.13 .168
BKYI .19 2 2.26 .168
ACHL .89 1 5.3 .167
NXTP .14 1 0.836 .167
HOG 1.23 5 36.4 .165
MITQ .36 1 2.2 .163
DNA 1.58 1 9.73 .162
SFIX 1.08 3 19.92 .162
DKS 1.01 18 107.48 .162
CALA .11 1 0.6764 .162
LYFT 1.43 5 43.52 .160
ASAN .80 16 76.41 .160
TAL .32 2 4 .160
KULR .06 8 2.95 .160
BWAY .42 3 7.79 .159
NETE 1.04 2 13.09 .158
SSKN .22 1 1.4 .157
NEWR 2.93 6 111.82 .156
EDIT 1.47 3 28.15 .156
MAT .55 6 21.11 .156
PBLA .25 1 1.61 .155
TISI .17 1 1.09 .155
ENLV .49 2 6.3 .154
SEMR 1.11 3 21.44 .153
AAL .32 9 18.17 .153
ARVN 1.55 8 80.78 .152
ISEE .62 4 16 .152
LI .76 6 29.9 .150
HNST .41 3 8.12 .150
AFMD .29 3 5.7 .150
IKT .24 1 1.6 .150
PRPO .09 3 1.78 .150
IRDM 1.55 4 41.79 .148
VCVC 1.46 1 9.85 .148
UWMC .23 4 6.09 .148
TGTX .93 3 18.65 .147
JKS 1.23 5 42.17 .145
SCR 1.05 5 35.58 .145
OMER 1.00 1 6.89 .145
U 3.60 6 148.01 .144
ALLO 1.11 2 15.41 .144
LUV .79 8 41.76 .144
CYAD .56 1 3.87 .144
PFE .49 18 58.01 .144
SSNT .34 2 4.66 .144
LC .31 12 25.57 .144
COTY .19 8 10.49 .144
PETZ .17 4 4.62 .144
DE 4.88 11 350.75 .143
CLOV .28 2 3.89 .142
WTER .09 2 1.26 .142
APP 1.38 10 95.81 .140
CRON .12 5 4.18 .140
VIH 1.31 1 9.36 .139
DPST 2.33 3 49.99 .138
FLGT 2.27 6 97.28 .138
SONO .70 6 29.84 .138
PRPL .32 6 13.44 .138
TESS .30 3 6.47 .138
BIGC 2.58 2 37.8 .136
NGM 1.25 2 18.18 .136
YMM .58 2 8.47 .136
CPG .09 8 5.2 .136
FRD 1.28 1 9.43 .135
GAME .43 1 3.2 .134
GRVY 1.33 7 69.23 .133
CMTL 3.13 1 23.64 .132
PTON .78 6 35.13 .132
EQ .53 1 4.01 .132
ATIF .43 1 3.25 .132
ANIX .38 1 2.88 .131
DASH 2.11 10 156.04 .130
VSCO 1.29 5 48.7 .130
TDC 1.17 5 44.05 .130
OCG .05 13 4.88 .130
RL 1.89 8 116.93 .128
GH 1.57 8 96.01 .128
FLWS .75 4 23.26 .128
OCG .16 4 4.88 .128
SAM 9.40 7 512.21 .126
CRM 2.49 14 255.45 .126
SHEN 1.11 3 26.11 .126
LEGN 1.04 6 49.48 .126
BKE .89 6 41.97 .126
DAL .85 6 39.63 .126
MRO .12 18 16.56 .126
AEMD .09 3 2.12 .126
THCB 1.25 1 10 .125
BRTX .58 1 4.65 .124
FENC .27 2 4.32 .124
LIVE 1.37 3 33.125 .123
BGI .19 3 4.62 .123
MBII .08 1 0.6471 .123
HJLI 1.27 1 10.38 .122
PATI .50 2 8.09 .122
BCLI .23 2 3.73 .122
ASML 5.51 20 811.43 .120
IMAB .96 6 46.33 .120
CRCT .70 4 22.87 .120
FTCH .67 6 33.29 .120
AA .65 12 59.19 .120
CPSH .51 1 4.23 .120
SBBP .12 2 2 .120
TWST 1.37 7 76.43 .119
BZUN .80 2 13.4 .118
DLTR 1.90 9 138.47 .117
JRVR 1.10 3 27.76 .117
MSFT .54 117 342.45 .117
IRIX .18 4 6.11 .116
ACMR 1.83 5 79.3 .115
CLDX 1.61 3 41.83 .114
TVTX 1.19 3 31.15 .114
WMT .87 19 140.76 .114
KZR .60 3 15.78 .114
FFHL .44 2 7.68 .114
GMTX .17 2 2.95 .114
RGEN 4.41 7 267.86 .112
AN 1.67 8 112.74 .112
XLNX 1.57 16 220.27 .112
JPM 1.29 14 158.16 .112
RRGB .96 2 17.07 .112
CHPT .53 4 18.68 .112
AAPL .32 112 180.33 .112
AMRS .60 1 5.38 .111
ORCL .28 37 89.54 .111
DPZ 5.62 11 557.21 .110
LIVX .17 2 3.07 .110
SBS .08 10 7.15 .110
DIS 1.86 9 152.8 .108
AEO 1.32 2 24.35 .108
PINS 1.00 4 36.93 .108
MAXR .83 4 30.45 .108
FB .65 108 346.22 .108
ACI .27 12 29.83 .108
TTCF .86 2 16.05 .106
LAD 6.41 5 294.7 .105
TMX 1.58 3 45.08 .105
NFLX .76 105 610.71 .105
CCL .45 5 20.95 .105
ROKU 3.14 8 227.93 .104
MSGE 1.88 4 70.94 .104
CAH 1.34 4 51.36 .104
COUR 1.32 2 25.14 .104
APXT 1.27 1 12.11 .104
UAA .56 4 20.93 .104
CREX .15 1 1.43 .104
BFLY .72 1 6.94 .103
CLNE .67 1 6.48 .103
QDEL 2.32 6 131.94 .102
RMBL 1.41 3 40.58 .102
TJX 1.31 6 74.77 .102
BZ 1.22 3 35.14 .102
MRUS 1.10 3 31.97 .102
CYTK .80 6 45.85 .102
KZIA .41 2 8 .102
GT .37 6 21.41 .102
KR .30 17 43.74 .102
TEDU .09 2 1.75 .102
GURE .46 1 4.54 .101
VLO 1.86 4 73.13 .100
CREE 1.64 5 79.12 .100
DOMO 1.26 4 50.3 .100
SKX 1.09 4 43 .100
IS .76 1 7.56 .100
ULBI .31 2 6.16 .100
DRN .29 10 28.88 .100
REGN 7.44 9 634.77 .099
LLY 2.74 11 278.41 .099
PYPL 2.14 9 192.01 .099
KMB 1.62 9 139.8 .099
LAW 1.23 3 36.94 .099
INM .14 1 1.41 .099
ESTC 1.83 7 122.34 .098
FANG 1.55 7 110.16 .098
BBY 1.45 7 99.08 .098
XPDI .08 14 11.03 .098
CYTH .34 1 3.47 .097
GKOS 4.45 1 46.31 .096
FATE 1.44 4 57.86 .096
EAT 1.21 3 37.51 .096
BTWN .95 1 9.82 .096
UBER .71 6 42.96 .096
ABCL 1.31 1 13.71 .095
FL .84 5 42.19 .095
MOS .76 5 40 .095
SMLP 1.07 2 22.52 .094
MFNC 1.02 2 21.5 .094
VMEO .85 2 17.85 .094
XM 1.10 3 34.92 .093
CALT .80 3 25.68 .093
KIRK .48 3 15.11 .093
VSTM .07 3 2.23 .093
ARMP .49 1 5.31 .092
ZNGA .15 4 6.42 .092
CNFR .10 2 2.17 .092
BIIB 3.16 7 234.19 .091
KRYS 6.33 1 70.06 .090
SNOW 3.29 10 351.99 .090
CAT 1.88 10 206.38 .090
XBI 1.75 6 115.17 .090
FISV 1.64 6 103.94 .090
INMD 1.31 5 70.6 .090
VMW 1.17 9 116.28 .090
USB 1.06 5 56.74 .090
PTGX 1.05 3 34.19 .090
HCM .66 5 35.19 .090
VNE .55 6 35.63 .090
FFIE .22 2 4.85 .090
FRO .04 18 7.06 .090
CM 1.33 8 117.47 .088
STRO .65 2 14.57 .088
SPTN .59 4 26.27 .088
K .55 11 63.26 .088
GBR .24 1 2.7 .088
OVV 1.01 3 34 .087
SBTX .57 1 6.54 .087
YEXT .91 1 10.58 .086
CHRA .40 1 4.62 .086
WYNN 1.57 5 87.58 .085
CNC 1.49 5 84.37 .085
C 1.06 5 60.65 .085
OPNT .73 4 33.65 .084
CSCO .45 12 63.42 .084
CIEN .33 21 77.33 .084
BLNK .18 14 27.4 .084
MNSO .82 1 9.88 .082
PLTR .77 2 18.57 .082
EOLS .55 1 6.66 .082
MDB 5.57 9 559.19 .081
MDT .94 9 104.43 .081
DXC .90 3 32.79 .081
COP .72 9 73.21 .081
ARCE .63 3 23 .081
SIVB 7.01 8 689.62 .080
ZS 2.76 10 329.89 .080
PKG 2.17 5 133.48 .080
PLCE 1.60 4 78.54 .080
A 1.31 10 158.74 .080
BJ .71 8 66.32 .080
VIPS .66 1 8.24 .080
TTD .56 16 97.68 .080
IWM 2.93 6 224.12 .078
SPT 1.25 6 91.33 .078
PFGC 1.21 3 45.92 .078
WFC .66 6 48.77 .078
SLV .56 3 21.33 .078
HPQ .53 6 37.95 .078
SLB .41 6 29.84 .078
ET .11 6 8.3 .078
LMT 2.51 11 350.28 .077
SILK .52 7 44.63 .077
CRNC 1.55 4 79.7 .076
GNOG .78 1 10.24 .076
LTHM .12 19 25.78 .076
EKSO .11 2 2.83 .076
BHVN 2.12 5 137.23 .075
QCOM 1.05 15 186.33 .075
ERF .27 3 10.74 .075
CDEV .10 5 6.48 .075
ORGO .35 2 9.27 .074
THTX .22 1 2.95 .074
GDYN 3.03 1 42.08 .072
ROST 2.08 4 112.37 .072
ENPH 1.82 8 188.69 .072
SPG 1.55 8 158.43 .072
BCYC 1.49 3 59.83 .072
CSIQ .58 4 30.96 .072
RVI .24 2 6.54 .072
TBLA .70 1 9.85 .071
GBS .11 1 1.54 .071
EL 3.86 7 367.8 .070
SITM 2.97 7 288.68 .070
TTC 1.42 5 99.88 .070
CTRN 1.11 5 78.27 .070
MYGN .98 2 27.34 .070
STX .84 10 113.84 .070
ROIV .83 1 11.82 .070
MS .74 10 100.4 .070
INTC .54 7 51.94 .070
PSTG .50 5 34.16 .070
TME .45 1 6.34 .070
VTGN .03 5 2.05 .070
XMTR 3.46 1 50.63 .068
KMX 2.23 4 127.49 .068
BLDR 1.45 4 84.31 .068
APPN 1.29 4 72.22 .068
MO .84 4 46.79 .068
VXX .35 4 19.7 .068
EDU .14 1 2.03 .068
IRCP .04 4 2.23 .068
WSM 1.97 6 168.61 .066
SCHW 1.01 6 85.82 .066
UAL .99 3 44.58 .066
LOGI .99 6 84.9 .066
ABT .93 11 140.47 .066
VALN .71 6 59.31 .066
SM .68 3 30.43 .066
MRTN .38 3 16.96 .066
SLHG .10 1 1.5 .066
YPF .09 3 4.07 .066
SSL .06 22 16.38 .066
UNH 2.55 13 499.5 .065
HRI 2.10 5 158.05 .065
RACE 1.48 13 258.14 .065
VRNT .69 5 52.09 .065
SEDG 2.57 8 285.6 .064
RSI .55 2 16.85 .064
T .42 4 24.78 .064
DUOT .40 1 6.19 .064
HWCC .34 1 5.3 .064
PPBT .26 1 4.04 .064
SNPS 3.62 7 375.59 .063
MA 3.58 7 360.31 .063
GS 2.93 9 387.61 .063
WDAY 2.57 7 279.35 .063
BIG .91 3 42.6 .063
KO .46 9 58.65 .063
WOOF .43 3 19.63 .063
MOMO .19 3 8.9 .063
BEKE .61 2 19.58 .062
OXY .06 31 29.64 .062
CCMP 11.86 1 193.88 .061
RNG 11.84 1 191.84 .061
THC 4.91 1 80.02 .061
DFH 1.18 1 19.3 .061
ADBE 3.38 12 577.68 .060
CVS 1.62 4 102.4 .060
LOW 1.46 12 254.02 .060
YETI 1.27 4 83.97 .060
CHKP 1.25 6 117.68 .060
SUPN .95 2 31.02 .060
GM .91 4 57.43 .060
IBM .88 10 132.63 .060
ATVI .81 5 65.45 .060
JBL .75 6 71.3 .060
CROX .67 12 127.83 .060
FLXN .55 1 9.12 .060
BAC .47 6 44.7 .060
XOM .38 10 61.69 .060
SBH .38 3 18.89 .060
ON .35 12 68.32 .060
FLO .28 6 27.12 .060
GGAL .16 4 10.15 .060
AHPI .12 3 6 .060
RRD .07 10 10.72 .060
OEG .14 1 2.37 .059
CFLT 2.29 2 76.59 .058
LL 1.01 1 17.35 .058
AMKR .70 2 23.93 .058
XERS .14 1 2.41 .058
HITI .25 1 4.35 .057
SPWH .22 3 11.52 .057
INTU 4.61 8 652.77 .056
COST 2.35 14 563.47 .056
ROLL 1.78 7 204.28 .056
HON 1.76 7 206.43 .056
AMAT 1.16 8 162.72 .056
TGT 1.08 14 224.1 .056
TMUS 1.01 7 118.58 .056
SJM .63 14 133.85 .056
SWN .07 4 4.93 .056
COIN 1.45 11 280.27 .055
GWRE 1.30 5 114.11 .055
V 1.18 11 217.63 .055
TSN 1.03 5 86.16 .055
ITRO .07 1 1.27 .055
LII 2.97 6 321.03 .054
AMGN 2.19 6 225.17 .054
DG 2.15 6 228.32 .054
CI 2.12 6 227.86 .054
KYMR 1.69 2 61.96 .054
TSCO 1.52 9 231.47 .054
ECOM 1.37 1 25.18 .054
HAS .94 6 99.33 .054
GE .86 6 94.62 .054
FITB .82 3 43.78 .054
SWI .79 1 14.59 .054
CRMT .72 9 103.5 .054
MRVL .60 9 90.81 .054
RKT .41 2 14.71 .054
RDUS .38 1 7.02 .054
KHC .35 6 35.86 .054
SANA .82 1 15.35 .053
CAR 6.00 2 223.22 .052
TRI 1.63 4 118.62 .052
TAP 1.23 2 45.68 .052
FA .96 1 18.46 .052
CUE .62 1 11.9 .052
PDCO .41 4 29.51 .052
VIEW .13 2 4.88 .052
NFE 1.27 1 24.69 .051
ATHM .49 3 27.23 .051
EQT .39 3 22.82 .051
KEYS 2.15 5 207.93 .050
TSC 1.55 1 30.43 .050
EA 1.35 5 133.04 .050
OLLI 1.29 2 49.68 .050
OTIS .91 5 86.46 .050
XONE .67 2 26.7 .050
ADSK 2.04 7 284.3 .049
ALC .62 7 87.79 .049
MFGP .04 7 5.39 .049
COF 1.87 4 145.89 .048
PAYX 1.68 4 135.64 .048
NTAP 1.16 4 93.34 .048
WGO 1.15 3 71.85 .048
APG .62 2 25.39 .048
EPU .48 3 29.36 .048
MRK .37 12 76.81 .048
AZN .21 16 58.06 .048
AGNC .19 4 15.47 .048
ACH .67 1 14.2 .047
PWR 2.69 2 114.38 .046
RF .52 2 21.85 .046
SNDL .03 1 0.6418 .046
STE 2.26 5 244.98 .045
LIN 1.72 9 343.42 .045
JNJ 1.64 5 169.67 .045
LH 1.59 9 306.81 .045
STT 1.48 3 93.79 .045
LPX 1.24 3 78.88 .045
OKE .92 3 59.41 .045
TNA .83 5 86.6 .045
ANF .52 3 34.33 .045
PKI 2.16 4 195.36 .044
EVA 1.62 2 72.06 .044
MNST 1.05 4 94.8 .044
GLD .70 11 169.37 .044
PG .66 11 162.84 .044
ARMK .42 4 36.34 .044
NPTN .67 1 15.3 .043
MMM 1.20 7 176.7 .042
NEE .65 6 91.88 .042
TBIO .53 3 37.36 .042
BBWI .53 6 69.8 .042
HRL .31 7 47.98 .042
TTM .11 14 31.72 .042
PANW 23.18 1 568.34 .040
LSI 3.13 2 150.19 .040
SNA 1.89 5 213.97 .040
DAVA 1.77 4 170.13 .040
BURL 1.68 8 289.84 .040
ADI 1.48 5 174.38 .040
NXPI 1.35 8 232.78 .040
UHS 1.30 4 128.71 .040
AKAM 1.27 4 117.92 .040
HD .95 20 404.09 .040
XLK .83 10 175.73 .040
DD .80 4 79.81 .040
CTKB .66 1 16.14 .040
RY .56 8 105.59 .040
XLE .28 10 56.06 .040
KDMN .10 4 9.5 .040
GRUB .15 3 11.02 .039
EGRX 1.01 2 52.83 .038
GPK .38 2 19.12 .038
BLFS 1.55 1 41.34 .037
FCBP 1.08 1 29.1 .037
DVAX .53 1 14.2 .037
LICY .37 1 9.89 .037
PCTY 8.94 1 242.58 .036
ANTM 2.99 6 464.21 .036
AAP 1.46 6 236.5 .036
J 1.33 4 140.2 .036
LITE 1.30 3 106.99 .036
AXP 1.07 6 164.39 .036
UPS .93 9 214.68 .036
KNL .92 1 25.04 .036
ABBV .83 6 134.39 .036
DEN .72 4 75.32 .036
LESL .44 2 23.83 .036
HMHC .31 2 16.34 .036
XLP .28 12 76.05 .036
GIS .25 12 66.06 .036
NOK .04 6 6.34 .036
BEST .01 3 0.83 .036
TTWO 1.26 5 179.39 .035
CLX 1.20 5 170.89 .035
VGR .61 1 17.25 .035
LEN .58 7 114.5 .035
SRNG .41 1 11.42 .035
BP .16 7 27.14 .035
LZB .64 2 36.06 .034
ALAC .21 2 11.68 .034
WM .61 11 163.79 .033
BRG .30 3 26.27 .033
BKNG 10.17 8 2394.51 .032
HCA 2.20 4 253.77 .032
MPC .54 4 64.08 .032
CORT .32 2 19.62 .032
ENIC .06 1 1.85 .032
IRTC 3.69 1 119.03 .031
RMD 8.09 1 262.07 .030
BLK 6.24 5 922.57 .030
XLY 1.32 5 205.17 .030
RTX .88 3 85.24 .030
FOE .67 1 21.75 .030
NKE .63 10 167.58 .030
HOLI .43 1 14.02 .030
XLF .40 3 39.22 .030
MU .30 10 94.43 .030
TEO .08 2 5.3 .030
LPTX .03 3 2.86 .030
SMH 4.39 2 313.44 .028
GOOG 3.73 28 2961.28 .028
PCVX .65 1 23.09 .028
FLOW .63 4 86.22 .028
MT .48 2 32.66 .028
RCUS 1.22 1 43.9 .027
OLN .56 3 57.69 .027
CLSK .30 1 11.01 .027
RCAT .02 3 2.21 .027
VZ .73 2 52.68 .026
GSKY .15 2 11.51 .026
ACHV .11 2 8.15 .026
TRIL .47 1 18.44 .025
AZO 5.11 12 2047.06 .024
ATKR 1.43 2 111.92 .024
ALXN 1.24 4 182.5 .024
MCD .98 8 268.24 .024
AZPN .96 4 152.66 .024
DUK .39 8 103.29 .024
CL .38 6 83.91 .024
VSH .18 3 21.65 .024
UNIT .11 3 13.41 .024
VRTX 5.31 1 221.93 .023
B 1.08 1 46.41 .023
CRTO .90 1 37.68 .023
HNP .33 2 27.93 .022
SPB 2.21 1 101.67 .021
PEP .66 7 171.47 .021
STN .44 3 55.71 .021
PLD .67 5 165.79 .020
NUAN .57 2 55.32 .020
SLVO .03 4 5.04 .020
IRBO .83 1 41.61 .019
UHAL 1.98 9 721.04 .018
CNA .83 1 44.46 .018
D .17 9 77.43 .018
AMOM .66 1 36.8695 .017
PSTX .12 1 6.91 .017
SPY 2.27 4 477.26 .016
STMP 1.59 4 329.61 .016
LANC 1.43 2 162.62 .016
STZ 1.17 4 246.8 .016
AIT .91 2 103.4 .016
UTHR .86 4 214.69 .016
IYC .39 4 83.96 .016
XLV .31 8 140.77 .016
VCLO .25 1 15.25 .016
CSPR .11 1 6.67 .016
INCY .27 5 73.3 .015
SELF .09 1 5.7 .015
TNET 1.38 1 96.96 .014
CHNG .15 2 21.29 .014
ADMS .06 2 8.22 .014
AXON 2.25 1 161.12 .013
CAI .78 1 56 .013
FRBK .05 1 3.81 .013
TSM .54 3 122.06 .012
HRC .42 6 155.96 .012
EPAY .28 3 56.59 .012
PPC .17 2 27.79 .012
HDGE .12 3 24.79 .012
PNRG .79 1 67.9179 .011
MGTX .27 1 22.53 .011
SAFM .97 2 189.22 .010
ECHO .49 1 48.24 .010
INOV .22 2 41.06 .010
VRS .15 2 27.05 .010
ESXB .06 2 11.3 .010
HALO .39 1 40.37 .009
GTS .33 1 35.65 .009
IEC .14 1 15.34 .009
SVBI .13 1 13.63 .009
RTLR .02 9 10.99 .009
TDG 1.87 4 627.5 .008
ANET 1.23 1 146.84 .008
LMRK .07 2 16.49 .008
PBT .04 2 9.22 .008
HFBL .16 1 20.382 .007
ROG 1.67 1 273.38 .006
VOOV .54 2 151.17 .006
CONE .24 3 90.23 .006
SYKE .14 3 54 .006
FAST .11 6 63.58 .006
ITRN .07 3 26.36 .006
PSP .04 3 15.56 .006
JQUA .26 1 45.57 .005
CXM .09 1 16 .005
CLDR .08 1 15.99 .005
TAAG .09 1 20.9494 .004
CPLG .07 1 15.65 .004
KIN .02 2 9.25 .004
RAVN .10 3 58.08 .003
IACB .01 3 7.95 .003
VG .06 1 20.79 .002
CXP .04 1 19.28 .002
SIC .03 1 14.49 .002
NWHM .02 1 8.99 .002
EIC .02 2 17.16 .002
DSE .02 1 9.49 .002
ULTA .62 1 398.81 .001
VCAR .03 1 16.1 .001
PMD .01 1 7.11 .001
ULTA .05 12 398.81 0
INFL .01 2 31.29 0
DFP .01 3 27.62 0
WMPN 0 4 12.08 0
QQC 0 2 34.11 0
QADB 0 4 87.54 0
PAE 0 1 9.92 0
ONON 0 1 51.42 0
NLSP 0 1 1.25 0
LHAA 0 1 9.7 0
HWBK 0 1 25.62 0
DVD 0 1 3.61 0
APWC 0 1 2.99 0
NSYS -.12 1 10.1 -.011
