EJH 5.21 6 2.75 11.364
LAIX 1.72 4 0.8778 7.836
SCPS 3.34 7 3.72 6.279
EEIQ 4.33 5 4.03 5.370
NVOS 1.65 5 1.7651 4.670
NEGG 3.07 20 13.37 4.580
AACG 2.14 5 2.34 4.570
CPOP 2.34 5 2.89 4.045
AUVI 2.56 8 5.32 3.848
VRPX 1.77 9 4.21 3.780
DPW 1.56 5 2.29 3.405
JZXN 1.63 4 2 3.260
FCEL .17 129 7.29 2.967
JAN 3.24 5 6.06 2.670
EYES 1.22 6 2.84 2.574
SIEB 1.53 5 3.06 2.500
JG 1.30 3 1.56 2.499
AAME 1.97 5 4.09 2.405
NRXP 3.86 6 9.9 2.334
KOSS 5.35 7 16.57 2.254
CEMI .75 7 2.34 2.240
NURO 1.47 11 7.34 2.200
BSQR .35 13 2.2 2.067
NAOV .27 11 1.51 1.958
AMC 1.21 57 36.6 1.881
TYME .45 4 0.9739 1.848
IRNT 3.52 5 9.81 1.790
SGOC 1.19 9 6.03 1.773
GRTS 3.14 5 8.93 1.755
INDP 2.52 5 7.17 1.755
SAVA 3.02 26 45.71 1.716
SPCE 1.26 24 19.66 1.536
MRIN 2.01 5 6.56 1.530
CARV 3.92 6 15.66 1.500
RMED .72 6 3.01 1.434
GME 2.99 82 169.8 1.394
EVK .60 6 2.61 1.374
SPRT .81 20 11.8 1.360
CSCW .39 2 0.5893 1.322
TAOP 1.35 3 3.08 1.314
HGSH 1.16 2 1.79 1.296
NCTY 2.63 5 10.56 1.245
SJ 1.24 4 3.99 1.240
WAVE 1.72 5 6.9789 1.230
AUUD .47 6 2.29 1.230
PMCB 1.11 3 2.75 1.209
AREC .62 5 2.59 1.195
BIDU 1.78 117 177.64 1.170
BTBT 1.30 9 10.17 1.143
BBIG .30 20 5.19 1.140
SNAP .57 113 55.14 1.130
NMRD 1.66 4 5.88 1.128
JCS 1.40 3 3.76 1.116
AGRI .76 3 2.04 1.116
SSY .91 3 2.49 1.095
LMNL .65 3 1.8 1.083
LHDX 1.58 4 5.89 1.072
ALYA 1.03 3 2.88 1.071
WAFU 1.50 4 5.66 1.060
BNTC 1.24 3 3.54 1.050
IGC .49 3 1.41 1.041
CETX 1.20 1 1.17 1.025
FTEK .69 3 2.06 1.002
CRTD .82 5 4.13 .990
NVFY .73 3 2.21 .990
CHCI 1.54 3 4.77 .966
BBBY 1.07 13 14.31 .962
MTSL 1.08 3 3.37 .960
DWAC 30.01 3 94.2 .954
UPC .73 3 2.3 .951
DLPN 2.14 5 11.26 .950
WORX .44 4 1.85 .948
PRFX .77 3 2.45 .942
PBTS 1.24 1 1.32 .939
OCGN 1.10 7 8.32 .924
ANPC 1.24 2 2.69 .920
BLIN .41 8 3.56 .920
NVAX 13.77 9 134.56 .918
ACRS 2.12 7 16.35 .903
TPST 2.19 5 12.15 .900
NIO .48 75 38.88 .900
PTIX .84 2 1.885 .890
MOXC 1.33 4 5.98 .888
RIDE .85 5 4.78 .885
SYPR .80 4 3.73 .856
IMPL 1.70 5 9.94 .855
YJ .40 2 0.936 .854
WHLM 1.20 4 5.63 .852
XELA .21 6 1.5 .840
BB .84 11 10.92 .836
VVOS .78 4 3.74 .832
HOFV .98 2 2.36 .830
CNET 1.11 1 1.34 .828
MARK .60 3 2.17 .828
BNGO .36 12 5.15 .828
GRTX .50 3 1.82 .822
PALI .71 3 2.61 .816
RETO .66 1 0.82 .804
XPEV .46 80 43.14 .800
CTIB .52 4 2.66 .780
EYEG 1.45 1 1.86 .779
ANVS 3.73 6 28.89 .774
SNOA 1.43 3 5.57 .768
IDEX .36 4 1.87 .768
ASM .69 1 0.9085 .759
SPCB .32 2 0.848 .754
OSAT 1.21 3 4.91 .738
EBET 3.45 6 28.18 .732
DYNT .22 5 1.5 .730
NVDA 1.21 144 227.26 .720
NBRV .76 1 1.09 .697
LODE .56 3 2.42 .693
MVIS 1.51 4 8.685 .692
KALV 1.44 8 16.8 .680
CANF 1.04 1 1.53 .679
AVXL 2.41 5 17.84 .675
CBAT .70 2 2.08 .672
ADGI 3.21 7 33.75 .665
VERY 1.39 4 8.4 .660
STAF .58 2 1.76 .658
TERN 1.53 4 9.36 .652
OPAD 1.25 4 7.76 .644
SPI 1.06 3 4.95 .642
WEI .57 1 0.9017 .632
DTST .84 3 4.02 .624
MEDS .53 5 4.26 .620
FULC 2.54 6 24.77 .612
MNOV 1.12 2 3.66 .612
VTNR .43 7 4.92 .609
AQMS .39 3 1.93 .606
ZCMD 1.01 1 1.7 .594
MBRX .81 2 2.75 .588
ATXI .74 1 1.26 .587
TSLA 4.22 146 909.68 .584
ZEV 1.49 3 7.66 .582
XTLB 1.09 2 3.74 .582
ORPH .57 4 3.95 .576
ZKIN .71 2 2.48 .572
ENOB 1.18 4 8.28 .568
LGHL .66 2 2.32 .568
EXPR .47 5 4.15 .565
HGEN 1.21 3 6.42 .564
MOHO .11 3 0.588 .561
ANY .23 16 6.5 .560
VYGR 1.06 2 3.79 .558
IPHA .78 4 5.59 .556
HOOD 1.85 12 39.59 .552
OBLN .56 3 3.05 .549
GOVX .35 6 3.82 .546
EVOL .74 2 2.72 .544
TQQQ .63 135 141.28 .540
HUSN .29 4 2.14 .540
OPTT 1.10 1 2.04 .539
HTBX 1.46 2 5.43 .536
APTO .39 3 2.19 .534
ALEC 2.10 6 23.61 .528
NRBO .49 2 1.85 .528
GTEC 1.57 2 6.02 .520
FLGC .55 4 4.26 .516
XELB .34 2 1.32 .514
MVST 1.01 4 7.88 .512
LIZI .40 4 3.12 .512
LWAC 1.73 5 16.98 .505
TIGR .73 6 8.66 .504
SOS .61 2 2.44 .500
ATNF .90 3 5.41 .498
LEDS 1.24 3 7.53 .492
WINT .31 3 1.88 .492
ERYP .89 3 5.48 .486
KXIN .17 6 2.13 .474
DTSS .87 1 1.84 .472
NTRB 1.15 2 4.9 .468
COHN 1.95 5 20.76 .465
OXBR .30 5 3.21 .465
GLSI 3.27 5 35.45 .460
ENVB .27 3 1.77 .456
VERB .12 8 2.1 .456
KNBE 2.06 5 22.74 .450
DBGI .31 4 2.77 .444
SCKT .74 4 6.77 .436
APRE .69 3 4.75 .435
DWSN .96 1 2.23 .430
AMBO .61 1 1.43 .426
AYRO .60 2 2.81 .426
RCON .51 2 2.41 .422
ADMA .54 1 1.28 .421
PME .26 1 0.6166 .421
GEG .90 1 2.14 .420
ACY .99 19 44.34 .418
WHLR .54 2 2.6 .414
JFU .22 3 1.6 .411
FGEN 1.47 3 10.86 .405
SLGG .64 2 3.16 .404
GALT .44 3 3.28 .402
ENG .30 3 2.25 .399
ACOR .41 4 4.12 .396
ONCS .68 1 1.72 .395
TRCH .98 2 4.95 .394
BABA .78 98 177.7 .392
AVGR .04 7 0.7125 .392
RSLS .27 4 2.76 .388
ALF 1.08 2 5.57 .386
MINM .32 2 1.65 .386
RAPT 1.77 7 31.92 .385
GNLN .36 2 1.87 .384
CHNR .12 4 1.24 .384
LIFE 1.09 3 8.53 .381
LEXX .84 3 6.59 .381
ATOS .21 5 2.78 .375
MRNA 3.93 31 326.54 .372
WNW 1.34 1 3.6 .372
PIRS .23 7 4.32 .371
NNOX 1.69 5 22.74 .370
AGEN .15 10 4.01 .370
GRVI .74 3 6.04 .366
NKLA .28 14 10.6 .364
PSTV .60 1 1.65 .363
RHE 1.27 2 7.01 .362
ENTX .77 2 4.27 .360
OTLK .38 2 2.12 .358
AEHR .35 21 20.18 .357
BCRX .66 8 14.7 .352
WPRT .58 2 3.32 .348
PHUN .51 6 8.74 .348
GRU 1.51 1 4.3851 .344
NEXT .29 4 3.34 .344
DYAI .51 3 4.5 .339
WATT .32 2 1.89 .338
HAPP .30 1 0.8877 .337
IPA 1.04 2 6.19 .336
OBSV .18 5 2.65 .335
WISH .58 3 5.2 .333
GROM .76 2 4.56 .332
BILI 1.28 22 82.1 .330
ADMP .36 1 1.09 .330
DQ 3.36 7 71.37 .329
ARAV 1.21 1 3.67 .329
UFAB .46 2 2.8 .328
ARPO .72 1 2.2 .327
CRIS 1.20 2 7.34 .326
ENZ .54 2 3.31 .326
MTP .56 1 1.72 .325
BTCM .72 4 8.88 .324
ENSC .72 1 2.23 .322
LJPC .62 2 3.84 .322
VOXX 1.16 3 10.82 .321
DDD 1.09 8 26.78 .320
APOP .84 5 13.01 .320
DARE .47 1 1.47 .319
CCXI 3.66 3 34.57 .315
SLS .91 3 8.72 .312
CERE 1.78 7 40.34 .308
UAVS .83 1 2.7 .307
KMPH 1.03 3 10.09 .306
TATT .65 3 6.34 .306
BNR 1.30 3 12.89 .300
GEVO .49 4 6.51 .300
KBSF .46 2 3.05 .300
GDEV .87 3 8.8 .294
IMNM 1.42 4 19.33 .292
NVCR 3.93 9 120.74 .288
TRIT .58 3 5.99 .288
CTSO .42 4 5.83 .288
BPTH 1.44 1 5.04 .285
SKLZ .97 3 10.11 .285
OSMT .13 4 1.84 .280
XBIO .06 8 1.695 .280
DOCS 3.04 6 64.75 .276
NNVC .44 3 4.83 .273
VBLT .32 2 2.35 .272
BNTX 5.27 15 278.34 .270
ALDX 1.09 2 8.03 .270
NEPT .07 2 0.5178 .270
LAZR 1.40 3 15.7 .267
AVIR 1.14 3 12.73 .267
JRJC .67 3 7.52 .267
LMFA .35 5 6.58 .265
IMTX 1.15 3 13 .264
LYEL 1.21 3 13.79 .261
AFRM 4.06 10 155.21 .260
RLMD 1.57 4 23.82 .260
CLF .63 10 23.85 .260
BHTG .33 1 1.27 .259
AVCT .60 1 2.325 .258
NNDM .48 3 5.56 .258
ADIL .45 2 3.48 .258
HUGE .37 1 1.43 .258
QFIN .76 8 23.16 .256
PLG .61 1 2.38 .256
RKDA .49 1 1.91 .256
EOSE 1.39 2 10.87 .254
FCX .42 23 37.67 .253
KODK .86 2 6.78 .252
GSM .27 7 7.39 .252
TELL .13 7 3.56 .252
FLGT 4.22 5 84.06 .250
BTX 1.13 2 9.01 .250
MRKR .36 1 1.44 .250
RNXT .73 2 5.88 .248
CARA 1.57 2 12.7 .246
OCUP 1.04 1 4.22 .246
IGIC .70 3 8.5 .246
TSP 1.75 5 35.37 .245
ONCT .45 2 3.68 .244
INFI .16 4 2.59 .244
DDS 6.22 9 226.61 .243
CMMB 1.24 2 10.19 .242
STG 1.13 1 4.7 .240
PBR .34 7 9.95 .238
KURA 1.39 3 17.56 .237
MITO .28 1 1.18 .237
SDC .64 2 5.39 .236
BYSI 1.25 3 15.99 .234
BON .62 3 7.89 .234
VIVE .26 2 2.22 .234
SQBG .73 2 6.24 .232
KSS 1.63 7 49.15 .231
CRDF 1.40 1 6.06 .231
SNMP .11 2 0.95 .230
WIMI .46 2 4.03 .228
OCG .23 4 4.02 .228
VTSI .98 2 8.65 .226
ASTR .53 4 9.41 .224
ZY .78 3 10.45 .222
IMMP .32 3 4.31 .222
ORMP .40 13 22.61 .221
OCG .07 13 4.02 .221
KULR .52 1 2.38 .218
PLUG .89 8 32.7 .216
VERU .59 3 8.09 .216
SNES .16 2 1.4812 .216
AAPL .40 107 148.69 .214
AESE .35 1 1.63 .214
AKTX .36 1 1.69 .213
COTY .43 4 8.08 .212
W 7.31 7 236.47 .210
ZM 4.40 14 277.58 .210
GPN 3.44 10 158 .210
FB .77 105 324.61 .210
OVID .38 2 3.59 .210
CAN .43 4 8.15 .208
OCX .70 1 3.41 .205
LOOP .89 3 12.95 .204
HOL .84 3 12.35 .204
RAIL .24 4 4.67 .204
TASK 1.74 7 59.18 .203
ZLAB 3.42 6 100.75 .198
MESO 1.26 1 6.34 .198
SKT 1.17 3 17.51 .198
GPS .75 6 22.52 .198
IMV .15 2 1.51 .198
SE 5.17 14 355.3 .196
CHMA .37 2 3.76 .196
EZFL .57 1 2.91 .195
AZYO 1.08 1 5.6 .192
BODY .47 2 4.97 .188
NTEC .46 4 9.63 .188
AMZN 8.18 93 3335.55 .186
CVV .46 2 4.9 .186
MTL .17 5 4.55 .185
CLPS .56 1 3.03 .184
CLPS .56 1 3.03 .184
UONE .44 4 9.53 .184
VNET 1.13 3 18.32 .183
CLSD .35 3 5.71 .183
AMTX 1.20 3 19.96 .180
CELC 1.05 3 17.54 .177
DKS 2.02 11 125.82 .176
OPNT 1.39 3 23.91 .174
CLII .84 3 14.36 .174
GTT .41 1 2.36 .173
BLUW .83 2 9.63 .172
JFIN .36 2 4.23 .170
UPST 4.14 14 342.56 .168
RBLX 2.42 6 83.98 .168
MAT 1.16 3 20.45 .168
BGFV .70 6 24.36 .168
HUYA .53 3 9.39 .168
MDIA .50 3 8.92 .168
ENSV .20 1 1.19 .168
FENG .11 2 1.3 .168
TEDU .09 2 1.06 .168
BWAY 1.35 1 8.08 .167
ZG 3.17 5 93.68 .165
OSTK 2.20 6 80.94 .162
ARMP .49 1 3.02 .162
EDSA 1.24 1 7.7 .161
DLO 1.53 5 47.5 .160
MDNA .05 8 2.41 .160
EVGN .43 1 2.69 .159
EXPI 1.38 6 52.02 .156
GIII 1.11 4 28.4 .156
ARVN 1.91 7 84.92 .154
FUV 1.54 1 9.97 .154
DMAC .31 2 4.02 .154
FSTX 1.04 1 6.78 .153
IRDM 1.55 4 40.54 .152
PRTA 1.18 8 61.61 .152
SCYX .79 1 5.18 .152
AAL .38 8 19.15 .152
GSAT .12 2 1.57 .152
GTIM .74 1 4.87 .151
OLB .65 1 4.29 .151
FIGS 1.12 5 37 .150
FBRX .40 1 2.65 .150
ACB .36 3 7.07 .150
ORGS .70 1 4.67 .149
BCLI .46 1 3.08 .149
VCVC 1.46 1 9.85 .148
TTD 1.62 7 73.96 .147
NETE 1.05 1 7.14 .147
HX .28 3 5.62 .147
CELH 2.77 5 94.29 .145
SCR 1.05 5 35.58 .145
AFMD .87 1 5.99 .145
NIU 1.17 3 24.23 .144
MTTR .70 4 19.34 .144
DNUT .63 3 12.94 .144
ISEE .62 4 16.85 .144
ALTO .28 3 5.73 .144
AEY .31 1 2.18 .142
VLDR .86 1 6.08 .141
IAC 3.19 7 152.34 .140
DLTR 2.90 5 103.15 .140
ALLO 1.11 2 15.82 .140
M .54 7 26.59 .140
RIG .11 5 3.9 .140
EDTK .10 2 1.41 .140
VIH 1.31 1 9.36 .139
SIF 1.16 1 8.29 .139
SQ 1.73 23 253.06 .138
ZIM 1.15 6 49.5 .138
TLRY .52 3 11.08 .138
IRIX .35 3 7.55 .138
TVTX 1.19 3 26.28 .135
CCJ .71 5 25.93 .135
KR .40 15 40.23 .135
GENE .13 3 2.85 .135
GMBL .80 1 5.93 .134
MOSY .76 1 5.67 .134
ACHL .89 1 6.69 .133
TENX .21 1 1.57 .133
DPZ 5.62 11 464.33 .132
SI 4.86 4 145.92 .132
LEGN 1.79 4 53.08 .132
AMD 1.50 11 119.82 .132
RIOT 1.25 3 28.28 .132
TAL .32 2 4.82 .132
SRNE .85 1 6.45 .131
NGM 1.25 2 19.23 .130
MARA .50 13 49.46 .130
LTHM .35 10 25.21 .130
IKT .24 1 1.86 .129
MOGO .23 3 5.23 .129
LYFT 1.57 4 48.32 .128
NLS 1.33 1 10.34 .128
AMEH 1.16 8 72.03 .128
SOHU .47 6 21.42 .126
ME .46 3 10.87 .126
CIEN .40 18 52.67 .126
THCB 1.25 1 10 .125
CYTK 1.17 4 37.03 .124
NBEV .19 1 1.53 .124
LIVE 1.37 3 32.88 .123
IMMR .29 3 7.01 .123
PBLA .25 1 2.03 .123
HJLI 1.27 1 10.38 .122
DUOL 7.27 3 178.26 .120
SPLK 4.15 5 167.47 .120
MAXR 1.20 3 29.35 .120
JWN 1.19 3 29.42 .120
RRD .26 3 6.5 .120
SBBP .12 2 2 .120
SAM 9.40 7 525.64 .119
SSNT .66 1 5.53 .119
SEMR 1.48 2 25.04 .118
SSKN .22 1 1.86 .118
LI 1.29 3 32.29 .117
TESS .64 1 5.46 .117
CPE 1.48 4 51.02 .116
SBS .15 5 6.32 .115
EDIT 1.47 3 37.82 .114
ENLV .49 2 8.45 .114
HIPO .25 2 4.38 .114
WTER .09 2 1.57 .114
PRPO .09 3 2.36 .114
LBPH .92 1 8.1 .113
DE 4.88 8 340.71 .112
RGEN 4.41 7 274.95 .112
GH 1.57 8 109.35 .112
DAL 1.14 4 39.74 .112
HCM .93 4 32.17 .112
AA .81 7 49.25 .112
CCL .63 4 22.29 .112
RMBL 1.41 3 37.97 .111
ERJ .64 3 17.2 .111
MSFT .41 111 309.16 .111
ENPH 3.89 5 176.7 .110
STEM .47 5 21.13 .110
AUTL .31 2 5.58 .110
BGI .23 2 4.15 .110
LIVX .17 2 3.07 .110
REGN 7.44 9 572.36 .108
MSGE 1.88 4 69.53 .108
CAH 1.34 4 49.57 .108
AEO 1.32 2 24.39 .108
SHEN 1.11 3 30.73 .108
GP .49 3 13.4 .108
CPSH .51 1 4.75 .107
PDD 2.15 5 99.05 .105
NFLX .76 105 664.78 .105
AXLA .29 1 2.75 .105
RUN 1.35 4 51.69 .104
APXT 1.27 1 12.11 .104
ACI .43 8 30.82 .104
BKYI .32 1 3.05 .104
PRPL .70 3 20.36 .102
ORCL .37 34 98.25 .102
CPG .09 6 5.04 .102
CREE 1.64 5 79.12 .100
MRUS 1.44 2 28.35 .100
FLWS .75 4 29.08 .100
ATIF .43 1 4.28 .100
CLDX 1.61 3 47.39 .099
PTGX 1.05 3 30.96 .099
ARCE .89 2 18.09 .098
AN 1.67 8 130.48 .096
ABSI 1.13 1 11.65 .096
BTWN .95 1 9.85 .096
AEI .09 2 1.85 .096
DDL 1.22 2 25.51 .094
MFNC 1.02 2 21.5 .094
CTRN 1.77 4 76.46 .092
VSCO 1.28 4 54.62 .092
UAA .97 2 20.68 .092
RRGB .96 2 20.67 .092
CRON .13 4 5.65 .092
DASH 2.82 7 213.83 .091
GRVY 1.33 7 99.89 .091
FRD 1.28 1 13.9199 .091
LAD 6.41 5 338.37 .090
CAT 3.19 6 200.65 .090
XBI 2.27 5 124.18 .090
DELL 1.74 6 114.54 .090
BKE 1.30 3 42.4 .090
VNE .55 6 35.23 .090
EQ .53 1 5.86 .090
MBII .08 1 0.8951 .089
MDB 5.88 8 504.89 .088
VLO 1.86 4 80.99 .088
BAC 1.06 4 47.57 .088
FFHL .44 2 9.83 .088
ULBI .31 2 7 .088
CSIQ 1.12 3 37.52 .087
ANIX .38 1 4.34 .087
INM .14 1 1.62 .086
BBY 2.06 5 118.39 .085
ACMR 1.83 5 106.27 .085
JD 1.44 5 83.07 .085
GURE .46 1 5.355 .085
SGBX .41 1 4.8 .085
CHRA .40 1 4.66 .085
DIS 2.12 7 169.42 .084
SFIX 1.46 2 34.52 .084
TWTR 1.34 4 62.24 .084
VRNT 1.32 3 46.58 .084
LUV 1.03 4 47.63 .084
INTC .70 6 49.46 .084
PATI .50 2 11.7256 .084
DBVT .07 7 5.52 .084
ABCL 1.31 1 15.97 .082
BCYC 1.49 3 54.51 .081
EAT 1.21 3 44.62 .081
PYPL 2.54 8 240.4 .080
PKG 2.17 5 133.99 .080
SPT 1.96 5 122.29 .080
APPS 1.42 5 83.89 .080
TJX 1.32 4 64.16 .080
HPQ .63 4 30.47 .080
SALM .38 1 4.7 .080
XLNX 2.27 6 172.59 .078
DKNG 1.24 3 46.11 .078
UBER 1.22 3 45.51 .078
PFGC 1.21 3 45.63 .078
UWMC .55 1 6.98 .078
MRO .10 13 16.58 .078
AEMD .09 3 3.43 .078
TWST 1.37 7 117.41 .077
CLNE .67 1 8.65 .077
FRO .07 11 9.27 .077
OVV 1.51 2 39.09 .076
USB 1.25 4 62.74 .076
KZIA .41 2 10.66 .076
BIIB 4.00 5 264.8 .075
RL 1.95 5 123.13 .075
MDT 1.95 5 123.09 .075
TMUS 1.78 5 116.87 .075
BYND 1.46 5 95.8 .075
LAW 1.23 3 47.7 .075
WMT .77 15 148.34 .075
SONO .50 5 32 .075
JRVR 1.48 2 39.07 .074
CLOV .56 1 7.5 .074
RCAT .10 2 2.65 .074
CNFR .10 2 2.64 .074
BQ .08 2 2.14 .074
SIVB 7.01 8 753.12 .072
ROKU 4.06 6 321.88 .072
IWM 2.93 6 227.41 .072
ROST 2.08 4 110.39 .072
JPM 1.20 12 171.78 .072
MS .97 8 101.8 .072
CRCT .96 2 26.04 .072
YEXT .91 1 12.52 .072
CSCO .52 8 55.11 .072
DRN .48 4 26.17 .072
DFH 1.18 1 16.46 .071
CLSK 1.17 1 16.44 .071
ATAI 1.09 1 15.25 .071
TBLA .70 1 9.85 .071
SITM 3.41 5 228.54 .070
A 1.64 7 157.97 .070
FISV 1.58 5 110.18 .070
ASAN 1.41 7 134.07 .070
HOG 1.32 2 36.9 .070
IMAB 1.00 5 67.43 .070
CGC .94 1 13.38 .070
SLV .79 2 22.54 .070
EVGO .55 1 7.85 .070
THC 4.91 1 70.63 .069
FATE 1.36 3 59 .069
YPF .31 1 4.47 .069
TSN 1.42 4 82.5 .068
C 1.23 4 71.37 .068
PINS 1.00 4 58.06 .068
WFC .91 4 50.66 .068
STRO .65 2 19.01 .068
SLB .60 4 33.91 .068
SBH .56 2 16.02 .068
EOLS .55 1 8.15 .067
SHOP 16.27 6 1425.85 .066
SNPS 3.69 6 321.12 .066
UNH 3.07 11 449.16 .066
LLY 2.73 6 243.75 .066
TDC 1.32 3 58.8 .066
RFL 1.04 2 30.97 .066
MRTN .38 3 16.57 .066
ORGO .35 2 10.6 .066
WSM 2.54 5 189.58 .065
VMW 2.32 5 167.06 .065
FANG 1.53 5 109.33 .065
COP 1.03 5 75.72 .065
TTM .45 5 32.27 .065
SSL .10 13 17.71 .065
SNOW 2.91 8 339.78 .064
TSCO 1.77 8 208.21 .064
TTC 1.60 4 99.28 .064
CRNC 1.55 4 94.55 .064
NEWR 1.30 4 77.63 .064
AMAT 1.16 8 135.93 .064
DXC 1.11 2 34.57 .064
APP .81 8 94.25 .064
STX .76 8 87.23 .064
XOM .52 8 63.12 .064
K .51 8 62.12 .064
HWCC .34 1 5.3 .064
T .56 3 25.49 .063
VXX .46 3 21.7 .063
DUOT .40 1 6.31 .063
NXTP .14 1 2.2 .063
PLTR .77 2 24.43 .062
SOFI .64 2 20.58 .062
THTX .22 1 3.5 .062
SBTX .57 1 9.2 .061
GBR .24 1 3.91 .061
SEDG 3.89 5 303.25 .060
KYMR 1.69 2 55.68 .060
IBM 1.35 6 127.88 .060
CHKP 1.25 6 123.86 .060
BZ 1.15 2 38.05 .060
TTCF 1.07 1 17.56 .060
SMLP 1.07 2 34.67 .060
FL .99 3 48.51 .060
MYGN .98 2 32.46 .060
XONE .67 2 22.08 .060
CIFR .48 1 8 .060
FLXN .55 1 9.4 .058
EDU .14 1 2.39 .058
CALA .11 1 1.87 .058
LPX 1.24 3 64.38 .057
BZUN 1.12 1 19.38 .057
PPBT .26 1 4.51 .057
KEYS 2.52 4 176.22 .056
KMB 1.88 4 133.04 .056
CM 1.70 4 121.24 .056
HAS 1.30 4 89.5 .056
SILK .52 7 59.29 .056
ASML 4.13 11 800.97 .055
NXPI 2.32 5 199.93 .055
GT 1.09 1 19.81 .055
MU .80 5 67.51 .055
HRL .48 5 42.01 .055
AZN .33 11 61.79 .055
ITRO .07 1 1.27 .055
EVA 3.59 1 66.01 .054
LII 2.97 6 312.18 .054
ADSK 2.96 6 308.58 .054
ZS 2.89 6 307.87 .054
ABNB 1.58 6 166.64 .054
TAP 1.23 2 44.44 .054
LL 1.01 1 18.64 .054
YMM .89 1 16.46 .054
FITB .82 3 45.49 .054
PSTG .74 2 26.43 .054
CRMT .72 9 117.33 .054
ZNGA .20 2 7.38 .054
TME .45 1 8.49 .053
GBS .11 1 2.05 .053
DOCN 1.29 4 93.94 .052
APPN 1.29 4 95.01 .052
YETI 1.27 4 93.04 .052
DOMO 1.26 4 91.87 .052
SCHW 1.13 4 83.55 .052
VIPS .66 1 12.46 .052
SPTN .60 2 23.03 .052
KIRK .60 2 22.9 .052
RSI .55 2 20.8 .052
ATVI 1.42 3 79.27 .051
ECOM 1.37 1 26.8 .051
CDEV .37 1 7.2 .051
EKSO .20 1 3.9 .051
OEG .14 1 2.73 .051
AMGN 2.27 5 209.24 .050
TSC 1.55 1 30.92 .050
SUPN 1.50 1 29.8 .050
VMEO .85 2 33.02 .050
RKT .84 1 16.51 .050
MNSO .82 1 16.24 .050
FUBO .74 2 28.52 .050
SJM .67 10 122.97 .050
KO .56 5 54.45 .050
IRCP .07 2 2.77 .050
LOW 1.83 7 228.77 .049
ROLL 1.78 7 224.4 .049
GGAL .57 1 11.41 .049
GS 2.81 8 414.32 .048
HON 1.95 6 217.4 .048
BHVN 1.74 4 139.9 .048
UPS 1.72 6 203.81 .048
BURL 1.68 8 278.34 .048
NTAP 1.16 4 93.01 .048
MNST 1.05 4 84.73 .048
XLE .47 6 57.95 .048
FLO .41 3 25.07 .048
LC .24 8 34.37 .048
GMTX .17 1 3.52 .048
VTGN .03 4 2.31 .048
AUPH 1.30 1 28 .046
AMKR 1.03 1 22.28 .046
FTCH .94 2 40.06 .046
GNOG .78 1 16.62 .046
BIOC .09 2 3.88 .046
VSTM .06 2 2.55 .046
WDAY 2.61 5 280.79 .045
V 2.27 5 231.23 .045
EA 2.20 3 141.07 .045
LMT 1.95 9 374.6 .045
CVS 1.40 3 87.52 .045
GLD 1.00 9 167.77 .045
MOS .65 3 42.01 .045
EPU .48 3 30.48 .045
SNDL .03 1 0.6595 .045
COF 1.87 4 167.84 .044
DAVA 1.77 4 150.84 .044
ABT 1.40 4 126.72 .044
JBL 1.39 2 61.62 .044
JKS 1.26 2 56.16 .044
FA .96 1 21.5 .044
ARMK .42 4 36.67 .044
NOK .07 4 5.88 .044
CHPT .93 1 21.35 .043
LIN 2.33 6 314.15 .042
STT 1.48 3 99.4 .042
MMM 1.20 7 180.8 .042
PG 1.11 6 140.83 .042
SWI .79 1 18.68 .042
PDCO .67 2 31.87 .042
SKX .66 3 45.78 .042
AMRS .60 1 14.03 .042
TBIO .53 3 37.36 .042
BBWI .53 6 69.55 .042
WOOF .51 2 23.68 .042
MRVL .51 6 66.31 .042
SPWH .38 2 17.66 .042
AGNC .36 2 16.55 .042
VIEW .21 1 4.99 .042
COUR 1.39 1 33.63 .041
MA 2.96 5 358.67 .040
CI 1.83 5 216.4 .040
ADI 1.48 5 178.42 .040
WGO 1.39 2 67.3 .040
INCY 1.38 2 65.79 .040
GWRE 1.32 4 123.45 .040
NFE 1.27 1 31.71 .040
ON .92 2 45.97 .040
NKE .89 8 163.48 .040
OTIS .88 4 85.63 .040
TNA .83 5 92.7 .040
SANA .82 1 20.07 .040
KDMN .10 4 9.405 .040
HNST .37 1 9.38 .039
MFGP .07 3 5.02 .039
OLLI 1.29 2 66.99 .038
OKE 1.26 2 64.81 .038
EGRX 1.01 2 52.29 .038
MO .93 2 48.22 .038
ACH .67 1 17.39 .038
FCBP 1.08 1 29.1 .037
ADBE 4.10 6 643.58 .036
COST 3.15 6 481.99 .036
ANTM 2.99 6 433.34 .036
EL 2.10 6 327.64 .036
DG 2.03 4 220.31 .036
ESTC 1.65 4 168.9 .036
MCD 1.62 6 238.44 .036
BLFS 1.55 1 43 .036
XM 1.53 1 41.99 .036
UHS 1.30 4 135.62 .036
HD 1.21 12 365.99 .036
TGT 1.11 9 255.93 .036
KNL .92 1 25.04 .036
LOGI .87 4 89.69 .036
LZB .64 2 33.9 .036
GIS .62 4 62.68 .036
VIR .39 4 40.21 .036
ALAC .21 2 11.47 .036
LH 1.59 7 282.15 .035
TGTX 1.11 1 31.4 .035
RF .86 1 24.09 .035
APG .76 1 21.58 .035
SRNG .41 1 11.42 .035
FENC .31 1 8.76 .035
LITE 1.46 2 84.05 .034
RCUS 1.22 1 35.33 .034
MPC 1.19 2 67.52 .034
BLDR 1.03 2 58.89 .034
ATHM .86 2 48.04 .034
EQT .73 1 21.4 .034
ANF .67 2 38.23 .034
HNP .33 2 19.15 .034
TEO .18 1 5.23 .034
AZO 6.70 11 1832.89 .033
AKAM 1.20 3 107.93 .033
CRM 1.06 11 292.56 .033
PLCE .92 3 83.5 .033
BP .33 3 29.51 .033
ALZN .07 1 2.11 .033
BKNG 10.17 8 2394.59 .032
HCA 2.20 4 253.11 .032
UAL 1.50 1 46.73 .032
CHGG .96 2 59.86 .032
ABBV .93 4 109.14 .032
DEN .72 4 80.15 .032
FOE .67 1 20.79 .032
D .31 8 77.29 .032
BLK 6.24 5 914.97 .030
COIN 1.85 5 300.84 .030
ATKR 1.43 2 90.17 .030
KHC 1.11 1 36.38 .030
MQ .26 3 25.41 .030
SLHG .10 1 3.29 .030
SWN .15 1 5.01 .029
GOOG 3.73 28 2772.5 .028
AAP 1.82 4 231.97 .028
TTWO 1.42 4 180.75 .028
PLD 1.05 4 144 .028
QDEL .95 4 134.88 .028
PCVX .65 1 22.71 .028
MRK .63 4 81.15 .028
FLOW .63 4 78.76 .028
ACHV .23 1 8.02 .028
OXY .04 28 33.93 .028
BEKE .69 1 24.98 .027
CTKB .66 1 24.04 .027
VSH .18 3 19.35 .027
GRUB .15 3 15.74 .027
RTX 1.21 2 91.86 .026
DD .99 2 72.11 .026
CRTO .90 1 33.59 .026
VZ .73 2 52.93 .026
BIG .59 2 45.02 .026
TRIL .47 1 17.91 .026
UNIT .38 1 14.31 .026
B 1.08 1 41.94 .025
AXP 1.02 5 187.08 .025
LEN .59 5 100.5 .025
STE 1.42 4 235.31 .024
SNA 1.40 4 210.43 .024
ALXN 1.24 4 182.5 .024
J 1.23 3 136.93 .024
AZPN .96 4 157 .024
CL .61 3 75.5 .024
RY .51 6 107.75 .024
QCOM .47 8 131.62 .024
FAST .39 4 56.05 .024
PFE .21 6 43.16 .024
MOMO .16 2 13.31 .024
ET .06 4 9.88 .024
OLN 1.34 1 56.4 .023
CNC 1.57 1 69.24 .022
TSM 1.36 2 114.23 .022
NEE .95 2 84.42 .022
GM .69 2 57.77 .022
ADMS .18 1 8.01 .022
PKI 1.33 3 176.38 .021
PEP 1.25 3 159.97 .021
CLX 1.16 3 161.44 .021
HHR .45 3 57.19 .021
INTU 2.61 5 590.8 .020
STZ 1.17 4 219.4 .020
NUAN 1.13 1 55.11 .020
HRI .96 4 187.47 .020
IYC .84 2 81.92 .020
CROX .67 5 149.76 .020
UHAL 1.98 9 724.58 .018
JNJ 1.48 2 163.72 .018
AIT .91 2 100.1 .018
IRBO .83 1 44.81 .018
CNA .83 1 45.95 .018
XLP .43 3 71.29 .018
PSTX .12 1 6.37 .018
AMOM .66 1 37.04 .017
GPK .37 1 20.65 .017
STMP 1.59 4 329.61 .016
LANC 1.43 2 173.5 .016
KMX 1.24 2 143.43 .016
DUK .92 2 103.78 .016
UTHR .86 4 191.01 .016
XLK .65 4 158.41 .016
SELF .09 1 5.37 .016
WM .58 5 164.42 .015
HRC .48 5 154.72 .015
FRBK .05 1 3.14 .015
TNET 1.38 1 96.95 .014
CHNG .15 2 21.2 .014
ABUS .06 1 4.03 .014
CAI .78 1 55.92 .013
PAYX 1.56 1 123.77 .012
RACE .92 3 223 .012
PNRG .79 1 63.5464 .012
GE .40 4 104.05 .012
PTON .37 4 93.83 .012
BEST .01 3 2.21 .012
INOV .46 1 40.79 .011
ESXB .13 1 11.59 .011
TRI .68 2 118.91 .010
ECHO .49 1 48.12 .010
PPC .17 2 29.05 .010
SVBI .13 1 12.75 .010
GTS .33 1 35.3 .009
IEC .14 1 15.34 .009
SLVO .02 3 5.4 .009
TDG 1.87 4 648.23 .008
MSTR .94 8 718.52 .008
XLV .37 4 131.67 .008
HFBL .16 1 18.9 .008
PBT .04 2 8.44 .008
LMRK .13 1 16.41 .007
XPDI .02 7 11.64 .007
SYKE .14 3 54 .006
ITRN .07 3 25.78 .006
PSP .06 2 16.24 .006
CLDR .08 1 15.99 .005
SAFM .85 1 189.16 .004
VOOV .73 1 148.16 .004
SPG .16 4 145.14 .004
TAAG .09 1 20.9494 .004
KIN .02 2 9.25 .004
IACB .02 2 9.94 .004
RAVN .10 3 57.76 .003
SPY 1.31 1 453.12 .002
CXP .04 1 19.13 .002
VCAR .03 1 12.7317 .002
SIC .03 1 14.49 .002
NWHM .02 1 8.99 .002
DSE .02 1 9.49 .002
ULTA .62 1 371.45 .001
PMD .01 1 8.206 .001
WYNN .06 3 89.1 0
MSTR .06 118 718.52 0
ULTA .05 12 371.45 0
WYNN .04 4 89.1 0
BLNK .02 11 27.68 0
RTLR .01 8 12.24 0
INFL .01 2 31.62 0
DFP .01 2 28.5058 0
WMPN 0 4 12.35 0
QADB 0 4 87.5 0
PAE 0 1 5.9 0
GSKY 0 1 12.22 0
EIC -.08 1 19.36 -.004
NSYS -.12 1 11.1 -.010
