EIC -.08 1 16.24
202PENN %:
INFL .01 2 30.27
BLNK .02 11 32.5
NWHM .02 1 8.94
GMTX .04 1 4.07
IACB .04 1 9.84
CNFR .05 2 3.1
NEPT .07 2 0.6365
CRON .08 4 6.92
MDNA .09 6 2.04
NOK .09 2 6.12
EDTK .10 2 1.71
MOHO .11 3 0.6771
CHNR .12 4 1.37
IEC .14 1 15.245
CHNG .15 2 21.47
IMV .15 2 1.62
INFI .16 4 3.1
ET .17 2 9.11
IRCP .17 1 2.33
OSMT .18 3 4.16
FRO .19 3 7.4
NBEV .19 1 2.27
PRPO .19 1 3.06
MRO .20 4 12.1
GENE .22 2 3.15
JFU .22 3 1.59
IKT .24 1 1.91
PPBT .26 1 4.72
BBIG .28 6 2.89
HUSN .29 4 3.12
FENC .31 1 7.13
PPC .31 1 27.34
IMMP .32 3 3.56
MINM .32 2 2.25
NAOV .32 6 2.52
M .35 3 18.92
CHMA .37 2 3.76
GPK .37 1 18.91
HNST .37 1 13.83
MRTN .38 3 15.37
MDIA .39 2 7.72
OXBR .39 4 3.99
BSQR .40 11 2.62
GE .40 4 104.92
LIZI .40 4 4.03
CLSD .41 2 5.69
OBSV .42 2 2.63
CAN .43 4 9.26
FFHL .44 2 10.19
GALT .44 3 3.38
ME .45 1 8.92
NKLA .45 13 9.53
INOV .46 1 36.87
KBSF .46 2 3.65
NTEC .46 4 9.63
BGI .47 1 2.94
D .47 6 77.71
DBGI .48 3 3.1
FCX .48 13 38.1
NIO .48 75 41.03
PBR .48 3 11.34
BLIN .49 6 4.69
IGC .49 3 1.61
NRBO .49 2 3.54
DYAI .51 3 4.77
KR .51 9 42.81
HRL .52 3 46
IRIX .53 2 7.98
MEDS .53 5 4.81
ENZ .54 2 3.1
BTCM .55 2 7.43
EVGO .55 1 12.44
CLOV .56 1 8.22
CTSO .56 2 7.83
INTC .56 5 53.49
EPU .58 2 26.55
CCL .59 3 22.86
CVV .61 1 5.24
LJPC .62 2 3.98
CTIB .64 3 1.75
LMNL .65 3 2.6
PDCO .65 2 29.87
CRTD .66 3 3.05
ERJ .66 1 15.28
MU .66 4 70.92
BODY .67 1 8.69
EVK .68 5 3.15
PRPL .70 3 27.32
MRK .72 2 76.19
NVFY .73 3 2.18
FUBO .74 2 28.83
GRVI .74 3 5.37
GP .75 2 15.19
CLF .76 3 25.84
PLTR .77 2 24.9
GNOG .78 1 19.44
OTLK .78 1 2.4
BP .79 1 25.64
FITB .82 3 38.48
BABA .83 91 188.62
CNA .83 1 43.9
PTIX .84 2 1.83
CRTO .85 1 37.76
GLD .87 5 166.39
K .88 4 65.57
CEMI .89 6 2.63
PLUG .89 8 24.99
NFLX .90 99 515.92
CRM .93 8 251.56
MO .93 2 47.72
CGC .94 1 19.19
HOFV .98 2 2.86
ENSC .99 1 3.28
FLO .99 1 24.65
EGRX 1.01 2 47.73
LL 1.01 1 2.88
FAST 1.02 1 53.15
IPA 1.04 2 7.05
OCUP 1.04 1 5.28
BAC 1.08 3 37.85
MTSL 1.08 3 3.37
GT 1.09 1 16.6
DDD 1.10 7 30.14
BGFV 1.11 3 22.16
HGSH 1.16 2 1.94
QCOM 1.18 7 148.64
COP 1.20 4 55.97
MAXR 1.20 3 30.31
BBBY 1.22 12 27.85
EYES 1.22 6 3.64
GPS 1.22 2 28.89
C 1.23 4 7.46
HCM 1.24 3 41.15
LEN 1.24 2 108.17
HHR 1.26 1 42.84
HJLI 1.27 1 6.89
BCRX 1.30 4 16.15
HOG 1.32 2 40.12
NLS 1.33 1 13.62
NVDA 1.33 135 201.88
MVST 1.34 3 11.48
COUR 1.39 1 40.91
EOSE 1.39 2 14.09
ERYP 1.39 2 5.89
LUV 1.41 2 50.41
GM 1.42 1 52.85
EYEG 1.45 1 1.63
PINS 1.45 3 56.06
JNJ 1.48 2 176.25
GIS 1.53 1 60.91
HGEN 1.54 2 16.92
ENTX 1.55 1 5.4
CNC 1.57 1 70.47
BILI 1.58 19 74.1
BZ 1.59 1 34.13
CRCT 1.61 1 40.58
BJ 1.62 2 50.29
CAH 1.64 3 50.63
MMM 1.64 4 200.58
FLOW 1.65 3 77.72
MPC 1.66 1 54.55
DIS 1.67 5 181.08
MYGN 1.67 1 34.8
BLDR 1.70 1 47.31
LYFT 1.70 3 53.39
CHKP 1.71 4 123.73
IMTX 1.72 2 12
PG 1.72 4 143.64
CSIQ 1.74 1 38.58
OSAT 1.82 2 5.5
BIDU 1.85 114 152.45
NEE 1.91 1 77.22
LEGN 1.93 3 49.0
LI 1.94 2 28.66
BNR 1.96 2 21.39
IBM 2.03 4 143.18
INCY 2.13 1 77.95
EXPI 2.14 3 49.25
A 2.16 3 159.23
BTBT 2.20 6 13.57
FGEN 2.21 2 12.4
CHGG 2.22 1 85.0
LMT 2.22 8 357.98
PRFX 2.29 1 2.7113
CYTK 2.32 2 32.15
PLD 2.38 2 128.07
PYPL 2.42 4 274.91
CRNC 2.46 2 116.64
LOGI 2.48 2 107.98
LEXX 2.49 1 5.51
JBL 2.52 1 60.63
MRIN 2.52 4 5.18
LPX 2.53 1 55.27
BYSI 2.56 1 21.7
HOOD 2.63 7 50.63
PEP 2.63 1 153.0
MVIS 2.70 2 14.12
NXPI 2.70 3 215.26
LOOP 2.88 1 9.22
J 2.97 1 15.28
CLX 3.04 2 165.71
NURO 3.12 6 12.2
BYND 3.16 2 130.32
OPNT 3.16 1 15.48
BIIB 3.26 3 342.25
MCD 3.30 2 238.82
FIGS 3.34 2 42.33
CERE 3.37 3 25.95
LC 3.44 3 29.19
LC 3.44 3 29.19
GME 3.48 75 162.52
QDEL 3.57 1 136.97
GS 3.61 5 410.78
PKG 3.68 2 139.12
BHVN 3.71 2 117.28
GOOG 3.78 24 2768.12
FANG 3.89 1 80.54
IMNM 4.16 1 14.19
CLDX 4.17 1 43.72
COF 4.22 1 159.96
NEWR 4.27 1 82.6
DDS 4.31 5 196.21
NEGG 4.54 13 17.75
EDIT 4.67 1 56.48
HCA 4.67 1 249.32
HON 4.87 2 229.27
NKE 5.24 7 171.69
LLY 5.39 3 264.21
LH 5.76 2 73.31
CELH 5.86 1 73.31
ENPH 5.87 2 175
COST 6.51 1 447.82
FULC 6.92 2 22.93
MA 6.96 3 362.75
FLGT 7.33 3 94.21
NKE 7.33 5 171.69
BLK 7.59 1 880.67
CI 7.65 1 206.05
GPN 7.69 3 171.41
NRXP 8.25 3 15.22
COIN 8.34 2 256.35
MRNA 9.78 15 389.78
LAD 10.32 1 371.73
CARV 11.81 2 16.79
NVAX 13.55 7 257.27
NVCR 14.03 2 139.28
CPOP 14.11 1 59.65
DASH 14.59 1 187.61
NTLA 16.26 4 155.39
BNTX 20.64 2 446.24
BKNG 36.56 1 2209.57
MS 48.78 2 92.62
