EJH 5.21 6 3.11 10.050
LAIX 1.72 4 0.97 7.092
SCPS 3.34 7 3.71 6.300
EEIQ 4.33 5 4 5.410
NEGG 3.07 20 12.68 4.840
NVOS 1.65 5 1.73 4.765
AACG 2.14 5 2.34 4.570
CPOP 2.34 5 2.83 4.130
VRPX 1.77 9 4.09 3.888
AUVI 2.56 8 5.4 3.792
DPW 1.56 5 2.37 3.290
JZXN 1.63 4 2.12 3.072
FCEL .17 129 7.17 2.967
JAN 3.24 5 6 2.700
EYES 1.22 6 2.79 2.622
JG 1.30 3 1.54 2.532
SIEB 1.53 5 3.08 2.480
AAME 1.97 5 4.08 2.410
NRXP 3.86 6 9.95 2.322
CEMI .75 7 2.29 2.289
KOSS 5.35 7 16.71 2.240
NURO 1.47 11 7.29 2.211
AGRI 1.15 4 2.16 2.128
NAOV .27 11 1.43 2.068
BSQR .35 13 2.27 2.002
AMC 1.21 57 36.05 1.881
TYME .45 4 0.9636 1.864
INDP 2.52 5 7.13 1.765
IRNT 3.52 5 10.3 1.705
SGOC 1.19 9 6.41 1.665
SAVA 3.02 26 47.17 1.664
CARV 3.92 6 14.45 1.626
HX 1.64 5 5.1 1.605
MRIN 2.01 5 6.41 1.565
SPCE 1.26 24 19.61 1.536
DWAC 30.01 3 59.07 1.524
GRTS 3.14 5 10.3 1.520
RMED .72 6 3.06 1.410
CSCW .39 2 0.568 1.372
SPRT .81 20 11.8 1.360
EVK .60 6 2.66 1.350
TAOP 1.35 3 3.08 1.314
GME 2.99 82 177.84 1.312
AREC .62 5 2.45 1.265
WAVE 1.72 5 6.865 1.250
HGSH 1.16 2 1.92 1.208
NCTY 2.63 5 11.04 1.190
CRTD .81 6 4.08 1.188
BBIG .30 20 5.04 1.180
BIDU 1.78 117 168.83 1.170
AUUD .47 6 2.4 1.170
BTBT 1.30 9 10.13 1.152
OCGN 1.31 8 9.15 1.144
CETX 1.20 1 1.06 1.132
SNAP .57 113 55.39 1.130
NMRD 1.66 4 5.94 1.116
JCS 1.40 3 3.76 1.116
LHDX 1.58 4 5.7 1.108
ALYA 1.03 3 2.82 1.095
SSY .91 3 2.5 1.092
LMNL .65 3 1.81 1.077
FTEK .69 3 1.935 1.068
PMCB 1.11 3 3.15 1.056
PHUN .57 8 4.35 1.048
IGC .49 3 1.42 1.035
BNTC 1.24 3 3.62 1.026
NVFY .73 3 2.2 .993
WAFU 1.50 4 6.03 .992
SJ 1.24 4 5.04 .984
BBBY 1.07 13 14.13 .975
CTIB .40 5 2.05 .975
PRFX .77 3 2.38 .969
CHCI 1.54 3 4.79 .963
MTSL 1.08 3 3.37 .960
WORX .44 4 1.83 .960
DLPN 2.14 5 11.31 .945
BLIN .41 8 3.49 .936
TPST 2.19 5 11.76 .930
UPC .73 3 2.35 .930
ACRS 2.12 7 15.96 .924
PTIX .84 2 1.82 .922
NVAX 13.77 9 134.99 .918
PBTS 1.24 1 1.36 .911
ANPC 1.24 2 2.7361 .906
HOFV .98 2 2.2 .890
MOXC 1.33 4 6 .884
ERYP .89 3 3.02 .882
WHLM 1.20 4 5.43 .880
VVOS .78 4 3.59 .868
YJ .40 2 0.92 .868
SYPR .80 4 3.77 .848
BB .84 11 10.83 .847
RIDE .85 5 5.01 .845
MARK .46 4 2.18 .844
IMPL 1.70 5 10.15 .835
BNGO .36 12 5.16 .828
NIO .48 75 40.47 .825
ANVS 3.73 6 27.4 .816
XPEV .46 80 45.34 .800
GRTX .50 3 1.89 .792
PALI .71 3 2.75 .774
IDEX .36 4 1.89 .760
DYNT .22 5 1.44 .760
ASM .69 1 0.91935 .750
RETO .66 1 0.9062 .728
VTNR .39 8 4.28 .728
EBET 3.45 6 28.36 .726
CNET 1.11 1 1.54 .720
EYEG 1.45 1 2.03 .714
LODE .56 3 2.36 .711
SNOA 1.43 3 6.11 .702
OSAT 1.21 3 5.15 .702
VERY 1.39 4 7.9001 .700
KALV 1.44 8 16.38 .696
CANF 1.04 1 1.5 .693
MVIS 1.51 4 8.79 .684
ADGI 3.21 7 32.76 .679
AVXL 2.41 5 17.9 .670
NBRV .76 1 1.14 .666
TERN 1.53 4 9.2 .664
CBAT .70 2 2.13 .656
OPAD 1.25 4 7.67 .648
FULC 2.54 6 23.53 .642
MNOV 1.12 2 3.51 .638
SPI 1.06 3 5 .636
MEDS .53 5 4.16 .635
STAF .58 2 1.83 .632
LGHL .66 2 2.16 .610
MBRX .81 2 2.68 .604
ZEV 1.17 4 7.8 .600
ZCMD 1.01 1 1.69 .597
EXPR .47 5 3.94 .595
AQMS .39 3 1.96 .594
WEI .57 1 0.96 .593
TSLA 4.74 147 1018.43 .588
DTST .84 3 4.28 .588
SPCB .32 2 1.09 .586
NVDA 1.11 146 247.17 .584
XTLB 1.09 2 3.755 .580
ORPH .57 4 3.91 .580
VYGR 1.06 2 3.72 .568
ANY .23 16 6.42 .560
APTO .39 3 2.09 .558
EVOL .74 2 2.66 .556
GOVX .35 6 3.8 .552
WBX 8.99 1 16.31 .551
OBLN .56 3 3.05 .549
ENOB 1.18 4 8.58 .548
IPHA .78 4 5.66 .548
HTBX 1.46 2 5.38 .542
ZKIN .71 2 2.62 .540
OPTT 1.10 1 2.04 .539
ALEC 2.10 6 23.41 .534
HUSN .29 4 2.17 .532
NRBO .49 2 1.86 .526
GTEC 1.57 2 5.99 .524
HOOD 1.59 13 39.57 .520
HGEN 1.21 3 6.97 .519
FLGC .55 4 4.28 .512
MVST 1.01 4 7.93 .508
SOS .61 2 2.41 .506
LWAC 1.73 5 16.98 .505
TIGR .63 7 8.67 .504
WINT .31 3 1.84 .504
XELB .34 2 1.35 .502
LIZI .40 4 3.18 .500
ATNF .90 3 5.39 .498
LEDS 1.24 3 7.64 .486
ATXI .74 1 1.55 .477
SCKT .74 4 6.17 .476
ENVB .27 3 1.72 .468
KXIN .17 6 2.16 .468
GLSI 3.27 5 35.15 .465
OXBR .30 5 3.24 .460
KNBE 2.06 5 22.87 .450
NTRB 1.15 2 5.18 .444
MOHO .11 3 0.74 .444
COHN 1.95 5 22.11 .440
VERB .12 8 2.18 .440
ACY .99 19 41.57 .437
GEG .90 1 2.06 .436
AMBO .61 1 1.4 .435
DTSS .87 1 2.06 .422
SLGG .64 2 3.05 .418
AYRO .60 2 2.86 .418
WHLR .54 2 2.6 .414
JFU .22 3 1.59 .414
GROM .76 2 3.68 .412
APRE .69 3 5.06 .408
FGEN 1.47 3 10.83 .405
ONCS .68 1 1.68 .404
GALT .44 3 3.26 .402
GNLN .36 2 1.79 .402
ENG .30 3 2.23 .402
ADMA .54 1 1.35 .400
ACOR .41 4 4.09 .400
LEXX .84 3 6.35 .396
ALF 1.08 2 5.48 .394
TRCH .98 2 4.95 .394
BABA .78 98 169.99 .392
RCON .51 2 2.59 .392
ATOS .21 5 2.66 .390
AGEN .15 10 3.79 .390
GRVI .74 3 5.72 .387
AVGR .04 7 0.7186 .385
LIFE 1.09 3 8.47 .384
BPTH .95 2 4.95 .382
RSLS .27 4 2.82 .380
DWSN .44 2 2.33 .376
DBGI .31 4 3.28 .376
ENTX .77 2 4.1 .374
WNW 1.34 1 3.59 .373
PME .26 1 0.698899 .372
RAPT 1.77 7 32.81 .371
NNOX 1.69 5 22.55 .370
MINM .32 2 1.73 .368
RHE 1.27 2 7.02 .360
WPRT .58 2 3.22 .360
OTLK .38 2 2.12 .358
AEHR .35 21 20.05 .357
CHNR .12 4 1.34 .356
PSTV .60 1 1.69 .355
BILI 1.28 22 76.14 .352
CRIS 1.20 2 6.81 .352
DYAI .51 3 4.33 .351
NKLA .28 14 10.84 .350
PIRS .23 7 4.56 .350
ADMP .36 1 1.04 .346
GRU 1.51 1 4.39 .343
MRNA 3.93 31 345.74 .341
BCRX .66 8 15.38 .336
WATT .32 2 1.9 .336
OBSV .18 5 2.66 .335
IPA 1.04 2 6.24 .332
MTP .56 1 1.69 .331
ARAV 1.21 1 3.66 .330
LJPC .62 2 3.74 .330
WISH .58 3 5.24 .330
DARE .47 1 1.42 .330
DQ 3.36 7 70.88 .329
ARPO .72 1 2.2 .327
CCXI 3.66 3 33.72 .324
ENZ .54 2 3.33 .324
UFAB .46 2 2.83 .324
XELA .09 7 1.92 .322
BTCM .72 4 9.03 .316
CERE 1.78 7 39.11 .315
VOXX 1.16 3 11.02 .315
SLS .91 3 8.63 .315
APOP .84 5 13.2 .315
NVCR 3.93 9 113.51 .306
TATT .65 3 6.35 .306
UAVS .83 1 2.73 .304
HAPP .30 1 0.9854 .304
ENSC .72 1 2.37 .303
KMPH 1.03 3 10.26 .300
KBSF .46 2 3.05 .300
NEXT .29 4 3.83 .300
DDD 1.09 8 28.71 .296
IMNM 1.42 4 19.38 .292
GEVO .49 4 6.64 .292
GDEV .87 3 8.99 .288
JRJC .67 3 6.94 .288
CTSO .42 4 5.83 .288
OSMT .13 4 1.82 .284
XBIO .06 8 1.68 .280
AVIR 1.14 3 12.39 .276
ALDX 1.09 2 8.01 .272
QFIN .76 8 22.34 .272
ADIL .45 2 3.3 .272
TQQQ .42 136 146.88 .272
BNTX 5.27 15 292.39 .270
DOCS 3.04 6 66.47 .270
BNR 1.30 3 14.31 .270
BON .62 3 6.82 .270
VBLT .32 2 2.36 .270
RLMD 1.57 4 23.41 .268
VTSI .98 2 7.29 .268
NNVC .44 3 4.9 .267
BHTG .33 1 1.24 .266
GSM .27 7 7.09 .266
LMFA .35 5 6.5 .265
RNXT .73 2 5.54 .262
SGBX .44 2 3.35 .262
SKLZ .97 3 11.1 .261
AFRM 4.06 10 151.86 .260
KODK .86 2 6.59 .260
HUGE .37 1 1.42 .260
LAZR 1.40 3 16.18 .258
IMTX 1.15 3 13.32 .258
BTX 1.13 2 8.74 .258
TRIT .58 3 6.67 .258
UPST 5.44 16 327.08 .256
NEPT .07 2 0.543 .256
OCUP 1.04 1 4.07 .255
CMMB 1.24 2 9.81 .252
INFI .16 4 2.52 .252
FLGT 4.22 5 83.03 .250
PLG .61 1 2.44 .250
AVCT .60 1 2.4 .250
RKDA .49 1 1.96 .250
EOSE 1.39 2 11.18 .248
BYSI 1.25 3 15.21 .246
IGIC .70 3 8.45 .246
STG 1.13 1 4.65 .243
NNDM .48 3 5.89 .243
MITO .28 1 1.15 .243
ONCT .45 2 3.69 .242
TSP 1.75 5 36 .240
KURA 1.39 3 17.17 .240
CLF .63 10 25.63 .240
SDC .64 2 5.37 .238
VIVE .26 2 2.18 .238
TELL .13 7 3.81 .238
LYEL 1.21 3 15.19 .237
DDS 6.22 9 233.62 .234
ZY .78 3 10 .234
WIMI .46 2 3.9 .234
CRDF 1.40 1 6.03 .232
SQBG .73 2 6.24 .232
OCG .23 4 3.96 .232
KSS 1.63 7 48.8 .231
FCX .42 23 38.85 .230
MRKR .36 1 1.57 .229
KULR .33 2 2.89 .228
ASTR .53 4 9.39 .224
PBR .34 7 10.54 .224
ORMP .40 13 23.17 .221
OCG .07 13 3.96 .221
GPN 3.44 10 155.97 .220
CARA 1.57 2 14.19 .220
RAIL .24 4 4.36 .220
OVID .38 2 3.5 .216
SNES .16 2 1.48 .216
AAPL .40 107 149.32 .214
VERU .59 3 8.2 .213
SNMP .11 2 1.03 .212
AKTX .36 1 1.7 .211
W 7.31 7 236 .210
SE 5.17 14 343.57 .210
ZM 4.40 14 278.7 .210
TASK 1.74 7 57.87 .210
FB .77 105 315.81 .210
PLUG .89 8 34.17 .208
EZFL .57 1 2.74 .208
OCX .70 1 3.4 .205
SKT 1.17 3 17.19 .204
HOL .84 3 12.35 .204
IMMP .32 3 4.66 .204
RBLX 2.36 7 80.89 .203
MESO 1.26 1 6.24 .201
VNET 1.13 3 16.77 .201
LOOP .89 3 13.21 .201
GPS .75 6 22.71 .198
CLSD .35 3 5.27 .198
CHMA .37 2 3.76 .196
MTL .13 7 4.63 .196
ZLAB 3.42 6 105.21 .192
AMTX 1.20 3 18.61 .192
CAN .43 4 8.91 .192
AESE .35 1 1.83 .191
IMV .15 2 1.57 .190
NTEC .46 4 9.63 .188
CVV .46 2 4.89 .188
AMZN 8.18 93 3376.07 .186
AZYO 1.08 1 5.96 .181
BODY .47 2 5.23 .178
OPNT 1.39 3 23.38 .177
CLPS .56 1 3.16 .177
CLPS .56 1 3.16 .177
HUYA .53 3 8.91 .177
MDIA .50 3 8.36 .177
DKS 2.02 11 124.36 .176
JFIN .36 2 4.09 .176
MDNA .05 8 2.22 .176
CELC 1.05 3 17.81 .174
CLII .84 3 14.36 .174
GTT .41 1 2.36 .173
BLUW .83 2 9.63 .172
SALM .21 3 3.63 .171
BWAY 1.35 1 7.955 .169
MAT 1.16 3 20.53 .168
BGFV .70 6 24.89 .168
MOGO .24 4 5.64 .168
TEDU .09 2 1.08 .166
UONE .44 4 10.59 .164
EVGN .43 1 2.62 .164
ARMP .49 1 3 .163
ENSV .20 1 1.22 .163
ZG 3.17 5 96.19 .160
EDSA 1.24 1 7.72 .160
OSTK 2.20 6 82.1 .156
EXPI 1.38 6 52.83 .156
MQ 1.26 4 32.1 .156
SCYX .79 1 5.06 .156
FIGS 1.12 5 35.65 .155
GTIM .74 1 4.75 .155
ARVN 1.91 7 85.25 .154
BCLI .46 1 2.97 .154
GSAT .12 2 1.55 .154
EDTK .10 2 1.29 .154
ACB .36 3 7.03 .153
ALTO .28 3 5.45 .153
PRTA 1.18 8 61.02 .152
GIII 1.11 4 28.59 .152
AAL .38 8 19.39 .152
FSTX 1.04 1 6.87 .151
DLO 1.53 5 50.5 .150
KR .40 15 39.96 .150
DMAC .31 2 4.1 .150
FENG .11 2 1.46 .150
FUV 1.54 1 10.31 .149
IRDM 1.55 4 41.07 .148
VCVC 1.46 1 9.85 .148
ORGS .70 1 4.7 .148
ME .45 4 11.94 .148
TTD 1.62 7 76.78 .147
SCR 1.05 5 35.58 .145
FBRX .40 1 2.74 .145
SIF 1.16 1 8.0248 .144
MTTR .70 4 18.96 .144
OLB .65 1 4.49 .144
ISEE .62 4 17.05 .144
ERJ .61 4 16.64 .144
TLRY .52 3 10.71 .144
TAL .32 2 4.42 .144
AXLA .26 2 3.61 .144
GMBL .80 1 5.63 .142
DNUT .63 3 13.26 .141
IAC 3.19 7 156.01 .140
CELH 2.77 5 98.92 .140
M .54 7 26.29 .140
AEY .31 1 2.21 .140
VIH 1.31 1 9.36 .139
SQ 1.73 23 263.39 .138
ZIM 1.15 6 49.18 .138
ALLO 1.11 2 16.02 .138
IRIX .35 3 7.56 .138
TENX .21 1 1.52 .138
ASAN 2.17 8 125.62 .136
LEGN 1.79 4 52.27 .136
NETE 1.05 1 7.71 .136
DBVT .09 8 5.05 .136
DLTR 2.90 5 104.96 .135
TWTR 1.69 5 61.43 .135
NIU 1.17 3 25.53 .135
ACHL .89 1 6.56 .135
RIG .11 5 3.98 .135
VLDR .86 1 6.38 .134
DPZ 5.62 11 465.78 .132
LYFT 1.57 4 47.54 .132
AMD 1.50 11 122.93 .132
TVTX 1.19 3 26.75 .132
SOHU .47 6 20.91 .132
NGM 1.25 2 19.05 .130
AFMD .87 1 6.69 .130
CCJ .71 5 26.83 .130
LTHM .35 10 25.81 .130
RIOT 1.25 3 28.44 .129
GENE .13 3 3.01 .129
NLS 1.33 1 10.39 .128
CYTK 1.17 4 35.85 .128
AMEH 1.16 8 71.49 .128
SAM 9.40 7 500.14 .126
SEMR 1.48 2 23.19 .126
LIVE 1.37 3 32.35 .126
MAXR 1.20 3 28.19 .126
SRNE .85 1 6.73 .126
SSNT .66 1 5.21 .126
CIEN .40 18 52.47 .126
THCB 1.25 1 10 .125
PBLA .25 1 2.01 .124
IKT .24 1 1.93 .124
JWN 1.19 3 28.77 .123
HJLI 1.27 1 10.38 .122
NBEV .19 1 1.57 .121
SI 4.86 4 159.84 .120
SPLK 4.15 5 167.38 .120
MOSY .76 1 6.29 .120
SSKN .22 1 1.83 .120
SBBP .12 2 2 .120
MARA .50 13 52.86 .117
IMMR .29 3 7.32 .117
RRD .26 3 6.6 .117
HCM .93 4 31.64 .116
HIPO .25 2 4.3 .116
PDD 2.15 5 93.19 .115
LBPH .92 1 7.96 .115
TESS .64 1 5.54 .115
SBS .15 5 6.37 .115
DUOL 7.27 3 188.05 .114
EDIT 1.47 3 37.9 .114
LI 1.29 3 33.08 .114
ENLV .49 2 8.58 .114
DE 4.88 8 341.15 .112
RGEN 4.41 7 273.83 .112
UBER 1.33 4 46.02 .112
DAL 1.14 4 39.71 .112
CCL .63 4 21.82 .112
ACI .43 8 30.26 .112
RMBL 1.41 3 38.07 .111
GP .49 3 13.14 .111
MSFT .41 111 310.11 .111
PRPO .09 3 2.37 .111
AUTL .31 2 5.61 .110
LIVX .17 2 3.07 .110
REGN 7.44 9 592.15 .108
CAH 1.34 4 48.7 .108
HOG 1.29 3 35.47 .108
SHEN 1.11 3 30.32 .108
CPSH .51 1 4.74 .107
MRUS 1.44 2 27.13 .106
AEO 1.32 2 24.62 .106
ATIF .43 1 4.05 .106
CLDX 1.61 3 45.82 .105
NFLX .76 105 668.52 .105
PRPL .70 3 19.59 .105
MSGE 1.88 4 69.95 .104
AN 1.67 8 125.43 .104
GH 1.57 8 114.48 .104
CPE 1.48 4 56.05 .104
APXT 1.27 1 12.11 .104
AA .65 8 49.55 .104
WTER .09 2 1.7 .104
BKYI .32 1 3.09 .103
ENPH 3.10 6 173.46 .102
ORCL .37 34 96.98 .102
CPG .09 6 5.05 .102
CREE 1.64 5 79.12 .100
RUN 1.10 5 52.58 .100
DKNG 1.00 5 48.75 .100
ARCE .89 2 17.72 .100
FLWS .75 4 29.6 .100
JKS 1.76 3 53.52 .096
PTGX 1.05 3 32.42 .096
LAD 6.41 5 327.2 .095
MFNC 1.02 2 21.5 .094
RRGB .96 2 20.28 .094
BTWN .95 1 10.09 .094
EQ .53 1 5.63 .094
CTRN 1.77 4 75.36 .092
VSCO 1.28 4 53.77 .092
FRD 1.28 1 13.89 .092
BGI .23 2 4.96 .092
CRON .13 4 5.48 .092
CAT 3.19 6 199.64 .090
XBI 2.27 5 124.01 .090
DELL 1.74 6 110.21 .090
JRVR 1.48 2 32.75 .090
BKE 1.30 3 42.23 .090
UAA .97 2 21.55 .090
VNE .55 6 35.14 .090
STEM .47 5 25.09 .090
FFHL .44 2 9.71 .090
AEI .09 2 1.96 .090
MBII .08 1 0.8848 .090
MDB 5.88 8 501.68 .088
DASH 2.38 8 212.93 .088
VLO 1.86 4 81.88 .088
BAC 1.06 4 47.96 .088
ULBI .31 2 7 .088
INM .14 1 1.59 .088
ABSI 1.13 1 12.91 .087
GURE .46 1 5.28 .087
SFIX 1.46 2 33.45 .086
DDL 1.22 2 28.05 .086
CHRA .40 1 4.64 .086
ACMR 1.83 5 106.47 .085
JD 1.44 5 81.48 .085
EQOS .46 1 5.37 .085
DIS 2.12 7 172.04 .084
XLNX 2.08 7 171.88 .084
KMB 1.96 6 133.27 .084
FISV 1.64 6 109.84 .084
GRVY 1.33 7 103.23 .084
VRNT 1.32 3 46.36 .084
ABCL 1.31 1 15.58 .084
EAT 1.21 3 43.06 .084
JPM 1.20 12 171.4 .084
LUV 1.03 4 47.59 .084
INTC .70 6 48.28 .084
ANIX .38 1 4.55 .083
BCYC 1.49 3 53.73 .081
LMT 2.70 10 331.91 .080
PYPL 2.54 8 243 .080
BBY 2.06 5 121.23 .080
SPT 1.96 5 121.99 .080
APPS 1.42 5 84.14 .080
TJX 1.32 4 65.33 .080
USB 1.25 4 62.44 .080
PINS 1.00 4 47.89 .080
HPQ .63 4 30.14 .080
ATAI 1.09 1 13.74 .079
UWMC .55 1 6.95 .079
PFGC 1.21 3 45.15 .078
KZIA .41 2 10.5 .078
AEMD .09 3 3.44 .078
TWST 1.37 7 117.68 .077
FRO .07 11 9.13 .077
OVV 1.51 2 39.46 .076
PKG 2.17 5 136.03 .075
RL 1.95 5 124.39 .075
MDT 1.95 5 124.05 .075
TMUS 1.78 5 116.36 .075
BYND 1.46 5 94.37 .075
IMAB 1.00 5 63.5 .075
WMT .77 15 148.75 .075
CLNE .67 1 8.84 .075
CLOV .56 1 7.38 .075
SONO .50 5 32.09 .075
PATI .50 2 13.5001 .074
BQ .08 2 2.11 .074
SIVB 7.01 8 745.32 .072
ROKU 4.06 6 324.01 .072
IWM 2.93 6 227.84 .072
ROST 2.08 4 113.86 .072
LAW 1.23 3 50.18 .072
DFH 1.18 1 16.32 .072
MS .97 8 103.47 .072
STX .76 9 88.07 .072
CSCO .52 8 55.81 .072
YPF .17 2 4.64 .072
CNFR .10 2 2.75 .072
THC 4.91 1 68.32 .071
CGC .94 1 13.17 .071
YEXT .91 1 12.65 .071
TBLA .70 1 9.85 .071
BIIB 4.00 5 271.12 .070
SITM 3.41 5 242.95 .070
VMW 2.32 5 158.08 .070
A 1.64 7 158.19 .070
SLV .79 2 22.37 .070
SBH .56 2 15.75 .070
RCAT .10 2 2.83 .070
MRO .10 14 16.85 .070
EOLS .55 1 7.94 .069
TSN 1.42 4 82.49 .068
C 1.23 4 70.65 .068
CRCT .96 2 27.59 .068
WFC .91 4 50.63 .068
STRO .65 2 19.01 .068
SLB .60 4 34.26 .068
DRN .48 4 26.67 .068
DUOT .40 1 5.91 .067
SHOP 16.27 6 1363.7 .066
SNPS 3.69 6 328.03 .066
UNH 3.07 11 454.64 .066
FATE 1.36 3 59.31 .066
TDC 1.32 3 57.48 .066
DXC 1.11 2 32.78 .066
RFL 1.04 2 31.05 .066
SJM .75 11 124.7 .066
T .56 3 25.37 .066
EVGO .55 1 8.29 .066
MRTN .38 3 16.8 .066
WSM 2.54 5 182.32 .065
FANG 1.53 5 111.69 .065
LOGI 1.16 5 84.32 .065
SSL .10 13 17.57 .065
SNOW 2.91 8 342.24 .064
TSCO 1.77 8 206.82 .064
TTC 1.60 4 99.63 .064
NEWR 1.30 4 77.9 .064
CLSK 1.17 1 18.2 .064
AMAT 1.16 8 132 .064
SMLP 1.07 2 32.53 .064
APP .81 8 94.01 .064
SOFI .64 2 19.96 .064
K .51 8 61.6 .064
ORGO .35 2 10.9 .064
HWCC .34 1 5.3 .064
SBTX .57 1 9 .063
VXX .46 3 21.47 .063
NXTP .14 1 2.22 .063
EDU .14 1 2.19 .063
BZ 1.15 2 36.27 .062
BZUN 1.12 1 17.89 .062
MYGN .98 2 30.65 .062
AMKR .70 2 22.25 .062
THTX .22 1 3.5 .062
GBR .24 1 3.91 .061
SEDG 3.89 5 313.88 .060
LLY 2.73 6 248.44 .060
CRNC 1.55 4 98.08 .060
IBM 1.35 6 127.13 .060
CHKP 1.25 6 120.36 .060
HAS 1.13 5 91.36 .060
TTCF 1.07 1 17.78 .060
FL .99 3 48.27 .060
COP .78 6 77.03 .060
PLTR .77 2 25.52 .060
XONE .67 2 22.18 .060
CSIQ .58 4 38.21 .060
FLXN .55 1 9.31 .059
KYMR 1.69 2 56.52 .058
LPX 1.24 3 63.2 .057
YMM .89 1 15.41 .057
PPBT .26 1 4.5 .057
CALA .11 1 1.91 .057
KEYS 2.52 4 177.78 .056
DOMO 1.26 4 89.96 .056
TAP 1.23 2 43.55 .056
GT 1.09 1 19.28 .056
APG .62 2 22.13 .056
XOM .52 8 65.84 .056
SILK .52 7 60.61 .056
TME .45 1 8.01 .056
ASML 4.13 11 791.23 .055
NXPI 2.32 5 196.15 .055
MU .80 5 68.94 .055
VIPS .66 1 11.88 .055
HRL .48 5 42.19 .055
AZN .33 11 62.26 .055
ITRO .07 1 1.27 .055
LII 2.97 6 302.75 .054
ADSK 2.96 6 312.8 .054
ZS 2.89 6 315.32 .054
ABNB 1.58 6 171.14 .054
LL 1.01 1 18.58 .054
FITB .82 3 44.79 .054
AUPH .82 2 30.35 .054
PSTG .74 2 26.74 .054
CRMT .72 9 117 .054
KO .51 6 54.47 .054
CIFR .48 1 8.76 .054
ZNGA .20 2 7.37 .054
EVA 3.59 1 66.87 .053
CM 1.70 4 121.87 .052
DOCN 1.29 4 96.1 .052
APPN 1.29 4 96.04 .052
YETI 1.27 4 93.99 .052
SCHW 1.13 4 83.06 .052
SPTN .60 2 22.86 .052
KIRK .60 2 23.01 .052
RSI .55 2 20.66 .052
IRCP .04 4 2.87 .052
VTGN .03 4 2.3 .052
ATVI 1.42 3 80.76 .051
MNSO .82 1 15.98 .051
OEG .14 1 2.71 .051
GBS .11 1 2.13 .051
AMGN 2.27 5 208.68 .050
TSC 1.55 1 30.91 .050
ECOM 1.37 1 27.22 .050
GWRE 1.30 5 125.06 .050
RKT .84 1 16.53 .050
FUBO .74 2 29.27 .050
EKSO .20 1 4 .050
LOW 1.83 7 231.07 .049
ROLL 1.78 7 222.59 .049
SUPN 1.50 1 30.03 .049
GS 2.81 8 417.61 .048
HON 1.95 6 218.32 .048
BHVN 1.74 4 141.42 .048
BURL 1.68 8 277.17 .048
WM 1.29 6 159.28 .048
NTAP 1.16 4 90.66 .048
MNST 1.05 4 85.58 .048
KHC .88 2 36.44 .048
VMEO .85 2 34.19 .048
GGAL .57 1 11.69 .048
FLO .41 3 25.16 .048
LC .24 8 34.7 .048
CDEV .37 1 7.75 .047
FTCH .94 2 39.21 .046
GMTX .17 1 3.66 .046
BIOC .09 2 3.76 .046
WDAY 2.61 5 282.76 .045
EA 2.20 3 142.4 .045
STT 1.48 3 98.27 .045
CVS 1.40 3 88.32 .045
ABT 1.28 5 128.13 .045
GLD 1.00 9 167.68 .045
FA .96 1 21.25 .045
GM .87 3 57.37 .045
MOS .65 3 41.87 .045
EPU .48 3 30.46 .045
COTY .08 5 8.58 .045
SNDL .03 1 0.6648 .045
COF 1.87 4 164.85 .044
DAVA 1.77 4 155.84 .044
JBL 1.39 2 61.53 .044
GNOG .78 1 17.56 .044
ARMK .42 4 36.75 .044
VSTM .06 2 2.61 .044
LIN 2.33 6 316.77 .042
WGO 1.39 2 65.26 .042
NFE 1.27 1 29.79 .042
MMM 1.20 7 182.16 .042
PG 1.11 6 142.85 .042
SWI .79 1 18.48 .042
PDCO .67 2 31.03 .042
SKX .66 3 46.12 .042
AMRS .60 1 14.24 .042
TBIO .53 3 37.36 .042
BBWI .53 6 71.17 .042
MRVL .51 6 67.73 .042
XLE .47 6 59.14 .042
AGNC .36 2 16.51 .042
VIEW .21 1 4.99 .042
MOMO .19 3 13.14 .042
COUR 1.39 1 33.55 .041
MA 2.96 5 357.32 .040
CI 1.83 5 215.67 .040
ADI 1.48 5 179.88 .040
INCY 1.38 2 66.55 .040
UHS 1.30 4 126.17 .040
EGRX 1.01 2 50.4 .040
CHPT .93 1 22.84 .040
ON .92 2 45.14 .040
NKE .89 8 163.79 .040
OTIS .88 4 80.27 .040
TNA .83 5 93.27 .040
WOOF .51 2 24.46 .040
KDMN .10 4 9.42 .040
ACH .67 1 16.8 .039
HNST .37 1 9.47 .039
MFGP .07 3 5.04 .039
OLLI 1.29 2 67.81 .038
OKE 1.26 2 65.85 .038
MO .93 2 48.11 .038
SANA .82 1 21.18 .038
FCBP 1.08 1 29.1 .037
ADBE 4.10 6 642.5 .036
COST 3.15 6 485.53 .036
ANTM 2.99 6 436.24 .036
HCA 2.20 4 241.4 .036
EL 2.10 6 331.05 .036
COIN 2.06 6 319.49 .036
DG 2.03 4 221.53 .036
ESTC 1.65 4 171.92 .036
LITE 1.46 2 80.78 .036
RCUS 1.22 1 33.67 .036
HD 1.21 12 369.2 .036
TGT 1.11 9 258.73 .036
KNL .92 1 25.04 .036
LZB .64 2 33.93 .036
GIS .62 4 62.09 .036
VIR .39 4 40.29 .036
HNP .33 2 17.87 .036
SPWH .22 3 17.78 .036
ALAC .21 2 11.57 .036
TTM .20 6 33.17 .036
RACE 1.73 5 230 .035
LH 1.59 7 283.56 .035
UPS 1.15 7 218.07 .035
RF .86 1 24.08 .035
SRNG .41 1 11.42 .035
NOK .04 5 5.7 .035
MPC 1.19 2 68.47 .034
TGTX 1.11 1 31.74 .034
BLDR 1.03 2 58.76 .034
ANF .67 2 39.25 .034
SLHG .10 1 2.94 .034
AZO 6.70 11 1826 .033
XM 1.53 1 45.64 .033
AKAM 1.20 3 106.81 .033
CRM 1.06 11 295.11 .033
PLCE .92 3 83.61 .033
BEKE .69 1 20.8 .033
ATHM .49 3 43.38 .033
BP .33 3 29.64 .033
FENC .31 1 9.15 .033
TEO .18 1 5.4 .033
BKNG 10.17 8 2443.03 .032
BLFS 1.55 1 47.27 .032
UAL 1.50 1 46.79 .032
CHGG .96 2 59.03 .032
ABBV .93 4 109.49 .032
EQT .73 1 22.53 .032
DEN .72 4 82.96 .032
FLOW .63 4 77.97 .032
CL .61 4 76.16 .032
D .31 8 76.59 .032
ALZN .07 1 2.13 .032
FOE .67 1 20.94 .031
BLK 6.24 5 931.58 .030
ATKR 1.43 2 93.81 .030
V 1.33 6 231.82 .030
OXY .05 29 35.36 .029
GOOG 3.73 28 2793.44 .028
AAP 1.82 4 232.56 .028
TTWO 1.42 4 182.54 .028
PLD 1.05 4 146.23 .028
MCD .97 7 236.42 .028
QDEL .95 4 133.89 .028
PCVX .65 1 22.65 .028
MRK .63 4 82.25 .028
ACHV .23 1 8.13 .028
SWN .15 1 5.27 .028
CTKB .66 1 23.78 .027
VSH .18 3 19.36 .027
GRUB .15 3 15.35 .027
RTX 1.21 2 89.16 .026
DD .99 2 71.93 .026
CRTO .90 1 33.36 .026
VZ .73 2 53.08 .026
BIG .59 2 44.69 .026
TRIL .47 1 17.96 .026
UNIT .38 1 14.22 .026
B 1.08 1 41.79 .025
AXP 1.02 5 180.95 .025
LEN .59 5 100.45 .025
STE 1.42 4 235.36 .024
SNA 1.40 4 205.62 .024
ALXN 1.24 4 182.5 .024
J 1.23 3 138.27 .024
AZPN .96 4 153.89 .024
RY .51 6 107.06 .024
QCOM .47 8 131.94 .024
FAST .39 4 56.03 .024
PFE .21 6 43.56 .024
ET .06 4 9.86 .024
XPDI .04 8 12.5 .024
OLN 1.34 1 58.06 .023
CNC 1.57 1 70.97 .022
TSM 1.36 2 114.18 .022
NEE .95 2 85.47 .022
ADMS .18 1 8.07 .022
PKI 1.33 3 176.98 .021
PEP 1.25 3 161.17 .021
CLX 1.16 3 161.21 .021
HHR .45 3 58.25 .021
INTU 2.61 5 608.61 .020
STZ 1.17 4 218.21 .020
NUAN 1.13 1 55.01 .020
HRI .96 4 172.92 .020
IYC .84 2 83.12 .020
CROX .67 5 154.24 .020
XLV .63 5 132.48 .020
UHAL 1.98 9 730.39 .018
KMX 1.24 2 137.44 .018
IRBO .83 1 44.86 .018
CNA .83 1 45.77 .018
XLP .43 3 71.49 .018
GPK .37 1 20.33 .018
PSTX .12 1 6.49 .018
AMOM .66 1 37.25 .017
SELF .09 1 5.145 .017
STMP 1.59 4 329.61 .016
JNJ 1.48 2 165.75 .016
LANC 1.43 2 175.01 .016
DUK .92 2 103.29 .016
AIT .91 2 101.54 .016
UTHR .86 4 190.45 .016
XLK .65 4 159.38 .016
HRC .48 5 154.72 .015
FRBK .05 1 3.3 .015
TNET 1.38 1 98.49 .014
CHNG .15 2 21.36 .014
ABUS .06 1 4.07 .014
CAI .78 1 55.95 .013
PAYX 1.56 1 123.53 .012
GE .40 4 107.44 .012
PTON .37 4 93.46 .012
BEST .01 3 2.27 .012
PNRG .79 1 70.41 .011
ESXB .13 1 11.71 .011
TRI .68 2 118.48 .010
ECHO .49 1 48.18 .010
INOV .22 2 40.78 .010
PPC .17 2 28.96 .010
SVBI .13 1 12.73 .010
PBT .04 2 7.8 .010
GTS .33 1 35.25 .009
IEC .14 1 15.34 .009
SLVO .02 3 5.39 .009
TDG 1.87 4 642.94 .008
MSTR .94 8 734.86 .008
HFBL .16 1 18.95 .008
LMRK .13 1 16.45 .007
SYKE .14 3 54 .006
ITRN .07 3 26.01 .006
PSP .06 2 16.4 .006
CLDR .08 1 15.99 .005
SAFM .85 1 189.74 .004
VOOV .73 1 148.37 .004
SPG .16 4 146.37 .004
TAAG .09 1 20.9494 .004
KIN .02 2 9.25 .004
IACB .02 2 9.94 .004
RAVN .10 3 57.74 .003
SPY 1.31 1 455.96 .002
CXP .04 1 19.16 .002
VCAR .03 1 14.1052 .002
SIC .03 1 14.49 .002
NWHM .02 1 8.99 .002
DSE .02 1 9.49 .002
ULTA .62 1 366.06 .001
PMD .01 1 8.27 .001
WYNN .06 3 92.16 0
MSTR .06 118 734.86 0
ULTA .05 12 366.06 0
WYNN .04 4 92.16 0
BLNK .02 11 29.14 0
RTLR .01 8 11.92 0
INFL .01 2 31.71 0
DFP .01 2 28.46 0
WMPN 0 4 12.28 0
QADB 0 4 87.525 0
PAE 0 1 9.9 0
GSKY 0 1 12.32 0
EIC -.08 1 19.29 -.004
NSYS -.12 1 10.9412 -.010
