EIC -.08 1 16.24
FB .01 100 355.12
FB .01 93 355.12
INFL .01 2 29.1
KIN .01 2 9.23
BEST .02 2 1.06
BLNK .02 11 29.82
DFP .03 1 29.67
GMTX .04 1 3.3
IACB .04 1 9.84
CNFR .05 2 2.66
CRON .08 4 6.92
MARK .08 2 1.16
MBII .08 1 1.2
MDNA .08 7 2.06
FRO .09 3 7.28
EDTK .10 2 1.37
MOHO .11 3 0.626
CHNR .12 4 1.19
IEC .14 1 15.23
CHNG .15 2 21.34
GRUB .15 3 18.25
IMV .15 2 1.5
INFI .16 4 2.81
LOW .16 17 202.59
IRCP .17 1 2.24
LIVX .17 2 2.94
MRO .17 5 10.68
ET .18 2 9.11
DBVT .20 3 4.9
GENE .22 2 2.98
JFU .22 3 1.59
IKT .24 1 1.86
BBIG .28 6 2.19
IMMR .28 2 6.72
HUSN .29 4 2.33
FENC .31 1 6.82
IMMP .32 3 3.17
MINM .32 2 2.28
IRIX .35 3 7.39
CHMA .37 2 3.76
GPK .37 1 18.91
HNST .37 1 13.83
AAL .38 8 18.73
MRTN .38 3 15.37
MDIA .39 2 6.5
AAPL .40 105 146.7
BSQR .40 11 2.4
GE .40 4 99.42
LIZI .40 4 3.76
CLSD .41 2 5.62
MSFT .41 106 296.77
CAN .43 4 7.76
FCX .43 16 32.42
FFHL .44 2 8.56
GALT .44 3 3.28
ME .45 1 8.03
CVV .46 2 5.24
INOV .46 1 36.87
KBSF .46 2 3.55
BGI .47 1 3.42
D .47 6 79.06
DBGI .48 3 2.68
LMFA .48 4 4.74
BLIN .49 6 4.07
IGC .49 3 1.53
HUYA .50 3 9.55
DYAI .51 3 4.51
KR .51 9 45.93
FLO .52 2 24.65
HRL .52 3 46.44
MEDS .53 5 4.66
ENZ .54 2 3.19
BTCM .55 2 6.67
EVGO .55 1 12.44
CLOV .56 1 7.56
CTSO .56 2 7.43
INTC .56 5 52.44
EPU .58 2 23.93
BIOC .61 1 3.69
LJPC .62 2 3.66
M .62 4 21.61
CCL .63 4 21.66
CTIB .64 3 1.72
LZB .64 2 34.29
LMNL .65 3 2.18
CRTD .66 3 2.63
ERJ .66 1 15.28
BODY .67 1 8.07
EVK .68 5 2.97
DNUT .69 2 14.91
ENSC .72 1 3.83
MRK .72 2 76.19
FUBO .74 2 25.15
GRVI .74 3 5.23
GP .75 2 15.19
ACY .76 16 30.43
GNOG .78 1 18.57
LTHM .78 3 22.7
BP .79 1 25.64
CLF .81 5 23.17
CSCO .81 4 57.27
FITB .82 3 37.37
CNA .83 1 43.9
LUV .83 3 47.46
BABA .84 92 160.55
CRTO .85 1 35.97
GLD .87 5 166.61
K .88 4 66.23
CEMI .89 6 2.49
CRM .93 8 253.07
MO .93 2 47.72
CGC .94 1 19.19
GPS .96 3 27.42
LOW .96 3 202.59
HOFV .98 2 2.59
ATNF 1.01 2 5.11
EGRX 1.01 2 47.73
LL 1.01 1 2.88
FAST 1.02 1 53.15
IPA 1.04 2 6.49
BAC 1.08 3 37.85
MTSL 1.08 3 3.37
DDD 1.09 8 27.23
GT 1.09 1 14.7
BCRX 1.11 5 14.24
BGFV 1.11 3 21.35
BZUN 1.12 1 19.14
MARA 1.14 7 31.81
HGSH 1.16 2 1.82
CLSK 1.17 1 11.69
COP 1.20 4 52.44
MAXR 1.20 3 27.34
BBBY 1.22 12 25.89
EYES 1.22 6 3.38
C 1.23 4 3.53
HCM 1.24 3 38.36
LEN 1.24 2 103.78
HHR 1.26 1 42.84
HJLI 1.27 1 6.82
MAT 1.28 2 20.95
BJ 1.29 4 54.02
AA 1.30 2 23.83
LC 1.30 3 26.52
HOG 1.32 2 40.12
AMC 1.35 50 33.82
BWAY 1.35 1 8.14
COUR 1.39 1 40.91
EOSE 1.39 2 11.05
ERYP 1.39 2 5.96
CVS 1.40 3 84.23
GM 1.42 1 52.85
EYEG 1.45 1 1.48
JNJ 1.48 2 178.57
BILI 1.50 20 64.33
ENLV 1.50 1 9.58
GIS 1.53 1 60.91
FUV 1.54 1 11.04
HGEN 1.54 2 15.03
ENTX 1.55 1 4.43
CNC 1.57 1 70.47
A 1.59 5 167.67
BZ 1.59 1 34.13
MBRX 1.60 1 2.7
CRCT 1.61 1 40.58
CAH 1.64 3 50.63
MMM 1.64 4 195.36
FLOW 1.65 3 77.76
MPC 1.66 1 54.55
BLDR 1.70 1 47.31
LYFT 1.70 3 46.79
CHKP 1.71 4 124.94
IMTX 1.72 2 11.69
CSIQ 1.74 1 31.99
DIS 1.79 6 173.25
AIT 1.83 1 89.31
BIDU 1.85 114 137.33
LEGN 1.93 3 49.0
LI 1.94 2 27.54
BNR 1.96 2 18.87
IBM 2.00 4 138.02
CREE 2.05 3 79.68
KSS 2.05 3 55.63
BON 2.06 1 10.82
BBWI 2.11 2 65.51
INCY 2.13 1 77.95
EXPI 2.14 3 40.19
HOOD 2.16 10 44.69
BTBT 2.20 6 12.08
FGEN 2.21 2 11.47
CHGG 2.22 1 85.0
LMT 2.22 8 354.03
CYTK 2.32 2 30
MDT 2.32 2 128.93
CRNC 2.46 2 116.64
LOGI 2.48 2 107.98
LEXX 2.49 1 5.53
JBL 2.52 1 58.25
LPX 2.53 1 55.27
BYSI 2.56 1 19.73
GS 2.60 6 393.57
LITE 2.84 1 80.24
LOOP 2.88 1 8.95
J 2.97 1 56.85
CLX 3.04 2 165.71
BYND 3.16 2 130.32
BIIB 3.26 3 338.62
MCD 3.30 2 237.23
FIGS 3.34 2 38.18
CERE 3.37 3 22.58
HD 3.37 5 322.9
GME 3.48 75 152.9
BHVN 3.71 2 117.28
FANG 3.89 1 80.54
EAT 3.93 1 50.92
IMNM 4.16 1 13.17
CLDX 4.17 1 45.6
COF 4.22 1 159.96
DDS 4.31 5 193.5
GOOG 4.55 25 2738.27
ADI 4.60 1 165.78
EDIT 4.67 1 56.48
HCA 4.67 1 249.32
HON 4.87 2 229.27
APP 5.03 1 67.1
AACG 5.35 2 2.52
LLY 5.39 3 270.4
DQ 5.42 4 47.85
LH 5.76 2 73.31
CELH 5.86 1 73.31
ENPH 5.87 2 162.89
KEYS 6.46 1 168.72
COST 6.76 2 454.26
FULC 6.92 2 22.69
GRTS 6.96 2 7.42
MA 6.96 3 357.31
AMZN 7.28 90 3187.75
FLGT 7.33 3 87.54
DASH 7.45 2 187.61
CRMT 7.58 2 132.01
BLK 7.59 1 880.67
CI 7.65 1 206.05
MRNA 7.68 19 375.53
GPN 7.69 3 163
COIN 8.34 2 256.35
AAME 9.89 1 3.65
LAD 10.32 1 371.73
EL 11.21 1 330.06
CARV 11.81 2 16.53
CPOP 14.11 1 59.65
BNTX 20.64 2 446.24
BKNG 36.56 1 2209.57
MS 48.78 2 92.62
