EJH 5.21 6 2.54 12.306
LAIX 1.72 4 0.8667 7.936
SCPS 3.34 7 3.57 6.545
EEIQ 4.33 5 4.09 5.290
NVOS 1.65 5 1.62 5.090
AACG 2.14 5 2.2 4.860
VRPX 1.77 9 3.8 4.185
CPOP 2.34 5 2.86 4.090
NEGG 3.07 20 15.36 3.980
AUVI 2.56 8 5.18 3.952
NRXP 3.30 7 6.06 3.808
DPW 1.56 5 2.08 3.750
JZXN 1.63 4 2.28 2.856
JAN 3.24 5 5.93 2.730
EYES 1.22 6 2.7 2.706
JG 1.30 3 1.47 2.652
CEMI .60 8 2 2.400
SIEB 1.53 5 3.19 2.395
KOSS 5.35 7 15.86 2.359
AAME 1.97 5 4.18 2.355
HX 1.40 6 3.71 2.262
FCEL .18 130 10.24 2.210
AGRI .95 5 2.22 2.135
NAOV .27 11 1.39 2.134
BSQR .35 13 2.235 2.028
NURO 1.47 11 7.99 2.013
TYME .45 4 0.9484 1.896
AMC 1.21 57 38.29 1.767
INDP 2.52 5 7.28 1.730
SGOC 1.19 9 6.29 1.701
IRNT 3.02 6 10.77 1.680
MRIN 2.01 5 6.03 1.665
CARV 3.92 6 14.82 1.584
ANPC 1.24 2 1.57 1.578
CRTD .81 6 3.12 1.554
DWAC 30.01 3 58.3 1.542
SPCE 1.26 24 20.26 1.488
RMED .72 6 2.93 1.470
OCGN 1.04 12 8.53 1.452
AREC .62 5 2.15 1.440
GRTS 2.64 6 11.27 1.404
SPRT .81 20 11.8 1.360
BBIG .30 20 4.37 1.360
CSCW .39 2 0.58 1.344
BIDU 1.78 117 161.56 1.287
GME 2.99 82 199.19 1.230
BTBT 1.45 10 11.72 1.230
WAVE 1.72 5 7 1.225
LMNL .65 3 1.61 1.209
TAOP 1.35 3 3.39 1.194
PMCB 1.11 3 2.81 1.185
MARK .46 4 1.55 1.184
NCTY 2.63 5 11.11 1.180
PHUN .42 11 3.9 1.177
ERYP .89 3 2.3 1.158
ANY .45 17 6.69 1.139
ADGI 3.21 7 19.81 1.134
JCS 1.40 3 3.7 1.134
AUUD .41 7 2.52 1.134
NMRD 1.66 4 5.86 1.132
SSY .91 3 2.41 1.131
SNAP .57 113 52.88 1.130
ALYA .77 4 2.75 1.120
FTEK .69 3 1.86 1.110
SAVA 2.72 28 69.4 1.092
SNOA 1.51 4 5.53 1.092
BNTC 1.24 3 3.41 1.089
CTIB .40 5 1.845 1.080
DLPN 2.14 5 10.03 1.065
IGC .49 3 1.38 1.065
EVK .60 6 3.4 1.056
WORX .44 4 1.68 1.044
HGSH 1.16 2 2.2314 1.038
LHDX 1.58 4 6.19 1.020
WAFU 1.50 4 5.95 1.008
PBTS 1.24 1 1.24 1.000
BLIN .41 8 3.26 1.000
NIO .54 76 39.55 .988
SYPR .80 4 3.28 .972
CETX 1.20 1 1.24 .967
CHCI 1.54 3 4.79 .963
NVFY .73 3 2.27 .963
RNXT 1.96 4 8.16 .960
MTSL 1.08 3 3.37 .960
PRFX .77 3 2.4 .960
YJ .40 2 0.836 .956
UPC .73 3 2.33 .939
TPST 2.19 5 11.66 .935
ACRS 2.12 7 15.86 .931
MOXC 1.33 4 5.71 .928
BB .84 11 10.48 .880
HOFV .98 2 2.23 .878
BNGO .36 12 4.99 .864
GRTX .50 3 1.74 .861
RIDE .79 6 5.56 .852
SOS .61 2 1.46 .834
WHLM 1.20 4 5.75 .832
VVOS .78 4 3.78 .824
PTIX .84 2 2.04 .822
LODE .56 3 2.07 .810
XPEV .47 81 44.33 .810
SJ 1.24 4 6.15 .804
FULC 2.54 6 19.03 .798
HCWB 1.14 2 2.9 .786
CNET 1.11 1 1.42 .781
NVAX 10.57 12 164.19 .768
PALI .71 3 2.77 .768
PPSI 1.30 4 6.79 .764
IDEX .36 4 1.91 .752
SPCB .32 2 0.85 .752
EYEG 1.45 1 1.95 .743
ANVS 3.73 6 30.31 .738
IMPL 1.70 5 11.53 .735
CANF 1.04 1 1.42 .732
DYNT .22 5 1.5 .730
ASM .69 1 0.9472 .728
VTNR .37 9 4.61 .720
VERY 1.39 4 7.75 .716
OSAT 1.21 3 5.16 .702
STAF .58 2 1.67 .694
OPAD 1.25 4 7.24 .688
TERN 1.53 4 8.97 .680
MVIS 1.17 5 8.71 .670
EBET 3.45 6 31.01 .666
MEDS .53 5 3.97 .665
ATNF .90 3 4.07 .663
NBRV .76 1 1.16 .655
MBRX .81 2 2.47 .654
SPI 1.06 3 4.89 .648
BBBY 1.02 14 21.79 .644
KALV 1.44 8 17.97 .640
CBAT .50 3 2.34 .639
WEI .57 1 0.8997 .633
MNOV 1.12 2 3.54 .632
DTST .84 3 4.07 .618
AQMS .39 3 1.91 .612
LGHL .30 4 1.95 .612
TSLA 4.28 152 1067.95 .608
VYGR 1.06 2 3.51 .602
TIGR .50 8 6.61 .600
XTLB 1.09 2 3.66 .594
HGEN 1.21 3 6.19 .585
IPHA .78 4 5.41 .576
ORPH .57 4 3.94 .576
LIZI .40 4 2.76 .576
ATXI .74 1 1.29 .573
HTBX 1.46 2 5.16 .564
AVXL 2.41 5 21.34 .560
HOOD 1.41 14 34.49 .560
EXPR .47 5 4.19 .560
ZCMD 1.01 1 1.81 .558
GTEC 1.57 2 5.665 .554
EVOL .74 2 2.68 .552
NRBO .49 2 1.78 .550
OBLN .56 3 3.05 .549
GFAI .51 2 1.88 .542
MOHO .11 3 0.6082 .540
WINT .31 3 1.73 .537
LEDS 1.24 3 6.95 .534
OPTT 1.10 1 2.06 .533
ZEV 1.17 4 8.74 .532
GOVX .35 6 3.94 .528
VERB .12 8 1.81 .528
COHN 1.95 5 18.44 .525
DBGI .42 5 3.99 .525
ZKIN .71 2 2.73 .520
RFL .71 5 6.85 .515
WBX 8.99 1 17.51 .513
LWAC 1.73 5 16.98 .505
ALEC 2.10 6 24.83 .504
HUSN .29 4 2.3 .504
FLGC .46 5 4.59 .500
KXIN .17 6 2.04 .498
APTO .39 3 2.39 .489
ENOB 1.18 4 9.75 .484
JFU .22 3 1.36 .483
GEG .90 1 1.87 .481
AMBO .61 1 1.27 .480
RCON .51 2 2.13 .478
BCRX .68 9 12.73 .477
KNBE 1.80 7 26.29 .476
PENN 2.65 10 56.26 .470
ALF 1.08 2 4.65 .464
SCKT .74 4 6.34 .464
XELB .34 2 1.46 .464
GROM .76 2 3.31 .458
NVDA 1.15 152 294.59 .456
GRVI .74 3 4.85 .456
ENVB .27 3 1.77 .456
GALT .44 3 2.95 .447
GLSI 3.27 5 36.65 .445
ACOR .41 4 3.68 .444
MINM .32 2 1.505 .424
RSLS .27 4 2.53 .424
AYRO .60 2 2.84 .422
APRE .69 3 4.92 .420
WHLR .54 2 2.57 .420
NTRB 1.15 2 5.52 .416
UONE .37 7 6.17 .413
TQQQ .56 137 159.07 .411
OXBR .30 5 3.65 .410
MRNA 2.92 34 228.96 .408
WNW 1.34 1 3.3 .406
ENTX .77 2 3.79 .406
GNLN .36 2 1.77 .406
PIRS .23 7 3.9 .406
ATOS .21 5 2.57 .405
BPTH .95 2 4.6807 .404
DTSS .87 1 2.15 .404
WPRT .58 2 2.86 .404
CRIS 1.20 2 5.97 .402
ONCS .68 1 1.7 .400
RETO .66 1 1.65 .400
ACY .99 19 45.4 .399
UAVS .36 3 2.7 .399
TRCH .98 2 4.95 .394
LIFE 1.09 3 8.31 .393
BABA .78 98 163.97 .392
CHNR .12 4 1.22 .392
XELA .09 7 1.6 .392
DYAI .51 3 3.908 .390
LEXX .84 3 6.5 .387
ADMA .54 1 1.4 .385
OLB .77 3 5.99 .384
OTLK .38 2 1.98 .382
ENG .30 3 2.37 .378
DWSN .44 2 2.34 .376
PME .26 1 0.6899 .376
MVST .71 5 9.35 .375
OBSV .18 5 2.41 .370
SLGG .64 2 3.53 .362
FGEN 1.47 3 12.16 .360
BTCM .72 4 8 .360
DQ 3.36 7 65.45 .357
AVGR .04 7 0.784 .357
ADMP .36 1 1.01 .356
RHE 1.27 2 7.19 .352
IMTX .98 4 11.05 .352
NNOX 1.69 5 23.89 .350
ZG 3.78 6 64.18 .348
PSTV .60 1 1.72 .348
IPA 1.04 2 6.05 .342
HAPP .30 1 0.8756 .342
AGEN .15 10 4.33 .340
KMPH 1.03 3 9.1 .339
WISH .58 3 5.1 .339
MTP .56 1 1.675 .334
SGBX .32 3 2.88 .333
BILI 1.28 22 81.31 .330
WATT .32 2 1.93 .330
NKLA .31 15 13.84 .330
ENSC .72 1 2.19 .328
GRU 1.51 1 4.61 .327
ARPO .72 1 2.2 .327
CERE 1.78 7 38.67 .322
RAPT 1.77 7 38.06 .322
BNTX 3.78 20 235.4 .320
ARAV 1.21 1 3.79 .319
AVIR 1.14 3 10.67 .318
GDEV .87 3 8.15 .318
ENZ .54 2 3.4 .316
APOP .84 5 13.17 .315
AVCT .60 1 1.9 .315
JRJC .67 3 6.43 .312
NEXT .29 4 3.68 .312
LJPC .62 2 3.99 .310
GMBL .88 2 5.7 .308
SLS .91 3 8.89 .306
IMNM 1.42 4 18.56 .304
TATT .65 3 6.39 .303
LYEL 1.21 3 12.05 .300
BON .62 3 6.18 .300
KBSF .46 2 3.05 .300
SDC .64 2 4.32 .296
UFAB .46 2 3.16 .290
CCXI 3.66 3 37.99 .288
MQ 1.21 6 25.11 .288
DDD .70 12 28.04 .288
GSM .27 7 6.53 .287
GPN 3.54 11 132.48 .286
SBEA 1.45 2 10.09 .286
CLF .57 11 21.87 .286
NNVC .44 3 4.62 .285
IMMR .33 6 6.98 .282
AFRM 2.75 14 133.53 .280
LAZR 1.33 4 18.9 .280
OSMT .13 4 1.85 .280
XBIO .06 8 1.71 .280
BNR 1.30 3 13.9 .279
DARE .47 1 1.68 .279
BTX 1.13 2 8.09 .278
BBLG 1.14 1 4.16 .274
NEPT .07 2 0.5074 .274
VOXX 1.16 3 12.62 .273
GEVO .49 4 7.13 .272
ADIL .45 2 3.29 .272
APPS 3.13 6 68.74 .270
TRIT .34 5 6.29 .270
BHTG .33 1 1.24 .266
MITO .28 1 1.05 .266
LMFA .35 5 6.6 .265
IFRX .62 2 4.67 .264
CMMB 1.24 2 9.4805 .260
CTSO .42 4 6.45 .260
DOCS 2.72 7 72.01 .259
NNDM .48 3 5.57 .258
VBLT .21 3 2.44 .258
OCUP 1.04 1 4.04 .257
RKDA .49 1 1.9 .257
QFIN .76 8 23.68 .256
MTTR .69 8 21.27 .256
BYSI 1.25 3 14.69 .255
EOSE 1.39 2 10.91 .254
FCX .42 23 37.52 .253
RLMD 1.57 4 24.86 .252
HUGE .37 1 1.47 .251
NVCR 2.63 10 102.93 .250
VTSI .98 2 7.83 .250
CRDF 1.40 1 5.63 .248
KODK .86 2 6.92 .248
INFI .16 4 2.54 .248
IGIC .70 3 8.5 .246
IONQ .65 7 18.23 .245
ALTO .29 5 5.9 .245
STG 1.13 1 4.63 .244
MRKR .36 1 1.47 .244
DBVT .07 11 3.13 .242
PBR .31 8 10.03 .240
IMMP .20 5 4.14 .240
MTL .12 8 3.93 .240
ZM 4.40 14 251.26 .238
ALDX 1.09 2 9.09 .238
VIVE .26 2 2.1701 .238
TELL .13 7 3.8 .238
SOFI .81 6 20.42 .234
SQBG .73 2 6.24 .232
KURA 1.39 3 17.88 .231
PRPL .68 5 14.5 .230
DNUT .62 5 13.37 .230
ZLAB 3.42 6 87.82 .228
ZY .78 3 10.21 .228
VLDR .76 2 6.63 .228
TEDU .09 2 0.7849 .228
PLG .33 2 2.9 .226
TSP 1.75 5 38.51 .225
W 6.80 8 240.93 .224
SKLZ .67 4 11.92 .224
LCID 1.51 6 40.75 .222
ASTR .53 4 9.79 .216
ONCT .45 2 4.15 .216
OVID .38 2 3.5 .216
AAPL .32 108 147.92 .216
WIMI .27 4 4.91 .216
AKTX .36 1 1.68 .214
CHGG 2.17 3 30.15 .213
FB .75 106 327.64 .212
VERU .45 4 8.37 .212
SE 5.17 14 335.3 .210
DELL 1.75 7 56.62 .210
CLSD .35 3 4.95 .210
OCX .70 1 3.35 .208
AEHR .19 26 22.68 .208
VNET 1.13 3 16.37 .207
BGFV .92 9 38.58 .207
MDIA .50 3 7.205 .207
SNES .16 2 1.55 .206
EZFL .57 1 2.77 .205
FIGS 1.33 6 38.98 .204
HOL .84 3 12.35 .204
TASK 1.74 7 58.16 .203
MESO 1.26 1 6.18 .203
BODY .47 2 4.69 .200
RAIL .24 4 4.72 .200
OCG .23 4 4.56 .200
MDNA .05 8 1.97 .200
UPST 2.84 18 256.59 .198
PLUG .92 9 40.18 .198
NLS .84 2 8.46 .198
M .67 9 29.82 .198
MOSY .55 2 5.59 .196
CHMA .37 2 3.76 .196
SALM .20 4 4.01 .196
OCG .07 13 4.56 .195
EXPI 1.38 6 41.83 .192
ABSI 1.25 2 12.89 .192
JFIN .36 2 3.75 .192
IMV .15 2 1.55 .192
SNMP .11 2 1.14 .192
PUBM 6.66 1 35.03 .190
KULR .33 2 3.47 .190
DDS 6.22 9 296 .189
OSTK 2.60 7 96.23 .189
RBLX 2.04 9 95.26 .189
KSS 1.63 7 58.25 .189
CARA 1.57 2 16.56 .188
NTEC .46 4 9.63 .188
AMZN 8.18 93 3482.05 .186
CVV .46 2 4.94 .186
VIR 1.21 5 32.24 .185
LOOP .74 4 15.93 .184
AZYO 1.08 1 5.9 .183
ORMP .40 13 27.38 .182
CLPS .56 1 3.08 .181
CLPS .56 1 3.08 .181
GPS .75 6 24.73 .180
BKKT 4.57 1 25.45 .179
AMTX 1.20 3 20.13 .177
SKT 1.17 3 19.56 .177
CAN .43 4 9.71 .176
ME .41 5 11.52 .175
CELC 1.05 3 17.8 .174
CLII .84 3 14.36 .174
GTT .41 1 2.36 .173
ATAI 1.29 2 14.85 .172
EDSA 1.24 1 7.17 .172
BLUW .83 2 9.63 .172
HUYA .53 3 9.27 .171
DKS 1.82 13 130.08 .169
FLGT 2.27 6 79.47 .168
PRTA 1.18 8 56.09 .168
EVGN .43 1 2.55 .168
MOGO .24 4 5.67 .168
ORGS .70 1 4.18 .167
LEGN 1.61 5 48 .165
DLO 1.53 5 45.56 .165
FSTX 1.04 1 6.27 .165
BWAY .68 2 8.25 .164
AXLA .26 2 3.14 .164
FOSL 2.25 1 13.84 .162
TTD 1.68 9 88.66 .162
TAL .32 2 3.93 .162
SQ 1.73 23 227.21 .161
TWTR 1.69 5 52.33 .160
AA .78 10 46.17 .160
CCJ .53 8 26.36 .160
NETE 1.04 2 13.09 .158
AESE .35 1 2.21 .158
BGI .23 2 2.92 .156
RIG .09 6 3.45 .156
SHOP 32.80 7 1474 .154
IAC 3.19 7 139.58 .154
GSAT .12 2 1.55 .154
MAT 1.16 3 22.56 .153
BCLI .46 1 2.99 .153
AFMD .43 2 5.65 .152
DE 5.37 10 352.61 .150
ACB .36 3 7.1 .150
ENSV .20 1 1.33 .150
IRDM 1.55 4 41.34 .148
VCVC 1.46 1 9.85 .148
SIF 1.16 1 7.83 .148
TENX .21 1 1.41 .148
FENG .11 2 1.48 .148
DUOL 7.27 3 148.06 .147
ARVN 1.91 7 86.97 .147
GTIM .74 1 5.02 .147
LBPH .92 1 6.27 .146
SCR 1.05 5 35.58 .145
MSTR 14.75 8 816.34 .144
NEWR 2.93 6 118.27 .144
DKNG .99 6 41.08 .144
ISEE .62 4 17.03 .144
ERJ .41 6 16.49 .144
AEY .31 1 2.19 .141
GENE .13 3 2.72 .141
VIH 1.31 1 9.36 .139
SCYX .79 1 5.67 .139
NIU 1.17 3 25.2 .138
ZIM 1.15 6 48.05 .138
AUPH .69 6 29.62 .138
HNST .41 3 8.9 .138
DMAC .31 2 4.46 .138
EDTK .10 2 1.43 .138
GIII 1.11 4 32.32 .136
APP 1.46 9 95.73 .135
TLRY .52 3 11.52 .135
KR .40 15 42.47 .135
AUTL .30 3 6.57 .135
FUV 1.54 1 11.49 .134
ARMP .49 1 3.63 .134
SAM 9.40 7 470.46 .133
ACHL .89 1 6.68 .133
MARA .48 19 64.84 .133
CIEN .44 19 60.5 .133
NBEV .19 1 1.42 .133
TOST 3.31 2 50.01 .132
SRNE .85 1 6.4 .132
EVGO .51 4 15.41 .132
SOHU .47 6 20.63 .132
SBS .15 6 6.68 .132
CALA .11 1 0.8318 .132
SI 5.04 5 188.73 .130
LYFT 1.43 5 54.6 .130
LI 1.29 3 29.64 .129
MRO .14 16 16.6 .128
CELH 2.05 6 93.89 .126
BYND 2.00 6 94.48 .126
AMD 1.29 14 139.87 .126
AAL .32 9 21.57 .126
SPLK 4.15 5 164.41 .125
DLTR 2.90 5 111.62 .125
THCB 1.25 1 10 .125
SEMR 1.48 2 23.85 .124
FBRX .40 1 3.23 .123
PBLA .25 1 2.02 .123
HJLI 1.27 1 10.38 .122
NGM 1.25 2 20.48 .122
HIPO .25 2 4.07 .122
SSKN .22 1 1.79 .122
DPZ 5.62 11 495.15 .121
PDD 2.15 5 86.51 .120
GH 1.57 8 103.77 .120
TVTX 1.19 3 29.69 .120
CYTK .96 5 39.5 .120
HCM .93 4 30.02 .120
SONO .70 6 33.84 .120
CIFR .35 3 8.74 .120
SBBP .12 2 2 .120
PRPO .09 3 2.2 .120
LIVE 1.37 3 34.26 .117
FUBO 1.01 3 25.47 .117
IRIX .35 3 8.88 .117
IKT .24 1 2.05 .117
CMTL 3.13 1 26.89 .116
ALLO 1.11 2 18.96 .116
SSNT .66 1 5.65 .116
ENLV .49 2 8.42 .116
DAL 1.02 5 43.71 .115
EDIT 1.47 3 37.89 .114
SHEN 1.11 3 28.49 .114
MRUS 1.10 3 28.28 .114
CPG .09 6 4.69 .114
RGEN 4.41 7 263.7 .112
RIOT 1.05 4 36.49 .112
PFE .72 8 49.02 .112
MSFT .41 112 330.8 .112
SSL .14 14 16.76 .112
ATIF .43 1 3.84 .111
UBER .97 5 43.38 .110
UWMC .39 2 7.04 .110
LIVX .17 2 3.07 .110
MAXR .83 4 30.5 .108
TESS .34 2 6.19 .108
ULBI .31 2 5.72 .108
PETZ .17 4 6.11 .108
WTER .09 2 1.64 .108
NXTP .14 1 1.32 .106
CLDX 1.61 3 45.71 .105
CPE 1.27 5 59.59 .105
JWN 1.19 3 33.72 .105
NFLX .76 105 646.91 .105
MOS .76 5 36.08 .105
COTY .16 7 10.47 .105
CRON .12 5 5.47 .105
CAT 2.86 8 206.67 .104
AN 1.67 8 124.45 .104
CAH 1.34 4 50.3 .104
APXT 1.27 1 12.11 .104
CPSH .51 1 4.87 .104
BKYI .32 1 3.07 .104
LTHM .25 13 30.54 .104
INM .14 1 1.34 .104
VMW 2.23 6 124.95 .102
DOCN 1.92 6 107.69 .102
JRVR 1.48 2 28.7 .102
GP .49 3 14.34 .102
ORCL .37 34 93.83 .102
LAD 6.41 5 318.47 .100
CREE 1.64 5 79.12 .100
AEO 1.32 2 25.97 .100
VSCO 1.28 4 49.64 .100
GT 1.16 2 23.07 .100
RUN 1.10 5 53.96 .100
OPNT .73 4 28.08 .100
REGN 7.44 9 622.2 .099
ARCE .89 2 17.97 .098
TTCF .86 2 17.23 .098
ON .81 7 56.82 .098
AEI .09 2 1.83 .098
CHRA .40 1 4.12 .097
CNC 2.42 3 75.06 .096
MSGE 1.88 4 76.74 .096
VLO 1.86 4 76.86 .096
FISV 1.64 6 100.25 .096
JKS 1.37 4 54.93 .096
HOG .90 4 37.16 .096
CRCT .70 4 28.9 .096
BTWN .95 1 9.97 .095
STEM .47 5 24.61 .095
CCL .45 5 23.49 .095
MFNC 1.02 2 21.5 .094
RMBL 1.41 3 44.17 .093
FRD 1.28 1 13.73 .093
UAA .78 3 24.74 .093
AEMD .09 3 2.89 .093
ABCL 1.31 1 14.14 .092
SITM 2.97 7 228.36 .091
MBII .08 1 0.87 .091
PYPL 2.14 9 204.64 .090
DIS 1.86 9 174.45 .090
SPTN .74 3 24.4 .090
VNE .55 6 35.3 .090
FFHL .44 2 9.57 .090
LC .39 10 42.14 .090
AMEH 1.16 8 97.72 .088
SKX 1.09 4 47.44 .088
BAC 1.06 4 47.23 .088
RRGB .96 2 21.35 .088
FLWS .75 4 33.95 .088
EQOS .46 1 5.18 .088
XPDI .11 11 12.98 .088
FRO .07 11 8.28 .088
GKOS 4.45 1 50.7 .087
PTGX 1.05 3 36.1 .087
OVV 1.51 2 35.03 .086
SFIX 1.46 2 33.57 .086
XBI 2.27 5 126.19 .085
BHVN 2.12 5 119.93 .085
ACMR 1.83 5 101.69 .085
LUV .85 5 49.69 .085
EQ .53 1 6.22 .085
RRD .16 5 9.1 .085
GDYN 3.03 1 35.88 .084
KMB 1.96 6 134.71 .084
CTRN 1.77 4 83.15 .084
TMUS 1.73 6 119.55 .084
GRVY 1.33 7 103.52 .084
JPM 1.20 12 167.62 .084
JD 1.15 6 77.74 .084
PINS 1.00 4 45.86 .084
BJ .79 7 61.75 .084
TDC 1.32 3 48.28 .081
EAT 1.21 3 43.6 .081
ANIX .38 1 4.68 .081
ACI .33 9 34.02 .081
MDB 5.88 8 554.96 .080
PKG 2.17 5 135.45 .080
XM 1.66 2 41.09 .080
USB 1.25 4 60.49 .080
IMAB 1.00 5 60 .080
LAC .54 5 33.01 .080
ABUS .14 2 3.48 .080
AMRS .60 1 7.51 .079
ENPH 3.10 6 231.48 .078
RL 1.69 6 126.27 .078
BCYC 1.49 3 56.06 .078
BKE 1.30 3 48.38 .078
INTC .70 6 50.76 .078
BQ .08 2 2.01 .078
EL 3.86 7 345.11 .077
ABNB 2.23 7 192.22 .077
TWST 1.37 7 118.85 .077
YEXT .91 1 11.8 .077
CLOV .56 1 7.18 .077
TJX 1.32 4 68.96 .076
COUR 1.32 2 34.41 .076
CLNE .67 1 8.72 .076
HPQ .63 4 31.52 .076
RVI .24 2 6.29 .076
YPF .17 2 4.4 .076
ZNGA .15 4 7.73 .076
RCAT .10 2 2.6 .076
BIGC 4.50 1 59.74 .075
BBY 2.06 5 131.25 .075
MDT 1.95 5 122.41 .075
PTON .74 5 48.95 .075
YMM .58 2 15.47 .074
CNFR .10 2 2.68 .074
EOLS .55 1 7.46 .073
SIVB 7.01 8 741.92 .072
IWM 2.93 6 237.35 .072
DASH 1.88 9 214.24 .072
FATE 1.36 3 56.51 .072
LAW 1.23 3 50.62 .072
C 1.23 4 68.21 .072
DDL 1.22 2 33.37 .072
PFGC 1.21 3 48.54 .072
IBM 1.20 8 120.22 .072
WFC .91 4 50.36 .072
MS .82 9 97.77 .072
SJM .78 12 127.61 .072
SLB .60 4 32.73 .072
CSCO .52 8 57.77 .072
DRN .48 4 26.52 .072
GURE .46 1 6.36 .072
CGC .94 1 13.12 .071
TBLA .70 1 9.85 .071
BIIB 4.00 5 266.93 .070
ROKU 2.89 7 274.6 .070
LMT 2.70 10 337.63 .070
A 1.64 7 159.28 .070
FANG 1.53 5 107.16 .070
DFH 1.18 1 16.65 .070
LOGI 1.16 5 78.64 .070
VMEO .85 2 23.94 .070
VRNT .69 5 46.93 .070
SILK .52 7 50.8 .070
PATI .50 2 14.17 .070
SBTX .57 1 8.23 .069
ROST 2.08 4 118.67 .068
TSN 1.42 4 82.54 .068
ATVI 1.15 4 66.66 .068
SMLP 1.07 2 31.1 .068
FL .92 4 54 .068
SLV .79 2 22.87 .068
PLTR .77 2 22.52 .068
KZIA .41 2 11.75 .068
EDU .14 1 2.03 .068
UNH 3.07 11 459.9 .066
NXPI 2.38 6 214.22 .066
BZ 1.15 2 34.66 .066
BZUN 1.12 1 16.95 .066
DXC 1.11 2 33.58 .066
MO 1.00 3 44.75 .066
ASAN .87 11 129.67 .066
T .56 3 24.95 .066
MRTN .38 3 17.27 .066
GBR .24 1 3.59 .066
SWN .16 2 4.82 .066
THTX .22 1 3.34 .065
VTGN .03 5 2.25 .065
SNOW 2.91 8 361.08 .064
TSCO 1.77 8 217.26 .064
CHPT .79 2 24.52 .064
WMT .70 16 148.44 .064
K .51 8 63.52 .064
HWCC .34 1 5.3 .064
V 2.08 7 215.56 .063
STX .76 9 99.02 .063
VXX .46 3 21.6 .063
MYGN .98 2 31.37 .062
ORGO .35 2 11.01 .062
THC 4.91 1 79.93 .061
SNPS 3.69 6 337.66 .060
SEDG 3.56 6 343.3 .060
WSM 2.54 5 201.4 .060
TTC 1.60 4 100.45 .060
CRNC 1.55 4 101.76 .060
ABT 1.33 6 127.82 .060
CHKP 1.25 6 117.3 .060
COP .78 6 73 .060
AMKR .70 2 22.69 .060
STRO .65 2 21.58 .060
CSIQ .58 4 36.26 .060
DUOT .40 1 6.59 .060
SBH .38 3 18.14 .060
AZN .32 12 63.14 .060
FLXN .55 1 9.24 .059
RSI .55 2 18.67 .058
PPBT .26 1 4.41 .058
LPX 1.24 3 64.16 .057
CLSK 1.17 1 20.32 .057
LL 1.01 1 17.55 .057
GS 2.81 8 399.12 .056
LLY 2.28 7 264.65 .056
APPN 1.29 4 91.56 .056
DOMO 1.26 4 85.17 .056
AMAT 1.16 8 150.4 .056
INCY .93 4 65.39 .056
VIPS .66 1 11.66 .056
TME .45 1 8 .056
GBS .11 1 1.96 .056
IRCP .04 4 2.8 .056
DPST 3.25 1 58.21 .055
CM 1.34 5 119.28 .055
HAS 1.13 5 97.65 .055
HRL .48 5 43.5 .055
ITRO .07 1 1.27 .055
EVA 3.59 1 66.47 .054
MA 3.51 6 357.94 .054
LII 2.97 6 309.28 .054
ADSK 2.96 6 320.53 .054
SPT 1.25 6 133.73 .054
FITB .82 3 44.03 .054
PDCO .62 3 33.4 .054
OEG .14 1 2.64 .053
KEYS 2.52 4 183.61 .052
KYMR 1.69 2 63.84 .052
TAP 1.23 2 46.04 .052
SCHW 1.13 4 80.75 .052
GNOG .78 1 14.82 .052
PSTG .74 2 28.35 .052
FLO .35 4 25.49 .052
EKSO .11 2 4.13 .052
TSC 1.55 1 30.08 .051
ACH .67 1 12.9 .051
GMTX .17 1 3.31 .051
AMGN 2.27 5 213.21 .050
ECOM 1.37 1 27.02 .050
GWRE 1.30 5 124.96 .050
MNSO .82 1 16.14 .050
XONE .67 2 26 .050
APG .62 2 24.02 .050
CDEV .37 1 7.28 .050
LOW 1.83 7 232.55 .049
ROLL 1.78 7 236.1 .049
HON 1.76 7 225.41 .049
ASML 3.98 12 817.85 .048
ZS 2.89 6 337.11 .048
PKI 2.16 4 175.88 .048
YETI 1.27 4 103.2 .048
NTAP 1.16 4 91.42 .048
PG .95 8 146.82 .048
FTCH .94 2 37.61 .048
MRK .56 8 84.01 .048
GIS .55 6 63.53 .048
KO .51 6 56.72 .048
EPU .48 3 29.71 .048
XLE .47 6 57.47 .048
RKT .41 2 16.57 .048
FFIE .41 1 8.47 .048
AGNC .26 3 16.02 .048
CAR 12.01 1 253.88 .047
SWI .79 1 16.48 .047
UAL 1.24 2 51.77 .046
FA .96 1 20.56 .046
KHC .88 2 37.49 .046
KIRK .60 2 25.83 .046
GGAL .57 1 12.14 .046
BIOC .09 2 3.83 .046
CFLT 4.09 1 89.61 .045
STE 2.26 5 231.96 .045
SUPN 1.50 1 32.98 .045
STT 1.48 3 97.55 .045
CVS 1.40 3 92.96 .045
RACE 1.31 9 252.98 .045
NFE 1.27 1 27.76 .045
CRMT .72 9 126.94 .045
XOM .33 9 64.19 .045
COF 1.87 4 156.28 .044
MNST 1.05 4 91.98 .044
VSTM .06 2 2.65 .044
SNDL .03 1 0.6775 .044
RNG 11.84 1 281.64 .042
ANTM 2.99 6 424.94 .042
JBL 1.39 2 63.66 .042
WM 1.29 6 162.08 .042
MMM 1.20 7 182.42 .042
OKE .92 3 62.86 .042
GM .87 3 59.27 .042
NPTN .67 1 15.6 .042
MU .55 6 73.41 .042
TBIO .53 3 37.36 .042
BBWI .53 6 74.32 .042
MRVL .51 6 70.97 .042
UNIT .29 2 13.68 .042
MOMO .19 3 12.88 .042
SLHG .10 1 2.35 .042
NOK .04 6 5.7 .042
WDAY 2.61 5 291.01 .040
CI 1.83 5 217.84 .040
DAVA 1.77 4 163.01 .040
COIN 1.74 8 328.6 .040
BURL 1.68 8 292.63 .040
EA 1.51 4 139.28 .040
ADI 1.48 5 180.86 .040
UHS 1.30 4 129.37 .040
TGT 1.14 10 254.05 .040
NKE .89 8 168.26 .040
XLNX .88 10 197.89 .040
OTIS .88 4 83.36 .040
DD .80 4 79.97 .040
GLD .79 10 173.15 .040
WOOF .51 2 24.81 .040
ARMK .42 4 38.49 .040
BP .28 4 27.42 .040
KDMN .10 4 9.5 .040
ET .08 5 9.08 .040
SM 1.36 1 34.11 .039
SANA .82 1 20.94 .039
ATHM .49 3 37.65 .039
ALC 1.58 2 82.64 .038
OLLI 1.29 2 67.75 .038
EGRX 1.01 2 51.71 .038
FCBP 1.08 1 29.1 .037
EQT .73 1 19.64 .037
VIEW .21 1 5.63 .037
ADBE 4.10 6 647.5 .036
LIN 2.33 6 336.62 .036
DG 2.03 4 220.77 .036
ESTC 1.65 4 174.09 .036
CLX 1.52 4 165.44 .036
WGO 1.39 2 73.17 .036
HD 1.21 12 368.58 .036
KNL .92 1 25.04 .036
QCOM .75 9 159.8 .036
HMHC .31 2 16.5 .036
SPWH .22 3 17.31 .036
ALAC .21 2 11.57 .036
LH 1.59 7 283.84 .035
UPS 1.15 7 211.64 .035
RF .86 1 24.17 .035
ABBV .85 5 116.75 .035
TNA .83 5 104.59 .035
GE .81 5 108.96 .035
RY .61 7 105.94 .035
SRNG .41 1 11.42 .035
LZB .64 2 36.35 .034
HNP .33 2 18.36 .034
AZO 6.70 11 1881.42 .033
TGTX 1.11 1 33.25 .033
CRM 1.06 11 299.67 .033
FENC .31 1 9.28 .033
HCA 2.20 4 245.27 .032
LESL .77 1 23.36 .032
DEN .72 4 85.75 .032
D .31 8 75.68 .032
ALZN .07 1 2.15 .032
BLFS 1.55 1 49.61 .031
RCUS 1.22 1 38.96 .031
FOE .67 1 21.35 .031
BLK 6.24 5 959.21 .030
LITE 1.46 2 91.33 .030
TTWO 1.26 5 182.75 .030
AKAM 1.20 3 109.79 .030
PEP 1.13 5 164.04 .030
BLDR 1.03 2 66.92 .030
CROX .88 6 174.18 .030
BEKE .69 1 22.26 .030
GRUB .15 3 13.82 .030
OXY .05 30 31.82 .030
PWR 3.42 1 116.04 .029
GOOG 3.73 28 2932.52 .028
AAP 1.82 4 234.77 .028
ATKR 1.43 2 101.13 .028
PLD 1.05 4 148.77 .028
QDEL .95 4 125.77 .028
ANF .67 2 44.99 .028
CTKB .66 1 23.41 .028
FLOW .63 4 79 .028
CL .61 4 78.48 .028
TEO .08 2 5.51 .028
TRI 1.16 3 120.38 .027
PLCE .92 3 95.94 .027
MPC .62 3 65.52 .027
RTX 1.21 2 90.18 .026
INMD 1.16 2 89.12 .026
VZ .73 2 52.6 .026
PCVX .65 1 24.67 .026
TRIL .47 1 17.83 .026
ACHV .11 2 8.16 .026
AXP 1.02 5 181.39 .025
LEN .59 5 105.07 .025
DUK .57 5 101.62 .025
BKNG 10.17 8 2569.78 .024
COST 1.90 8 505.51 .024
SNA 1.40 4 218.09 .024
ALXN 1.24 4 182.5 .024
J 1.23 3 145.52 .024
B 1.08 1 44.21 .024
MCD .98 8 253.13 .024
AZPN .96 4 155.5 .024
IYC .68 3 84.99 .024
BIG .59 2 48.27 .024
FAST .39 4 58.86 .024
HHR .37 4 56.9 .024
VSH .18 3 20.69 .024
GSKY .15 2 11.81 .024
TTM .11 8 33.46 .024
BEST .01 3 1.13 .024
OLN 1.34 1 59.46 .022
NEE .95 2 85.2 .022
CRTO .90 1 40.32 .022
INTU 2.61 5 603.98 .020
STZ 1.17 4 222.34 .020
NUAN 1.13 1 55.02 .020
HRI .96 4 190.48 .020
XLK .67 5 164.53 .020
XLV .63 5 133.54 .020
MFGP .03 4 5.28 .020
UHAL 1.98 9 735.43 .018
JNJ 1.48 2 164.27 .018
IRBO .83 1 45.95 .018
CNA .83 1 45.68 .018
SPG .58 6 163.97 .018
GPK .37 1 20.27 .018
AMOM .66 1 37.6952 .017
PSTX .12 1 7.02 .017
SELF .09 1 5.09 .017
STMP 1.59 4 329.61 .016
LANC 1.43 2 162.15 .016
KMX 1.24 2 151.95 .016
AIT .91 2 103.84 .016
UTHR .86 4 202.5 .016
HRC .48 5 155.1 .015
XLP .27 5 72.89 .015
PAYX .94 2 123.11 .014
MGTX .27 1 19.19 .014
CHNG .15 2 21.4 .014
ADMS .06 2 8.16 .014
FRBK .05 1 3.48 .014
TNET 1.38 1 105.47 .013
CAI .78 1 55.95 .013
TSM .54 3 118.2 .012
PPC .17 2 28.04 .012
PNRG .79 1 69.88 .011
ECHO .49 1 48.16 .010
INOV .22 2 40.77 .010
ESXB .13 1 12.14 .010
GTS .33 1 35.78 .009
IEC .14 1 15.34 .009
SVBI .13 1 13.63 .009
SLVO .02 3 5.5 .009
TDG 1.87 4 677.25 .008
STN .48 1 55.97 .008
HFBL .16 1 19.25 .008
PBT .04 2 8.25 .008
LMRK .13 1 16.29 .007
ROG 1.67 1 269.19 .006
SYKE .14 3 54 .006
ITRN .07 3 26.09 .006
PSP .04 3 16.37 .006
CLDR .08 1 15.99 .005
SAFM .85 1 188.01 .004
VOOV .73 1 149.11 .004
TAAG .09 1 20.9494 .004
CPLG .07 1 15.6 .004
KIN .02 2 9.25 .004
RAVN .10 3 57.92 .003
IACB .01 3 9.9698 .003
SPY 1.31 1 463.62 .002
CXP .04 1 19.15 .002
SIC .03 1 14.49 .002
NWHM .02 1 8.99 .002
EIC .02 2 18.08 .002
DSE .02 1 9.49 .002
ULTA .62 1 391.34 .001
VCAR .03 1 16.3203 .001
PMD .01 1 8.6 .001
WYNN .06 3 92.02 0
ULTA .05 12 391.34 0
WYNN .04 4 92.02 0
VALN .03 1 50.25 0
BLNK .02 12 32.83 0
RTLR .01 8 11.6 0
INFL .01 2 31.55 0
HDGE .01 1 23.98 0
DFP .01 2 28.75 0
WMPN 0 4 12.25 0
QQC 0 1 32.9 0
QADB 0 4 87.54 0
PAE 0 1 9.92 0
NLSP 0 1 2.06 0
LHAA 0 1 9.87 0
HWBK 0 1 24.45 0
EPAY 0 1 47.04 0
DVD 0 1 3.59 0
NSYS -.12 1 10.7204 -.011
