SHOP 28.96 11 1370.11 .231
PANW 23.18 1 537.63 .043
DWAC 22.11 4 50.63 1.744
MSTR 14.75 8 567.5 .200
CCMP 11.86 1 186.42 .063
RNG 11.84 1 194.06 .061
BKNG 10.17 8 2365.75 .032
NVAX 9.84 14 191.07 .714
SAM 9.40 7 527.87 .119
PCTY 8.94 1 231.6 .038
RMD 8.09 1 257.63 .031
REGN 7.44 9 606.81 .108
DUOL 7.27 3 106.2 .204
SIVB 7.01 8 665.26 .080
AMZN 6.99 94 3408.34 .188
PUBM 6.66 1 35.39 .188
LAD 6.41 5 286.29 .110
KRYS 6.33 1 71.46 .088
BLK 6.24 5 910.87 .030
SPLK 6.20 6 114.04 .324
W 6.04 9 204.54 .261
CAR 6.00 2 225.37 .052
EYPT 5.86 1 13.66 .428
DPZ 5.62 11 529.96 .110
MDB 5.57 9 538.46 .090
ASML 5.51 20 783.04 .140
DDS 5.48 11 250.69 .231
KOSS 5.35 7 12.61 2.968
VRTX 5.31 1 218.6 .024
EJH 5.21 6 1.66 18.828
AZO 5.11 12 1990.37 .024
THC 4.91 1 76.21 .064
DE 4.88 11 349.81 .143
INTU 4.61 8 621.07 .056
SI 4.55 8 144.07 .248
WBX 4.49 2 13.55 .662
GKOS 4.45 1 44.83 .099
RGEN 4.41 7 267.59 .112
SMH 4.39 2 302.04 .028
EEIQ 4.33 5 3.16 6.850
SE 4.12 19 227.93 .342
CARV 3.92 6 10.17 2.310
ZM 3.91 15 199.42 .285
EL 3.86 7 352.75 .070
GOOG 3.73 28 2884.41 .028
ANVS 3.73 6 20.34 1.098
IRTC 3.69 1 115.5 .031
CCXI 3.66 3 35.16 .312
SNPS 3.62 7 359.07 .070
U 3.60 6 145.84 .144
ABNB 3.59 10 165.66 .210
MA 3.58 7 350.74 .070
GPN 3.54 11 131.85 .286
XMTR 3.46 1 46.86 .073
EBET 3.45 6 18.04 1.146
ADBE 3.38 12 557.52 .072
DQ 3.36 7 40.9 .574
SCPS 3.34 7 2.06 11.347
TOST 3.31 2 37.64 .174
SNOW 3.29 10 354.82 .090
GLSI 3.27 5 27.76 .585
ZG 3.19 7 60.78 .364
IAC 3.19 7 130.46 .168
BIIB 3.16 7 234.65 .091
ROKU 3.14 8 231.77 .104
MRNA 3.13 40 268.14 .440
LSI 3.13 2 145.62 .042
CMTL 3.13 1 24 .130
APPS 3.13 6 59.71 .312
NEGG 3.07 20 11.48 5.340
GDYN 3.03 1 37.99 .079
IRNT 3.02 6 4.52 4.008
BNTX 3.02 31 271.46 .341
UPST 2.99 19 149.48 .380
GME 2.99 82 158.12 1.476
ANTM 2.99 6 446.49 .036
SITM 2.97 7 272.84 .070
LII 2.97 6 313.95 .054
BKKT 2.95 2 9.18 .642
ZLAB 2.93 7 69.23 .294
NEWR 2.93 6 108.68 .156
IWM 2.93 6 218.18 .078
GS 2.93 9 380.32 .063
NRXP 2.89 8 5.52 4.184
TSLA 2.87 157 938.53 .471
CAT 2.86 8 198.31 .112
KMX 2.82 3 136.99 .060
ZS 2.76 10 319.42 .080
SAVA 2.73 29 43.67 1.798
JAN 2.73 6 4.2 3.900
PWR 2.69 2 110.83 .048
PENN 2.65 10 50.66 .520
NVCR 2.63 10 85.06 .300
NCTY 2.63 5 7.98 1.645
DOCS 2.62 8 48.76 .424
OSTK 2.60 7 64.02 .280
BIGC 2.58 2 38.38 .134
WDAY 2.57 7 278.86 .063
SEDG 2.57 8 281.1 .072
ADGI 2.56 12 10.29 2.976
UNH 2.55 13 487.21 .065
FULC 2.54 6 17.77 .852
INDP 2.52 5 6 2.100
LMT 2.51 11 340.77 .077
LLY 2.51 10 264.88 .090
CRM 2.49 14 252.55 .126
AVXL 2.41 5 18.56 .645
PEAR 2.37 1 7.14 .331
COST 2.35 14 545.43 .056
CPOP 2.34 5 1.64 7.130
DPST 2.33 3 45.67 .153
AUVI 2.32 9 5.09 4.095
TMX 2.30 2 45.08 .102
CFLT 2.29 2 68.95 .066
SPY 2.27 4 463.06 .016
FLGT 2.27 6 102.5 .132
STE 2.26 5 231.21 .045
GRTS 2.25 7 12.68 1.239
AXON 2.25 1 156.7 .014
SPB 2.21 1 98.14 .022
HCA 2.20 4 247.03 .032
TPST 2.19 5 6.71 1.630
AMGN 2.19 6 220.92 .054
PKG 2.17 5 130.73 .080
CHGG 2.17 3 30.4 .213
BLDR 2.17 3 78.69 .081
PKI 2.16 4 189.04 .044
PDD 2.15 5 59.31 .180
KEYS 2.15 5 197.58 .050
DG 2.15 6 221.72 .054
PYPL 2.14 9 189.14 .099
DLPN 2.14 5 8.08 1.320
AACG 2.14 5 1.19 8.990
CI 2.12 6 220.24 .054
BHVN 2.12 5 132.4 .080
ACRS 2.12 7 14.51 1.022
DASH 2.11 10 151.61 .130
HRI 2.10 5 154.49 .065
ALEC 2.10 6 23.28 .540
ROST 2.08 4 108.55 .076
AMEH 2.05 9 70.9 .252
ADSK 2.04 7 280.42 .049
MRIN 2.01 5 4.52 2.220
BYND 2.00 6 70.23 .168
UHAL 1.98 9 710.7 .018
XAIR 1.97 1 9.78 .201
WSM 1.97 6 167.93 .066
AAME 1.97 5 3.124 3.150
RNXT 1.96 4 5.06 1.548
CELH 1.96 7 70.33 .189
COHN 1.95 5 15.32 .635
ACIU 1.91 2 5.13 .744
TSP 1.90 6 34.25 .330
LCID 1.90 13 38.02 .637
DOCN 1.90 11 81.47 .253
DLTR 1.90 9 136.48 .117
SYTA 1.89 1 3.2 .590
SNA 1.89 5 208.51 .045
RL 1.89 8 111.97 .128
MSGE 1.88 4 68.4 .108
BIDU 1.88 118 144.82 1.416
AFRM 1.88 18 103.63 .324
TDG 1.87 4 609.29 .012
RELI 1.87 1 5.45 .343
COF 1.87 4 143.51 .052
VLO 1.86 4 71.32 .104
DIS 1.86 9 151.05 .108
ESTC 1.83 7 122.56 .098
ACMR 1.83 5 74.82 .120
ENPH 1.82 8 189 .072
KNBE 1.80 7 23 .546
ROLL 1.78 7 202.17 .056
CERE 1.78 7 33.4 .371
VRPX 1.77 9 3.76 4.230
RAPT 1.77 7 33.06 .371
DAVA 1.77 4 154.1 .044
HON 1.76 7 201.67 .056
XBI 1.75 6 116.58 .090
TASK 1.74 7 49.54 .245
LWAC 1.73 5 16.98 .505
WAVE 1.72 5 5.19 1.655
LIN 1.72 9 332.89 .045
LAIX 1.72 4 0.6948 9.900
IMPL 1.70 5 9.56 .885
AMD 1.70 24 144.25 .264
NNOX 1.69 5 18.62 .450
KYMR 1.69 2 58.69 .056
SQ 1.68 24 170.47 .216
BURL 1.68 8 282.49 .040
ROG 1.67 1 270.88 .006
AN 1.67 8 110.89 .120
NMRD 1.66 4 4.89 1.356
VVOS 1.65 6 2.73 3.624
NVOS 1.65 5 1.38 5.975
JNJ 1.64 5 167.21 .045
FISV 1.64 6 105.26 .090
CREE 1.64 5 79.12 .100
TRI 1.63 4 115.38 .056
JZXN 1.63 4 1.53 4.260
COIN 1.63 10 247.69 .060
WYNN 1.62 4 86.32 .072
NVTS 1.62 2 15.05 .214
KMB 1.62 9 139.29 .099
EVA 1.62 2 70.41 .046
CVS 1.62 4 100.79 .064
CLDX 1.61 3 39.35 .120
PLCE 1.60 4 76.71 .080
STMP 1.59 4 329.61 .016
LH 1.59 9 302.59 .045
LHDX 1.58 4 6.89 .916
DNA 1.58 1 11.31 .139
RLMD 1.57 4 20.96 .296
GH 1.57 8 101.03 .120
CARA 1.57 2 12.29 .254
DPW 1.56 5 1.6 4.875
TSC 1.55 1 29.41 .052
SPG 1.55 8 154.47 .080
IRDM 1.55 4 42.15 .144
FANG 1.55 7 104.9 .098
CRNC 1.55 4 71.71 .084
BLFS 1.55 1 38.24 .040
ARVN 1.55 8 78.07 .152
CPE 1.54 7 46.5 .231
CHCI 1.54 3 4.43 1.041
TERN 1.53 4 6.11 1.000
SIEB 1.53 5 2.21 3.460
DLO 1.53 5 34.16 .220
CM 1.53 7 113.15 .091
TSCO 1.52 9 223.04 .054
MRAM 1.52 3 10.62 .429
ISPC 1.52 6 14.29 .636
SNOA 1.51 4 4.8 1.256
GRU 1.51 1 4.725 .319
WAFU 1.50 4 4.1 1.460
RBLX 1.49 16 102.59 .224
KTTA 1.49 1 1.58 .943
CNC 1.49 5 82.99 .085
BCYC 1.49 3 57.21 .078
ZIM 1.48 11 52.12 .308
STT 1.48 3 92.32 .048
RACE 1.48 13 249.02 .065
ADI 1.48 5 172.08 .040
NURO 1.47 11 5.74 2.816
FGEN 1.47 3 14.64 .300
EDIT 1.47 3 29.82 .147
VCVC 1.46 1 9.85 .148
LOW 1.46 12 246.98 .060
HTBX 1.46 2 3.93 .742
AAP 1.46 6 229.57 .036
SBEA 1.45 2 10.08 .286
EYEG 1.45 1 1.95 .743
BTBT 1.45 10 6.87 2.110
BBY 1.45 7 97.48 .098
MT 1.44 1 32.06 .044
KALV 1.44 8 13.91 .824
FATE 1.44 4 63.3 .088
LYFT 1.43 5 40.91 .170
LANC 1.43 2 160.62 .016
ATKR 1.43 2 103.93 .026
TTC 1.42 5 97.14 .070
IMNM 1.42 4 15.51 .364
DELL 1.42 8 55.45 .200
RMBL 1.41 3 38.9 .108
KSS 1.41 10 48.89 .280
HOOD 1.41 14 18.93 1.036
TWTR 1.40 6 44.36 .186
JCS 1.40 3 2.32 1.809
HX 1.40 6 2.24 3.750
VERY 1.39 4 6.59 .840
EOSE 1.39 2 8.44 .328
TNET 1.38 1 93.83 .014
EXPI 1.38 6 35.51 .228
APP 1.38 10 91.15 .150
TWST 1.37 7 86.12 .105
LIVE 1.37 3 33.4161 .120
LGVN 1.37 5 17.66 .385
ECOM 1.37 1 24.4 .056
TAOP 1.35 3 2.28 1.776
NXPI 1.35 8 224.37 .048
EA 1.35 5 132.17 .050
WNW 1.34 1 2.35 .570
CAH 1.34 4 49.72 .104
J 1.33 4 134.24 .036
GRVY 1.33 7 70.73 .126
FIGS 1.33 6 25.25 .312
XLY 1.32 5 196.82 .030
V 1.32 10 215.38 .060
COUR 1.32 2 24.21 .108
AEO 1.32 2 23.06 .114
VIH 1.31 1 9.36 .139
TJX 1.31 6 74.12 .102
INMD 1.31 5 70.41 .090
ABCL 1.31 1 15.74 .083
A 1.31 10 153.96 .080
XLNX 1.30 14 206.43 .084
UHS 1.30 4 127.7 .040
LITE 1.30 3 103.8 .036
JG 1.30 3 1.06 3.678
GWRE 1.30 5 112.74 .055
BNR 1.30 3 10.74 .363
VSCO 1.29 5 47.57 .135
OLLI 1.29 2 46.68 .054
JPM 1.29 14 156.09 .112
ATAI 1.29 2 8.34 .308
APPN 1.29 4 71.3 .072
JD 1.28 10 73.41 .170
FRD 1.28 1 9.22 .138
BILI 1.28 23 49.31 .575
BFRI 1.28 4 11.03 .464
YETI 1.27 4 82.66 .060
RHE 1.27 2 5.25 .482
NFE 1.27 1 24.27 .052
HJLI 1.27 1 10.38 .122
APXT 1.27 1 12.11 .104
AKAM 1.27 4 115.8 .040
TTWO 1.26 5 179.44 .035
SPCE 1.26 24 14.63 2.064
DOMO 1.26 4 51.13 .096
THCB 1.25 1 10 .125
SPT 1.25 6 93.82 .078
OPAD 1.25 4 7.04 .708
NVDA 1.25 162 290.75 .648
NGM 1.25 2 18.66 .132
CHKP 1.25 6 113.7 .060
BYSI 1.25 5 4.59 1.360
ABSI 1.25 2 9.06 .274
UAL 1.24 2 43.93 .056
SJ 1.24 4 4.84 1.024
RSKD 1.24 2 7.86 .314
PBTS 1.24 1 0.6037 2.054
LPX 1.24 3 73.47 .048
LEDS 1.24 3 5.14 .723
EDSA 1.24 1 5.82 .213
CMMB 1.24 2 7.8 .316
BNTC 1.24 3 2.71 1.371
ANPC 1.24 2 1.07 2.316
ALXN 1.24 4 182.5 .024
TAP 1.23 2 44.54 .054
LAW 1.23 3 35.75 .102
JKS 1.23 5 44.76 .135
HOG 1.23 5 35.25 .170
ANET 1.23 1 137.91 .008
RCUS 1.22 1 40.85 .029
EYES 1.22 6 1.93 3.792
DDL 1.22 2 14.07 .172
BZ 1.22 3 34.79 .105
PFGC 1.21 3 43.75 .081
OSAT 1.21 3 3.74 .969
LYEL 1.21 3 7.4 .489
HGEN 1.21 3 3.78 .960
EAT 1.21 3 36.77 .096
ARAV 1.21 1 2.59 .467
WHLM 1.20 4 5.02 .956
MMM 1.20 7 172.92 .042
CRIS 1.20 2 4.88 .490
CLX 1.20 5 171.16 .035
CETX 1.20 1 0.8793 1.364
AMTX 1.20 3 12.77 .279
TVTX 1.19 3 29.9 .117
SGOC 1.19 9 6.2 1.719
AMC 1.19 60 30.3 2.340
MQ 1.18 7 17.52 .469
MOXC 1.18 5 4.05 1.455
DFH 1.18 1 18.65 .063
ZEV 1.17 4 5.82 .804
VMW 1.17 9 115.88 .090
TDC 1.17 5 43.12 .135
STZ 1.17 4 241.32 .016
SKT 1.17 3 19.1 .183
MVIS 1.17 5 5.78 1.010
VOXX 1.16 3 10.32 .336
SIF 1.16 1 5.7 .203
NTAP 1.16 4 89.9 .048
LAZR 1.16 5 16.05 .360
HGSH 1.16 2 2.41 .962
AMAT 1.16 8 151.42 .056
WGO 1.15 3 66.51 .051
NTRB 1.15 2 3.39 .678
HCWB 1.14 2 2.47 .922
BBLG 1.14 1 3.6 .316
AVIR 1.14 3 8.56 .399
VNET 1.13 3 9.34 .360
STG 1.13 1 5.04 .224
PEP 1.13 5 168.92 .030
NUAN 1.13 1 55.2 .020
BTX 1.13 2 4.98 .452
ARDS 1.12 1 2.78 .402
SHEN 1.11 3 26.45 .123
SEMR 1.11 3 19.91 .165
PMCB 1.11 3 2.62 1.269
CTRN 1.11 5 73.23 .075
CNET 1.11 1 1.1 1.009
ALLO 1.11 2 15.64 .140
XM 1.10 3 35.3 .093
OPTT 1.10 1 1.79 .614
MRUS 1.10 3 31.06 .105
JRVR 1.10 3 26.32 .123
XTLB 1.09 2 2.71 .804
SKX 1.09 4 41.11 .104
FOSL 1.09 2 9.69 .224
ALDX 1.09 2 3.5 .622
TGT 1.08 14 220.07 .056
SFIX 1.08 3 18.93 .171
QDEL 1.08 5 166.94 .030
MTSL 1.08 3 3.37 .960
FCBP 1.08 1 29.1 .037
B 1.08 1 45.68 .023
AZYO 1.08 1 6.79 .159
ALF 1.08 2 2.36 .914
SMLP 1.07 2 22.64 .094
AXP 1.07 6 160.91 .036
VYGR 1.06 2 2.93 .722
USB 1.06 5 55.84 .090
C 1.06 5 59.38 .085
SCR 1.05 5 35.58 .145
QCOM 1.05 15 179.58 .075
PTGX 1.05 3 32.24 .096
MNST 1.05 4 92.79 .044
CELC 1.05 3 12.6 .249
WM 1.04 9 160.03 .054
RUN 1.04 6 34.81 .174
PRTA 1.04 9 47.03 .198
OCGN 1.04 12 5.46 2.280
NETE 1.04 2 13.09 .158
LEGN 1.04 6 48.68 .126
KURA 1.04 4 15.51 .268
IPA 1.04 2 5.75 .360
FSTX 1.04 1 5.22 .199
AUPH 1.04 10 22.55 .460
VALN 1.03 5 57.39 .085
TSN 1.03 5 85.27 .060
MARA 1.03 20 34.43 .580
KMPH 1.03 3 8.9 .345
MFNC 1.02 2 21.5 .094
GIII 1.02 5 26.57 .190
DAL 1.02 5 38.52 .130
ZCMD 1.01 1 1.81 .558
TMUS 1.01 7 121.1 .056
SCHW 1.01 6 83.19 .072
OVV 1.01 3 31.97 .093
LL 1.01 1 17.24 .058
FUBO 1.01 3 16.96 .177
EGRX 1.01 2 54.35 .036
DKS 1.01 18 103.6 .162
PINS 1.00 4 36.74 .108
OMER 1.00 1 7.38 .135
MO 1.00 3 47.77 .060
LUV .99 6 40.87 .144
LOGI .99 6 84.1 .066
DKNG .99 6 30.31 .192
ACY .99 19 46.85 .399
TRCH .98 2 4.95 .394
MYGN .98 2 26.63 .072
MCD .98 8 264.39 .024
JWN .98 4 20.71 .188
IMTX .98 4 12.72 .308
HOFV .98 2 1.76 1.112
HHR .98 11 52.28 .198
SAFM .97 2 187.97 .010
BGFV .97 10 18.12 .530
RRGB .96 2 16.49 .116
IMAB .96 6 48.1 .114
FA .96 1 17.52 .054
BRLT .96 4 14.94 .256
AZPN .96 4 149.04 .024
SUPN .95 2 29.68 .064
HD .95 20 390.47 .040
BTWN .95 1 9.8 .096
BPTH .95 2 4.32 .438
AGRI .95 5 2.11 2.250
PAYX .94 2 126.43 .014
MDT .94 9 101.65 .081
HAS .94 6 96.52 .054
ENOB .94 5 8.24 .570
UPS .93 9 207.1 .036
TGTX .93 3 17.96 .153
NIU .93 4 15.89 .232
LIFE .93 4 7.77 .476
PLUG .92 9 28.96 .279
OKE .92 3 57.91 .045
LBPH .92 1 5.59 .164
KNL .92 1 25.04 .036
YEXT .91 1 10.54 .086
SSY .91 3 1.74 1.566
OTIS .91 5 84.18 .050
GM .91 4 54.79 .064
BIG .91 3 42.85 .063
AIT .91 2 100.25 .018
JBL .90 5 67 .065
GEG .90 1 1.88 .478
DXC .90 3 31.35 .084
CRTO .90 1 37.69 .023
BBBY .90 16 15.77 .912
SPI .89 4 4.06 .876
BKE .89 6 40.49 .126
ACHL .89 1 4.97 .179
RTX .88 3 83.68 .030
IBM .88 10 128.97 .060
GMBL .88 2 4.28 .410
WMT .87 19 139.62 .114
GDEV .87 3 7.8 .333
DTSS .87 1 1.65 .527
UTHR .86 4 205.12 .016
TTCF .86 2 16.9 .100
KODK .86 2 5.14 .334
GE .86 6 93.06 .054
VMEO .85 2 18.55 .090
SRNE .85 1 5.82 .146
ABT .85 9 135.27 .054
STX .84 10 109.22 .070
PTIX .84 2 1.56 1.076
NLS .84 2 6.33 .264
HOL .84 3 12.35 .204
FL .84 5 41.59 .100
DTST .84 3 3.31 .759
CLII .84 3 14.36 .174
APOP .84 5 13.17 .315
XLK .83 10 169.76 .040
TNA .83 5 79.95 .050
ROIV .83 1 12.46 .066
MAXR .83 4 29.86 .108
IRBO .83 1 41.6 .019
CNA .83 1 43.18 .019
BLUW .83 2 9.63 .172
ABBV .83 6 129.95 .036
SANA .82 1 16.24 .050
MNSO .82 1 10.32 .079
FITB .82 3 42.51 .057
BABA .82 98 122.98 .588
SPRT .81 20 11.8 1.360
MBRX .81 2 2.1 .770
ATVI .81 5 63.59 .060
SYPR .80 4 2.49 1.284
GTEC .80 4 7.04 .452
DD .80 4 76.49 .040
CYTK .80 6 40.83 .114
CALT .80 3 24.77 .096
BZUN .80 2 13.84 .114
ASAN .80 16 79.94 .160
VIR .79 6 43.37 .108
SWI .79 1 14.29 .055
PNRG .79 1 64.375 .012
ERYP .79 4 2.15 1.468
ZY .78 3 7.41 .315
PTON .78 6 39.19 .114
IPHA .78 4 5.02 .620
GNOG .78 1 10.99 .070
CAI .78 1 56 .013
QFIN .77 9 21.45 .315
PLTR .77 2 18.9 .080
OLB .77 3 3.25 .708
FUV .77 2 8.39 .182
ENTX .77 2 3.06 .502
ALYA .77 4 2.51 1.224
VLDR .76 2 5.17 .294
NFLX .76 105 604.92 .105
NBRV .76 1 0.668 1.137
MOS .76 5 37.33 .100
LI .76 6 29.97 .150
IS .76 1 8.08 .094
GROM .76 2 2.09 .726
FLWS .75 4 22.62 .132
SCKT .74 4 4.75 .620
MS .74 10 97.77 .070
MNOV .74 3 2.76 .804
GTIM .74 1 4.34 .170
GRVI .74 3 4.18 .531
EVOL .74 2 2.23 .662
BB .74 12 9.25 .960
ATXI .74 1 0.9485 .780
VZ .73 2 52.78 .026
VOOV .73 1 147.54 .004
UPC .73 3 1.68 1.302
SQBG .73 2 6.24 .232
SOFI .73 7 14.97 .336
RIOT .73 6 24.05 .180
OPNT .73 4 35.3 .080
NVFY .73 3 1.86 1.176
RMED .72 6 1.6 2.700
RETO .72 2 0.9571 1.504
DEN .72 4 72.66 .036
CRMT .72 9 105.44 .054
COP .72 9 70.68 .090
BTCM .72 4 7.04 .408
BFLY .72 1 7.33 .098
ARPO .72 1 2.2 .327
ZKIN .71 2 1.48 .958
UBER .71 6 41.97 .096
RFL .71 5 5.32 .665
PALI .71 3 1.75 1.215
EFOI .71 2 3.61 .392
BJ .71 8 63.89 .088
TBLA .70 1 9.85 .071
SONO .70 6 30.11 .138
ORGS .70 1 3.03 .231
OCX .70 1 2.31 .303
IGIC .70 3 7.76 .270
GLD .70 11 167.02 .044
DDD .70 12 22.31 .372
CRCT .70 4 22.6 .120
AMKR .70 2 22.6 .060
VRNT .69 5 50.78 .065
SLS .69 4 5.99 .460
FTEK .69 3 1.5 1.380
ASM .69 1 0.8161 .845
APRE .69 3 3.34 .618
TQQQ .68 140 156.07 .560
STEM .68 6 19.18 .210
SM .68 3 28.98 .069
RIDE .68 7 3.87 1.225
ONCS .68 1 1.14 .596
CGC .68 3 9.66 .210
ALC .68 6 84.31 .048
XONE .67 2 26.7 .050
SKLZ .67 4 8.69 .308
PPSI .67 9 8.32 .720
PLD .67 5 160.79 .020
NPTN .67 1 15.13 .044
JRJC .67 3 6.68 .300
FTCH .67 6 32.22 .120
FOE .67 1 21.59 .031
CLNE .67 1 6.49 .103
ACH .67 1 13.74 .048
WFC .66 6 47.81 .078
VIPS .66 1 8.37 .078
PG .66 11 157.76 .044
HCM .66 5 35.33 .090
CTKB .66 1 16.66 .039
ATNF .66 4 4.18 .628
AMOM .66 1 35.61 .018
TATT .65 3 6.28 .309
STRO .65 2 14.99 .086
PCVX .65 1 23.02 .028
NEE .65 6 90.45 .042
MESO .65 2 4.76 .272
LMNL .65 3 1.07 1.821
IONQ .65 7 16.18 .280
FB .65 108 334.2 .108
AA .65 12 56.79 .132
SLGG .64 2 2.58 .496
SDC .64 2 2.72 .470
LZB .64 2 35.89 .034
SJM .63 14 131.89 .056
NKE .63 10 166.63 .030
LEXX .63 4 4.4 .572
FLOW .63 4 85.96 .028
CANF .63 2 1.46 .862
ARCE .63 3 20.58 .090
ULTA .62 1 378.27 .001
LJPC .62 2 4.48 .276
LAC .62 12 29.24 .252
ISEE .62 4 16.1 .152
CUE .62 1 11.48 .054
BON .62 3 4.6442 .399
BLPH .62 1 2.86 .216
BCRX .62 10 13.48 .450
ASTR .62 5 8.13 .380
AREC .62 5 2.01 1.540
APG .62 2 24.15 .050
VGR .61 1 17.14 .035
SOS .61 2 0.9719 1.254
MVST .61 6 6.45 .564
BEKE .61 2 19.35 .062
AMBO .61 1 0.9741 .626
PSTV .60 1 1.12 .535
MRVL .60 9 86.3 .054
KZR .60 3 14.7 .120
EVK .60 6 2.4 1.500
CEMI .60 8 1.8 2.664
AYRO .60 2 1.84 .652
AMRS .60 1 5.7 .105
SPTN .59 4 24.81 .092
PFE .59 17 58.95 .170
YMM .58 2 9.22 .124
WPRT .58 2 2.44 .474
WISH .58 3 3.54 .489
STAF .58 2 0.9098 1.274
M .58 17 24.84 .391
LEN .58 7 108.72 .035
IFRX .58 3 4.54 .381
CSIQ .58 4 31.86 .072
WEI .57 1 0.76 .750
SNAP .57 113 46.1 1.356
SBTX .57 1 6.77 .084
PRFX .57 4 1.54 1.480
ORPH .57 4 2.94 .772
EZFL .57 1 1.67 .341
CLPS .57 1 2.13 .267
CLPS .57 1 2.13 .267
VTSI .56 4 7.44 .300
UAA .56 4 20.5 .108
TTD .56 16 93.53 .080
SLV .56 3 20.77 .078
RY .56 8 101.87 .040
OLN .56 3 55 .030
OBLN .56 3 3.05 .549
MTP .56 1 1.23 .455
LODE .56 3 1.4 1.200
CYAD .56 1 4.04 .138
VNE .55 6 34.96 .090
RSI .55 2 16.74 .064
MOSY .55 2 4.5 .244
MAT .55 6 20.32 .162
LOOP .55 5 12.55 .215
FLXN .55 1 9.12 .060
EOLS .55 1 6.67 .082
ENSC .55 3 3.24 .507
WHLR .54 2 1.8 .600
TSM .54 3 117.44 .012
MSFT .54 117 327.29 .117
MRK .54 11 75.54 .077
MPC .54 4 63.42 .032
INTC .54 7 50.77 .070
GPS .54 7 17.18 .217
ENZ .54 2 3.18 .338
ADMA .54 1 1.3 .415
TBIO .53 3 37.36 .042
NIO .53 77 30.16 1.309
MEDS .53 5 2.8 .945
HUYA .53 4 7.35 .288
HPQ .53 6 37.02 .084
EQ .53 1 4.23 .125
DVAX .53 1 14.23 .037
CHPT .53 4 18.74 .112
BBWI .53 6 68.39 .042
SILK .52 7 42.65 .084
RF .52 2 21.32 .048
ANF .52 3 33.97 .045
RCON .51 2 1.56 .652
OCUP .51 2 3.77 .270
GFAI .51 2 1.18 .864
DYAI .51 3 4.36 .348
CPSH .51 1 3.88 .131
BLU .51 3 8.26 .183
TIGR .50 8 4.97 .800
PSTG .50 5 32.95 .075
PATI .50 2 8.34 .118
MDIA .50 3 4.14 .360
GRTX .50 3 4.41 .339
CBAT .50 3 1.78 .840
RKDA .49 1 1.08 .453
NRBO .49 2 1.55 .632
K .49 10 62.65 .070
IGC .49 3 1.16 1.266
GP .49 3 11.55 .126
GEVO .49 4 4.95 .392
ENLV .49 2 6.23 .156
ECHO .49 1 48.24 .010
ATHM .49 3 28.89 .048
ARMP .49 1 5.52 .088
NNDM .48 3 4.12 .348
KIRK .48 3 14.94 .096
EPU .48 3 28.23 .051
CSCO .48 11 61.03 .077
TRIL .47 1 18.44 .025
TLRY .47 4 7.85 .236
SOHU .47 6 16.57 .168
EXPR .47 5 3.11 .755
DARE .47 1 2 .235
CCJ .47 11 22.25 .231
BRG .47 2 26.7 .034
BODY .47 2 2.28 .412
BAC .47 6 44.19 .060
XPEV .46 84 43.77 .840
UFAB .46 2 1.84 .500
NTEC .46 4 9.63 .188
MARK .46 4 1.07 1.716
KO .46 9 57.77 .063
KBSF .46 2 3.05 .300
GURE .46 1 4.7 .097
EQOS .46 1 2.36 .194
CVV .46 2 4.09 .224
BCLI .46 1 3.41 .134
VERU .45 4 6.34 .280
TYME .45 4 0.7081 2.540
TME .45 1 6.38 .070
ONCT .45 2 2.64 .340
FCX .45 25 39.18 .275
EVGO .45 8 10.3 .344
CRDF .45 3 5.98 .225
CCL .45 5 20.54 .105
APT .45 1 6.08 .074
ADIL .45 2 2.85 .314
WORX .44 4 1.3 1.352
STN .44 3 54.52 .024
NNVC .44 3 4.09 .321
MTTR .44 15 23.2 .270
LESL .44 2 22.98 .038
GALT .44 3 2.3 .573
FFHL .44 2 7.95 .110
DWSN .44 2 2.3 .382
CROX .44 11 138.93 .033
WOOF .43 3 19.59 .063
HOLI .43 1 12.52 .034
GAME .43 1 3.15 .136
EVGN .43 1 1.78 .241
CLF .43 12 19.86 .252
CAN .43 4 5.16 .332
ATIF .43 1 3 .143
T .42 4 24.47 .068
HRC .42 6 155.96 .012
DBGI .42 5 2.47 .850
CTSO .42 4 4.28 .392
BWAY .42 3 7.51 .165
ARMK .42 4 35.13 .044
SRNG .41 1 11.42 .035
SLB .41 6 29.45 .078
RKT .41 2 14.82 .054
PDCO .41 4 28.12 .056
KZIA .41 2 7.6 .106
HNST .41 3 8.02 .153
GTT .41 1 2.36 .173
DUK .41 6 103.02 .018
BLIN .41 8 2.31 1.416
AUUD .41 7 1.93 1.484
ACOR .41 4 2.44 .672
YJ .40 2 0.58 1.378
XLF .40 3 38.44 .030
LIZI .40 4 1.7 .940
FBRX .40 1 2.29 .174
DUOT .40 1 5.87 .068
CTIB .40 5 1.28 1.560
CHRA .40 1 4.62 .086
IYC .39 4 81.39 .016
HALO .39 1 39.18 .009
EQT .39 3 21.19 .054
DNUT .39 9 15.85 .216
CSCW .39 2 0.5014 1.554
CRTD .39 7 2.38 1.141
AQMS .39 3 1.36 .858
XOM .38 10 60.5 .060
SBH .38 3 18.4 .060
RDUS .38 1 6.9 .055
OVID .38 2 3.26 .232
OTLK .38 2 1.44 .526
MRTN .38 3 16.37 .069
GPK .38 2 18.97 .040
CL .38 6 82.09 .024
ANIX .38 1 3.06 .124
VTNR .37 10 4.35 .850
UONE .37 7 4.84 .532
HUGE .37 1 1.06 .349
GT .37 6 20.13 .108
CHMA .37 2 3.76 .196
UAVS .36 3 1.77 .609
MRKR .36 1 0.9984 .360
MITQ .36 1 2.24 .160
JFIN .36 2 2.5 .288
IDEX .36 4 1.37 1.048
GOVX .36 7 3.99 .630
GNLN .36 2 1.02 .704
GNFT .36 2 5.3 .134
BNGO .36 12 3.29 1.308
AKTX .36 1 1.53 .235
ADMP .36 1 0.6378 .564
ACB .36 3 5.95 .180
VXX .35 4 21.66 .064
PHUN .35 16 3.07 1.824
ORMP .35 19 15.56 .418
ORGO .35 2 9.61 .072
ON .35 12 64.79 .060
LMFA .35 5 5.39 .320
KHC .35 6 35 .060
CLSD .35 3 2.89 .363
CIFR .35 3 4.87 .213
BSQR .35 13 1.82 2.496
AESE .35 1 1.91 .183
XELB .34 2 1.23 .552
TRIT .34 5 2.65 .640
SSNT .34 2 4.45 .152
ME .34 6 6.86 .294
HWCC .34 1 5.3 .064
CYTH .34 1 4.09 .083
IMMR .33 6 5.86 .336
HNP .33 2 26.07 .024
GTS .33 1 35.66 .009
CIEN .33 21 75.14 .084
BHTG .33 1 0.837 .394
WATT .32 2 1.34 .476
TAL .32 2 4.27 .148
SPCB .32 2 0.5499 1.162
SGBX .32 3 2.11 .453
PRPL .32 6 12.6 .150
MINM .32 2 1.27 .502
CORT .32 2 20.54 .030
AAPL .32 112 172.99 .112
AAL .32 9 18.12 .153
XLV .31 8 137.13 .016
WINT .31 3 1.55 .600
ULBI .31 2 6.06 .102
SCYX .31 4 7.49 .164
NKLA .31 15 9.42 .480
LTHM .31 17 23.79 .221
LC .31 12 24.19 .144
HRL .31 7 47.51 .042
HMHC .31 2 15.99 .038
DMAC .31 2 3.54 .174
AEY .31 1 1.72 .180
TESS .30 3 7.56 .117
PBR .30 10 10.57 .280
OXBR .30 5 6.63 .225
MU .30 10 90.68 .030
LGHL .30 4 1.56 .768
KR .30 17 43.87 .102
HAPP .30 1 0.5499 .545
ENG .30 3 1.51 .594
CLSK .30 1 11.39 .026
BBIG .30 21 3.24 1.932
AVCT .30 2 1.86 .322
AUTL .30 3 5.42 .165
NEXT .29 4 2.91 .396
HUSN .29 4 2.75 .420
DRN .29 10 26.83 .100
ALTO .29 5 4.94 .290
AFMD .29 3 5.74 .150
XLE .28 10 54.52 .050
ORCL .28 37 91.51 .111
MITO .28 1 0.86 .325
FLO .28 6 27.06 .060
EPAY .28 3 56.56 .012
CLOV .28 2 4.1 .136
APTO .28 4 1.5 .744
WIMI .27 4 3.16 .340
RSLS .27 4 1.98 .544
NAOV .27 11 1.07 2.772
MGTX .27 1 22.44 .012
INCY .27 5 73.68 .015
GSM .27 7 6.22 .301
FENC .27 2 4.21 .128
ERF .27 3 9.74 .081
ENVB .27 3 1.12 .723
ACI .27 12 29.84 .108
VIVE .26 2 1.38 .376
PPBT .26 1 4.14 .062
PME .26 1 0.6601 .393
JQUA .26 1 44.3 .005
AXLA .26 2 2.53 .204
XLP .25 11 74.61 .033
VCLO .25 1 16.72 .014
PBLA .25 1 1.78 .140
HITI .25 1 4.66 .053
HIPO .25 2 2.89 .172
GIS .25 12 65.06 .036
CONE .25 2 89.52 .004
RVI .24 2 6.38 .074
RAIL .24 4 3.92 .244
PLG .24 3 1.85 .387
MOGO .24 4 3.52 .272
IKT .24 1 1.64 .146
GBR .24 1 2.63 .091
ERJ .24 14 16.07 .196
CPIX .24 4 4.47 .212
UWMC .23 4 6.3 .144
PIRS .23 7 3.42 .469
THTX .22 1 3.16 .069
SSKN .22 1 1.42 .154
SPWH .22 3 11.23 .057
JFU .22 3 1.07 .615
INOV .22 2 41.06 .010
FFIE .22 2 4.79 .090
DYNT .22 5 1.04 1.055
BIOC .22 4 3.87 .224
ABUS .22 8 4.29 .408
VBLT .21 3 2.07 .303
TENX .21 1 1.22 .172
BP .21 5 26.43 .035
AZN .21 16 56.94 .048
ATOS .21 5 1.86 .560
ANY .21 20 3.55 1.180
ALZN .21 3 2.18 .288
ALAC .21 2 11.65 .036
SALM .20 4 2.8 .284
ENSV .20 1 0.988399 .202
NBEV .19 1 1.15 .165
MOMO .19 3 9.11 .060
FLGC .19 6 1.92 .588
COTY .19 8 10.12 .144
BKYI .19 2 2.22 .170
BGI .19 3 4.62 .123
AGNC .19 4 15.16 .048
VSH .18 3 20.79 .024
IRIX .18 4 5.62 .128
FCEL .18 130 6.41 3.640
BLNK .18 14 27.84 .084
TISI .17 1 1.09 .155
PPC .17 2 27.8 .012
PETZ .17 4 5.08 .132
LIVX .17 2 3.07 .110
KXIN .17 6 1.49 .684
GMTX .17 2 2.85 .118
D .17 9 77.14 .018
AHPI .17 2 6.67 .050
AEHR .17 30 18.12 .270
SNES .16 2 1.03 .310
OCG .16 4 4.78 .132
INFI .16 4 2.68 .236
IMMP .16 7 3.39 .329
HFBL .16 1 20.382 .007
GGAL .16 4 9.49 .064
ZNGA .15 4 6.48 .092
IMV .15 2 1.44 .208
GSKY .15 2 11.24 .026
GRUB .15 3 10.73 .039
CREX .15 1 1.51 .099
CHNG .15 2 21.05 .014
VRS .14 1 26.82 .005
SYKE .14 3 54 .006
OEG .14 1 2.43 .057
NXTP .14 1 0.9546 .146
INM .14 1 1.47 .095
IEC .14 1 15.34 .009
EDU .14 1 2.13 .065
VIEW .13 2 3.85 .066
TTM .13 13 30.38 .052
SVBI .13 1 13.63 .009
OSMT .13 4 1.07 .484
GENE .13 3 2.04 .189
VERB .12 8 1.4 .680
SBBP .12 2 2 .120
PSTX .12 1 6.9 .017
MRO .12 18 15.76 .126
HDGE .12 3 25.23 .012
GSAT .12 2 1.25 .192
CRON .12 5 4.27 .140
CHNR .12 4 0.666 .720
UNIT .11 3 13.09 .024
TELL .11 9 3.06 .315
SNMP .11 2 0.67 .328
MOHO .11 3 0.448 .735
GBS .11 1 1.41 .078
FENG .11 2 0.8508 .258
FAST .11 6 61.59 .006
ET .11 6 8.18 .078
EKSO .11 2 3.11 .070
CSPR .11 1 6.69 .016
CALA .11 1 0.68 .161
ACHV .11 2 7.56 .028
SLHG .10 1 1.4 .071
RCAT .10 2 1.83 .108
RAVN .10 3 58.08 .003
OBSV .10 6 2.17 .276
KDMN .10 4 9.5 .040
EDTK .10 2 0.96 .208
CNFR .10 2 2.3073 .086
AGEN .10 12 3.52 .336
YPF .09 3 3.84 .069
XELA .09 7 1.06 .588
WTER .09 2 1.28 .140
TEDU .09 2 0.3565 .504
TAAG .09 1 20.9494 .004
SELF .09 1 5.44 .016
RIG .09 6 3.06 .174
PRPO .09 3 1.73 .156
CXM .09 1 15.05 .005
CPG .09 8 4.64 .152
AEMD .09 3 2.02 .132
AEI .09 2 0.5965 .300
XPDI .08 14 10.54 .098
TEO .08 2 4.98 .032
SBS .08 10 6.98 .110
MBII .08 1 0.7182 .111
LPTX .08 1 2.92 .027
CLDR .08 1 15.99 .005
BQ .08 2 0.93 .172
VSTM .07 3 2.28 .090
SWN .07 4 4.49 .060
RRD .07 10 10.73 .060
NEPT .07 2 0.37 .378
LMRK .07 2 16.49 .008
ITRO .07 1 1.27 .055
ITRN .07 3 26.01 .006
CPLG .07 1 15.62 .004
XBIO .06 8 1.44 .328
SSL .06 22 15.97 .066
OXY .06 31 28.6 .062
MTL .06 17 3.1 .323
KULR .06 8 3 .160
ESXB .06 2 11.3 .010
ENIC .06 1 1.87 .032
DBVT .06 12 1.39 .516
ADMS .06 2 8.22 .014
ULTA .05 12 378.27 0
OCG .05 13 4.78 .130
MFGP .05 5 5.03 .045
MDNA .05 8 1.71 .232
FRBK .05 1 3.71 .013
PSP .04 3 14.87 .006
PBT .04 2 8.62 .008
NOK .04 6 5.97 .036
IRCP .04 4 2.19 .072
CXP .04 1 19.28 .002
CDEV .04 4 6.13 .024
AVGR .04 7 0.5174 .539
VTGN .03 5 1.87 .080
VCAR .03 1 14.8 .002
SNDL .03 1 0.6251 .047
SLVO .03 4 4.94 .024
SIC .03 1 14.49 .002
RTLR .02 9 10.75 .009
NWHM .02 1 8.99 .002
KIN .02 2 9.25 .004
EIC .02 2 17.27 .002
DSE .02 1 9.49 .002
PMD .01 1 7.3 .001
INFL .01 2 30.23 0
IACB .01 3 7.95 .003
DFP .01 3 27.53 0
BEST .01 3 0.9488 .030
WMPN 0 4 12.08 0
QQC 0 2 32.66 0
QADB 0 4 87.54 0
PAE 0 1 9.92 0
ONON 0 1 51.42 0
NLSP 0 1 1.31 0
LHAA 0 1 9.82 0
HWBK 0 1 24.58 0
FRO 0 16 6.83 0
DVD 0 1 3.61 0
APWC 0 1 2.99 0
NSYS -.12 1 9.85 -.012
