EJH 5.21 6 1.09 28.674
SCPS 3.34 7 1.45 16.121
LAIX 1.72 4 0.5407 12.724
AUVI 2.10 10 2.09 10.040
EEIQ 4.33 5 2.57 8.420
NEGG 3.07 20 8.39 7.300
CPOP 2.34 5 1.77 6.610
NVOS 1.65 5 1.3952 5.910
ADGI 2.56 12 5.26 5.832
AACG 1.49 7 1.86 5.607
VRPX 1.77 9 2.9 5.490
IRNT 3.02 6 3.32 5.454
NRXP 2.89 8 4.39 5.264
VVOS 1.65 6 1.915 5.166
DPW 1.56 5 1.6 4.875
EYES 1.22 6 1.53 4.782
FCEL .18 131 4.87 4.716
JZXN 1.63 4 1.43 4.556
JAN 2.73 6 3.72 4.398
CEMI .60 8 1.1 4.360
JG 1.30 3 0.9517 4.095
KOSS 5.35 7 9.96 3.759
HX 1.40 6 2.24 3.750
AAME 1.97 5 2.7165 3.625
SIEB 1.53 5 2.11 3.625
AMC 1.18 61 20.66 3.477
NURO 1.47 11 4.79 3.366
OCGN 1.04 12 4.02 3.096
RMED .72 6 1.41 3.060
MRIN 1.81 6 3.57 3.042
TYME .45 4 0.5936 3.032
NAOV .27 11 1 2.970
CARV 3.92 6 8.18 2.874
BSQR .35 13 1.615 2.808
PBTS 1.24 1 0.446 2.780
SPCE 1.08 25 10.03 2.675
TPST 2.19 5 4.2 2.605
AGRI .95 5 1.87 2.540
BTBT 1.45 10 5.74 2.520
GRTS 2.25 7 6.3 2.499
GME 3.68 83 122.48 2.490
INDP 2.52 5 5.07 2.485
TAOP 1.35 3 1.66 2.439
NCTY 2.63 5 5.86 2.240
MOXC 1.01 6 2.76 2.190
MARK .46 4 0.8641 2.128
ANPC 1.24 2 1.205 2.058
ACY .99 19 9.33 2.014
PHUN .32 17 2.79 1.938
RNXT 1.96 4 4.12 1.900
SSY .91 3 1.47 1.857
JCS 1.40 3 2.28 1.842
LMNL .65 3 1.1 1.770
BBIG .30 21 3.53 1.764
SGOC 1.19 9 6.2 1.719
SAVA 2.73 29 45.69 1.711
WAFU 1.50 4 3.51 1.708
BNGO .36 12 2.54 1.692
CTIB .40 5 1.2 1.665
BYSI 1.25 5 3.8 1.640
CSCW .39 2 0.4793 1.626
PRFX .57 4 1.41 1.616
WAVE 1.72 5 5.37 1.600
PALI .71 3 1.33 1.599
SNAP .57 113 38.38 1.582
AUUD .41 7 1.81 1.582
ANY .20 21 2.66 1.575
FTEK .69 3 1.32 1.566
DLPN 2.14 5 6.86 1.555
BFRI 1.31 6 5.04 1.554
BLIN .41 8 2.11 1.552
RIDE .68 7 3.09 1.540
SYTA .46 5 1.49 1.540
MVIS 1.17 5 3.87 1.510
EBET 3.45 6 13.91 1.488
IGC .49 3 1 1.470
LGVN 2.15 6 8.81 1.464
EVK .60 6 2.4525 1.464
ANVS 3.73 6 15.39 1.452
SOS .61 2 0.8412 1.450
NBRV .76 1 0.529 1.436
HGSH 1.00 3 2.1 1.428
AREC .62 5 2.17 1.425
NMRD 1.66 4 4.65 1.424
PMCB 1.11 3 2.34 1.422
BIDU 1.88 118 152.51 1.416
ERYP .79 4 2.27 1.392
BNTC 1.24 3 2.6889 1.383
CETX 1.20 1 0.8694 1.380
SYPR .80 4 2.32 1.376
ACRS 2.12 7 10.87 1.365
SPRT .81 20 11.8 1.360
CRTD .39 7 2.025 1.344
WORX .44 4 1.31 1.340
UPC .73 3 1.64 1.335
HOFV .98 2 1.49 1.314
NIO .53 77 30.48 1.309
DWAC 22.11 4 67.61 1.308
SNOA 1.51 4 4.64 1.300
HGEN 1.21 3 2.79 1.299
YJ .40 2 0.62 1.290
HOOD 1.41 14 15.3 1.288
IDEX .36 4 1.12 1.284
NVFY .73 3 1.73 1.263
STAF .58 2 0.9299 1.246
SPCB .32 2 0.5156 1.240
PTIX .84 2 1.36 1.234
ALYA .77 4 2.53 1.216
CNET 1.11 1 0.92 1.206
MEDS .53 5 2.24 1.180
CBAT .50 3 1.28 1.170
TQQQ .62 145 70.8 1.160
ALF 1.08 2 1.89 1.142
XELA .09 7 0.5502 1.141
PETZ .17 4 0.598 1.136
OLB .77 3 2.07 1.113
DYNT .22 5 0.99 1.110
IMPL 1.70 5 7.68 1.105
LODE .56 3 1.52 1.104
AQMS .39 3 1.06 1.101
OPAD 1.25 4 4.6 1.084
ENVB .27 3 0.7485 1.080
KTTA 1.49 1 1.39 1.071
BKKT 2.95 2 5.53 1.066
FULC 2.54 6 14.27 1.062
DBGI .31 6 1.75 1.062
TERN 1.53 4 5.82 1.048
SPI .89 4 3.39 1.048
NVAX 7.31 16 112.38 1.040
LIZI .40 4 1.56 1.024
CHCI 1.54 3 4.66 .990
HCWB 1.14 2 2.31 .986
BB .74 12 8.94 .984
RETO .72 2 1.48 .972
GFAI .51 2 1.06 .962
KALV 1.44 8 11.98 .960
MTSL 1.08 3 3.37 .960
ISPC .84 8 6.95 .960
CANF .63 2 1.31 .960
KXIN .17 6 1.06 .960
ORPH .57 4 2.38 .956
HTBX 1.46 2 3.09 .944
MBRX .81 2 1.72 .940
OSAT 1.21 3 3.875 .936
WHLM 1.20 4 5.14 .932
LEDS 1.24 3 3.99 .930
TIGR .50 8 4.38 .912
MOHO .11 3 0.3621 .909
LGHL .30 4 1.33 .900
AVGR .04 7 0.3137 .889
LHDX 1.58 4 7.11 .888
ATNF .66 4 2.97 .888
RCON .51 2 1.15 .886
BBBY .79 17 15.1 .884
MARA 1.20 21 28.1 .882
ASM .69 1 0.782 .882
AVXL 2.41 5 13.72 .875
MNOV .74 3 2.59 .855
GROM .76 2 1.8 .844
ATXI .74 1 0.8823 .838
OPTT 1.10 1 1.32 .833
SJ 1.24 4 5.95 .832
ZKIN .71 2 1.71 .830
APTO .28 4 1.35 .828
AVCT .25 6 1.8 .828
AYRO .60 2 1.47 .816
GLSI 3.27 5 19.99 .815
ENG .30 3 1.11 .810
ENOB .94 5 5.82 .805
GOVX .36 7 3.13 .805
APRE .69 3 2.57 .804
ACIU 1.91 2 4.77 .800
VERY 1.39 4 6.95 .800
GNLN .36 2 0.9072 .792
BILI 1.28 23 37.24 .782
WEI .57 1 0.73 .780
DTST .42 6 3.25 .774
ARDS 1.12 1 1.45 .772
UAVS .36 3 1.4 .771
TRIT .34 5 2.21 .765
PPSI .67 9 7.92 .756
XPEV .46 84 47.52 .756
XTLB 1.09 2 2.89 .754
NRBO .49 2 1.31 .748
VERB .12 8 1.28 .744
EYEG 1.45 1 1.95 .743
VYGR 1.06 2 2.85 .742
ATOS .21 5 1.41 .740
ALEC 2.10 6 17.07 .738
ACOR .41 4 2.22 .736
VTNR .37 10 5.04 .730
ZEV 1.17 4 6.41 .728
SCKT .74 4 4.08 .724
RFL .71 5 4.91 .720
MVST .61 6 5.07 .720
EXPR .47 5 3.26 .720
RSLS .27 4 1.51 .712
ENSC .61 4 3.45 .704
CRIS 1.20 2 3.43 .698
RHE 1.27 2 3.64 .696
NNOX 1.69 5 12.14 .695
ONCS .68 1 0.9802 .693
WISH .58 3 2.53 .687
FLGC .19 6 1.66 .684
AMBO .61 1 0.8943 .682
DTSS .87 1 1.29 .674
NVDA 1.23 167 265.75 .668
BTX 1.13 2 3.38 .668
IPHA .78 4 4.65 .668
EVOL .74 2 2.28 .648
SDC .64 2 1.97 .648
GALT .44 3 2.03 .648
WHLR .54 2 1.67 .646
COHN 1.95 5 15.06 .645
BBLG .72 3 3.36 .642
WINT .31 3 1.46 .636
WBX 4.49 2 14.38 .624
WNW 1.34 1 2.18 .614
KNBE 1.80 7 20.56 .609
PSTV .60 1 0.99 .606
BABA .81 100 131.37 .600
JFU .22 3 1.1 .600
EYPT 5.86 1 9.82 .596
ALDX 1.09 2 3.66 .594
NKLA .34 18 10.2 .594
LYEL 1.21 3 6.12 .591
ORMP .35 19 10.95 .589
XELB .34 2 1.16 .586
LCID 1.90 13 41.41 .585
OTLK .38 2 1.3 .584
SLGG .64 2 2.21 .578
MRNA 3.05 41 210.17 .574
PENN 2.65 10 45.73 .570
LEXX .63 4 4.41 .568
ADMP .36 1 0.6336 .568
DQ 3.36 7 41.22 .567
MQ 1.18 7 14.48 .567
ASTR .62 5 5.48 .565
TSP 2.05 7 25.53 .560
ENTX .77 2 2.75 .560
LIFE .93 4 6.69 .556
ZCMD 1.01 1 1.82 .554
GMBL .88 2 3.18 .552
BTCM .72 4 5.18 .552
AUPH 1.04 10 18.75 .550
OBLN .56 3 3.05 .549
BON .62 3 3.4 .546
ABUS .22 8 3.22 .544
WPRT .58 2 2.14 .542
GTEC .80 4 5.94 .536
WATT .32 2 1.19 .536
HAPP .30 1 0.56 .535
PEAR 2.37 1 4.52 .524
SLS .69 4 5.28 .520
UPST 2.99 19 109.25 .513
IMNM 1.42 4 11.05 .512
SGBX .32 3 1.88 .510
LWAC 1.73 5 16.98 .505
UONE .37 7 5.2 .497
BPTH .95 2 3.84 .494
MTP .56 1 1.1335 .494
EFOI .29 4 2.34 .492
ARAV 1.21 1 2.47 .489
GRTX .40 4 3.27 .488
GRVI .74 3 4.56 .486
BODY .47 2 1.93 .486
SNMP .11 2 0.451901 .486
CHNR .12 4 0.99 .484
ABSI 1.08 3 6.74 .480
GEVO .49 4 4.05 .480
PIRS .23 7 3.37 .476
AEHR .20 34 13.67 .476
EOSE 1.39 2 5.91 .470
AFRM 1.88 18 72.13 .468
AVIR 1.14 3 7.3 .468
CTSO .42 4 3.58 .468
CLSD .35 3 2.23 .468
MRAM 1.52 3 9.79 .465
MTTR .44 15 14.12 .465
NEXT .29 4 2.48 .464
RKDA .49 1 1.06 .462
OSMT .13 4 1.13 .460
BCRX .62 12 16.15 .456
VIVE .26 2 1.14 .456
CERE 1.78 7 27.04 .455
UFAB .46 2 2.0297 .452
INFI .16 4 1.41 .452
BGFV .82 11 19.9 .451
MRKR .36 1 0.8 .450
NNVC .44 3 2.95 .447
SKLZ .67 4 6.02 .444
MINM .32 2 1.44 .444
DOCS 2.62 8 47.5 .440
ONCT .45 2 2.04 .440
DBVT .06 12 1.65 .432
PLG .24 3 1.67 .429
HUSN .29 4 2.7 .428
PME .26 1 0.61 .426
BNR 1.30 3 9.19 .423
IFRX .58 3 4.09 .423
EZFL .57 1 1.35 .422
SE 3.92 20 180.55 .420
RAPT 1.77 7 29.49 .420
DDD .70 12 19.58 .420
ME .33 7 5.41 .420
GEG .90 1 2.15 .418
SPRB .47 3 3.37 .417
ADMA .54 1 1.3 .415
ATAI 1.29 2 6.22 .414
ZY .78 3 5.63 .414
RELI .47 7 7.93 .413
AEI .09 2 0.436 .412
LMFA .35 5 4.26 .410
SOFI .68 8 13.09 .408
EVGO .45 8 8.81 .408
AGEN .10 12 2.89 .408
WIMI .27 4 2.7 .400
ZG 3.19 7 55.77 .399
NNDM .48 3 3.62 .396
TRCH .98 2 4.95 .394
BHTG .33 1 0.837 .394
DYAI .51 3 3.87 .393
ZLAB 2.93 7 51.64 .392
VBLT .21 3 1.635 .384
XBIO .06 8 1.25 .384
KODK .86 2 4.5 .382
KMPH 1.03 3 8.15 .378
IMMX 1.10 2 5.83 .376
DWSN .44 2 2.34 .376
VNET 1.13 3 8.99 .375
RSKD 1.24 2 6.6 .374
OCX .70 1 1.87 .374
IMMR .33 6 5.25 .372
NVCR 2.63 10 69.72 .370
LAZR 1.16 5 15.77 .365
VLDR .76 2 4.18 .362
ZM 3.91 15 162.1 .360
CMMB 1.24 2 6.89 .358
M .58 17 26.84 .357
ADIL .45 2 2.525 .356
CCJ .51 16 22.99 .352
HUGE .37 1 1.05 .352
QFIN .77 9 19.55 .351
OSTK 2.60 7 51.41 .350
GRU 1.62 1 4.625 .350
IONQ .65 7 12.98 .350
MOGO .24 4 2.78 .344
IMMP .16 7 3.255 .343
VOXX 1.16 3 10.16 .342
PLUG .92 9 23.91 .342
ALZN .21 3 1.84 .342
AMD 1.56 31 132.74 .341
CAN .43 4 5.1 .336
NEPT .07 2 0.4176 .334
RLMD 1.57 4 18.73 .332
ENZ .54 2 3.25 .332
FIGS 1.33 6 23.99 .330
GSM .27 7 5.64 .329
IMTX .98 4 11.82 .328
CCXI 3.66 3 33.31 .327
AMTX 1.20 3 10.94 .327
ARPO .72 1 2.2 .327
VTSI .56 4 6.86 .324
MITO .28 1 0.8653 .323
TSLA 2.82 161 1031.56 .322
DNA .99 2 6.14 .322
KURA 1.04 4 13 .320
IPA 1.04 2 6.49 .320
NTRB .49 4 6.09 .320
JFIN .36 2 2.25 .320
DOCN 1.90 11 65.42 .319
SNES .16 2 1.01 .316
W 6.04 9 170.17 .315
FGEN 1.47 3 14 .315
GDEV .87 3 8.27 .315
APOP .84 5 13.17 .315
TELL .11 9 3.08 .315
OBSV .10 6 1.89 .312
JRJC .67 3 6.47 .309
TATT .65 3 6.2589 .309
MBOT .98 2 6.33 .308
SPLK 6.20 6 120.4 .306
ISIG 2.30 3 22.45 .306
CIFR .35 3 3.4 .306
VERU .45 4 5.89 .304
ORGS .70 1 2.31 .303
DARE .47 1 1.56 .301
LOOP .55 5 9.16 .300
HUYA .53 4 6.99 .300
KBSF .46 2 3.05 .300
MTL .05 20 3.23 .300
AMEH 2.05 9 61.04 .297
APPS 2.11 7 49.94 .294
NLS .84 2 5.76 .290
OXBR .30 5 5.14 .290
SHOP 25.67 12 1064.36 .288
BNTX 1.93 32 202.99 .288
SQ 1.68 24 136.95 .288
RBLX 1.49 16 80.18 .288
SBEA 1.45 2 10.04 .288
TASK 1.74 7 42 .287
KSS 1.31 11 48.71 .286
OCUP .51 2 3.55 .286
APT .86 2 6.07 .282
EVGN .43 1 1.52 .282
ALTO .29 5 5.13 .280
NVTS 1.62 2 11.63 .278
EXPI 1.38 6 29.48 .276
HHR 1.09 12 46.68 .276
MESO .65 2 4.69 .276
AXLA .26 2 1.88 .276
CELH 1.96 7 50.24 .273
BRLT .96 4 13.93 .272
TLRY .47 4 6.87 .272
CLPS .57 1 2.1 .271
CLPS .57 1 2.1 .271
STEM .68 6 15.07 .270
LAC .57 15 30.02 .270
CARA 1.57 2 11.65 .268
CELC 1.05 3 11.67 .267
TENX .21 1 0.7911 .265
IGIC .70 3 7.95 .264
FENG .11 2 0.83 .264
MDNA .05 8 1.515 .264
LJPC .62 2 4.75 .260
DNUT .44 10 16.74 .260
GNFT .18 7 4.85 .259
BIOC .22 4 3.4 .256
BLU .51 3 6 .255
GPN 3.54 11 149.24 .253
ZIM 1.48 11 63.63 .253
NIU .93 4 14.71 .252
MDIA .50 3 5.93 .252
RAIL .24 4 3.76 .252
PUBM 6.66 1 26.82 .248
DLO 1.53 5 31.09 .245
TOST 3.31 2 26.95 .244
MOSY .55 2 4.5 .244
AKTX .36 1 1.4702 .244
CPIX .24 4 3.92 .244
IMV .15 2 1.22 .244
SI 3.69 9 136.37 .243
PRTA 1.04 9 37.24 .243
DDS 5.48 11 248.32 .242
ENSV .20 1 0.8274 .241
MSTR 14.75 8 489.59 .240
DUOL 5.53 4 91.83 .240
DDL 1.22 2 10.13 .240
VIR 1.13 8 37.65 .240
DKNG .99 6 24.24 .240
CGC .68 3 8.41 .240
FBRX .40 1 1.66 .240
XAIR 1.97 1 8.23 .239
EDSA 1.24 1 5.2 .238
OVID .38 2 3.19 .238
FSTX 1.04 1 4.37 .237
GSAT .12 2 1.01 .236
FCX .40 26 44.33 .234
SQBG .73 2 6.24 .232
CLF .36 14 22.21 .224
SCYX .31 4 5.47 .224
ERJ .23 16 16.02 .224
CHGG 2.17 3 29.19 .222
FUBO 1.01 3 13.6 .222
AEY .31 1 1.4 .221
NBEV .19 1 0.8586 .221
EQOS .46 1 2.09 .220
ACHL .89 1 4.05 .219
BTCS 1.50 1 6.88 .218
ASML 6.64 24 730.08 .216
TWTR 1.40 6 38.7 .216
RIOT .73 6 20.15 .216
BQ .08 2 0.74 .216
ICCM .58 1 2.72 .213
BLPH .62 1 2.93 .211
ABNB 3.59 10 166 .210
FUV .77 2 7.28 .210
LBPH .92 1 4.43 .207
GP .49 3 7.03 .207
GENE .13 3 1.8699 .207
NXTP .14 1 0.6774 .206
FOSL 1.09 2 10.61 .204
HOL .84 3 12.35 .204
DRN .47 12 26.21 .204
AUTL .30 3 4.38 .204
PBR .22 12 12.3 .204
GPS .54 7 18.43 .203
EDIT 1.47 3 21.87 .201
MITQ .36 1 1.79 .201
CALA .11 1 0.5469 .201
DKS 1.19 20 113.8 .200
DASH 2.39 11 131.78 .198
TTD .88 18 75.76 .198
U 3.37 7 116.58 .196
CPE 1.54 7 53.31 .196
SRNE .85 1 4.33 .196
CHMA .37 2 3.76 .196
CRDF .45 3 6.82 .195
AFMD .29 3 4.41 .195
TAL .32 2 3.28 .194
TISI .17 1 0.8722 .194
JKS 1.46 6 45.27 .192
ASAN .80 16 61.6 .192
ACB .36 3 5.54 .192
SALM .13 5 3.34 .190
SFIX 1.08 3 16.94 .189
AMZN 6.99 94 3224.28 .188
ISEE .62 4 12.98 .188
NTEC .46 4 9.63 .188
APP 1.39 11 79.55 .187
RUN 1.04 6 32.76 .186
PDD 2.15 5 57.62 .185
GIII 1.02 5 27.47 .185
ALLO 1.11 2 11.96 .184
AESE .35 1 1.9 .184
STG 1.13 1 6.16 .183
DMAC .31 2 3.4 .182
CLOV .28 2 3.07 .182
DELL 1.26 9 60.17 .180
SEMR 1.11 3 18.24 .180
TGTX .93 3 15.41 .180
HNST .41 3 6.83 .180
HIPO .15 3 2.49 .180
EDTK .10 2 1.1 .180
CVV .46 2 5.16 .178
SKT 1.17 3 19.65 .177
IS .59 2 6.65 .176
KULR .06 8 2.65 .176
CLII .84 3 14.36 .174
GTT .41 1 2.36 .173
OMER 1.00 1 5.8 .172
BLUW .83 2 9.63 .172
PRPO .09 3 1.56 .171
AZYO 1.08 1 6.34 .170
IAC 3.19 7 129.43 .168
NEWR 2.93 6 103.91 .168
BYND 2.00 6 70.83 .168
LYFT 1.22 6 42.6 .168
SIF 1.16 1 6.89 .168
MAT .55 7 22.82 .168
ENLV .49 2 5.78 .168
BWAY .42 3 7.41 .168
PRPL .32 6 11.13 .168
BIGC 2.58 2 31.44 .164
TSRI 1.84 1 11.17 .164
IRDM 1.55 4 37.71 .164
JWN .98 4 23.45 .164
GTIM .74 1 4.51 .164
BFLY .56 2 6.8 .164
BKYI .19 2 2.29 .164
GMTX .17 2 2.05 .164
FLGT 2.27 6 81.34 .162
IMAB .96 6 35.42 .162
SONO .82 6 29.48 .162
SOHU .47 6 16.97 .162
NXGL .45 1 2.77 .162
RGEN 4.41 7 191.56 .161
TWST 1.37 7 59.41 .161
LI .73 7 30.77 .161
RIG .08 7 3.4 .161
HOG 1.23 5 38.32 .160
COTY .19 8 9.29 .160
BVXV .07 4 1.71 .160
CLDX 1.61 3 30.12 .159
NETE 1.04 2 13.09 .158
WTER .09 2 1.13 .158
NGM 1.25 2 15.86 .156
SSNT .34 2 4.33 .156
LC .30 13 24.43 .156
QDEL 2.61 7 117.5 .154
GH 1.57 8 78.8 .152
UWMC .23 4 5.93 .152
FTCH .67 6 26.65 .150
IKT .24 1 1.6 .150
CRON .12 5 3.9 .150
AEMD .09 3 1.8 .150
VCVC 1.46 1 9.85 .148
PBLA .25 1 1.68 .148
SSKN .22 1 1.5 .146
SCR 1.05 5 35.58 .145
CPSH .51 1 3.5 .145
ROKU 3.14 8 168.3 .144
ENPH 2.35 9 143.49 .144
CYTK .80 6 32.88 .144
PTON .78 6 32.15 .144
AAL .32 9 19.34 .144
ADBE 5.88 13 516.9 .143
LIVE 1.37 3 28.98 .141
BRTX .58 1 4.11 .141
TMUS 1.65 10 110.12 .140
GRVY 1.33 7 65.65 .140
CYAD .56 1 3.99 .140
EQ .53 1 3.76 .140
CHPT .53 4 14.79 .140
VIH 1.31 1 9.36 .139
BKE .89 6 37.63 .138
TESS .30 3 6.5 .138
FATE 1.44 4 42.2 .136
AEO .83 4 23.95 .136
LUV .79 8 45.79 .136
CMTL 3.13 1 23.11 .135
TVTX 1.19 3 25.89 .135
SHEN 1.11 3 24.62 .135
ARVN .99 9 65.04 .135
KZR .60 3 13.32 .135
BCLI .23 2 3.43 .134
SAM 9.40 7 488.98 .133
LEGN .83 7 43.24 .133
PFE .43 19 55.54 .133
DE 4.88 11 380.39 .132
LLY 2.85 12 249.67 .132
GAME .43 1 3.25 .132
TDC 1.17 5 43.46 .130
JD .74 13 71.44 .130
RL 1.89 8 117.37 .128
XLNX 1.57 16 191.33 .128
YMM .58 2 9.02 .128
MDB 5.57 9 390.83 .126
DLTR 1.90 9 134.13 .126
ESTC 1.40 9 97.87 .126
CAH 1.13 6 52.24 .126
AA .60 14 60.51 .126
ACI .30 14 30.98 .126
THCB 1.25 1 10 .125
CRCT .70 4 22.1 .124
LAW 1.23 3 29.66 .123
HJLI 1.27 1 10.38 .122
STRO .65 2 10.5 .122
PATI .50 2 8.12 .122
DPZ 5.62 11 481.4 .121
ABCL 1.31 1 10.86 .120
BZ 1.22 3 30.33 .120
PINS 1.00 4 32.97 .120
TTCF .86 2 14.11 .120
BZUN .80 2 13.2 .120
AMRS .60 1 4.99 .120
IRIX .18 4 5.92 .120
OCG .16 4 5.17 .120
SBBP .12 2 2 .120
BLDR 1.38 7 80.58 .119
DAL .71 7 41.47 .119
MSFT .51 119 304.8 .119
SBTX .57 1 4.8 .118
XM 1.10 3 27.95 .117
MRUS 1.10 3 27.63 .117
BGI .19 3 4.81 .117
VSTM .07 3 1.76 .117
OCG .05 13 5.17 .117
COUR 1.32 2 22.57 .116
RRGB .96 2 16.54 .116
FLWS .75 4 25.4 .116
UAA .56 4 19.3 .116
OVV .90 5 38.73 .115
INMD 1.02 6 52.62 .114
HCM .62 6 31.5 .114
FENC .27 2 4.68 .114
AN 1.67 8 111.61 .112
MOLN 1.60 2 28.3 .112
DOMO 1.26 4 44.29 .112
VMEO .85 2 15.15 .112
VALN .61 7 37.67 .112
AAPL .32 112 172.19 .112
CREX .15 1 1.33 .112
INM .14 1 1.24 .112
XPDI .08 14 9.55 .112
RMBL 1.41 3 38.09 .111
JRVR 1.10 3 29.08 .111
ANIX .38 1 3.42 .111
ORCL .28 37 87.79 .111
ZS 2.76 10 250.47 .110
CLNE .67 1 6.04 .110
GURE .46 1 4.18 .110
LIVX .17 2 3.07 .110
SBS .07 11 6.4 .110
ROIV .83 1 7.58 .109
REGN 7.44 9 616.11 .108
BHVN 2.25 6 122.74 .108
MYNZ 1.78 1 16.44 .108
TMX 1.58 3 43.51 .108
TJX 1.31 6 72.61 .108
FRD 1.28 1 11.83 .108
SPT 1.25 6 67.23 .108
MAXR .83 4 29.77 .108
FB .65 108 326.48 .108
FFHL .44 2 8.05 .108
ULBI .31 2 5.79 .106
TEDU .09 2 1.685 .106
LAD 6.41 5 304.21 .105
ACMR 1.83 5 83.57 .105
VSCO .90 7 56.64 .105
ATIF .43 1 4.07 .105
KRYS 6.33 1 60.37 .104
MSGE 1.88 4 71.29 .104
APXT 1.27 1 12.11 .104
NFLX .98 104 519.2 .104
XBI 1.75 6 98.1 .102
EAR .56 1 5.46 .102
HMHC .53 3 15.46 .102
KZIA .41 2 7.92 .102
YEXT .91 1 8.95 .101
EOLS .55 1 5.44 .101
CREE 1.64 5 79.12 .100
KMB 1.45 10 142.89 .100
WMT .85 20 145.47 .100
OPNT .73 4 29.19 .100
KR .28 20 49.48 .100
CPG .07 10 6.43 .100
PYPL 2.14 9 181.01 .099
DIS 1.86 9 155.44 .099
BBY 1.45 7 102.6 .098
JPM 1.29 14 168.23 .098
DVAX .64 2 13.06 .098
SILK .52 7 37.06 .098
NXE .23 2 4.64 .098
BLNK .18 14 22.92 .098
MBII .08 1 0.813 .098
QCOM 1.14 16 183.89 .096
SKX 1.09 4 44.31 .096
BTWN .95 1 9.82 .096
PLTR .77 2 16.01 .096
UBER .71 6 42.87 .096
GBR .24 1 2.49 .096
SLHG .10 1 1.04 .096
SSL .08 24 18.51 .096
FL .84 5 43.24 .095
CCL .45 5 22.9 .095
MRO .11 19 18.57 .095
MFNC 1.02 2 21.5 .094
EAT 1.21 3 38.01 .093
ARCE .63 3 19.9 .093
APPN 1.29 4 54.82 .092
SPTN .59 4 25.5 .092
CALT .54 4 23.47 .092
UNH 3.38 13 467.43 .091
FISV 1.52 7 108.94 .091
AMAT 1.64 9 157.18 .090
WYNN 1.57 5 84.23 .090
CNC 1.49 5 79.88 .090
BCYC 1.49 3 48.8 .090
CRM 1.43 15 228.63 .090
A 1.31 10 145.17 .090
PTGX 1.05 3 34.75 .090
MOS .76 5 41.61 .090
VNE .55 6 35.66 .090
BDTX .39 1 4.3 .090
GT .37 6 23.45 .090
VTGN .03 5 1.64 .090
VLO 1.86 4 83.36 .088
DPST 1.46 4 65.87 .088
FANG 1.39 8 124.08 .088
SMLP 1.07 2 24.11 .088
GNOG .78 1 8.79 .088
RSI .55 2 12.49 .088
K .55 11 66.84 .088
SPWH .25 4 11.08 .088
EKSO .11 2 2.54 .086
GKOS 4.45 1 51.95 .085
CTRN 1.11 5 61.96 .085
MNSO .82 1 9.55 .085
PSTG .50 5 28.27 .085
ERF .20 5 11.33 .085
SITM 2.97 7 229.38 .084
SNOW 2.11 12 291.76 .084
PLCE 1.60 4 74.13 .084
XLK 1.23 12 164.37 .084
ALC .58 12 78.12 .084
ARMP .49 1 5.8276 .084
KIRK .48 3 16.68 .084
CSCO .45 12 61.5 .084
ORGO .35 2 8.22 .084
CIEN .33 21 72.17 .084
FFIE .22 2 5.32 .082
VIEW .13 2 3.15 .082
VMW 1.17 9 123.4 .081
EL 3.61 8 334.38 .080
CAT 1.88 10 227 .080
CRNC 1.55 4 75.45 .080
COP .73 10 83.62 .080
BJ .71 8 64.88 .080
CSIQ .58 4 27.76 .080
CNFR .10 2 2.46 .080
IWM 2.93 6 214.01 .078
WSM 1.97 6 148.74 .078
KYMR 1.69 2 42.68 .078
DXC .90 3 34.09 .078
USB .87 6 63.19 .078
HPQ .53 6 38.7 .078
EDU .14 1 1.79 .078
CDEV .10 6 7.26 .078
SNPS 3.62 7 327.51 .077
IBM 1.06 11 134.76 .077
THC 3.03 2 78.63 .076
THTX .22 1 2.89 .076
LTHM .12 19 24.52 .076
SMH 7.72 3 300.54 .075
PKG 2.17 5 137.15 .075
C 1.06 5 67.78 .075
CYTH .34 1 4.5 .075
AHPI .12 3 4.64 .075
MYGN .98 2 26.48 .074
SIVB 7.01 8 711.64 .072
CFLT 2.29 2 62.95 .072
KMX 2.23 4 117.47 .072
SEDG 2.14 9 260.43 .072
SPG 1.55 8 162.99 .072
V 1.35 12 215 .072
ROST 1.31 6 104.73 .072
PFGC 1.21 3 48.62 .072
VIPS .66 1 9.1 .072
VXX .35 4 18.74 .072
MFGP .05 9 5.89 .072
IRCP .04 4 2.21 .072
SANA .82 1 11.52 .071
TBLA .70 1 9.85 .071
DUOT .40 1 5.6 .071
GBS .11 1 1.54 .071
WDAY 2.57 7 249.41 .070
TTWO 1.57 7 154.83 .070
TTC 1.42 5 99.05 .070
MDT .86 10 108.78 .070
STX .84 10 110.84 .070
MS .74 10 102.55 .070
CHRA .40 1 5.71 .070
SLV .22 7 21.33 .070
OEG .14 1 2.02 .069
YETI 1.27 4 72.83 .068
LICY .33 2 9.55 .068
LMT 2.51 11 365.18 .066
PWR 2.42 3 107.28 .066
COIN 1.45 11 228.23 .066
WOOF .43 3 18.84 .066
SLB .41 6 36.17 .066
MRTN .38 3 16.58 .066
ET .11 6 9.44 .066
RNG 11.84 1 180.54 .065
SM .46 5 34.74 .065
IMRN .23 1 3.52 .065
INTU 4.61 8 552.92 .064
TGT 1.12 16 225.83 .064
SUPN .95 2 29.2 .064
MO .84 4 50.31 .064
LOGI .74 8 82.51 .064
TME .45 1 6.93 .064
HWCC .34 1 5.3 .064
PPBT .26 1 4.05 .064
GGAL .16 4 9.52 .064
ZNGA .15 4 9.06 .064
CCMP 11.86 1 187.47 .063
MA 3.58 7 369.52 .063
XMTR 3.46 1 54.29 .063
GS 2.93 9 390.8 .063
DG 2.10 7 223.06 .063
CM .99 9 130.78 .063
CRMT .72 9 99.34 .063
CUE .62 1 9.77 .063
INTC .54 7 54.94 .063
WFC .51 7 56 .063
KO .46 9 60.9 .063
YPF .09 3 4.2 .063
FRO .03 21 7.62 .063
CAR 6.00 2 191.92 .062
ECOM 1.37 1 22.05 .062
XERS .14 1 2.26 .061
HRI 2.10 5 168.53 .060
CVS 1.33 5 105.34 .060
GWRE 1.30 5 103.7 .060
CHKP 1.25 6 119.37 .060
DFH 1.18 1 19.55 .060
RACE 1.15 15 251.01 .060
HALO 1.07 2 35.51 .060
SCHW 1.01 6 93.38 .060
UAL .99 3 48.17 .060
BIG .91 3 43.59 .060
ATVI .81 5 64.17 .060
ABT .76 12 129.65 .060
JBL .75 6 69.96 .060
VRNT .69 5 53.26 .060
FLXN .55 1 9.12 .060
MU .51 12 95.62 .060
SBH .38 3 18.21 .060
ON .35 12 64.64 .060
MOMO .19 3 9.2 .060
RRD .06 12 11.26 .060
LL 1.01 1 16.92 .059
RKT .41 2 13.86 .058
RDUS .38 1 6.45 .058
CSPR .18 2 6.18 .058
AMKR .47 3 23.97 .057
BEKE .41 3 21.09 .057
COST 2.35 14 516.88 .056
ROLL 1.78 7 202.33 .056
BURL 1.68 8 239.17 .056
TRI 1.63 4 110.82 .056
SWI .79 1 13.96 .056
PDCO .41 4 28.42 .056
SWN .07 4 4.8 .056
KEYS 2.15 5 186.61 .055
TSN 1.03 5 93.21 .055
TNA .83 5 74.96 .055
NKE .80 11 149.59 .055
GM .73 5 61.77 .055
HITI .25 1 4.5 .055
AGNC .17 5 15.41 .055
ITRO .07 1 1.27 .055
LII 2.97 6 300.95 .054
LSI 2.53 3 139.63 .054
AMGN 2.19 6 230.85 .054
TSCO 1.52 9 230.79 .054
OLLI 1.29 2 47.22 .054
HAS .94 6 102.02 .054
BBWI .53 6 57.36 .054
BAC .47 6 48.76 .054
KHC .35 6 37.65 .054
FLO .28 6 28.27 .054
ITCI 2.20 1 40.97 .053
NFE 1.27 1 23.66 .053
FA .96 1 17.93 .053
SNDL .03 1 0.5604 .053
DAVA 1.77 4 129.15 .052
PAYX 1.68 4 126.63 .052
LOW 1.04 13 250.7 .052
VGR .61 1 11.65 .052
AZN .23 17 58.1 .051
BLFS 1.55 1 30.6 .050
EA 1.35 5 130.84 .050
AKAM 1.21 5 112.91 .050
OTIS .91 5 85.76 .050
GDYN .81 2 31.35 .050
XONE .67 2 26.7 .050
APG .62 2 24.7 .050
MRVL .44 10 78.65 .050
XOM .38 10 70.63 .050
ADSK 2.04 7 260.17 .049
PKI 2.16 4 179.53 .048
CI 2.12 6 240.55 .048
TSC 1.55 1 32.25 .048
HON 1.40 8 219.43 .048
NXPI 1.35 8 221.86 .048
TAP 1.23 2 50.28 .048
TSM 1.17 6 139.19 .048
NTAP 1.16 4 95.48 .048
GE .86 6 102.46 .048
FITB .82 3 49.54 .048
CTKB .66 1 13.74 .048
EQT .39 3 23.51 .048
MRK .37 12 81.32 .048
LULU 16.03 1 336.27 .047
PANW 23.18 1 498.6 .046
PCVX .46 2 19.91 .046
STE 2.26 5 234.85 .045
LIN 1.72 9 333.41 .045
LH 1.59 9 277.81 .045
LPX 1.24 3 77.9 .045
WGO 1.15 3 74.35 .045
ACH .67 1 14.85 .045
SJM .56 15 143 .045
ANF .52 3 33.92 .045
PCTY 8.94 1 200.59 .044
COF 1.87 4 161.37 .044
MNST 1.05 4 94.37 .044
HD .91 22 386.98 .044
NPTN .67 1 15.14 .044
DUK .46 11 104.15 .044
ARMK .42 4 36.69 .044
EVA 1.62 2 74.29 .042
STT 1.48 3 103.44 .042
MMM 1.20 7 181.02 .042
EGRX 1.01 2 47.74 .042
OKE .92 3 61.65 .042
NEE .65 6 84.9 .042
TBIO .53 3 37.36 .042
EPU .48 3 33.32 .042
GIS .26 14 68.9 .042
SNA 1.89 5 220.46 .040
ADI 1.48 5 169.78 .040
ATKR 1.07 4 104.91 .040
ABBV .74 8 133.52 .040
KDMN .10 4 9.5 .040
GLD .66 13 170.16 .039
CROX .50 13 125.87 .039
ATHM .49 3 35.81 .039
GRUB .15 3 10.91 .039
NUE 2.21 2 112.72 .038
LESL .44 2 22.08 .038
GPK .38 2 19.75 .038
FCBP 1.08 1 29.1 .037
WOLF 3.86 1 105.14 .036
ANTM 2.99 6 446.83 .036
AAP 1.46 6 241.32 .036
J 1.33 4 134.18 .036
UHS 1.30 4 133.05 .036
LITE 1.30 3 105.32 .036
BIIB 1.18 9 236.67 .036
AXP 1.07 6 173.29 .036
UPS .93 9 210.47 .036
KNL .92 1 25.04 .036
DD .80 4 84.01 .036
DEN .72 4 76.6 .036
PG .61 12 158.29 .036
LEN .51 9 108.54 .036
CLSK .30 1 8.17 .036
HRL .23 9 49.51 .036
NOK .04 6 5.89 .036
BLK 6.24 5 867.58 .035
UTHR 1.55 5 208 .035
XLY 1.05 7 197.44 .035
JNJ .96 7 168.76 .035
SRNG .41 1 11.42 .035
LZB .64 2 36.73 .034
CORT .32 2 18.55 .034
ALAC .21 2 11.74 .034
RCUS 1.22 1 36.4 .033
WM .61 11 157.45 .033
BRG .30 3 26.53 .033
RF .28 3 25.03 .033
XLE .22 11 63.03 .033
BEST .01 3 0.8362 .033
BKNG 10.17 8 2458.98 .032
RMD 8.09 1 251.7 .032
HCA 2.20 4 254.41 .032
RY .56 8 116.26 .032
MT .30 4 37.28 .032
OXY .05 32 34.15 .032
CLX 1.20 5 182.97 .030
OLN .56 3 54.82 .030
HOLI .43 1 14.15 .030
HNP .33 2 21.36 .030
TTM .10 15 34 .030
TEO .08 2 5.15 .030
ENIC .06 1 2 .030
RCAT .02 3 1.95 .030
GOOG 3.73 28 2782.62 .028
FLOW .63 4 85.84 .028
MPC .54 4 73.12 .028
FOE .32 2 21.66 .028
T .11 7 26.8 .028
RTX .88 3 91.56 .027
XLF .40 3 41.26 .027
CL .32 9 82.54 .027
RVI .06 3 6.39 .027
QQQ 5.16 2 377.66 .026
ACHV .11 2 8.25 .026
IRTC 3.69 1 143.12 .025
TRIL .47 1 18.44 .025
AZO 5.11 12 2048.4 .024
ALXN 1.24 4 182.5 .024
MCD .98 8 261.41 .024
AZPN .96 4 150.71 .024
CRTO .90 1 36.38 .024
STN .44 3 54.72 .024
VSH .18 3 21.64 .024
GSKY .15 2 11.65 .024
BP .12 8 31.22 .024
UNIT .11 3 12.6 .024
B 1.08 1 48.12 .022
SPB 2.21 1 100.86 .021
IRBO .83 1 38.76 .021
PEP .66 7 174.18 .021
PSTX .12 1 5.46 .021
LPTX .01 7 2.83 .021
PLD .67 5 153.15 .020
AMOM .66 1 32.0735 .020
EPAY .33 4 56.42 .020
VZ .31 4 53.52 .020
VCLO .25 1 12.96 .019
UHAL 1.98 9 689.1 .018
AIT .91 2 100.87 .018
XLV .27 9 134.3 .018
CNA .83 1 47.09 .017
SPY 2.27 4 464.53 .016
STMP 1.59 4 329.61 .016
LANC 1.43 2 165.69 .016
STZ 1.17 4 247.03 .016
IYC .39 4 80.64 .016
AXON 2.25 1 143.65 .015
TNET 1.38 1 87.15 .015
NUAN .33 3 55.35 .015
INCY .27 5 73.65 .015
MGTX .27 1 18.91 .014
XLP .15 14 76.89 .014
CHNG .15 2 20.73 .014
SELF .09 1 6.3 .014
ADMS .06 2 8.22 .014
CAI .78 1 56 .013
VRTX 1.47 2 226.58 .012
HRC .42 6 155.96 .012
PPC .17 2 27.99 .012
HDGE .12 3 24.51 .012
D .10 12 79.75 .012
FRBK .05 1 3.89 .012
SAFM .97 2 188.57 .010
PNRG .79 1 73.98 .010
ECHO .49 1 48.24 .010
INOV .22 2 41.06 .010
VRS .15 2 26.83 .010
ESXB .06 2 11.3 .010
ANET 1.23 1 131.2 .009
GTS .33 1 35.59 .009
IEC .14 1 15.34 .009
SVBI .13 1 13.63 .009
RTLR .02 9 12.09 .009
TDG 1.87 4 650.6 .008
LMRK .07 2 16.49 .008
HFBL .16 1 20.4 .007
ROG 1.67 1 273.22 .006
VOOV .54 2 153.46 .006
CONE .24 3 89.36 .006
SYKE .14 3 54 .006
FAST .11 6 60.75 .006
CXM .09 1 13.72 .006
ITRN .07 3 25.65 .006
PSP .04 3 14.96 .006
PBT .04 2 12.67 .006
JQUA .26 1 43.77 .005
CLDR .08 1 15.99 .005
TAAG .09 1 20.9494 .004
CPLG .07 1 15.68 .004
KIN .02 2 9.25 .004
RAVN .10 3 58.08 .003
IACB .01 3 7.95 .003
VG .06 1 20.81 .002
CXP .04 1 19.28 .002
VCAR .03 1 14.82 .002
SIC .03 1 14.49 .002
NWHM .02 1 8.99 .002
EIC .02 2 17.32 .002
DSE .02 1 9.49 .002
ULTA .62 1 378.15 .001
PMD .01 1 7.12 .001
ULTA .05 12 378.15 0
INFL .01 2 31.18 0
DFP .01 3 27.37 0
WMPN 0 4 12.845 0
SLVO 0 6 5.08 0
QQC 0 2 31.4514 0
QADB 0 4 87.54 0
PAE 0 1 9.98 0
ONON 0 1 51.42 0
NLSP 0 1 1.11 0
LHAA 0 1 9.76 0
HWBK 0 1 25.92 0
ESLT 0 1 176.07 0
DVD 0 1 3.61 0
APWC 0 1 2.99 0
NSYS -.12 1 10.55 -.011
