DWAC 30.01 3 58.5 1.536
SHOP 28.66 10 1637.81 .170
PANW 23.18 1 513.76 .045
MSTR 14.75 8 753 .152
CAR 12.01 1 274.9 .043
RNG 11.84 1 243.77 .048
NVAX 10.57 12 183.99 .684
BKNG 10.17 8 2366.38 .032
LGVN 10.15 1 6.87 1.477
SAM 9.40 7 483.24 .133
WBX 8.99 1 15.56 .577
RMD 8.01 1 262.53 .030
AMZN 8.00 94 3549 .188
REGN 7.44 9 641.83 .099
DUOL 7.27 3 135.04 .159
SIVB 7.01 8 745.26 .072
W 6.80 8 258.81 .208
AZO 6.70 11 1893.84 .033
PUBM 6.66 1 38.5 .172
DDS 6.58 10 351.92 .180
LAD 6.41 5 299.44 .105
BLK 6.24 5 931.54 .030
SPLK 5.99 6 136.06 .264
MDB 5.88 8 570 .080
EYPT 5.86 1 18.4 .318
DPZ 5.62 11 531.48 .110
DE 5.37 10 353.52 .150
KOSS 5.35 7 15.39 2.429
EJH 5.21 6 2.39 13.074
THC 4.91 1 78.78 .062
SE 4.69 16 314.41 .224
BIGC 4.50 1 55.87 .080
GKOS 4.45 1 49.67 .089
RGEN 4.41 7 280 .105
ZM 4.40 14 263.71 .224
EEIQ 4.33 5 3.88 5.575
U 4.31 2 191.8 .044
SI 4.14 6 198.99 .120
CFLT 4.09 1 79.82 .051
ASML 3.98 12 879.12 .048
CARV 3.92 6 13.73 1.710
INTU 3.91 6 635.06 .036
EL 3.86 7 354.46 .070
ZG 3.78 6 60.12 .372
BNTX 3.78 20 274.06 .260
GOOG 3.73 28 2981.24 .028
ANVS 3.73 6 28.23 .792
SNPS 3.69 6 353.92 .060
BIIB 3.69 6 258.38 .084
CCXI 3.66 3 39.52 .276
EVA 3.59 1 69.07 .051
MA 3.58 7 359.17 .063
SEDG 3.56 6 365 .054
GPN 3.54 11 125.51 .308
XMTR 3.46 1 55.69 .062
EBET 3.45 6 32.79 .630
ZLAB 3.42 6 86.01 .234
PWR 3.42 1 118.5 .028
TSLA 3.39 155 1089.01 .465
DQ 3.36 7 68.15 .343
SCPS 3.34 7 3.25 7.189
TOST 3.31 2 47 .140
NRXP 3.30 7 5.41 4.263
GLSI 3.27 5 36.92 .440
DPST 3.25 1 58.03 .056
JAN 3.24 5 5.21 3.105
ADGI 3.21 7 20.55 1.092
IAC 3.19 7 134.8 .161
ADBE 3.16 7 670.67 .028
CMTL 3.13 1 26.83 .116
APPS 3.13 6 62.83 .294
ENPH 3.10 6 254.86 .072
UNH 3.07 11 448.95 .066
NEGG 3.07 20 18 3.400
GDYN 3.03 1 37.49 .080
IRNT 3.02 6 10.47 1.728
GME 2.99 82 210 1.148
ANTM 2.99 6 429.68 .036
SITM 2.97 7 275.69 .070
LII 2.97 6 322.14 .054
ADSK 2.96 6 330.55 .048
BKKT 2.95 2 17.33 .340
NEWR 2.93 6 119.84 .144
IWM 2.93 6 235.86 .072
MRNA 2.92 34 251.41 .374
SNOW 2.91 8 398 .056
ZS 2.89 6 356 .048
ROKU 2.89 7 245.11 .077
CAT 2.86 8 201.42 .112
UPST 2.84 18 226.37 .216
GS 2.81 8 391.55 .056
XLY 2.79 1 208.15 .013
SAVA 2.72 28 47.07 1.596
LMT 2.70 10 341.99 .070
PENN 2.65 10 54.96 .480
GRTS 2.64 6 10.89 1.452
NVCR 2.63 10 113.32 .230
NCTY 2.63 5 12.31 1.065
DOCS 2.62 8 69.52 .296
OSTK 2.60 7 106.67 .168
AFRM 2.60 16 151.72 .272
DLTR 2.57 7 131.57 .133
AUVI 2.56 8 5.09 4.016
WSM 2.54 5 209.95 .060
FULC 2.54 6 17.44 .870
KEYS 2.52 4 194.35 .048
INDP 2.52 5 5.93 2.120
WDAY 2.46 6 300.9 .048
CNC 2.42 3 75.37 .096
AVXL 2.41 5 20.94 .575
NXPI 2.38 6 220.58 .060
CPOP 2.34 5 2.71 4.315
LIN 2.33 6 331 .042
MRAM 2.30 2 13.34 .344
LLY 2.28 7 261.18 .056
XBI 2.27 5 122.93 .090
FLGT 2.27 6 93.56 .144
AMGN 2.27 5 205.82 .055
STE 2.26 5 234 .045
AXON 2.25 1 172.89 .013
VMW 2.23 6 123.3 .108
SPB 2.21 1 105.76 .020
RBLX 2.21 11 124.7 .187
HCA 2.20 4 243.25 .036
TPST 2.19 5 11.06 .990
PKG 2.17 5 134.59 .080
CHGG 2.17 3 28.6 .225
BRLT 2.17 2 17.07 .254
PKI 2.16 4 187.39 .044
PDD 2.15 5 89.77 .115
PYPL 2.14 9 206.27 .090
DLPN 2.14 5 9.18 1.165
AACG 2.14 5 2.05 5.215
BHVN 2.12 5 116.35 .090
ACRS 2.12 7 13.48 1.099
DASH 2.11 10 229.46 .090
ALEC 2.10 6 22.22 .564
ROST 2.08 4 116.52 .068
BBY 2.06 5 132.86 .075
AMEH 2.04 9 112.83 .162
COIN 2.02 9 346.52 .045
MRIN 2.01 5 5.89 1.705
V 2.00 8 205.06 .072
BYND 2.00 6 80.47 .144
UHAL 1.98 9 748 .018
XAIR 1.97 1 15.25 .129
AAME 1.97 5 4.22 2.330
RNXT 1.96 4 6.43 1.216
KMB 1.96 6 134.41 .084
CELH 1.96 7 77 .175
MDT 1.95 5 117.83 .080
COHN 1.95 5 17.79 .545
ARVN 1.91 7 81.56 .161
ACIU 1.91 2 5.64 .676
COST 1.90 8 529.37 .024
MSGE 1.88 4 73.12 .100
TDG 1.87 4 658.93 .008
COF 1.87 4 151.95 .048
VLO 1.86 4 73.45 .100
DIS 1.86 9 157.33 .099
CI 1.83 5 216.98 .040
ACMR 1.83 5 100.76 .090
DKS 1.82 13 135.02 .169
AAP 1.82 4 231.92 .028
KNBE 1.80 7 24.25 .518
ROLL 1.78 7 217.43 .056
CERE 1.78 7 37.14 .329
BIDU 1.78 117 154.36 1.287
VRPX 1.77 9 4 3.978
TSCO 1.77 8 226.33 .056
RAPT 1.77 7 35.84 .343
KSS 1.77 8 56.48 .248
DAVA 1.77 4 163.94 .040
CTRN 1.77 4 94.31 .072
HON 1.76 7 220.49 .049
TSP 1.75 5 39.24 .220
DELL 1.75 7 56 .217
TASK 1.74 7 59.17 .203
TMUS 1.73 6 116.98 .084
SQ 1.73 23 231.85 .161
LWAC 1.73 5 16.98 .505
WAVE 1.72 5 6.65 1.290
LAIX 1.72 4 0.87 7.908
ABNB 1.72 8 204.33 .064
IMPL 1.70 5 11.3 .750
TWTR 1.69 5 50.61 .165
RL 1.69 6 125.86 .078
NNOX 1.69 5 20.01 .420
KYMR 1.69 2 62.59 .054
VVOS 1.68 6 3.13 3.216
BURL 1.68 8 275.78 .048
ROG 1.67 1 269.94 .006
AN 1.67 8 120.86 .104
XM 1.66 2 36.72 .090
NMRD 1.66 4 4.99 1.328
NVOS 1.65 5 1.59 5.185
ESTC 1.65 4 182.21 .036
FISV 1.64 6 100.88 .096
CREE 1.64 5 79.12 .100
JZXN 1.63 4 2.25 2.896
CLDX 1.61 3 43.82 .108
STMP 1.59 4 329.61 .016
LH 1.59 7 289.73 .035
LHDX 1.58 4 7.19 .876
DNA 1.58 1 13.59 .116
ALC 1.58 2 83.53 .036
RLMD 1.57 4 21.06 .296
GH 1.57 8 105.33 .112
CARA 1.57 2 14.84 .210
DPW 1.56 5 1.95 4.000
TSC 1.55 1 29.88 .051
IRDM 1.55 4 41.39 .148
CRNC 1.55 4 106 .056
BLFS 1.55 1 52 .029
CHCI 1.54 3 5.86 .786
TERN 1.53 4 8.39 .728
SIEB 1.53 5 3.2 2.390
FANG 1.53 5 107.24 .070
DLO 1.53 5 38.03 .200
CLX 1.52 4 169.25 .032
SNOA 1.51 4 5.44 1.108
OVV 1.51 2 34.33 .086
GRU 1.51 1 4.7 .321
EA 1.51 4 137.33 .040
WAFU 1.50 4 5.86 1.020
SUPN 1.50 1 32.85 .045
BCYC 1.49 3 58.39 .075
STT 1.48 3 96.19 .045
JRVR 1.48 2 29.49 .100
ADI 1.48 5 187.04 .035
NURO 1.47 11 6.96 2.321
FGEN 1.47 3 12.25 .360
EDIT 1.47 3 36.8 .117
DOCN 1.47 8 129 .088
VCVC 1.46 1 9.85 .148
SFIX 1.46 2 30.2 .096
LITE 1.46 2 91.47 .030
HTBX 1.46 2 4.7 .620
APP 1.46 9 105.42 .117
SBEA 1.45 2 10.25 .282
EYEG 1.45 1 1.95 .743
BTBT 1.45 10 10.54 1.370
TJX 1.44 5 73.55 .095
KALV 1.44 8 17.63 .648
LYFT 1.43 5 49.71 .140
LANC 1.43 2 161.43 .016
DG 1.43 5 222.88 .030
ATKR 1.43 2 111.6 .024
TTC 1.42 5 104.85 .065
TSN 1.42 4 82.59 .068
IMNM 1.42 4 17.42 .324
RMBL 1.41 3 41.62 .099
HOOD 1.41 14 30.53 .644
SNA 1.40 4 215.76 .024
JCS 1.40 3 3.81 1.101
HX 1.40 6 3.17 2.646
CVS 1.40 3 92.73 .045
WGO 1.39 2 72.7 .038
VERY 1.39 4 8 .692
KURA 1.39 3 17.22 .240
JBL 1.39 2 64.14 .042
EOSE 1.39 2 10.51 .264
TNET 1.38 1 107.03 .012
EXPI 1.38 6 40.82 .198
TWST 1.37 7 115.99 .077
LOW 1.37 9 245.73 .045
LIVE 1.37 3 34.05 .120
JKS 1.37 4 63.09 .084
ECOM 1.37 1 27.34 .050
SM 1.36 1 32.86 .041
FATE 1.36 3 53.48 .075
TAOP 1.35 3 3.2 1.263
WNW 1.34 1 3.73 .359
OLN 1.34 1 63.4 .021
CM 1.34 5 117.82 .055
CAH 1.34 4 49.33 .108
MOXC 1.33 4 5.04 1.052
GRVY 1.33 7 87.47 .105
FIGS 1.33 6 32.25 .246
ABT 1.33 6 128.62 .060
COUR 1.32 2 35.54 .074
AEO 1.32 2 26.72 .098
A 1.32 8 161.54 .064
VIH 1.31 1 9.36 .139
SPY 1.31 1 468.14 .002
RACE 1.31 9 266.28 .036
PPSI 1.31 5 7.75 .845
ABCL 1.31 1 14.82 .088
UHS 1.30 4 127.26 .040
JG 1.30 3 1.56 2.499
GWRE 1.30 5 120.34 .050
BNR 1.30 3 16.16 .240
WM 1.29 6 165.41 .042
VSCO 1.29 5 50.51 .125
OLLI 1.29 2 67.28 .038
ATAI 1.29 2 12.2 .210
APPN 1.29 4 85.99 .060
FRD 1.28 1 13.87 .092
BKE 1.28 5 51.58 .120
BILI 1.28 23 81.03 .345
YETI 1.27 4 102.7 .048
RHE 1.27 2 6.88 .368
NFE 1.27 1 27.99 .045
HJLI 1.27 1 10.38 .122
CPE 1.27 5 57.78 .105
APXT 1.27 1 12.11 .104
TTWO 1.26 5 174 .035
SPCE 1.26 24 17.91 1.680
DOMO 1.26 4 86.78 .056
USB 1.25 4 58.65 .084
THCB 1.25 1 10 .125
SPT 1.25 6 131.17 .054
OPAD 1.25 4 8.43 .592
NGM 1.25 2 20.1 .124
CHKP 1.25 6 115.07 .060
BYSI 1.25 3 13.32 .279
ABSI 1.25 2 12.34 .202
UAL 1.24 2 48.74 .050
SJ 1.24 4 6.66 .744
RSKD 1.24 2 12.08 .204
PBTS 1.24 1 1.11 1.117
LPX 1.24 3 66.94 .054
LEDS 1.24 3 7.03 .528
KMX 1.24 2 147.3 .016
EDSA 1.24 1 6.58 .188
CMMB 1.24 2 9.63 .256
BNTC 1.24 3 3.16 1.176
ANPC 1.24 2 1.78 1.392
ALXN 1.24 4 182.5 .024
TAP 1.23 2 47.72 .050
LAW 1.23 3 51.54 .069
J 1.23 3 145.41 .024
C 1.23 4 66.85 .072
RCUS 1.22 1 43.54 .028
EYES 1.22 6 2.34 3.126
DDL 1.22 2 25.12 .096
VIR 1.21 5 33.65 .175
RTX 1.21 2 87.45 .026
PFGC 1.21 3 44.77 .081
OSAT 1.21 3 4.81 .753
LYEL 1.21 3 11.1 .327
JNJ 1.21 3 163.28 .021
HGEN 1.21 3 6.05 .600
EAT 1.21 3 40.3 .090
ARAV 1.21 1 3.71 .326
AMC 1.21 57 42.13 1.596
WHLM 1.20 4 5.4799 .872
MMM 1.20 7 183.34 .042
JPM 1.20 12 163.05 .084
IBM 1.20 8 118.06 .080
CRIS 1.20 2 5.4 .444
CETX 1.20 1 1.22 .983
AMTX 1.20 3 18.53 .192
AKAM 1.20 3 110.54 .030
TVTX 1.19 3 29.23 .120
SGOC 1.19 9 6.2 1.719
JWN 1.19 3 33.19 .105
AMD 1.19 16 151.34 .112
PRTA 1.18 8 56.5 .160
MQ 1.18 7 24.18 .336
ENOB 1.18 4 11.08 .424
DFH 1.18 1 18.21 .064
ZEV 1.17 4 8.65 .540
TDC 1.17 5 47.76 .120
STZ 1.17 4 237.01 .016
SKT 1.17 3 20.8 .168
NIU 1.17 3 23.84 .147
MVIS 1.17 5 8.62 .675
CLSK 1.17 1 17.16 .068
VOXX 1.16 3 12.46 .279
TRI 1.16 3 120.48 .027
SIF 1.16 1 7.37 .157
NTAP 1.16 4 87.96 .052
MAT 1.16 3 22.72 .153
LAZR 1.16 5 20.16 .285
INMD 1.16 2 94.15 .024
HGSH 1.16 2 2.23 1.040
GT 1.16 2 22.74 .102
AMAT 1.16 8 155.98 .056
ZIM 1.15 6 52.8 .126
UPS 1.15 7 207.85 .035
NTRB 1.15 2 6.16 .372
JD 1.15 6 83.15 .078
BZ 1.15 2 38.87 .058
HCWB 1.14 2 3 .760
BBLG 1.14 1 3.69 .308
AVIR 1.14 3 8.69 .393
ASAN 1.14 13 131.6 .104
VNET 1.13 3 16.35 .207
STG 1.13 1 4.55 .248
SCHW 1.13 4 81.42 .052
PEP 1.13 5 163.37 .030
NVDA 1.13 156 292.61 .468
NUAN 1.13 1 55.33 .020
HAS 1.13 5 100.71 .055
BTX 1.13 2 7.56 .298
MNOV 1.12 2 3.43 .652
BZUN 1.12 1 17.72 .063
SHEN 1.11 3 27.85 .117
SEMR 1.11 3 23.39 .141
PMCB 1.11 3 2.7 1.233
GIII 1.11 4 32.62 .136
DXC 1.11 2 32.14 .068
CNET 1.11 1 1.35 .822
ALLO 1.11 2 19.02 .116
RUN 1.10 5 55.14 .095
OPTT 1.10 1 1.94 .567
MRUS 1.10 3 28.53 .114
XTLB 1.09 2 3.43 .634
SKX 1.09 4 47.59 .088
LIFE 1.09 3 8.48 .384
FOSL 1.09 2 15.19 .142
ALDX 1.09 2 8.25 .264
MTSL 1.08 3 3.37 .960
LCID 1.08 8 52.55 .160
FCBP 1.08 1 29.1 .037
B 1.08 1 45.21 .023
AZYO 1.08 1 5.98 .180
ALF 1.08 2 4.29 .502
SMLP 1.07 2 29.5 .072
XLNX 1.06 11 216.18 .044
VYGR 1.06 2 3.42 .618
TGT 1.06 12 252.05 .048
CRM 1.06 11 308.02 .033
BAC 1.06 4 46.32 .088
SCR 1.05 5 35.58 .145
PTGX 1.05 3 36.41 .084
PLD 1.05 4 150.38 .024
MNST 1.05 4 89.39 .044
CELC 1.05 3 17.05 .183
TGTX 1.04 3 27.18 .114
OCUP 1.04 1 3.53 .294
OCGN 1.04 12 7.65 1.620
NETE 1.04 2 13.09 .158
LEGN 1.04 6 55.73 .108
IPA 1.04 2 5.48 .378
FSTX 1.04 1 6.16 .168
CANF 1.04 1 1.32 .787
MARA 1.03 20 50.95 .400
KMPH 1.03 3 8.35 .369
BLDR 1.03 2 69.25 .028
RIOT 1.02 5 33.63 .150
MFNC 1.02 2 21.5 .094
DAL 1.02 5 40.71 .125
AXP 1.02 5 176.21 .025
ZCMD 1.01 1 1.89 .534
LL 1.01 1 17.35 .058
KZR 1.01 1 13.27 .076
FUBO 1.01 3 22 .135
EGRX 1.01 2 49.96 .040
CGC 1.01 2 12.35 .162
PINS 1.00 4 46 .084
MO 1.00 3 44.42 .066
IMAB 1.00 5 67.58 .070
LUV .99 6 47.4 .120
LOGI .99 6 79.6 .072
DKNG .99 6 36.62 .162
ACY .99 19 43.52 .418
TRCH .98 2 4.95 .394
MYGN .98 2 28.33 .068
MCD .98 8 252.69 .024
IMTX .98 4 12.25 .320
HOFV .98 2 2.15 .910
BGFV .97 10 28.69 .330
RRGB .96 2 19.13 .100
HRI .96 4 187.87 .020
FA .96 1 19.79 .048
CYTK .96 5 39.27 .120
BBBY .96 15 22.9 .615
AZPN .96 4 150.87 .024
QDEL .95 4 149.02 .024
PG .95 8 147.1 .048
NEE .95 2 87.78 .020
BTWN .95 1 9.99 .095
BPTH .95 2 4.4 .430
AGRI .95 5 2.26 2.100
PAYX .94 2 125.85 .014
INCY .93 4 65.02 .056
HCM .93 4 31.19 .116
PLUG .92 9 41.99 .189
OKE .92 3 63.55 .042
LBPH .92 1 6.18 .148
KNL .92 1 25.04 .036
FL .92 4 55.59 .064
YEXT .91 1 11.5 .079
WFC .91 4 49.84 .072
SSY .91 3 2.33 1.170
LI .91 5 32.18 .140
AIT .91 2 105.2 .016
HOG .90 4 37.97 .092
GEG .90 1 2.01 .447
CRTO .90 1 41.53 .021
ATNF .90 3 3.65 .738
SPI .89 4 7.25 .488
NKE .89 8 171.35 .040
HHR .89 5 62.05 .070
ERYP .89 3 2.45 1.089
ARCE .89 2 19.28 .092
ACHL .89 1 5.6 .158
OTIS .88 4 85.57 .040
GMBL .88 2 6.13 .286
CROX .88 6 176.98 .024
GM .87 3 64.61 .039
GDEV .87 3 8.5 .306
DTSS .87 1 1.89 .460
UTHR .86 4 199.41 .016
TTCF .86 2 18.3 .092
RF .86 1 23.9 .035
KODK .86 2 6.75 .254
GE .86 6 100.67 .048
ATVI .86 5 64.2 .065
VMEO .85 2 22.43 .074
TTD .85 11 107.5 .077
SRNE .85 1 6.01 .141
SAFM .85 1 187 .004
GTEC .85 3 5.54 .459
ABBV .85 5 117.35 .035
PTIX .84 2 1.86 .902
NLS .84 2 7.93 .210
LEXX .84 3 6.08 .414
HOL .84 3 12.35 .204
DTST .84 3 4.35 .579
CLII .84 3 14.36 .174
BB .84 11 10.63 .869
APOP .84 5 13.17 .315
TNA .83 5 101.26 .040
MAXR .83 4 33.34 .096
IRBO .83 1 46.19 .017
CNA .83 1 44.69 .018
BLUW .83 2 9.63 .172
SANA .82 1 21.87 .037
MS .82 9 97.68 .072
MNSO .82 1 16.15 .050
FITB .82 3 44.2 .054
SPRT .81 20 11.8 1.360
ON .81 7 62.4 .084
MBRX .81 2 2.29 .706
SYPR .80 4 3.13 1.020
DD .80 4 79.52 .040
SWI .79 1 16.45 .048
SLV .79 2 23.17 .068
PNRG .79 1 67.071 .011
GLD .79 10 173.94 .040
BJ .79 7 59.97 .091
ZY .78 3 9.29 .249
UAA .78 3 26.27 .087
SJM .78 12 127.8 .072
IPHA .78 4 5.08 .612
GNOG .78 1 13.7 .056
CRDF .78 2 5.23 .298
COP .78 6 71.97 .060
CAI .78 1 55.96 .013
AA .78 10 47.92 .160
QFIN .77 9 26.83 .252
PRFX .77 3 2.03 1.137
PLTR .77 2 22.49 .068
OLB .77 3 5.09 .453
LESL .77 1 21.75 .035
FUV .77 2 11.04 .138
ENTX .77 2 3.55 .432
BABA .77 99 161.58 .396
ALYA .77 4 2.73 1.128
VLDR .76 2 6.05 .250
STX .76 9 101.25 .063
NFLX .76 105 691.69 .105
NBRV .76 1 1.02 .745
MOS .76 5 36.39 .100
GROM .76 2 3.18 .476
GPS .75 6 23.76 .186
FLWS .75 4 34.01 .088
SPTN .74 3 24.11 .090
SCKT .74 4 5.85 .504
PTON .74 5 48.4 .075
PSTG .74 2 27.71 .052
LOOP .74 4 14.9 .196
GTIM .74 1 4.89 .151
GRVI .74 3 4.96 .447
EVOL .74 2 2.46 .600
ATXI .74 1 1.36 .544
VZ .73 2 51.73 .028
VOOV .73 1 148.5 .004
UPC .73 3 2.34 .933
SQBG .73 2 6.24 .232
SOFI .73 7 20.57 .245
OPNT .73 4 24.03 .120
NVFY .73 3 2.247 .972
RMED .72 6 2.52 1.710
RETO .72 2 2.77 .518
PFE .72 8 51.41 .112
ENSC .72 1 1.66 .433
DEN .72 4 82.6 .032
CRMT .72 9 123.37 .045
BTCM .72 4 7.31 .392
BFLY .72 1 9 .080
ARPO .72 1 2.2 .327
ZKIN .71 2 2.49 .570
UBER .71 6 44.11 .096
RFL .71 5 6.28 .565
PALI .71 3 2.32 .918
FB .71 107 340.77 .214
TBLA .70 1 9.85 .071
SONO .70 6 33.07 .126
ORGS .70 1 3.76 .186
OCX .70 1 2.95 .237
INTC .70 6 50.23 .078
IGIC .70 3 8.42 .249
DDD .70 12 25.61 .324
CRCT .70 4 25.99 .104
AMKR .70 2 24.83 .056
VRNT .69 5 48.53 .070
SLS .69 4 7.07 .388
FTEK .69 3 2.09 .990
AUPH .69 6 29.2 .138
ASM .69 1 1.06 .650
APRE .69 3 4.47 .462
WMT .68 17 141.94 .068
STEM .68 6 22.07 .180
RIDE .68 7 5.12 .924
PRPL .68 5 13.15 .255
ONCS .68 1 1.62 .419
IYC .68 3 86.08 .021
BWAY .68 2 8.25 .164
BCRX .68 9 12.01 .504
XONE .67 2 26.7 .050
XLK .67 5 168.39 .015
SKLZ .67 4 10.88 .244
QCOM .67 10 183.54 .030
NPTN .67 1 15.22 .044
JRJC .67 3 6.59 .303
FTCH .67 6 45.11 .084
FOE .67 1 21.36 .031
CLNE .67 1 7.92 .084
ANF .67 2 45.33 .028
ACH .67 1 12.94 .051
VIPS .66 1 10.03 .065
CTKB .66 1 22.69 .029
AMOM .66 1 38.0401 .017
TATT .65 3 6.47 .300
STRO .65 2 18.49 .070
PCVX .65 1 25.01 .025
MESO .65 2 6.65 .194
LMNL .65 3 1.44 1.353
IONQ .65 7 31 .140
SLGG .64 2 3.73 .342
SDC .64 2 3.69 .346
LZB .64 2 36.53 .034
KHC .63 3 36.56 .051
HPQ .63 4 30.93 .080
FLOW .63 4 80.13 .028
ULTA .62 1 405.65 .001
PDCO .62 3 33.7 .054
MPC .62 3 62.7 .027
LJPC .62 2 4.36 .284
ISEE .62 4 16.18 .152
CUE .62 1 15.65 .039
BON .62 3 5.6 .330
AREC .62 5 1.98 1.565
APG .62 2 24.7 .050
VGR .61 1 16.42 .037
SOS .61 2 1.36 .896
RY .61 7 104.63 .035
MVST .61 6 9.02 .402
M .61 12 30.84 .228
IFRX .61 3 5.22 .348
CL .61 4 77.58 .028
BEKE .61 2 22.31 .054
AMBO .61 1 1.28 .476
SLB .60 4 32.06 .072
PSTV .60 1 1.66 .361
KIRK .60 2 25.26 .046
EVK .60 6 3.09 1.164
CEMI .60 8 2.02 2.376
AYRO .60 2 2.59 .462
AVCT .60 1 1.86 .322
AMRS .60 1 7.24 .082
LEN .59 5 110.38 .025
BIG .59 2 48.34 .024
YMM .58 2 14.83 .078
WPRT .58 2 2.66 .436
WISH .58 3 4.77 .363
STAF .58 2 1.59 .728
SPG .58 6 167.49 .018
EQT .58 2 21.39 .054
CSIQ .58 4 39 .056
WEI .57 1 0.87 .655
SNAP .57 113 53.47 1.130
SBTX .57 1 8.12 .070
ORPH .57 4 3.91 .580
LAC .57 6 32.92 .102
GGAL .57 1 10.06 .056
EZFL .57 1 2.61 .218
EVGO .57 7 15.7 .252
DUK .57 5 98.99 .025
CLPS .57 1 3.0591 .186
CLPS .57 1 3.0591 .186
CLF .57 11 21.48 .286
TQQQ .56 137 174.19 .411
T .56 3 24.66 .066
OBLN .56 3 3.05 .549
MTP .56 1 1.61 .347
MRK .56 8 82.6 .048
LODE .56 3 2.02 .831
VNE .55 6 35.63 .090
RSI .55 2 21.27 .050
MU .55 6 77.02 .042
MOSY .55 2 5.29 .206
GIS .55 6 63.12 .048
FLXN .55 1 9.12 .060
EOLS .55 1 6.78 .081
WHLR .54 2 2.4 .450
TSM .54 3 119.06 .012
NIO .54 76 39.67 .988
ENZ .54 2 3.5 .308
CHPT .54 3 27.69 .057
ADMA .54 1 1.5 .360
TBIO .53 3 37.36 .042
MTTR .53 10 28.95 .180
MEDS .53 5 3.87 .680
HUYA .53 3 9.14 .171
EQ .53 1 5.41 .097
CCJ .53 8 26.18 .160
BBWI .53 6 74.6 .042
ASTR .53 4 10.23 .204
SILK .52 7 47.79 .070
HD .52 15 394.85 .015
RCON .51 2 2.01 .506
MRVL .51 6 73.64 .036
KO .51 6 55.91 .054
GFAI .51 2 1.7467 .582
DYAI .51 3 3.76 .405
CSCO .51 9 56.76 .072
CPSH .51 1 4.71 .108
TIGR .50 8 6.86 .576
PATI .50 2 10.4 .096
MDIA .50 3 6.29 .237
GRTX .50 3 1.69 .885
FLO .50 5 26.87 .090
CBAT .50 3 2.11 .708
RKDA .49 1 1.82 .269
NRBO .49 2 1.69 .578
IGC .49 3 1.52 .966
GP .49 3 15.08 .096
GEVO .49 4 6.47 .300
ENLV .49 2 8.53 .114
ECHO .49 1 48.24 .010
ATHM .49 3 34.24 .042
ARMP .49 1 3.75 .130
STN .48 1 56.51 .008
NNDM .48 3 5.18 .276
HRL .48 5 42.62 .055
EPU .48 3 29.57 .048
DRN .48 4 26.86 .068
ACI .48 10 34.11 .140
XLE .47 6 57.23 .048
TRIL .47 1 18.44 .025
TLRY .47 4 12.34 .152
SOHU .47 6 18.16 .150
EXPR .47 5 4.15 .565
DARE .47 1 1.72 .273
BODY .47 2 2.83 .332
XPEV .46 83 48.3 .747
VXX .46 3 20.52 .066
UFAB .46 2 2.59 .354
NTEC .46 4 9.63 .188
MARK .46 4 1.42 1.292
KBSF .46 2 3.05 .300
GURE .46 1 6.48 .070
EQOS .46 1 5.06 .090
CVV .46 2 5.18 .176
BCLI .46 1 3.25 .141
VERU .45 4 8.67 .204
TYME .45 4 0.8336 2.156
TME .45 1 8.06 .055
ONCT .45 2 3.59 .250
CCL .45 5 21.33 .105
ADIL .45 2 3.3 .272
XLV .44 6 133.73 .018
WORX .44 4 1.55 1.132
NNVC .44 3 4.76 .276
K .44 9 62.41 .063
HOLI .44 1 16.74 .026
GALT .44 3 2.83 .465
FFHL .44 2 9.31 .094
DWSN .44 2 2.33 .376
CONE .44 1 89.34 .004
CIEN .44 19 61.75 .133
WOOF .43 3 24.72 .051
EVGN .43 1 2.3 .186
CAN .43 4 10.49 .160
ATIF .43 1 3.82 .112
AFMD .43 2 6.73 .126
HRC .42 6 156.18 .012
DNUT .42 7 14.98 .196
DBGI .42 5 3.18 .660
CTSO .42 4 6.07 .276
ARMK .42 4 38.08 .044
SRNG .41 1 11.42 .035
SCYX .41 2 6.68 .122
RKT .41 2 15.59 .052
KZIA .41 2 11.47 .070
HNST .41 3 8.86 .138
GTT .41 1 2.36 .173
FCX .41 24 38.87 .240
ERJ .41 8 15.16 .216
BLIN .41 8 3.25 1.008
AUUD .41 7 2.26 1.267
ACOR .41 4 3.51 .464
YJ .40 2 0.833 .960
PHUN .40 12 3.76 1.272
LIZI .40 4 2.68 .596
FBRX .40 1 2.88 .138
DUOT .40 1 6.965 .057
CTIB .40 5 1.79 1.115
CHRA .40 1 4.43 .090
VTSI .39 4 7.54 .204
MSFT .39 113 339.12 .113
LC .39 10 41.38 .090
FAST .39 4 61.23 .024
CSCW .39 2 0.5431 1.436
CRTD .39 7 2.87 .945
AQMS .39 3 1.94 .603
SBH .38 3 20.52 .054
OVID .38 2 3.53 .214
OTLK .38 2 1.9 .400
MRTN .38 3 17.39 .063
ANY .38 19 5.7 1.254
ANIX .38 1 3.95 .096
VTNR .37 9 4.72 .702
UONE .37 7 5.85 .441
HUGE .37 1 1.63 .226
CHMA .37 2 3.76 .196
UAVS .36 3 2.58 .417
ORCL .36 35 95.33 .105
MRKR .36 1 1.36 .264
MITQ .36 1 2.75 .130
JFIN .36 2 3.65 .196
IDEX .36 4 1.87 .768
GOVX .36 7 4.31 .581
GNLN .36 2 1.73 .416
BNGO .36 12 4.72 .912
AKTX .36 1 1.64 .219
ADMP .36 1 0.905 .397
ACB .36 3 7.89 .135
ORGO .35 2 10.54 .066
LMFA .35 5 6.25 .280
CLSD .35 3 4.49 .231
CIFR .35 3 8.15 .126
BSQR .35 13 2.22 2.041
AESE .35 1 2.24 .156
XLP .34 6 72.57 .024
XELB .34 2 1.43 .474
TRIT .34 5 5.71 .295
TESS .34 2 6.12 .110
SSNT .34 2 6.51 .104
ME .34 6 10.81 .186
HWCC .34 1 5.3 .064
CYTH .34 1 5.86 .058
XOM .33 9 64.31 .045
IMMR .33 6 7.02 .282
HNP .33 2 17.03 .038
GTS .33 1 35.6 .009
BHTG .33 1 1.2 .275
WATT .32 2 1.72 .372
TAL .32 2 4.36 .146
SPCB .32 2 0.8084 .790
SGBX .32 3 2.45 .390
ORMP .32 14 27.25 .154
MINM .32 2 1.46 .438
CDEV .32 2 7.1 .090
AAPL .32 108 153.49 .216
AAL .32 9 19.86 .144
WINT .31 3 1.68 .552
ULBI .31 2 6.02 .102
PBR .31 8 10.04 .240
NKLA .31 15 12.39 .375
HMHC .31 2 16.22 .038
FENC .31 1 9.75 .031
DMAC .31 2 3.67 .168
D .31 8 75.35 .032
AEY .31 1 2.02 .153
OXBR .30 5 4.11 .360
LGHL .30 4 2.1 .568
KR .30 17 41.4 .119
HAPP .30 1 0.861 .348
ENG .30 3 2.26 .396
BBIG .30 20 3.97 1.500
AUTL .30 3 6.74 .132
UWMC .29 3 5.52 .156
NEXT .29 4 4.08 .284
HUSN .29 4 2.28 .508
ALTO .29 5 5.24 .275
MITO .28 1 1 .280
CLOV .28 2 5.61 .098
BP .28 4 27.43 .040
APTO .28 4 2.62 .424
WIMI .27 4 4.69 .228
RSLS .27 4 2.1 .512
PLCE .27 4 104.55 .008
NAOV .27 11 1.29 2.299
MGTX .27 1 19.87 .013
GSM .27 7 6.03 .308
ENVB .27 3 1.71 .471
VIVE .26 2 1.96 .264
PPBT .26 1 4.29 .060
PME .26 1 0.7 .371
AXLA .26 2 2.96 .174
AGNC .26 3 15.95 .048
PBLA .25 1 2.07 .120
LTHM .25 13 29.8 .104
IRIX .25 4 7.59 .128
HIPO .25 2 3.83 .130
RVI .24 2 6.07 .078
RAIL .24 4 4.23 .224
PLG .24 3 2.75 .261
MOGO .24 4 5.71 .168
IKT .24 1 1.98 .121
GBR .24 1 3.38 .071
PIRS .23 7 3.71 .427
OCG .23 4 4.68 .196
THTX .22 1 3.48 .063
SSKN .22 1 1.61 .136
SPWH .22 3 17.68 .036
JFU .22 3 1.34 .492
INOV .22 2 40.84 .010
FFIE .22 2 8.44 .052
DYNT .22 5 1.34 .820
VIEW .21 1 4.4 .047
VBLT .21 3 2.21 .285
TENX .21 1 1.34 .156
ATOS .21 5 2.44 .430
ALAC .21 2 11.63 .036
SALM .20 4 3.18 .248
KULR .20 4 3.6 .220
ENSV .20 1 1.18 .169
NBEV .19 1 1.24 .153
MOMO .19 3 13.45 .042
FLGC .19 6 3.69 .306
COTY .19 8 10.81 .136
BKYI .19 2 2.81 .134
BGI .19 3 3.12 .180
AEHR .19 28 23.25 .224
VSH .18 3 21.56 .024
OBSV .18 5 2.32 .385
IMMP .18 7 3.89 .322
FCEL .18 130 10.24 2.210
BLNK .18 14 46.13 .042
AZN .18 15 57.73 .045
YPF .17 2 3.97 .084
TISI .17 1 1.56 .108
PPC .17 2 28.74 .010
PETZ .17 4 5.4 .124
LIVX .17 2 3.07 .110
KXIN .17 6 2.01 .504
GMTX .17 1 3.51 .048
SWN .16 2 5.21 .060
SNES .16 2 1.5 .212
RRD .16 5 9.21 .085
INFI .16 4 2.31 .276
HFBL .16 1 20 .008
ZNGA .15 4 6.96 .084
TTM .15 9 34.94 .036
SSL .15 15 16.63 .135
IMV .15 2 1.73 .172
GSKY .15 2 11.59 .024
GRUB .15 3 13.36 .033
CREX .15 1 2.21 .067
CHNG .15 2 20.68 .014
SYKE .14 3 54 .006
OEG .14 1 2.56 .054
NXTP .14 1 1.29 .108
MRO .14 16 16.09 .128
INM .14 1 1.78 .078
IEC .14 1 15.34 .009
EDU .14 1 2.2 .063
ABUS .14 2 3.29 .084
SVBI .13 1 13.63 .009
OSMT .13 4 1.71 .304
LMRK .13 1 16.22 .008
GENE .13 3 2.57 .150
ESXB .13 1 12.02 .010
VERB .12 8 1.8 .528
TELL .12 8 3.79 .248
SBBP .12 2 2 .120
PSTX .12 1 7.11 .016
GSAT .12 2 1.56 .152
CRON .12 5 5.55 .105
CHNR .12 4 1.12 .428
XPDI .11 11 13.98 .077
UNIT .11 3 13.98 .021
SNMP .11 2 1.05 .208
MOHO .11 3 0.6179 .534
GBS .11 1 1.81 .060
FENG .11 2 1.26 .174
EKSO .11 2 3.49 .062
CSPR .11 1 6.65 .016
CALA .11 1 0.9152 .120
ACHV .11 2 7.84 .028
SLHG .10 1 1.93 .051
RCAT .10 2 2.52 .078
RAVN .10 3 57.84 .003
MTL .10 11 3.97 .275
KDMN .10 4 9.5 .040
EDTK .10 2 1.28 .156
CNFR .10 2 2.47 .080
XELA .09 7 1.51 .413
WTER .09 2 1.39 .128
TEDU .09 2 0.6716 .268
TAAG .09 1 20.9494 .004
SELF .09 1 5.5 .016
SBS .09 8 6.33 .112
RIG .09 6 3.2 .168
PRPO .09 3 2.01 .132
CPG .09 6 4.64 .114
BIOC .09 2 3.78 .046
AEMD .09 3 2.88 .093
AEI .09 2 1.6 .112
TEO .08 2 5.37 .028
MBII .08 1 0.8052 .099
ET .08 5 8.98 .040
CLDR .08 1 15.99 .005
BQ .08 2 1.69 .094
OCG .07 13 4.68 .182
NEPT .07 2 0.5451 .256
ITRO .07 1 1.27 .055
ITRN .07 3 27.75 .006
DBVT .07 11 3.03 .253
CPLG .07 1 15.52 .004
ALZN .07 1 2.2 .031
XBIO .06 8 1.55 .304
WYNN .06 3 95 0
VSTM .06 2 3.15 .038
ADMS .06 2 8.17 .014
ULTA .05 12 405.65 0
OXY .05 30 30.76 .030
MDNA .05 8 2.29 .168
FRBK .05 1 3.45 .014
WYNN .04 4 95 0
PSP .04 3 16.6 .006
PBT .04 2 8.37 .008
NOK .04 6 5.83 .036
IRCP .04 4 2.51 .060
FRO .04 12 7.6 .060
CXP .04 1 19.17 .002
AVGR .04 7 0.73 .378
AGEN .04 12 3.53 .132
VTGN .03 5 2.2 .065
VCAR .03 1 16.69 .001
VALN .03 1 47.53 0
SNDL .03 1 0.7452 .040
SIC .03 1 14.49 .002
MFGP .03 4 5.41 .020
SLVO .02 3 5.54 .009
NWHM .02 1 8.99 .002
KIN .02 2 9.25 .004
EIC .02 2 17.92 .002
DSE .02 1 9.49 .002
RTLR .01 8 11 0
PMD .01 1 8.79 .001
INFL .01 2 31.54 0
IACB .01 3 9.97 .003
HDGE .01 1 24.23 0
DFP .01 2 28.68 0
BEST .01 3 1.15 .024
WMPN 0 4 12.17 0
QQC 0 1 33.87 0
QADB 0 4 87.54 0
PAE 0 1 9.93 0
ONON 0 1 51.42 0
NLSP 0 1 2.09 0
LHAA 0 1 9.775 0
IS 0 1 9.96 0
HWBK 0 1 25.44 0
GPK 0 2 21.19 0
EPAY 0 1 46.72 0
DVD 0 1 3.59 0
APWC 0 1 2.99 0
NSYS -.12 1 9.8653 -.012
