SHOP 32.80 7 1495.34 .147
DWAC 30.01 3 63.25 1.422
MSTR 14.75 8 810.25 .144
CAR 12.01 1 298.09 .040
NVAX 10.98 11 195.2 .616
BKNG 10.17 8 2435.33 .032
SAM 9.40 7 507.73 .126
WBX 8.99 1 18.5 .485
AMZN 8.18 93 3384 .186
REGN 7.44 9 652.1 .099
DUOL 7.27 3 169.12 .126
SIVB 7.01 8 755.03 .072
W 6.80 8 268.9 .200
AZO 6.70 11 1791.68 .033
LAD 6.41 5 331.2 .095
BLK 6.24 5 951.7 .030
DDS 6.22 9 281.82 .198
MDB 5.88 8 521.2 .088
TOST 5.65 1 62.99 .089
DPZ 5.62 11 485.26 .121
BNTX 5.49 17 295.41 .306
DE 5.37 10 343.05 .150
KOSS 5.35 7 16.45 2.275
EJH 5.21 6 2.83 11.040
SE 5.17 14 353.66 .196
SI 5.04 5 222.13 .110
THC 4.91 1 73.68 .066
UPST 4.74 17 330.11 .238
BKKT 4.57 1 35.07 .130
GKOS 4.45 1 53.46 .083
RGEN 4.41 7 292.34 .105
ZM 4.40 14 285.66 .210
EEIQ 4.33 5 4.13 5.240
TSLA 4.31 151 1213.86 .453
FLGT 4.22 5 88.12 .235
SPLK 4.15 5 166.25 .120
ASML 4.13 11 830.02 .044
ADBE 4.10 6 655.18 .036
BIIB 4.00 5 279.59 .070
CARV 3.92 6 14.65 1.602
NRXP 3.86 6 9.39 2.466
EL 3.86 7 340.38 .077
ZG 3.78 6 65.86 .342
GOOG 3.73 28 2935.8 .028
ANVS 3.73 6 30.01 .744
SNPS 3.69 6 333.41 .066
CCXI 3.66 3 38.99 .279
AFRM 3.62 11 161.08 .242
EVA 3.59 1 67.96 .052
SEDG 3.56 6 352.99 .060
GPN 3.54 11 134.87 .286
MA 3.51 6 329.43 .060
EBET 3.45 6 29.62 .696
ZLAB 3.42 6 103.87 .192
SITM 3.41 5 274.1 .060
DQ 3.36 7 69.54 .336
SCPS 3.34 7 3.61 6.475
GLSI 3.27 5 36.65 .445
DPST 3.25 1 60.04 .054
JAN 3.24 5 6.54 2.475
ADGI 3.21 7 31.1 .721
IAC 3.19 7 153.34 .140
CMTL 3.13 1 26.46 .118
APPS 3.13 6 72.81 .252
ENPH 3.10 6 236.58 .078
CAT 3.09 7 203.55 .105
UNH 3.07 11 457.33 .066
NEGG 3.07 20 12.79 4.800
DOCS 3.04 6 73.44 .246
IRNT 3.02 6 12.22 1.482
GME 2.99 82 218.33 1.066
ANTM 2.99 6 424.63 .042
LII 2.97 6 300 .054
ADSK 2.96 6 308.37 .054
IWM 2.93 6 238.64 .072
SNOW 2.91 8 353.14 .064
DLTR 2.90 5 113.27 .125
ZS 2.89 6 327.5 .048
ROKU 2.89 7 313.66 .063
COST 2.84 7 502.33 .035
GS 2.81 8 417.9 .048
MRNA 2.77 33 345.92 .264
CELH 2.77 5 104.85 .130
LLY 2.73 6 266.26 .060
LMT 2.70 10 331.35 .080
SAVA 2.65 27 56.66 1.242
GRTS 2.64 6 11.19 1.410
NVCR 2.63 10 110.37 .230
NCTY 2.63 5 10.88 1.205
WDAY 2.61 5 288.96 .045
INTU 2.61 5 622.87 .020
OSTK 2.60 7 104.8 .168
AUVI 2.56 8 5.58 3.664
INMD 2.55 1 95.09 .026
WSM 2.54 5 203.88 .060
PYPL 2.54 8 230.38 .088
FULC 2.54 6 20.48 .744
KEYS 2.52 4 183.46 .052
INDP 2.52 5 7.47 1.685
CNC 2.42 3 73.9 .096
AVXL 2.41 5 22.08 .545
DASH 2.38 8 206.02 .088
RBLX 2.36 7 78.36 .210
CPOP 2.34 5 2.97 3.935
LIN 2.33 6 328.41 .042
NXPI 2.32 5 215.78 .050
XBI 2.27 5 134.15 .080
AMGN 2.27 5 218.13 .050
VMW 2.23 6 131.68 .096
HCA 2.20 4 250 .032
TPST 2.19 5 12.24 .890
PKG 2.17 5 135.38 .080
CHGG 2.17 3 34.08 .189
PKI 2.16 4 174.09 .048
PDD 2.15 5 92.39 .115
DLPN 2.14 5 10.91 .980
AACG 2.14 5 2.38 4.495
DIS 2.12 7 170.08 .084
ACRS 2.12 7 16.2 .910
LCID 2.11 3 36.545 .171
ALEC 2.10 6 24.53 .510
V 2.08 7 208.1 .063
ROST 2.08 4 117.33 .068
COIN 2.06 6 344.38 .030
BBY 2.06 5 125.1 .080
DG 2.03 4 223.72 .036
PENN 2.02 8 72.73 .216
MRIN 2.01 5 6.53 1.535
UHAL 1.98 9 754.31 .018
AAME 1.97 5 4.49 2.190
KMB 1.96 6 132.11 .084
MDT 1.95 5 121.18 .080
COHN 1.95 5 18.75 .520
ARVN 1.91 7 93.31 .140
MSGE 1.88 4 73.34 .100
TDG 1.87 4 623 .012
COF 1.87 4 153.9 .048
VLO 1.86 4 75.88 .096
LOW 1.83 7 234.3 .049
CI 1.83 5 218.25 .040
ACMR 1.83 5 107.82 .080
DKS 1.82 13 131.53 .169
AAP 1.82 4 230.96 .028
KNBE 1.81 6 23.93 .450
ROLL 1.78 7 227.78 .049
CERE 1.78 7 44.38 .280
BIDU 1.78 117 165.37 1.170
VRPX 1.77 9 4.25 3.744
TSCO 1.77 8 215.77 .064
RAPT 1.77 7 38.42 .322
DAVA 1.77 4 162.47 .040
CTRN 1.77 4 84.14 .084
JKS 1.76 3 56.29 .093
HON 1.76 7 222.8 .049
TSP 1.75 5 39.9 .215
DELL 1.75 7 55.2 .217
TASK 1.74 7 60.06 .196
BHVN 1.74 4 148.48 .044
TMUS 1.73 6 121.94 .084
SQ 1.73 23 252.48 .138
LWAC 1.73 5 16.98 .505
WAVE 1.72 5 7.065 1.215
LAIX 1.72 4 0.9023 7.624
IMPL 1.70 5 10.98 .770
CM 1.70 4 122.89 .052
TWTR 1.69 5 54.53 .150
RL 1.69 6 122.94 .078
NNOX 1.69 5 26.96 .310
KYMR 1.69 2 65.13 .050
BURL 1.68 8 290.84 .040
ROG 1.67 1 269.8 .006
AN 1.67 8 122.38 .104
NMRD 1.66 4 6.05 1.096
NVOS 1.65 5 1.75 4.710
ESTC 1.65 4 169.42 .036
FISV 1.64 6 101.46 .096
CREE 1.64 5 79.12 .100
A 1.64 7 158.2 .070
KSS 1.63 7 56.53 .196
JZXN 1.63 4 2.24 2.908
TTD 1.62 7 76.71 .147
LEGN 1.61 5 51.75 .155
CLDX 1.61 3 47.87 .099
TTC 1.60 4 97.98 .064
STMP 1.59 4 329.61 .016
LH 1.59 7 287.49 .035
HOOD 1.59 13 37.04 .546
LHDX 1.58 4 6.17 1.024
ABNB 1.58 6 172.87 .054
RLMD 1.57 4 25.4 .244
GTEC 1.57 2 5.73 .546
GH 1.57 8 114.5 .104
CARA 1.57 2 17.59 .178
XLNX 1.56 8 191.57 .064
DPW 1.56 5 2.13 3.660
TSC 1.55 1 30.7 .050
IRDM 1.55 4 41.93 .144
CRNC 1.55 4 112.96 .052
BLFS 1.55 1 58.41 .026
FUV 1.54 1 12.63 .121
CHCI 1.54 3 4.4027 1.047
XM 1.53 1 43.42 .035
TERN 1.53 4 9.6 .636
SIEB 1.53 5 3.46 2.210
FANG 1.53 5 111.81 .065
DLO 1.53 5 50.18 .150
CLX 1.52 4 165.36 .036
OVV 1.51 2 36.67 .082
MVIS 1.51 4 8.93 .676
GRU 1.51 1 4.48 .337
EA 1.51 4 139.5 .040
WAFU 1.50 4 6.2 .964
UAL 1.50 1 49.05 .030
SUPN 1.50 1 30.03 .049
RACE 1.50 7 255.68 .035
ASAN 1.50 9 132.44 .099
AMD 1.50 11 130.53 .121
BCYC 1.49 3 56.53 .078
STT 1.48 3 99.6 .042
SEMR 1.48 2 25.96 .114
JRVR 1.48 2 31.66 .092
JNJ 1.48 2 165.06 .016
ADI 1.48 5 178.8 .040
NURO 1.47 11 8.3 1.947
FGEN 1.47 3 12.75 .345
EDIT 1.47 3 38.69 .111
VCVC 1.46 1 9.85 .148
SFIX 1.46 2 34.9 .082
LITE 1.46 2 86.81 .032
HTBX 1.46 2 5.51 .528
BYND 1.46 5 104.51 .065
SBEA 1.45 2 10.34 .280
EYEG 1.45 1 1.98 .732
BTBT 1.45 10 11.93 1.210
MRUS 1.44 2 31.62 .090
KALV 1.44 8 18.22 .632
JD 1.44 5 81.36 .085
SNOA 1.43 3 5.99 .714
LYFT 1.43 5 49.03 .145
LANC 1.43 2 162.09 .016
ATKR 1.43 2 100.55 .028
TSN 1.42 4 81.72 .068
STE 1.42 4 222.72 .024
IMNM 1.42 4 21.95 .256
RMBL 1.41 3 41.99 .099
SNA 1.40 4 211.03 .024
LAZR 1.40 3 17.59 .237
JCS 1.40 3 3.8 1.104
HX 1.40 6 4.37 1.920
CVS 1.40 3 96.34 .042
CRDF 1.40 1 6.1 .229
WGO 1.39 2 72.69 .038
VERY 1.39 4 8.1 .684
OPNT 1.39 3 24.34 .171
KURA 1.39 3 18.37 .225
JBL 1.39 2 63.18 .044
EOSE 1.39 2 11.63 .238
TNET 1.38 1 103.7 .013
EXPI 1.38 6 45.94 .180
TWST 1.37 7 134.4 .070
LIVE 1.37 3 32.49 .126
ECOM 1.37 1 25.5 .053
SM 1.36 1 35.12 .038
FATE 1.36 3 60.38 .066
TAOP 1.35 3 3.21 1.260
WNW 1.34 1 3.56 .376
OLN 1.34 1 61.05 .021
CAH 1.34 4 50.4 .104
NLS 1.33 1 11.2 .118
MOXC 1.33 4 6.16 .860
GRVY 1.33 7 100.54 .091
VRNT 1.32 3 46.92 .084
TJX 1.32 4 68.43 .076
TDC 1.32 3 56.53 .069
COUR 1.32 2 32.19 .082
AEO 1.32 2 26.52 .098
VIH 1.31 1 9.36 .139
SPY 1.31 1 464.72 .002
IBM 1.31 7 127.13 .070
ABCL 1.31 1 17.62 .074
UHS 1.30 4 124.84 .040
NEWR 1.30 4 84.67 .060
JG 1.30 3 1.5 2.598
GWRE 1.30 5 123.03 .050
BNR 1.30 3 14.51 .267
BKE 1.30 3 46.56 .081
WM 1.29 6 159.72 .048
OLLI 1.29 2 73.43 .034
LI 1.29 3 30.96 .123
DOCN 1.29 4 94.54 .052
APPN 1.29 4 99 .052
VSCO 1.28 4 52.75 .096
FRD 1.28 1 14.18 .090
BILI 1.28 22 79.2 .352
ABT 1.28 5 128.7 .045
YETI 1.27 4 104.37 .048
RHE 1.27 2 7.05 .360
NFE 1.27 1 30.01 .042
HJLI 1.27 1 10.38 .122
CPE 1.27 5 53.19 .115
APXT 1.27 1 12.11 .104
TTWO 1.26 5 184.16 .030
SPCE 1.26 24 19.94 1.512
MQ 1.26 4 30.81 .160
MESO 1.26 1 6.24 .201
DOMO 1.26 4 88.4 .056
USB 1.25 4 61.83 .080
THCB 1.25 1 10 .125
SPT 1.25 6 125.51 .054
RIOT 1.25 3 32.76 .114
OPAD 1.25 4 7.32 .680
NGM 1.25 2 19.97 .124
CHKP 1.25 6 116.43 .060
BYSI 1.25 3 15.52 .240
SJ 1.24 4 5.89 .840
PBTS 1.24 1 1.29 .961
LPX 1.24 3 67.2 .054
LEDS 1.24 3 7.96 .465
KMX 1.24 2 147.51 .016
EDSA 1.24 1 8.59 .144
CMMB 1.24 2 10.11 .244
BNTC 1.24 3 3.56 1.044
ANPC 1.24 2 2.63 .942
ALXN 1.24 4 182.5 .024
TAP 1.23 2 46.85 .052
LAW 1.23 3 56.14 .063
J 1.23 3 141.15 .024
C 1.23 4 69 .068
RCUS 1.22 1 36.15 .033
PETZ 1.22 1 2.37 .514
EYES 1.22 6 2.86 2.556
DDL 1.22 2 30.9 .078
RTX 1.21 2 88.67 .026
PFGC 1.21 3 46.47 .078
OSAT 1.21 3 5.21 .696
LYEL 1.21 3 13.99 .258
HGEN 1.21 3 8.22 .441
HD 1.21 12 368.97 .036
EAT 1.21 3 41.42 .087
ARAV 1.21 1 3.89 .311
AMC 1.21 57 40.79 1.653
WHLM 1.20 4 5.62 .852
SPG 1.20 5 166.24 .035
MMM 1.20 7 182.23 .042
JPM 1.20 12 170.53 .084
CRIS 1.20 2 6.92 .346
CETX 1.20 1 1.44 .833
BGFV 1.20 7 31.73 .259
AMTX 1.20 3 21.6 .165
AKAM 1.20 3 110.87 .030
TVTX 1.19 3 30.75 .114
SGOC 1.19 9 5.99 1.782
JWN 1.19 3 32.14 .111
PRTA 1.18 8 59.38 .152
ENOB 1.18 4 9.5 .496
DFH 1.18 1 15.51 .076
ZEV 1.17 4 8.94 .520
STZ 1.17 4 220.69 .020
SKT 1.17 3 21.34 .162
NIU 1.17 3 26.84 .129
CYTK 1.17 4 36.67 .124
CLSK 1.17 1 21.85 .053
VOXX 1.16 3 12.59 .276
TRI 1.16 3 115.47 .030
SIF 1.16 1 7.813 .148
NTAP 1.16 4 90 .048
MAT 1.16 3 21.42 .162
LOGI 1.16 5 80.7 .070
HGSH 1.16 2 2.12 1.094
AMEH 1.16 8 74.96 .120
AMAT 1.16 8 142.75 .064
ZIM 1.15 6 54.96 .120
UPS 1.15 7 212.74 .035
NTRB 1.15 2 5.52 .416
IMTX 1.15 3 13.18 .261
BZ 1.15 2 36.06 .062
ATVI 1.15 4 66.75 .068
TGT 1.14 10 260.41 .040
IONQ 1.14 2 15.35 .148
HCWB 1.14 2 3.27 .696
DAL 1.14 4 41.24 .108
BBLG 1.14 1 4.5 .253
AVIR 1.14 3 11.99 .285
VNET 1.13 3 17.09 .198
STG 1.13 1 4.97 .227
SCHW 1.13 4 83.33 .052
PEP 1.13 5 164.3 .030
NUAN 1.13 1 55.2 .020
HAS 1.13 5 93.55 .060
BTX 1.13 2 9.79 .230
ABSI 1.13 1 17.27 .065
OCGN 1.12 11 12.73 .957
MNOV 1.12 2 3.5 .640
FIGS 1.12 5 42.27 .130
BZUN 1.12 1 17.51 .063
TGTX 1.11 1 32.91 .033
SHEN 1.11 3 27.95 .117
PMCB 1.11 3 2.92 1.140
GIII 1.11 4 30.48 .144
DXC 1.11 2 32.48 .068
CNET 1.11 1 1.51 .735
ALLO 1.11 2 20.16 .110
RUN 1.10 5 58.31 .090
OPTT 1.10 1 2.21 .497
NVDA 1.10 148 265.98 .592
XTLB 1.09 2 3.97 .548
SKX 1.09 4 47.58 .088
LIFE 1.09 3 8.81 .369
GT 1.09 1 21.99 .049
ATAI 1.09 1 17.25 .063
ALDX 1.09 2 9.63 .226
MTSL 1.08 3 3.37 .960
FCBP 1.08 1 29.1 .037
B 1.08 1 41.81 .025
AZYO 1.08 1 5.9613 .181
ALF 1.08 2 4.85 .444
TTCF 1.07 1 18.83 .056
SMLP 1.07 2 29.73 .070
VYGR 1.06 2 3.99 .530
SPI 1.06 3 5.1 .621
CRM 1.06 11 302.89 .033
BAC 1.06 4 48.37 .084
SCR 1.05 5 35.58 .145
PTGX 1.05 3 32.93 .093
PLD 1.05 4 147.65 .028
MNST 1.05 4 87.32 .048
CELC 1.05 3 19.35 .162
OCUP 1.04 1 4.13 .251
NETE 1.04 2 12.05 .172
IPA 1.04 2 6.28 .330
FSTX 1.04 1 7.05 .147
CANF 1.04 1 1.49 .697
LUV 1.03 4 49.46 .080
KMPH 1.03 3 9.55 .321
BLDR 1.03 2 60.26 .034
ALYA 1.03 3 2.75 1.122
MFNC 1.02 2 21.5 .094
BBBY 1.02 14 19.3 .728
AXP 1.02 5 172.61 .025
ZCMD 1.01 1 1.75 .577
MOS 1.01 4 39.48 .100
LL 1.01 1 18.38 .054
EGRX 1.01 2 53.76 .036
PINS 1.00 4 44.68 .088
MO 1.00 3 44.96 .066
IMAB 1.00 5 63.6 .075
DKNG 1.00 5 46.84 .105
ACY .99 19 45.38 .399
VTSI .98 2 8.06 .242
TRCH .98 2 4.95 .394
MYGN .98 2 29.28 .066
MCD .98 8 250.4 .024
HOFV .98 2 2.41 .812
UBER .97 5 45.72 .105
MS .97 8 102.61 .072
RRGB .96 2 21.06 .090
HRI .96 4 191.42 .020
FA .96 1 19.84 .048
CRCT .96 2 29.98 .064
AZPN .96 4 157.81 .024
QDEL .95 4 138.39 .024
PG .95 8 145.05 .048
NEE .95 2 85.24 .022
BTWN .95 1 9.91 .095
BPTH .95 2 4.9084 .386
AGRI .95 5 2.37 2.000
PAYX .94 2 123.45 .014
LAC .94 1 29.47 .031
FTCH .94 2 39.16 .048
CGC .94 1 13.54 .069
INCY .93 4 66.79 .052
HCM .93 4 31.25 .116
CHPT .93 1 24.81 .037
PLUG .92 9 40.04 .198
PLCE .92 3 98.29 .027
OKE .92 3 63.92 .042
LBPH .92 1 7.01 .131
KNL .92 1 25.04 .036
FL .92 4 51.97 .068
YEXT .91 1 12.66 .071
WFC .91 4 52 .068
SSY .91 3 2.48 1.098
SLS .91 3 9.19 .297
AIT .91 2 98.38 .018
HOG .90 4 39.25 .088
GEG .90 1 1.875 .480
DDD .90 10 31.38 .280
CRTO .90 1 40.09 .022
ATNF .90 3 5.06 .531
ON .89 6 57.85 .090
NKE .89 8 172.5 .040
ERYP .89 3 2.82 .945
ARCE .89 2 16.49 .106
ACHL .89 1 7.18 .123
OTIS .88 4 80.61 .040
KHC .88 2 37.42 .046
GMBL .88 2 6.76 .260
ALC .88 1 86.3 .010
GM .87 3 56 .045
GDEV .87 3 8.13 .321
DTSS .87 1 2.25 .386
AFMD .87 1 7.02 .123
VLDR .86 1 6.77 .127
UTHR .86 4 203.21 .016
RF .86 1 24.71 .034
KODK .86 2 7.23 .236
VMEO .85 2 35.02 .048
SRNE .85 1 7.23 .117
SOFI .85 4 22.96 .148
SAFM .85 1 188.85 .004
RIDE .85 5 5.79 .730
ABBV .85 5 117.57 .035
RKT .84 1 17.62 .047
PTIX .84 2 2.04 .822
LEXX .84 3 6.4 .393
IYC .84 2 85.72 .018
HOL .84 3 12.35 .204
DTST .84 3 4.21 .597
CLII .84 3 14.36 .174
BB .84 11 11.73 .781
APOP .84 5 13.17 .315
TNA .83 5 106.45 .035
MAXR .83 4 27.05 .120
IRBO .83 1 46.33 .017
CNA .83 1 46.24 .017
BLUW .83 2 9.63 .172
SANA .82 1 23.15 .035
MNSO .82 1 16.53 .049
FITB .82 3 44.7 .054
SPRT .81 20 11.8 1.360
MRK .81 5 88.68 .045
MBRX .81 2 2.64 .612
CRTD .81 6 3.66 1.326
APP .81 8 98.36 .064
SYPR .80 4 4.15 .768
DD .80 4 80.15 .036
SWI .79 1 16.74 .047
SLV .79 2 21.81 .072
SCYX .79 1 5.5 .143
PNRG .79 1 69.1 .011
GLD .79 10 165.77 .040
BJ .79 7 61.16 .084
ZY .78 3 11.43 .204
VVOS .78 4 4.11 .756
UAA .78 3 26.54 .087
SJM .78 12 125.37 .072
IPHA .78 4 5.97 .520
GNOG .78 1 16.91 .046
DUK .78 4 102.54 .028
COP .78 6 72.74 .060
CAI .78 1 55.97 .013
BABA .78 98 166.24 .392
PRFX .77 3 2.48 .930
PLTR .77 2 26.12 .058
OLB .77 3 7.13 .321
ENTX .77 2 4.23 .364
STX .76 9 93.46 .072
QFIN .76 8 21.09 .288
NFLX .76 105 688.29 .105
NBRV .76 1 1.215 .625
GROM .76 2 3.9 .388
QCOM .75 9 138.48 .045
GPS .75 6 24.53 .180
FLWS .75 4 34.04 .088
FB .75 106 331.62 .212
CEMI .75 7 2.44 2.149
SCKT .74 4 6.27 .472
PSTG .74 2 27.97 .052
LOOP .74 4 17.68 .164
GTIM .74 1 4.94 .149
GRVI .74 3 5.54 .399
FUBO .74 2 33.87 .042
EVOL .74 2 2.72 .544
ATXI .74 1 1.62 .456
VZ .73 2 52.94 .026
VOOV .73 1 148.95 .004
UPC .73 3 2.4 .912
SQBG .73 2 6.24 .232
RNXT .73 2 5.43 .268
NVFY .73 3 2.34 .933
EQT .73 1 20.43 .035
RMED .72 6 3.13 1.380
M .72 8 30.56 .184
ENSC .72 1 2.25 .320
DEN .72 4 88.88 .032
CRMT .72 9 122.41 .045
BTCM .72 4 8.53 .336
ARPO .72 1 2.2 .327
ZKIN .71 2 2.86 .496
RFL .71 5 8 .440
PALI .71 3 2.96 .717
MVST .71 5 8.95 .395
WMT .70 16 150.18 .064
TBLA .70 1 9.85 .071
SONO .70 6 34.99 .120
PRPL .70 3 19.82 .105
ORGS .70 1 4.79 .146
OCX .70 1 3.59 .194
INTC .70 6 50.39 .078
IGIC .70 3 8.41 .249
CBAT .70 2 2.22 .630
AMKR .70 2 22.87 .060
MTTR .69 8 23.58 .232
FTEK .69 3 1.98 1.044
BEKE .69 1 18.95 .036
AUPH .69 6 30.39 .132
ASM .69 1 0.9386 .735
APRE .69 3 5.28 .390
ONCS .68 1 1.85 .367
BWAY .68 2 8.7 .156
BCRX .68 9 12.4 .486
XONE .67 2 26.92 .048
XLK .67 5 163.66 .020
SKLZ .67 4 12.46 .212
PDCO .67 2 33.47 .040
NPTN .67 1 11.52 .058
JRJC .67 3 6.71 .297
FOE .67 1 21.38 .031
CROX .67 5 173.3 .015
CLNE .67 1 9.42 .071
ANF .67 2 46.27 .028
ACH .67 1 14.33 .046
VIPS .66 1 11.52 .057
SSNT .66 1 6.0694 .108
RETO .66 1 1.09 .605
CTKB .66 1 24.03 .027
AMOM .66 1 39.1381 .016
TATT .65 3 6.83 .285
STRO .65 2 23.51 .054
PCVX .65 1 25 .026
LMNL .65 3 1.85 1.053
SLGG .64 2 3.26 .392
SDC .64 2 5.51 .232
LZB .64 2 35.08 .036
XLV .63 5 135.29 .020
PFE .63 7 44.82 .098
HPQ .63 4 31.25 .080
FLOW .63 4 77.45 .032
DNUT .63 3 13.86 .135
CLF .63 10 22.65 .270
CCL .63 4 23.17 .108
ULTA .62 1 381.78 .001
MPC .62 3 63.68 .027
LJPC .62 2 4.37 .282
ISEE .62 4 18.58 .132
IFRX .62 2 4.88 .254
BON .62 3 6.18 .300
AREC .62 5 2.3 1.345
APG .62 2 22.79 .054
AA .62 9 47.43 .117
SOS .61 2 2.19 .556
RY .61 7 106.67 .035
PLG .61 1 2.55 .239
CL .61 4 77.27 .028
AMBO .61 1 1.3395 .455
SPTN .60 2 24.37 .048
SLB .60 4 32.98 .072
PSTV .60 1 1.88 .319
KIRK .60 2 25.25 .046
EVK .60 6 3.26 1.104
AYRO .60 2 3.24 .370
AVCT .60 1 2 .300
AMRS .60 1 14.58 .041
VERU .59 3 8.35 .210
LEN .59 5 101.91 .025
BIG .59 2 51.03 .022
YMM .58 2 15.29 .074
WPRT .58 2 3.72 .310
WISH .58 3 5.21 .333
STAF .58 2 1.76 .658
CSIQ .58 4 39.53 .056
WEI .57 1 0.9332 .610
SNAP .57 113 52.94 1.130
SBTX .57 1 9.1 .062
ORPH .57 4 4.16 .548
GGAL .57 1 11.75 .048
EZFL .57 1 2.99 .190
TQQQ .56 137 163.82 .411
T .56 3 25.18 .066
SBH .56 2 17.4 .064
OBLN .56 3 3.05 .549
MTP .56 1 1.73 .323
LODE .56 3 2.33 .720
CLPS .56 1 3.21 .174
CLPS .56 1 3.21 .174
CLOV .56 1 7.82 .071
VNE .55 6 35.43 .090
UWMC .55 1 7.25 .075
RSI .55 2 21.2 .050
MU .55 6 71.25 .042
MOSY .55 2 6.39 .172
GIS .55 6 63.14 .048
FLXN .55 1 9.29 .059
EOLS .55 1 7.58 .072
WHLR .54 2 2.66 .406
TSM .54 3 114.01 .012
NIO .54 76 41.5 .988
ENZ .54 2 3.4 .316
ADMA .54 1 1.49 .362
TBIO .53 3 37.36 .042
MEDS .53 5 4.19 .630
HUYA .53 3 8.88 .177
ERJ .53 5 16.04 .165
EQ .53 1 6.6 .080
CCJ .53 8 27.19 .152
BBWI .53 6 75 .042
ASTR .53 4 10.1 .208
TLRY .52 3 10.86 .141
SILK .52 7 61.61 .056
MARA .52 16 64.66 .128
CSCO .52 8 57.65 .072
WOOF .51 2 25.04 .040
RCON .51 2 2.38 .428
MRVL .51 6 69.25 .042
KO .51 6 56.29 .054
K .51 8 63.34 .064
GFAI .51 2 2.48 .410
DYAI .51 3 4.24 .360
CPSH .51 1 5.61 .090
TIGR .50 8 7.06 .560
PATI .50 2 16.075 .062
MDIA .50 3 8.33 .180
GRTX .50 3 1.83 .819
RKDA .49 1 1.98 .247
NRBO .49 2 2.035 .480
IGC .49 3 1.46 1.005
GP .49 3 14.85 .096
GEVO .49 4 7.49 .260
ENLV .49 2 9.17 .106
ECHO .49 1 48.12 .010
ATHM .49 3 39.96 .036
ARMP .49 1 3.8 .128
NNDM .48 3 6.25 .228
HRL .48 5 43.36 .055
HRC .48 5 155.1 .015
EPU .48 3 29.56 .048
DRN .48 4 27.22 .068
XPEV .47 81 46.64 .810
XLE .47 6 57.43 .048
TRIL .47 1 17.85 .026
STEM .47 5 24.94 .090
SOHU .47 6 21.27 .132
EXPR .47 5 4.28 .545
DARE .47 1 1.53 .307
BODY .47 2 5.41 .172
VXX .46 3 19.82 .069
UFAB .46 2 3.17 .290
NTEC .46 4 9.63 .188
MARK .46 4 1.77 1.036
KBSF .46 2 3.05 .300
GURE .46 1 5.75 .080
FLGC .46 5 4.57 .500
EQOS .46 1 6.02 .076
CVV .46 2 4.91 .186
BCLI .46 1 2.94 .156
TYME .45 4 1.01 1.780
TME .45 1 8.04 .055
ONCT .45 2 3.82 .234
ME .45 4 12.37 .144
ADIL .45 2 3.22 .278
WORX .44 4 1.78 .988
NNVC .44 3 5.47 .240
GALT .44 3 3.27 .402
FFHL .44 2 9.52 .092
DWSN .44 2 2.33 .376
CIEN .44 19 60.2 .133
EVGO .43 2 10.18 .084
EVGN .43 1 2.83 .151
CAN .43 4 9.11 .188
ATIF .43 1 4.07 .105
ACI .43 8 34.99 .096
PHUN .42 11 4.39 1.045
FCX .42 23 38.23 .230
DBGI .42 5 4.14 .505
CTSO .42 4 6.12 .272
ARMK .42 4 37.93 .044
SRNG .41 1 11.42 .035
MSFT .41 112 334 .112
KZIA .41 2 11.91 .068
GTT .41 1 2.36 .173
FFIE .41 1 8.56 .047
BLIN .41 8 3.45 .944
AUUD .41 7 2.58 1.106
ACOR .41 4 4.14 .396
YJ .40 2 0.8219 .972
ORMP .40 13 25.08 .195
LIZI .40 4 3.03 .528
KR .40 15 42.95 .135
GE .40 4 105.97 .012
FBRX .40 1 3.33 .120
DUOT .40 1 5.42 .073
CTIB .40 5 1.95 1.025
CHRA .40 1 4.37 .091
VTNR .39 8 4.92 .632
VIR .39 4 36.8 .040
LC .39 10 47.04 .080
FAST .39 4 57.27 .024
CSCW .39 2 0.7089 1.100
AQMS .39 3 1.89 .618
APTO .39 3 2.48 .471
UNIT .38 1 14.22 .026
OVID .38 2 3.65 .208
OTLK .38 2 2.13 .356
MRTN .38 3 17.32 .063
ANIX .38 1 5.33 .071
AAL .38 8 20.63 .144
UONE .37 7 7.55 .343
PTON .37 4 89.9 .016
ORCL .37 34 96.15 .102
HUGE .37 1 1.42 .260
HHR .37 4 53.14 .024
GPK .37 1 20.56 .017
CHMA .37 2 3.76 .196
CDEV .37 1 7.5 .049
UAVS .36 3 2.99 .360
MRKR .36 1 1.5 .240
JFIN .36 2 4.11 .174
IDEX .36 4 2.02 .712
GNLN .36 2 1.82 .394
BNGO .36 12 6.12 .696
AKTX .36 1 1.692 .212
ADMP .36 1 1.06 .339
ACB .36 3 6.94 .153
ORGO .35 2 11.38 .060
LTHM .35 10 30.21 .110
LMFA .35 5 6.64 .260
IRIX .35 3 8.69 .120
HNST .35 2 10.09 .068
GOVX .35 6 4.37 .480
FLO .35 4 25.5 .052
CLSD .35 3 5.38 .195
CIFR .35 3 8.93 .117
BSQR .35 13 2.41 1.885
AESE .35 1 1.83 .191
XELB .34 2 1.98 .342
TRIT .34 5 5.63 .300
TESS .34 2 6.02 .112
HWCC .34 1 5.3 .064
XOM .33 9 63.93 .045
KULR .33 2 3.16 .208
IMMR .33 6 9.58 .204
HNP .33 2 20.31 .032
GTS .33 1 35.49 .009
BHTG .33 1 1.2 .275
AZN .33 11 63.83 .055
WATT .32 2 2.01 .318
VBLT .32 2 2.37 .270
TAL .32 2 4.15 .154
SPCB .32 2 0.9068 .704
SGBX .32 3 3.11 .306
MINM .32 2 1.69 .378
IMMP .32 3 4.65 .204
BKYI .32 1 3.2 .100
AAPL .32 108 151.49 .216
WINT .31 3 1.84 .504
ULBI .31 2 6.21 .098
PBR .31 8 9.9 .248
FENC .31 1 9.58 .032
DMAC .31 2 4.37 .140
D .31 8 75.48 .032
AUTL .31 2 5.95 .104
AEY .31 1 2.26 .137
OXBR .30 5 3.7 .405
LGHL .30 4 2.15 .556
HAPP .30 1 0.95 .315
ENG .30 3 2.44 .366
BBIG .30 20 4.78 1.240
NEXT .29 4 3.86 .300
HUSN .29 4 2.26 .512
NKLA .28 14 12.71 .308
MITO .28 1 1.14 .245
BP .28 4 27.26 .040
ALTO .28 3 5.62 .147
XLP .27 5 72.51 .015
WIMI .27 4 5.43 .196
RSLS .27 4 2.72 .396
NAOV .27 11 1.39 2.134
GSM .27 7 6.89 .273
ENVB .27 3 1.93 .417
AEHR .27 24 24.89 .240
VIVE .26 2 2.28 .228
PPBT .26 1 4.49 .057
PME .26 1 0.662 .392
AXLA .26 2 3.2 .162
AGNC .26 3 15.99 .048
PBLA .25 1 2.12 .117
HIPO .25 2 4.34 .114
RVI .24 2 5.96 .080
RAIL .24 4 4.55 .208
MOGO .24 4 6.21 .152
IKT .24 1 2.12 .113
GBR .24 1 4.04 .059
PIRS .23 7 4.68 .343
OCG .23 4 4.74 .192
BGI .23 2 3.2 .142
ANY .23 16 6.45 .560
THTX .22 1 3.5 .062
SSKN .22 1 1.93 .113
SPWH .22 3 17.31 .036
JFU .22 3 1.5 .438
INOV .22 2 40.74 .010
DYNT .22 5 1.56 .705
VIEW .21 1 6.31 .033
TENX .21 1 1.56 .134
ATOS .21 5 2.84 .365
ALAC .21 2 11.5814 .036
ZNGA .20 2 7.16 .054
SALM .20 4 3.77 .212
ENSV .20 1 1.23 .162
NBEV .19 1 1.56 .121
MOMO .19 3 13.4 .042
VSH .18 3 20.37 .024
TEO .18 1 5.13 .035
OBSV .18 5 2.51 .355
FCEL .18 130 9.48 2.340
YPF .17 2 4.28 .078
PPC .17 2 28.26 .012
LIVX .17 2 3.07 .110
KXIN .17 6 2.23 .456
GMTX .17 1 3.74 .045
SWN .16 2 5.06 .062
SNES .16 2 1.51 .210
RRD .16 5 9.11 .085
INFI .16 4 2.71 .236
HFBL .16 1 19.5668 .008
SBS .15 5 6.56 .110
IMV .15 2 1.62 .184
GSKY .15 2 12.38 .024
GRUB .15 3 14.32 .030
CHNG .15 2 21.62 .012
AGEN .15 10 4.4 .340
SYKE .14 3 54 .006
SSL .14 14 16.86 .112
OEG .14 1 2.79 .050
NXTP .14 1 1.56 .089
INM .14 1 1.54 .090
IEC .14 1 15.34 .009
EDU .14 1 2.05 .068
TELL .13 7 4.32 .210
SVBI .13 1 13.63 .009
OSMT .13 4 1.82 .284
LMRK .13 1 16.32 .007
GENE .13 3 2.93 .132
ESXB .13 1 12.11 .010
CRON .13 4 5.52 .092
VERB .12 8 2.04 .464
SBBP .12 2 2 .120
PSTX .12 1 6.5 .018
MTL .12 8 4.04 .232
GSAT .12 2 1.65 .144
CHNR .12 4 1.35 .352
TTM .11 8 32.88 .024
SNMP .11 2 1.18 .186
MRO .11 15 16.49 .090
MOHO .11 3 0.6897 .477
GBS .11 1 2.12 .051
FENG .11 2 1.44 .152
EKSO .11 2 4.28 .050
CALA .11 1 1.92 .057
ACHV .11 2 8.85 .024
XPDI .10 10 13.82 .070
SLHG .10 1 2.74 .036
RCAT .10 2 2.8 .070
RAVN .10 3 57.83 .003
KDMN .10 4 9.48 .040
EDTK .10 2 1.45 .136
CNFR .10 2 2.69 .074
XELA .09 7 2.03 .308
WTER .09 2 1.68 .106
TEDU .09 2 0.8 .224
TAAG .09 1 20.9494 .004
SELF .09 1 5.14 .017
RIG .09 6 3.66 .144
PRPO .09 3 2.45 .108
CPG .09 6 4.87 .108
BIOC .09 2 3.95 .044
AEMD .09 3 3.41 .078
AEI .09 2 2.05 .086
MBII .08 1 0.8949 .089
ET .08 5 9.68 .040
COTY .08 5 9.1 .040
CLDR .08 1 15.99 .005
BQ .08 2 1.95 .082
OCG .07 13 4.74 .182
NEPT .07 2 0.5204 .268
ITRO .07 1 1.27 .055
ITRN .07 3 26.68 .006
FRO .07 11 9.07 .077
DBVT .07 11 2.98 .253
ALZN .07 1 2.18 .032
XBIO .06 8 1.83 .256
WYNN .06 3 93.48 0
VSTM .06 2 2.85 .042
PSP .06 2 16.66 .006
ADMS .06 2 8.23 .014
ABUS .06 1 3.85 .015
ULTA .05 12 381.78 0
OXY .05 29 33.85 .029
MDNA .05 8 2.22 .176
FRBK .05 1 3 .016
WYNN .04 4 93.48 0
PBT .04 2 8.18 .008
NOK .04 6 5.77 .036
IRCP .04 4 2.81 .056
CXP .04 1 19.16 .002
AVGR .04 7 0.74 .378
VTGN .03 5 2.6 .055
VCAR .03 1 17.925 .001
VALN .03 1 46.38 0
SNDL .03 1 0.6594 .045
SIC .03 1 14.49 .002
MFGP .03 4 5.38 .020
SLVO .02 3 5.33 .009
NWHM .02 1 8.99 .002
KIN .02 2 9.25 .004
EIC .02 2 18.37 .002
DSE .02 1 9.49 .002
BLNK .02 11 32.68 0
RTLR .01 8 11.61 0
PMD .01 1 8.51 .001
INFL .01 2 31.3 0
IACB .01 3 9.95 .003
DFP .01 2 28.4403 0
BEST .01 3 1.35 .021
WMPN 0 4 12.29 0
QADB 0 4 87.51 0
PAE 0 1 9.93 0
NLSP 0 1 2.25 0
NSYS -.12 1 10 -.012
