SHOP 28.96 11 1428.12 .220
PANW 23.18 1 501.22 .046
DWAC 22.11 4 43.81 2.016
MSTR 14.75 8 596.47 .192
RNG 11.84 1 199.99 .059
BKNG 10.17 8 2227.28 .032
SAM 9.40 7 492.26 .133
WBX 8.99 1 12.43 .723
PCTY 8.94 1 244.72 .036
NVAX 8.92 13 141.86 .806
RMD 8.09 1 260.3 .031
AMZN 8.00 94 3427.37 .188
REGN 7.44 9 625 .099
DUOL 7.27 3 101.57 .213
SIVB 7.01 8 693.39 .080
W 6.80 8 221.3 .240
AZO 6.70 11 1879.99 .033
PUBM 6.66 1 36.65 .181
DDS 6.58 10 246.11 .260
LAD 6.41 5 293.88 .105
KRYS 6.33 1 67.53 .093
BLK 6.24 5 896.7 .030
SPLK 6.20 6 113.54 .324
CAR 6.00 2 265.3 .044
EYPT 5.86 1 14.54 .403
DPZ 5.62 11 517.08 .110
MDB 5.57 9 429.34 .108
KOSS 5.35 7 12.99 2.877
VRTX 5.31 1 205.06 .025
EJH 5.21 6 1.83 17.076
THC 4.91 1 72.63 .067
DE 4.88 11 354.51 .143
INTU 4.61 8 645.34 .056
ADBE 4.59 8 622.04 .056
SI 4.55 8 165.37 .216
BIGC 4.50 1 40.59 .110
GKOS 4.45 1 41.45 .107
RGEN 4.41 7 247.59 .119
SE 4.40 17 246.87 .289
EEIQ 4.33 5 3.25 6.660
CFLT 4.09 1 68.75 .059
U 4.07 5 147.57 .135
ASML 3.96 16 756.39 .080
CARV 3.92 6 11.37 2.064
ZM 3.91 15 185.84 .315
EL 3.86 7 341.55 .077
SNOW 3.82 9 341.66 .099
GOOG 3.73 28 2875.93 .028
ANVS 3.73 6 20.97 1.062
SNPS 3.69 6 345.45 .060
IRTC 3.69 1 97.64 .037
BIIB 3.69 6 224.11 .096
CCXI 3.66 3 35.03 .312
EVA 3.59 1 70.58 .050
MA 3.58 7 333.33 .070
SEDG 3.56 6 307.63 .066
GPN 3.54 11 127.03 .297
XMTR 3.46 1 41.24 .083
EBET 3.45 6 23.99 .858
ZLAB 3.42 6 64.04 .318
PWR 3.42 1 112.96 .030
DQ 3.36 7 44.06 .532
SCPS 3.34 7 2.11 11.074
TOST 3.31 2 36.74 .180
GLSI 3.27 5 32.11 .505
ZG 3.19 7 60.27 .364
IAC 3.19 7 129.11 .168
MRNA 3.13 39 265.33 .429
LSI 3.13 2 137.95 .044
CMTL 3.13 1 25.64 .122
APPS 3.13 6 49.8 .372
NEGG 3.07 20 14.12 4.340
GDYN 3.03 1 36.92 .082
IRNT 3.02 6 7.29 2.484
UPST 2.99 19 176.16 .304
GME 2.99 82 167.12 1.394
ANTM 2.99 6 403.62 .042
ADGI 2.98 10 32.53 .910
SITM 2.97 7 283.34 .070
LII 2.97 6 327.82 .054
TSLA 2.96 157 1009.01 .314
BKKT 2.95 2 12.57 .468
BNTX 2.94 27 279.83 .270
NEWR 2.93 6 101.78 .168
IWM 2.93 6 219.02 .078
GS 2.93 9 389.3 .063
ROKU 2.89 7 210.16 .091
NRXP 2.89 8 5.955 3.880
CAT 2.86 8 201.28 .112
KMX 2.82 3 144.5 .057
ZS 2.79 7 274.36 .070
JAN 2.73 6 4.54 3.606
SAVA 2.72 28 43.96 1.708
PENN 2.65 10 50.74 .520
NVCR 2.63 10 83.3 .310
NCTY 2.63 5 8.16 1.610
DOCS 2.62 8 57.56 .360
OSTK 2.60 7 82.82 .217
AFRM 2.60 16 110.95 .368
ENPH 2.57 7 212.94 .084
UNH 2.55 13 460.11 .065
COST 2.55 9 533.2 .036
WSM 2.54 5 177.47 .070
FULC 2.54 6 14.42 1.056
KEYS 2.52 4 195.15 .048
INDP 2.52 5 5.62 2.240
LMT 2.51 11 339.96 .077
WDAY 2.46 6 269.09 .054
SPY 2.43 2 458.79 .010
CNC 2.42 3 71.77 .099
AVXL 2.41 5 17.99 .665
RL 2.39 7 122.56 .133
NXPI 2.38 6 224.28 .060
RBLX 2.35 14 113.25 .280
CPOP 2.34 5 1.76 6.645
DPST 2.33 3 49.93 .138
AUVI 2.32 9 4.8 4.347
MRAM 2.30 2 10.54 .436
LLY 2.28 7 246.33 .063
XBI 2.27 5 109.58 .100
FLGT 2.27 6 81.94 .162
AMGN 2.27 5 208.79 .050
STE 2.26 5 225.49 .050
GRTS 2.25 7 10.71 1.470
AXON 2.25 1 148.22 .015
SPB 2.21 1 99.97 .022
HCA 2.20 4 233.77 .036
TPST 2.19 5 8.29 1.320
PKG 2.17 5 136.19 .075
CHGG 2.17 3 29.43 .219
BRLT 2.17 2 16.96 .254
BLDR 2.17 3 73.38 .087
PKI 2.16 4 181.48 .044
LOW 2.16 11 251.18 .088
PDD 2.15 5 56.01 .190
DG 2.15 6 225.53 .054
PYPL 2.14 9 184.86 .099
DLPN 2.14 5 7.99 1.335
AACG 2.14 5 1.39 7.695
BHVN 2.12 5 100.24 .105
ACRS 2.12 7 12.64 1.169
DASH 2.11 10 161.54 .130
ALEC 2.10 6 19.83 .630
ROST 2.08 4 112.68 .072
AMEH 2.05 9 76 .234
ADSK 2.04 7 265.56 .049
MRIN 2.01 5 4.9 2.050
V 2.00 8 202.68 .072
BYND 2.00 6 67.34 .174
KMB 1.99 7 136.42 .098
UHAL 1.98 9 704.67 .018
XAIR 1.97 1 10.36 .190
AMD 1.97 21 139.06 .294
AAME 1.97 5 3.78 2.605
RNXT 1.96 4 6.06 1.292
CELH 1.96 7 64.79 .210
COHN 1.95 5 16 .605
ARVN 1.91 7 75.65 .175
ACIU 1.91 2 4.83 .790
DLTR 1.90 9 137.81 .117
SYTA 1.89 1 2.76 .684
MSGE 1.88 4 69.06 .108
TDG 1.87 4 601.62 .012
COF 1.87 4 145.94 .048
BIDU 1.87 118 147.65 1.416
VLO 1.86 4 70.41 .104
DIS 1.86 9 150.37 .108
LIN 1.83 8 325.03 .040
CI 1.83 5 206.59 .040
ACMR 1.83 5 76.5 .115
LCID 1.81 10 44.86 .400
KNBE 1.80 7 21.5 .581
AAP 1.79 5 230.02 .035
ROLL 1.78 7 205.68 .056
CERE 1.78 7 31.28 .392
VRPX 1.77 9 3.8 4.185
RAPT 1.77 7 29.5 .420
DAVA 1.77 4 139.37 .048
HON 1.76 7 206.25 .056
TSP 1.75 5 38.7 .225
DELL 1.75 7 58.75 .203
TASK 1.74 7 39.09 .308
DOCN 1.74 10 85.94 .200
BFRI 1.74 1 4.25 .409
XLY 1.73 3 201.93 .024
TMUS 1.73 6 115.63 .084
SQ 1.73 23 179.72 .207
LWAC 1.73 5 16.98 .505
WAVE 1.72 5 5.219 1.645
LAIX 1.72 4 0.7047 9.760
ABNB 1.72 8 180.85 .072
ESTC 1.71 6 110.55 .090
IMPL 1.70 5 8.64 .980
SPG 1.69 7 152.6 .077
NNOX 1.69 5 15.72 .535
KYMR 1.69 2 52.57 .064
BURL 1.68 8 288.15 .040
ROG 1.67 1 272 .006
AN 1.67 8 124.57 .104
XM 1.66 2 33.87 .098
NMRD 1.66 4 4.12 1.608
MDT 1.66 7 110.24 .105
VVOS 1.65 6 2.28 4.338
NVOS 1.65 5 1.52 5.425
BBY 1.65 6 104.66 .090
FISV 1.64 6 103.13 .090
CREE 1.64 5 79.12 .100
TRI 1.63 4 119.04 .052
JZXN 1.63 4 1.51 4.316
COIN 1.63 10 263.24 .060
WYNN 1.62 4 84.91 .076
NVTS 1.62 2 17.45 .184
CLDX 1.61 3 36.42 .132
PLCE 1.60 4 90.2 .068
STMP 1.59 4 329.61 .016
LH 1.59 7 289.26 .035
LHDX 1.58 4 6.14 1.028
DNA 1.58 1 9.74 .162
RLMD 1.57 4 17.38 .360
GH 1.57 8 88.71 .136
CARA 1.57 2 12.14 .258
DPW 1.56 5 1.53 5.095
TSC 1.55 1 29.68 .052
IRDM 1.55 4 39.8 .152
FANG 1.55 7 108.23 .098
CRNC 1.55 4 71.97 .084
BLFS 1.55 1 35.15 .044
CPE 1.54 7 49.16 .217
CHCI 1.54 3 4.83 .954
TERN 1.53 4 7 .872
SIEB 1.53 5 2.6 2.940
DLO 1.53 5 32.45 .235
TSCO 1.52 9 227.46 .054
CLX 1.52 4 168.73 .036
SNOA 1.51 4 4.57 1.320
GRU 1.51 1 4.62 .326
WAFU 1.50 4 4.58 1.308
KTTA 1.49 1 2.74 .543
BCYC 1.49 3 50.35 .087
STT 1.48 3 93.61 .045
ADI 1.48 5 181.06 .040
NURO 1.47 11 6.41 2.519
FGEN 1.47 3 14.19 .309
EDIT 1.47 3 28.07 .156
VCVC 1.46 1 9.85 .148
SFIX 1.46 2 23.87 .122
HTBX 1.46 2 3.95 .738
SBEA 1.45 2 10.1 .286
EYEG 1.45 1 1.95 .743
BTBT 1.45 10 7.9 1.830
KALV 1.44 8 12.48 .920
LYFT 1.43 5 41.95 .170
LANC 1.43 2 152.69 .018
ISPC 1.43 5 12.27 .580
ATKR 1.43 2 108.45 .026
TTC 1.42 5 102.66 .065
TSN 1.42 4 83.48 .068
IMNM 1.42 4 15.62 .360
CM 1.42 6 110.72 .072
RMBL 1.41 3 38.67 .108
KSS 1.41 10 51.07 .270
HOOD 1.41 14 21.9 .896
TWTR 1.40 6 44.47 .186
SNA 1.40 4 210.24 .024
JD 1.40 9 75.19 .162
JCS 1.40 3 2.81 1.494
HX 1.40 6 2.69 3.120
CVS 1.40 3 92.65 .045
AUPH 1.40 8 19.15 .584
WGO 1.39 2 74.46 .036
VERY 1.39 4 7.4 .748
EOSE 1.39 2 8.24 .336
TNET 1.38 1 98.95 .013
EXPI 1.38 6 34.75 .234
APP 1.38 10 89.82 .150
TWST 1.37 7 79.49 .119
LIVE 1.37 3 35.1 .117
LGVN 1.37 5 20.25 .335
ECOM 1.37 1 24.36 .056
CRM 1.37 12 258.75 .060
FATE 1.36 3 47.84 .084
TAOP 1.35 3 2.77 1.461
EA 1.35 5 126.31 .050
WNW 1.34 1 2.61 .513
VMW 1.34 8 115.58 .088
OLN 1.34 1 53.78 .024
CAH 1.34 4 47.7 .112
MOXC 1.33 4 3.99 1.332
J 1.33 4 141.35 .036
GRVY 1.33 7 78.19 .119
FIGS 1.33 6 31.26 .252
ASAN 1.33 14 65.86 .280
COUR 1.32 2 27.35 .096
AEO 1.32 2 27.28 .096
VIH 1.31 1 9.36 .139
ABCL 1.31 1 13.5 .097
A 1.31 10 151.47 .080
UHS 1.30 4 126.06 .040
LITE 1.30 3 87.08 .042
JG 1.30 3 1.13 3.450
GWRE 1.30 5 114.14 .055
BNR 1.30 3 11.98 .324
ZIM 1.29 7 55.68 .161
VSCO 1.29 5 52.1 .120
OLLI 1.29 2 53.68 .048
JPM 1.29 14 160.16 .112
ATAI 1.29 2 10.58 .242
APPN 1.29 4 68.14 .072
FRD 1.28 1 9.67 .132
BILI 1.28 23 57 .506
YETI 1.27 4 85.55 .056
RHE 1.27 2 5.31 .478
NVDA 1.27 158 300.37 .632
NFE 1.27 1 24.4 .052
HJLI 1.27 1 10.38 .122
DKS 1.27 17 106.84 .187
APXT 1.27 1 12.11 .104
TTWO 1.26 5 164.4 .035
SPCE 1.26 24 14.64 2.064
DOMO 1.26 4 48.55 .100
THCB 1.25 1 10 .125
SPT 1.25 6 94.81 .078
OPAD 1.25 4 7.38 .676
NGM 1.25 2 18.24 .136
CHKP 1.25 6 112.28 .066
BYSI 1.25 5 4.11 1.520
ABSI 1.25 2 10.24 .244
UAL 1.24 2 43.99 .056
SJ 1.24 4 5.06 .980
RSKD 1.24 2 8.61 .288
PBTS 1.24 1 0.7155 1.733
LPX 1.24 3 71.51 .051
LEDS 1.24 3 5.59 .663
EDSA 1.24 1 5.39 .230
CMMB 1.24 2 7.43 .332
BNTC 1.24 3 2.82 1.317
ANPC 1.24 2 1.29 1.922
ALXN 1.24 4 182.5 .024
TAP 1.23 2 46.84 .052
LAW 1.23 3 35.5 .102
JKS 1.23 5 44.38 .135
JBL 1.23 3 59.71 .060
RCUS 1.22 1 43.83 .027
EYES 1.22 6 1.85 3.954
DDL 1.22 2 16.3 .148
BZ 1.22 3 29.54 .123
RTX 1.21 2 83.76 .028
PFGC 1.21 3 44.01 .081
OSAT 1.21 3 3.68 .984
LYEL 1.21 3 8.73 .414
JNJ 1.21 3 162.94 .021
HGEN 1.21 3 5.31 .681
EAT 1.21 3 36.13 .099
ARAV 1.21 1 2.6 .465
AMC 1.21 57 28.79 2.394
WHLM 1.20 4 4.72 1.016
MMM 1.20 7 177.2 .042
CRIS 1.20 2 4.71 .508
CETX 1.20 1 0.965 1.243
AMTX 1.20 3 15.24 .234
AKAM 1.20 3 111.05 .030
TVTX 1.19 3 27.77 .126
SGOC 1.19 9 6.2 1.719
MQ 1.18 7 17.7 .462
DFH 1.18 1 18.15 .065
ZEV 1.17 4 6.25 .748
WM 1.17 8 163.48 .056
TDC 1.17 5 42.1 .135
STZ 1.17 4 230.87 .020
SKT 1.17 3 20.7 .168
MVIS 1.17 5 6.35 .920
VOXX 1.16 3 10 .348
SIF 1.16 1 8.97 .129
NTAP 1.16 4 88.2 .052
LAZR 1.16 5 14.65 .395
HGSH 1.16 2 1.91 1.214
AMAT 1.16 8 147.38 .056
UPS 1.15 7 202.06 .035
NTRB 1.15 2 5.4 .424
HCWB 1.14 2 2.47 .922
BBLG 1.14 1 3.53 .322
AVIR 1.14 3 7.76 .438
ABT 1.14 7 132.47 .056
VNET 1.13 3 7.83 .432
STG 1.13 1 3.25 .347
PEP 1.13 5 166.42 .030
NUAN 1.13 1 55.09 .020
BTX 1.13 2 5.42 .416
XLNX 1.11 13 213.41 .065
SHEN 1.11 3 26.27 .126
SEMR 1.11 3 19.47 .171
PMCB 1.11 3 2.47 1.347
DXC 1.11 2 30.76 .072
CTRN 1.11 5 76.6 .070
CNET 1.11 1 1.03 1.077
ALLO 1.11 2 17.22 .128
RUN 1.10 5 40.35 .135
OPTT 1.10 1 1.65 .666
MRUS 1.10 3 24.79 .132
JRVR 1.10 3 25.89 .126
XTLB 1.09 2 3.11 .700
SKX 1.09 4 44.48 .096
LIFE 1.09 3 7.8 .417
FOSL 1.09 2 10.53 .206
ALDX 1.09 2 6.89 .316
SCHW 1.08 5 80.37 .065
MTSL 1.08 3 3.37 .960
FCBP 1.08 1 29.1 .037
B 1.08 1 46.74 .023
AZYO 1.08 1 4.1 .263
ALF 1.08 2 2.9 .744
SMLP 1.07 2 27.838 .076
HHR 1.07 9 51.97 .180
AXP 1.07 6 160.68 .036
VYGR 1.06 2 2.8 .756
USB 1.06 5 56.88 .090
TGT 1.06 12 242.97 .048
C 1.06 5 62.52 .080
SCR 1.05 5 35.58 .145
PTGX 1.05 3 32.81 .096
PLD 1.05 4 156.55 .024
MNST 1.05 4 85.71 .048
CELC 1.05 3 13.34 .234
PRTA 1.04 9 44.06 .207
OCGN 1.04 12 5.4 2.304
NETE 1.04 2 13.09 .158
LEGN 1.04 6 45 .138
KURA 1.04 4 12.42 .332
IPA 1.04 2 5.74 .362
FSTX 1.04 1 4.84 .214
CANF 1.04 1 0.98 1.061
TJX 1.03 6 72.64 .084
MARA 1.03 20 41.81 .480
KMPH 1.03 3 8.13 .378
IBM 1.03 9 119.91 .072
MFNC 1.02 2 21.5 .094
GIII 1.02 5 28.71 .175
DAL 1.02 5 38.14 .130
ZCMD 1.01 1 1.72 .587
OVV 1.01 3 33.32 .090
LL 1.01 1 16.34 .061
FUBO 1.01 3 17.36 .174
EGRX 1.01 2 46.63 .042
CGC 1.01 2 10.15 .198
PINS 1.00 4 37.82 .104
OMER 1.00 1 6.84 .146
MO 1.00 3 44.43 .066
IMAB 1.00 5 49.35 .100
LUV .99 6 45.56 .126
LOGI .99 6 78.63 .072
INMD .99 3 68.75 .042
DKNG .99 6 30.68 .192
ACY .99 19 32.65 .570
TRCH .98 2 4.95 .394
MYGN .98 2 25.02 .078
MCD .98 8 255.79 .024
JWN .98 4 20.57 .188
IMTX .98 4 10.83 .360
HOFV .98 2 1.92 1.020
BGFV .97 10 20.92 .460
RRGB .96 2 17.18 .110
HRI .96 4 172.24 .020
FA .96 1 17.47 .054
CYTK .96 5 36.16 .130
AZPN .96 4 148.02 .024
SUPN .95 2 30.07 .062
QDEL .95 4 139.7 .024
BTWN .95 1 9.83 .096
BPTH .95 2 4.2 .452
AGRI .95 5 2.03 2.335
PAYX .94 2 121.93 .014
HAS .94 6 98.62 .054
ENOB .94 5 10.23 .455
TGTX .93 3 16.3 .171
NIU .93 4 19.07 .192
INCY .93 4 65.01 .056
HCM .93 4 28.89 .128
PLUG .92 9 34.05 .243
OKE .92 3 60.89 .045
NKE .92 9 168.91 .045
LBPH .92 1 5.25 .175
KNL .92 1 25.04 .036
FL .92 4 44.07 .080
ALC .92 4 80.25 .044
YEXT .91 1 10.37 .087
SSY .91 3 1.81 1.506
OTIS .91 5 84.01 .050
AIT .91 2 101.85 .016
HOG .90 4 37.68 .092
GEG .90 1 1.86 .483
CRTO .90 1 39.84 .022
BBBY .90 16 18.58 .768
SPI .89 4 4.03 .880
BKE .89 6 48.07 .108
ARCE .89 2 20.47 .086
ACHL .89 1 4.8 .185
GMBL .88 2 4.5 .390
GM .87 3 59.84 .042
GDEV .87 3 7.14 .363
DTSS .87 1 1.38 .630
UTHR .86 4 188.72 .016
TTCF .86 2 15.16 .112
KODK .86 2 5.5 .312
GE .86 6 96.01 .048
VMEO .85 2 18.3 .092
SRNE .85 1 5.25 .161
SAFM .85 1 190.67 .004
PG .85 9 152.15 .045
STX .84 10 103.59 .080
PTIX .84 2 1.65 1.018
NLS .84 2 7 .240
LEXX .84 3 4.72 .531
HOL .84 3 12.35 .204
DTST .84 3 3.03 .831
CLII .84 3 14.36 .174
BB .84 11 9.03 1.023
APOP .84 5 13.17 .315
TNA .83 5 80.99 .050
ROIV .83 1 9 .092
MAXR .83 4 28.03 .116
IRBO .83 1 42.26 .019
CNA .83 1 43.53 .019
BLUW .83 2 9.63 .172
ABBV .83 6 121.35 .036
SANA .82 1 16.36 .050
MNSO .82 1 11.26 .072
KZR .82 2 13.44 .122
FITB .82 3 43.58 .054
SPRT .81 20 11.8 1.360
MBRX .81 2 2.02 .800
ATVI .81 5 58.09 .065
SYPR .80 4 2.6 1.228
GTEC .80 4 6.55 .488
DD .80 4 76.39 .040
BZUN .80 2 13.96 .114
VIR .79 6 38.39 .120
SWI .79 1 14.65 .053
PNRG .79 1 62.145 .012
ERYP .79 4 2.48 1.272
BJ .79 7 68.29 .077
ZY .78 3 8.26 .282
SJM .78 12 130.98 .060
PTON .78 6 42.49 .108
IPHA .78 4 4.65 .668
GNOG .78 1 11.13 .070
CRDF .78 2 5.28 .294
CAI .78 1 56 .013
AA .78 10 45.56 .170
QFIN .77 9 20.83 .324
PLTR .77 2 18.8 .080
OLB .77 3 3.9 .591
LESL .77 1 21.39 .035
FUV .77 2 9.03 .170
ENTX .77 2 3.15 .488
BABA .77 99 123.6 .594
ALYA .77 4 2.42 1.272
VLDR .76 2 5.16 .294
NFLX .76 105 612.69 .105
NBRV .76 1 0.7175 1.059
MOS .76 5 34.47 .110
LI .76 6 30.51 .144
IS .76 1 7.97 .095
GROM .76 2 2.06 .736
FLWS .75 4 26.92 .108
SPTN .74 3 24.31 .090
SCKT .74 4 5.06 .584
MS .74 10 99.27 .070
MNOV .74 3 3.21 .690
GTIM .74 1 4.3 .172
GRVI .74 3 4.2 .528
EVOL .74 2 2.3 .642
ATXI .74 1 1.19 .621
XLK .73 6 166.7 .024
VZ .73 2 51.07 .028
VOOV .73 1 145.97 .005
UPC .73 3 1.75 1.251
SQBG .73 2 6.24 .232
SOFI .73 7 15.72 .322
RIOT .73 6 28.14 .150
OPNT .73 4 30.13 .096
NVFY .73 3 1.86 1.176
RMED .72 6 1.82 2.370
RETO .72 2 0.7446 1.932
FB .72 108 317.87 .216
ENSC .72 1 1.35 .533
DEN .72 4 81.78 .032
CRMT .72 9 108.86 .054
COP .72 9 72.81 .081
BTCM .72 4 6.46 .444
BFLY .72 1 6.64 .108
ARPO .72 1 2.2 .327
ZKIN .71 2 1.69 .840
UBER .71 6 38.49 .108
RFL .71 5 5.44 .650
PALI .71 3 1.78 1.194
TBLA .70 1 9.85 .071
SONO .70 6 29.77 .138
ORGS .70 1 3.15 .222
OCX .70 1 2.32 .301
LEN .70 6 114.79 .036
IGIC .70 3 7.99 .261
GLD .70 11 166.22 .044
DDD .70 12 21.65 .384
CRCT .70 4 24 .116
AMKR .70 2 23 .060
VRNT .69 5 47.74 .070
SLS .69 4 5.96 .460
FTEK .69 3 1.53 1.350
ASM .69 1 0.84689 .814
APRE .69 3 3.71 .555
WMT .68 17 139 .068
STEM .68 6 18.72 .216
SM .68 3 29.38 .069
RIDE .68 7 4.05 1.169
PRPL .68 5 10.06 .335
ONCS .68 1 1.24 .548
HD .68 17 415.7 .017
BWAY .68 2 7.4685 .182
XONE .67 2 26.7 .050
SKLZ .67 4 8.45 .316
PPSI .67 9 7.33 .819
NPTN .67 1 15.3 .043
JRJC .67 3 6.44 .312
FTCH .67 6 33.32 .120
FOE .67 1 21.57 .031
CLNE .67 1 6.59 .101
ACH .67 1 13.33 .050
WFC .66 6 48.81 .078
VIPS .66 1 9.15 .072
CTKB .66 1 18.93 .034
ATNF .66 4 3.53 .744
AMOM .66 1 34.947 .018
TATT .65 3 6.23 .312
STRO .65 2 15.55 .082
PCVX .65 1 20.18 .032
MESO .65 2 5.87 .220
LMNL .65 3 0.9638 2.022
IONQ .65 7 18.79 .238
TQQQ .64 139 153.59 .556
SLGG .64 2 2.88 .444
SDC .64 2 2.85 .448
LZB .64 2 35.05 .036
KO .64 7 54.91 .077
MAT .63 5 21.42 .145
FLOW .63 4 84.57 .028
ULTA .62 1 390.02 .001
TTD .62 14 89.63 .084
LJPC .62 2 3.83 .322
ISEE .62 4 13.83 .176
CUE .62 1 10.97 .056
BON .62 3 4.95 .375
BCRX .62 10 11.18 .550
ASTR .62 5 8.59 .360
AREC .62 5 1.75 1.770
APG .62 2 23.78 .052
VGR .61 1 15.71 .038
SOS .61 2 1.12 1.088
RY .61 7 101.17 .042
MVST .61 6 7.06 .516
CL .61 4 78.58 .028
BEKE .61 2 19.65 .062
AMBO .61 1 1.04 .586
PSTV .60 1 1.23 .487
LAC .60 9 32.66 .162
EVK .60 6 2.52 1.428
CEMI .60 8 1.76 2.720
AYRO .60 2 2.03 .590
AVCT .60 1 0.85 .705
AMRS .60 1 5.84 .102
NEE .59 5 89.15 .030
BIG .59 2 43.82 .026
YMM .58 2 10.94 .106
XLF .58 2 38.61 .030
WPRT .58 2 2.28 .508
WISH .58 3 3.61 .480
STAF .58 2 0.9935 1.166
RACE .58 11 258.53 .022
IFRX .58 3 4.26 .408
CSIQ .58 4 32.94 .068
WEI .57 1 0.8822 .646
SNAP .57 113 47.92 1.243
SBTX .57 1 6.86 .083
PRFX .57 4 1.54 1.480
PFE .57 11 51.48 .121
ORPH .57 4 2.73 .832
MRVL .57 7 85.43 .042
EZFL .57 1 2.18 .261
DUK .57 5 101.21 .025
DRN .57 8 26.29 .168
CLPS .57 1 2.27 .251
CLPS .57 1 2.27 .251
CLF .57 11 20.37 .297
VTSI .56 4 6.31 .352
UAA .56 4 23.98 .092
T .56 3 23.28 .072
SLV .56 3 20.71 .081
OBLN .56 3 3.05 .549
MTP .56 1 1.25 .448
M .56 16 27.13 .320
LODE .56 3 1.55 1.083
CYAD .56 1 4.6 .121
VNE .55 6 35.28 .090
RSI .55 2 16.92 .064
MOSY .55 2 3.75 .292
LOOP .55 5 12.89 .210
HPQ .55 5 36.93 .070
FLXN .55 1 9.12 .060
EOLS .55 1 5.5 .100
WHLR .54 2 2 .540
TSM .54 3 119.14 .012
MPC .54 4 62.86 .032
INTC .54 7 50.99 .070
GPS .54 7 17.34 .217
ENZ .54 2 3.34 .322
CHPT .54 3 20.74 .078
ADMA .54 1 1.28 .421
XLE .53 9 55.96 .081
TBIO .53 3 37.36 .042
NIO .53 77 32.34 1.232
MEDS .53 5 2.92 .905
HUYA .53 4 7.07 .296
EQ .53 1 4.4 .120
CSCO .53 10 56.96 .090
BBWI .53 6 74.16 .042
VALN .52 3 48.46 .030
SILK .52 7 42.71 .084
RF .52 2 22.44 .046
ANF .52 3 36.1 .042
RCON .51 2 1.66 .614
OCUP .51 2 3.49 .292
GFAI .51 2 1.54 .662
DYAI .51 3 3.55 .429
CPSH .51 1 3.5 .145
TIGR .50 8 5.87 .680
PATI .50 2 9.03 .110
MDIA .50 3 4.26 .351
GRTX .50 3 1.28 1.170
CBAT .50 3 1.71 .876
RKDA .49 1 1.19 .411
PSTG .49 3 31.55 .045
NRBO .49 2 1.39 .704
K .49 10 63.58 .070
IGC .49 3 1.2 1.224
GP .49 3 11.78 .123
GEVO .49 4 5.15 .380
ENLV .49 2 6.75 .144
ECHO .49 1 48.24 .010
ATHM .49 3 32.66 .045
ARMP .49 1 4.94 .099
NNDM .48 3 4.33 .330
MTTR .48 14 23.36 .280
KIRK .48 3 15.24 .093
EPU .48 3 28.3 .048
TRIL .47 1 18.44 .025
TLRY .47 4 9.15 .204
SOHU .47 6 15.6 .180
MSFT .47 114 326.19 .114
EXPR .47 5 3.47 .675
DARE .47 1 1.92 .244
CCJ .47 11 22.11 .231
BODY .47 2 2.35 .400
BAC .47 6 44.15 .060
XPEV .46 84 46.28 .756
UFAB .46 2 1.99 .462
NTEC .46 4 9.63 .188
MARK .46 4 1.15 1.600
KBSF .46 2 3.05 .300
GURE .46 1 5.21 .088
EQOS .46 1 3.3 .139
CVV .46 2 4.18 .220
CROX .46 9 158.9 .018
CONE .46 1 89.01 .005
BCLI .46 1 3.68 .125
VERU .45 4 6.18 .288
TYME .45 4 0.7399 2.432
TME .45 1 6.18 .072
ONCT .45 2 2.66 .338
EVGO .45 8 11.25 .320
CCL .45 5 18.59 .120
APT .45 1 5.13 .087
ADIL .45 2 2.64 .340
WORX .44 4 1.28 1.372
STN .44 3 55.82 .021
NNVC .44 3 4.56 .288
GALT .44 3 2.36 .558
FFHL .44 2 7.93 .110
ERF .44 1 9.91 .044
DWSN .44 2 2.33 .376
WOOF .43 3 19.46 .066
QCOM .43 13 175.45 .026
HOLI .43 1 15.11 .028
GAME .43 1 3.47 .123
EVGN .43 1 1.85 .232
CAN .43 4 5.91 .288
ATIF .43 1 3.12 .137
AFMD .43 2 6.1 .140
MU .42 8 82.45 .040
MRK .42 10 73.42 .050
KHC .42 5 34.27 .060
HRC .42 6 155.74 .012
DBGI .42 5 2.16 .970
CTSO .42 4 4.95 .336
ARMK .42 4 35.47 .044
SRNG .41 1 11.42 .035
SLB .41 6 30.01 .078
RKT .41 2 15.89 .050
PDCO .41 4 29.72 .052
KZIA .41 2 7.92 .102
HNST .41 3 8.04 .150
GTT .41 1 2.36 .173
FCX .41 24 37.37 .240
BLIN .41 8 2.52 1.296
AUUD .41 7 1.79 1.603
ACOR .41 4 2.52 .648
YJ .40 2 0.61 1.310
LIZI .40 4 1.78 .896
FBRX .40 1 2.24 .178
DUOT .40 1 4.35 .091
CTIB .40 5 1.38 1.445
CHRA .40 1 4.31 .092
LC .39 10 29.17 .130
IYC .39 4 82.48 .016
EQT .39 3 19.73 .057
CSCW .39 2 0.4949 1.576
CRTD .39 7 2.23 1.218
AQMS .39 3 1.55 .753
XOM .38 10 61.58 .060
SBH .38 3 20.23 .054
OVID .38 2 3.23 .234
OTLK .38 2 1.37 .554
MRTN .38 3 16.73 .066
GPK .38 2 20.46 .036
DNUT .38 8 15.73 .192
CIEN .38 20 61.18 .120
ANIX .38 1 3.13 .121
VTNR .37 10 4.51 .820
UONE .37 7 4.65 .553
PHUN .37 14 2.99 1.722
HUGE .37 1 1.15 .321
CHMA .37 2 3.76 .196
UAVS .36 3 2.08 .519
ORCL .36 35 88.94 .140
MRKR .36 1 1.06 .339
MITQ .36 1 2.17 .165
JFIN .36 2 2.74 .262
IDEX .36 4 1.41 1.020
GOVX .36 7 3.56 .707
GNLN .36 2 1.11 .648
GIS .36 8 64.44 .040
BNGO .36 12 3.34 1.284
AKTX .36 1 1.51 .238
ADMP .36 1 0.6901 .521
ACB .36 3 5.97 .180
VXX .35 4 25.78 .052
ORMP .35 17 15.58 .374
ORGO .35 2 9.82 .070
LMFA .35 5 5.4 .320
ERJ .35 9 14.23 .216
CLSD .35 3 3.03 .345
CIFR .35 3 6.34 .165
BSQR .35 13 1.87 2.431
AESE .35 1 1.87 .187
AAPL .35 109 165.32 .218
XELB .34 2 1.21 .560
TRIT .34 5 4.28 .395
SSNT .34 2 4.23 .160
PBR .34 9 10.75 .279
ME .34 6 7.88 .258
HWCC .34 1 5.3 .064
CYTH .34 1 4.9 .069
IMMR .33 6 5.64 .348
HNP .33 2 19.62 .032
GTS .33 1 35.69 .009
BHTG .33 1 0.8209 .401
WATT .32 2 1.43 .446
TAL .32 2 4.46 .142
SPCB .32 2 0.6046 1.058
SGBX .32 3 2.27 .420
MINM .32 2 1.25 .512
AAL .32 9 17.93 .153
XLV .31 7 131.11 .014
WINT .31 3 1.48 .627
ULBI .31 2 5.12 .120
SCYX .31 4 6.65 .184
NKLA .31 15 9.88 .465
HRL .31 7 43.03 .049
HMHC .31 2 15.35 .040
DMAC .31 2 3.61 .170
AEY .31 1 1.73 .179
TESS .30 3 5.17 .174
OXBR .30 5 5.13 .290
LGHL .30 4 1.71 .700
KR .30 17 45.11 .102
HAPP .30 1 0.63 .476
GT .30 5 21.49 .065
ENG .30 3 1.64 .546
CLSK .30 1 14.01 .021
BBIG .30 21 2.54 2.478
AUTL .30 3 5.94 .150
UWMC .29 3 6.91 .123
NEXT .29 4 3.07 .376
HUSN .29 4 2.12 .544
ALTO .29 5 4.78 .300
ACI .29 11 36.81 .077
MITO .28 1 0.7895 .354
FLO .28 6 25.68 .060
CLOV .28 2 4.33 .128
APTO .28 4 2.03 .548
WIMI .27 4 3.32 .324
RSLS .27 4 1.81 .596
NAOV .27 11 1.14 2.596
MGTX .27 1 17.05 .015
GSM .27 7 6.08 .308
FENC .27 2 4.19 .128
ENVB .27 3 1.18 .684
ABUS .27 7 3.71 .504
VIVE .26 2 1.46 .356
PPBT .26 1 3.99 .065
PME .26 1 0.82 .317
JQUA .26 1 43.65 .005
AXLA .26 2 2.49 .208
AGNC .26 3 15.65 .048
VCLO .25 1 16.0488 .015
PBLA .25 1 1.75 .142
HIPO .25 2 2.94 .170
RVI .24 2 6.02 .078
RAIL .24 4 3.66 .260
PLG .24 3 2.03 .354
MOGO .24 4 4.36 .220
IKT .24 1 1.55 .154
GBR .24 1 2.61 .091
CPIX .24 4 6.94 .136
PIRS .23 7 3.26 .490
OCG .23 4 4.11 .220
THTX .22 1 3.19 .068
SSKN .22 1 1.41 .156
SPWH .22 3 12.95 .048
JFU .22 3 1.13 .582
INOV .22 2 41.06 .010
FFIE .22 2 5.28 .082
DYNT .22 5 1.05 1.045
BIOC .22 4 3.7 .236
VIEW .21 1 4.05 .051
VBLT .21 3 2.06 .303
TENX .21 1 1.16 .181
LTHM .21 15 27.2 .105
BP .21 5 27.33 .035
AZN .21 16 55.41 .048
ATOS .21 5 2.01 .520
ANY .21 20 3.99 1.040
ALAC .21 2 11.63 .036
SALM .20 4 2.88 .276
ENSV .20 1 0.936899 .213
NBEV .19 1 1.14 .166
MOMO .19 3 9.33 .060
FLGC .19 6 2.1 .540
COTY .19 8 9.8 .152
BKYI .19 2 2.34 .162
BGI .19 3 4.8 .117
AEHR .19 29 14.89 .348
VSH .18 3 20.84 .024
OBSV .18 5 2.03 .440
IRIX .18 4 6.03 .116
FCEL .18 130 7.195 3.250
BLNK .18 14 32.44 .070
YPF .17 2 3.99 .084
TISI .17 1 1.29 .131
PPC .17 2 27.95 .012
PETZ .17 4 4.63 .144
LIVX .17 2 3.07 .110
KXIN .17 6 1.45 .702
GMTX .17 1 2.56 .066
D .17 9 74.29 .018
AHPI .17 1 5.17 .032
SNES .16 2 1.0299 .310
ON .16 11 61.92 .022
INFI .16 4 2.08 .304
IMMP .16 7 3.1 .357
HFBL .16 1 19.75 .008
GGAL .16 4 9.39 .068
ZNGA .15 4 6.21 .096
IMV .15 2 1.4 .214
GSKY .15 2 11.64 .024
GRUB .15 3 11.07 .039
CREX .15 1 1.51 .099
CHNG .15 2 20.47 .014
SYKE .14 3 54 .006
OEG .14 1 2.47 .056
NXTP .14 1 0.9258 .151
INM .14 1 1.48 .094
IEC .14 1 15.34 .009
EDU .14 1 1.85 .075
XLP .13 8 72.83 .008
TTM .13 11 30.8 .044
SVBI .13 1 13.63 .009
OSMT .13 4 1.11 .468
LMRK .13 1 16.27 .007
GENE .13 3 2.02 .192
VERB .12 8 1.45 .656
SSL .12 18 17.92 .108
SBBP .12 2 2 .120
PSTX .12 1 6.74 .017
MRO .12 18 15.6 .126
HDGE .12 3 25.15 .012
GSAT .12 2 1.23 .194
CRON .12 5 4.32 .135
CHNR .12 4 0.821 .584
UNIT .11 3 13.31 .024
TELL .11 9 3.31 .297
SNMP .11 2 0.66 .332
MOHO .11 3 0.4245 .777
GBS .11 1 1.57 .070
FENG .11 2 0.91 .240
FAST .11 6 62 .006
ET .11 6 8.18 .078
EKSO .11 2 3.06 .070
CSPR .11 1 6.44 .017
CALA .11 1 0.732 .150
ACHV .11 2 6.85 .032
SWN .10 3 4.91 .060
SLHG .10 1 1.47 .068
RRD .10 7 10.45 .063
RCAT .10 2 1.98 .100
RAVN .10 3 58.08 .003
KDMN .10 4 9.5 .040
EDTK .10 2 1.01 .198
CNFR .10 2 2.26 .088
AGEN .10 12 3.03 .396
XPDI .09 13 11.4 .091
XELA .09 7 1.07 .588
WTER .09 2 1.25 .144
TEDU .09 2 0.55 .326
TAAG .09 1 20.9494 .004
SELF .09 1 5.36 .016
SBS .09 9 6.68 .117
RIG .09 6 2.92 .180
PRPO .09 3 1.8 .150
AEMD .09 3 2.08 .129
AEI .09 2 0.6302 .284
TEO .08 2 4.99 .032
MTL .08 13 2.89 .351
MBII .08 1 0.6838 .116
LPTX .08 1 2.4 .033
CLDR .08 1 15.99 .005
BQ .08 2 1.2 .132
OCG .07 13 4.11 .221
NEPT .07 2 0.425 .328
ITRO .07 1 1.27 .055
ITRN .07 3 25.3 .006
DBVT .07 11 2.81 .264
CPLG .07 1 15.33 .004
CPG .07 7 4.82 .098
ALZN .07 1 1.98 .035
XBIO .06 8 1.35 .352
VSTM .06 2 2.38 .050
OXY .06 31 29.84 .062
KULR .06 7 2.91 .140
ESXB .06 2 11.3 .010
ENIC .06 1 2.08 .028
ADMS .06 2 8.22 .014
ULTA .05 12 390.02 0
MFGP .05 5 4.57 .050
MDNA .05 8 1.57 .248
FRO .05 13 6.89 .091
FRBK .05 1 3.455 .014
PSP .04 3 15.54 .006
PBT .04 2 9 .008
NOK .04 6 5.69 .042
IRCP .04 4 2.36 .064
CXP .04 1 19.26 .002
CDEV .04 4 6.15 .024
AVGR .04 7 0.5375 .518
VTGN .03 5 1.69 .085
VCAR .03 1 15.46 .001
SNDL .03 1 0.5744 .052
SLVO .03 4 4.97 .024
SIC .03 1 14.49 .002
RTLR .02 9 10.97 .009
NWHM .02 1 8.99 .002
KIN .02 2 9.25 .004
EIC .02 2 17.92 .002
DSE .02 1 9.49 .002
PMD .01 1 7 .001
INFL .01 2 29.99 0
IACB .01 3 7.95 .003
DFP .01 3 27.56 0
BEST .01 3 0.8715 .033
WMPN 0 4 12 0
QQC 0 2 32.58 0
QADB 0 4 87.54 0
PAE 0 1 9.91 0
ONON 0 1 51.42 0
NLSP 0 1 1.3 0
LHAA 0 1 9.76 0
HWBK 0 1 23.86 0
EPAY 0 1 44.18 0
DVD 0 1 3.6 0
APWC 0 1 2.99 0
NSYS -.12 1 10.26 -.011
