EJH 5.21 6 2.78 11.244
LAIX 2.29 3 0.8779 7.824
SCPS 3.34 7 4.26 5.488
AACG 2.67 4 2.44 4.376
CPOP 3.24 4 3.08 4.204
NVOS 2.75 3 2.08 3.966
NEGG 3.00 20 15.7 3.820
DPW 2.61 3 2.31 3.387
FCEL .17 129 6.66 3.225
VRPX 1.77 9 5.08 3.132
AUVI 3.42 6 6.74 3.042
EEIQ 5.44 4 7.94 2.740
AAME 2.47 4 3.8 2.600
JAN 3.24 5 6.36 2.545
JZXN 1.63 4 2.57 2.536
NRXP 3.86 6 10.14 2.280
SIEB 2.59 3 3.41 2.277
KOSS 5.35 7 17.11 2.184
JG 1.96 2 1.8 2.176
EYES 1.22 6 3.38 2.160
CEMI .75 7 2.65 1.981
INDP 4.08 4 8.42 1.936
SGOC 1.48 8 6.38 1.848
BSQR .35 13 2.5 1.820
TYME .45 4 1.02 1.764
CARV 3.92 6 13.94 1.686
AMC 1.23 55 40.08 1.650
RMED 1.60 3 3 1.599
HGSH 1.16 2 1.55 1.496
SAVA 3.25 24 52.31 1.488
AREC .72 4 1.97 1.460
NAOV .27 11 2.04 1.452
TAOP 1.35 3 2.79 1.449
GRTS 3.97 4 11.34 1.400
BTBT 1.92 7 9.59 1.400
SPRT .81 20 11.8 1.360
BIDU 1.78 117 159.88 1.287
LGHL 1.46 1 1.17 1.247
GME 2.99 82 190.14 1.230
EVK .60 6 2.92 1.230
SJ 2.48 2 4.06 1.220
FTEK 1.03 2 1.7 1.210
BBIG .49 16 6.57 1.184
ALYA 1.03 3 2.69 1.146
NCTY 2.63 5 11.51 1.140
WAVE 2.15 4 7.63 1.124
SSY .91 3 2.43 1.122
NMRD 2.22 3 5.94 1.119
SPCE 1.29 22 25.53 1.100
MRIN 2.01 5 9.21 1.090
YJ .40 2 0.7433 1.076
AUUD .54 5 2.53 1.065
NVFY .73 3 2.1 1.041
CETX 1.20 1 1.17 1.025
PHUN .20 5 0.985 1.015
BNTC 2.05 2 4.07 1.006
AGRI 2.32 1 2.31 1.004
CTIB .64 3 1.912 1.002
OCGN 2.50 3 7.5 .999
PMCB 1.11 3 3.38 .984
NIO .48 75 35.7 .975
NURO 1.31 9 12.12 .972
IGC .49 3 1.52 .966
PBTS 1.24 1 1.29 .961
MTSL 1.08 3 3.37 .960
XPEV .46 80 36.95 .960
BB .84 11 9.56 .957
CHCI 2.31 2 4.85 .952
UPC .73 3 2.37 .924
SYPR 1.65 2 3.61 .914
WAFU 1.94 3 6.38 .912
PALI .71 3 2.35 .906
CSCW .39 2 0.883 .882
DLPN 2.68 4 12.16 .880
LHDX 2.15 3 7.37 .873
RETO .66 1 0.755151 .873
WHLM 1.59 3 5.48 .870
ACRS 2.12 7 17.33 .854
CNET 1.11 1 1.3 .853
PTIX .84 2 1.97 .852
NVDA 1.39 139 219.41 .834
ASM .69 1 0.83 .831
EYEG 1.45 1 1.83 .792
EBET 5.51 4 28.05 .784
SNAP .58 112 78.6 .784
SNOA 1.43 3 5.5 .780
WORX .44 4 2.27 .772
TPST 2.81 4 14.85 .756
PRFX 2.29 1 3.05 .750
LMNL .65 3 2.59 .750
DYNT .22 5 1.46 .750
MOXC 1.77 3 7.23 .732
ENOB 1.70 3 6.98 .729
VVOS .78 4 4.29 .724
TSLA 4.08 144 751.94 .720
BNGO .36 11 5.46 .715
BLIN .45 7 4.4 .714
OSAT 1.82 2 5.14 .708
WEI .57 1 0.81 .703
EVOL 1.45 1 2.07 .700
ANVS 3.73 6 32.68 .684
KALV 3.18 4 18.6 .680
AVXL 2.41 5 17.64 .680
IDEX .36 4 2.13 .676
VERY 1.85 3 8.32 .666
CRTD .66 3 2.99 .660
ZCMD 1.01 1 1.555 .649
NBRV .76 1 1.18 .644
HOFV .98 2 3.05 .642
SCKT 1.43 3 6.73 .636
SPCB .32 2 1.01 .632
ANPC 1.24 2 3.96 .626
XELA .21 6 2.01 .624
CANF 1.04 1 1.6667 .623
RIDE .85 5 6.84 .620
BBBY 1.22 12 23.47 .612
IMPL 2.05 4 13.4 .608
AEHR .48 15 11.9 .600
DBGI .48 3 2.43 .591
MOHO .11 3 0.562 .585
SPI 1.60 2 5.48 .582
MNOV 1.12 2 3.87 .578
DTST 2.61 1 4.55 .573
LODE 1.63 1 2.84 .573
TERN 2.05 3 10.78 .570
HGEN 1.21 3 6.39 .567
STAF .58 2 2.05 .564
OBLN .56 3 3.05 .549
MBRX 1.60 1 2.93 .546
CBAT .70 2 2.56 .546
IRNT 4.02 4 29.41 .544
OXBR .30 5 2.82 .530
VTNR .51 6 5.78 .528
ENG .53 2 2.01 .526
COHN 2.68 4 20.4 .524
FULC 3.74 4 28.58 .520
XTLB 2.18 1 4.22 .516
GTEC 1.57 2 6.1 .514
NVAX 14.88 8 232.01 .512
LWAC 2.17 4 16.98 .508
MEDS .53 5 5.21 .505
SOS .61 2 2.43 .502
ALEC 3.14 4 25 .500
ANY .32 10 6.35 .500
OPTT 1.10 1 2.22 .495
ZEV 1.49 3 9.12 .489
HUSN .29 4 2.38 .484
ATXI .74 1 1.53 .483
BABA .88 96 151.89 .480
WINT .31 3 1.93 .480
ORPH .73 3 4.57 .477
ADGI 5.39 4 44.92 .476
APOP .69 4 5.76 .476
HTBX 1.46 2 6.15 .474
ERYP 1.39 2 5.9 .470
HOOD 1.85 12 46.88 .468
ATNF .90 3 5.8 .465
NEXT .37 3 2.38 .465
OPAD 2.54 2 10.93 .464
GRVI .74 3 4.79 .462
LEDS 1.87 2 8.14 .458
ZKIN .71 2 3.09 .458
LIZI .40 4 3.49 .456
DTSS .87 1 1.93 .450
APRE 2.02 1 4.5 .448
HX .78 1 1.74 .448
KNBE 2.69 4 24.31 .440
ADMA .54 1 1.24 .435
MVIS 2.70 2 12.44 .434
FGEN 2.21 2 10.18 .434
IPHA .78 4 7.2 .432
JCS 1.40 3 9.74 .429
AQMS .43 2 2.03 .422
XELB .34 2 1.61 .422
APTO .55 2 2.61 .420
AMBO .61 1 1.51 .403
GLSI 4.33 4 43.69 .396
TQQQ .54 132 137.57 .396
TRCH .98 2 4.95 .394
RAPT 3.42 4 34.82 .392
CHNR .12 4 1.215 .392
KMPH 1.70 2 8.79 .386
JFU .22 3 1.73 .381
RSLS 1.08 1 2.84 .380
RCON 1.01 1 2.68 .376
ACOR .41 4 4.36 .376
BILI 1.28 22 73.78 .374
SLGG 1.26 1 3.38 .372
LEXX 2.49 1 6.72 .370
NNOX 2.21 4 23.83 .368
GEG .90 1 2.46 .365
UFAB .46 2 2.525 .364
DWSN .96 1 2.64 .363
PME .26 1 0.719 .361
MVST 1.01 4 11.15 .360
KXIN .21 5 2.91 .360
VERB .11 6 1.83 .360
WATT .77 1 2.17 .354
MINM .32 2 1.81 .352
GALT .44 3 3.75 .351
NKLA .28 14 11.06 .350
WHLR .54 2 3.1 .348
ADMP .36 1 1.04 .346
TATT .65 3 5.63 .345
ENVB .27 3 2.33 .345
AVGR .04 7 0.8121 .343
OTLK .78 1 2.3 .339
BCRX .87 6 15.39 .336
WPRT .58 2 3.44 .336
CERE 2.10 5 30.97 .335
AYRO 1.18 1 3.55 .332
GOVX .29 5 4.34 .330
ARPO .72 1 2.2 .327
TRIT .58 3 5.31 .327
ONCS .68 1 2.09 .325
DQ 3.27 6 61.07 .318
ENTX .77 2 4.83 .318
GDEV 2.41 1 7.6 .317
LMFA .33 4 4.13 .316
WNW 1.34 1 4.28 .313
IPA 1.04 2 6.71 .308
GEVO .49 4 6.3 .308
MTP .56 1 1.83 .306
PSTV .60 1 1.97 .304
ENZ .54 2 3.55 .304
ATOS .26 4 3.38 .304
VBLT .32 2 2.11 .302
ORMP .62 10 20.25 .300
LJPC .62 2 4.11 .300
HAPP .30 1 1 .300
RHE 1.27 2 8.48 .298
ARAV 1.21 1 4.07 .297
DDD 1.09 8 29 .296
BTCM .72 4 9.71 .296
WISH .58 3 5.91 .294
LIFE 1.69 2 11.52 .292
ALF 1.08 2 7.39 .292
CRIS 1.20 2 8.27 .290
VOXX 1.74 2 12.13 .286
KBSF .46 2 3.21 .286
PLG .61 1 2.15 .283
PIRS .31 5 5.46 .280
LOOP 1.57 2 11.27 .278
GRU 1.18 1 4.245 .277
LAZR 2.31 2 16.82 .274
GNLN .36 2 2.62 .274
QFIN .76 8 21.74 .272
DYAI .51 3 5.62 .270
DARE .47 1 1.75 .268
UAVS .83 1 3.12 .266
BPTH 1.44 1 5.42 .265
TIGR .66 5 12.42 .265
TELL .18 5 3.35 .265
SLS 2.74 1 10.36 .264
PLUG .89 8 26.92 .264
AMTX 1.20 3 13.77 .261
OBSV .28 3 3.19 .261
NNVC .75 2 5.75 .260
SKLZ .97 3 11.24 .258
ALDX 2.06 1 8.14 .253
IMMP .32 3 3.81 .249
IGIC 2.12 1 8.6 .246
BYSI 1.25 3 15.15 .246
IMTX 1.15 3 13.9 .246
NEPT .07 2 0.572 .244
KODK 1.72 1 7.06 .243
ACY .64 16 42.31 .240
NRBO .49 2 4.06 .240
HUGE .37 1 1.54 .240
SNMP .11 2 0.9239 .238
RKDA .49 1 2.06 .237
FLGC .64 2 5.38 .236
TSP 1.75 5 37.23 .235
NNDM .48 3 6.12 .234
SQBG .73 2 6.24 .232
EXPR .31 4 5.28 .232
UONE .59 3 7.61 .231
BHTG .33 1 1.44 .229
AFRM 4.41 6 114.07 .228
AVCT .60 1 2.66 .225
CAN .43 4 7.62 .224
MDNA .08 7 2.49 .224
OVID .38 2 3.4 .222
FCX .44 17 31.56 .221
SE 7.69 10 337.31 .220
VIVE .52 1 2.38 .218
KSS 1.96 6 53.36 .216
ONCT .45 2 4.2 .214
AAPL .40 107 145.85 .214
KULR .52 1 2.44 .213
LYEL 2.40 1 11.29 .212
RAIL .24 4 4.52 .212
BON 2.06 1 9.78 .210
RLMD 2.04 3 28.78 .210
BTX 2.04 1 9.73 .209
AKTX .36 1 1.72 .209
GPN 4.22 8 161.13 .208
MESO 1.26 1 6.04 .208
XBIO .06 8 2.28 .208
SNES .16 2 1.55 .206
MRKR .36 1 1.75 .205
HOL 2.52 1 12.35 .204
SKT 1.76 2 17.19 .204
FB .87 102 343.21 .204
SDC .64 2 6.26 .204
ADIL .45 2 4.39 .204
COTY .43 4 8.32 .204
GSM .26 6 7.58 .204
EOSE 1.39 2 13.72 .202
CMMB 1.24 2 12.17 .202
CVV .46 2 4.55 .202
AESE .35 1 1.73 .202
CRDF 1.40 1 6.95 .201
VERU .59 3 8.76 .201
CARA 1.57 2 15.63 .200
RNXT .73 2 7.34 .198
VTSI 1.97 1 9.98 .197
OCUP 1.04 1 5.27 .197
CHMA .37 2 3.76 .196
OCG .21 4 4.2048 .196
ZM 4.42 13 277.95 .195
BNR 1.96 2 20.37 .192
MTL .25 3 3.9 .192
STG 1.13 1 5.89 .191
BGI .47 1 2.46 .191
MITO .28 1 1.46 .191
IMNM 2.21 2 23.07 .190
BNTX 7.14 9 339.26 .189
CLPS .56 1 2.96 .189
CLPS .56 1 2.96 .189
DOCS 3.99 4 84.29 .188
NTEC .46 4 9.63 .188
JFIN .36 2 3.82 .188
AMZN 8.07 92 3380.05 .184
ISEE 1.48 2 16 .184
VNET 1.13 3 18.44 .183
W 7.31 7 277.57 .182
PATI 2.15 1 11.76 .182
PATI 2.15 1 11.76 .182
RRD .40 2 4.35 .182
OCG .06 13 4.2048 .182
SCR 2.08 3 34.48 .180
HUYA .53 3 8.75 .180
OSMT .18 3 2.96 .180
OCX .70 1 3.95 .177
ACB .36 3 6.01 .177
ALTO .28 3 4.67 .177
ZG 4.16 4 94.06 .176
NVCR 2.99 8 131.12 .176
CLII 2.53 1 14.36 .176
MARA .58 11 35.7 .176
ENSV .20 1 1.13 .176
INFI .16 4 3.63 .176
OSTK 2.20 6 75.71 .174
ZY .78 3 13.38 .174
GTT .41 1 2.36 .173
BWAY 1.35 1 7.83 .172
BLUW .83 2 9.63 .172
IMV .15 2 1.75 .170
UPST 4.78 12 323.51 .168
SQ 2.23 21 261.07 .168
OPNT 2.02 2 24 .168
CLF .48 7 19.98 .168
FENG .11 2 1.3 .168
ENSC .72 1 4.31 .167
TTD 2.55 5 75.58 .165
FIGS 2.11 3 37.75 .165
TENX .21 1 1.27 .165
RBLX 3.40 4 81.18 .164
KURA 1.66 2 20.2 .164
CELC 1.58 2 19.19 .164
WIMI .69 1 4.21 .163
IAC 5.23 4 129.8 .160
GIII 2.35 2 29.17 .160
DMAC .31 2 3.87 .160
EDTK .10 2 1.24 .160
GRTX 1.18 1 7.5 .157
TASK 3.03 4 77.42 .156
BGFV .70 6 26.75 .156
ZLAB 3.76 5 118.33 .155
IRIX .35 3 6.85 .153
CLSD .35 3 6.76 .153
TVTX 1.79 2 23.55 .152
ACHL .89 1 5.85 .152
MRNA 2.70 25 440.72 .150
EDSA 1.24 1 8.24 .150
VCVC 1.46 1 9.85 .148
AMD 2.21 7 104.38 .147
MOSY .76 1 5.14 .147
GTIM .74 1 5.01 .147
EVGN .43 1 2.92 .147
CTSO .41 3 8.26 .147
MOGO .23 3 4.65 .147
DPZ 9.03 8 495.52 .144
PDD 3.58 4 97.6 .144
LTHM .60 6 24.53 .144
AAL .38 8 20.52 .144
AZYO 1.08 1 7.52 .143
LI 1.94 2 27.31 .142
BODY .47 2 6.53 .142
JRJC .70 1 4.95 .141
OLB .65 1 4.6 .141
CELH 3.33 4 93.9 .140
M .64 5 22.63 .140
KR .42 14 40.1 .140
GSAT .12 2 1.7 .140
NIU 1.17 3 25.31 .138
SCYX .79 1 5.69 .138
FSTX 1.04 1 7.57 .137
AFMD .87 1 6.34 .137
ORGS .70 1 5.08 .137
SPLK 5.11 4 149.89 .136
FLGT 3.14 4 90.21 .136
CYTK 2.32 2 33.84 .136
VLDR .86 1 6.29 .136
ORCL .37 34 88.44 .136
GPS .64 5 23.63 .135
ASTR .41 3 9.03 .135
HJLI 1.27 1 9.41 .134
BCLI .46 1 3.41 .134
MARK .08 2 1.18 .134
EXPI 2.14 3 48.18 .132
FUV 1.54 1 11.62 .132
NLS 1.33 1 10.03 .132
DNUT .63 3 14.16 .132
TLRY .52 3 11.63 .132
ARMP .49 1 3.6899 .132
TAL .32 2 4.8 .132
VIH 1.31 1 10.07 .130
NBEV .19 1 1.46 .130
IMAB 3.30 3 76.57 .129
AMEH 2.90 4 90.29 .128
GENE .22 2 3.4 .128
SIF 1.16 1 9.11 .127
AEY .31 1 2.43 .127
IRDM 2.75 2 43.58 .126
LEGN 1.93 3 45.57 .126
MAT 1.28 2 20.08 .126
SOHU .47 6 21.86 .126
THCB 1.25 1 10 .125
OXY .15 25 26.75 .125
NETE 1.05 1 8.43 .124
JWN 1.19 3 28.49 .123
SSKN .22 1 1.8 .122
ENPH 4.87 4 158.21 .120
CRMT 3.67 4 121.31 .120
FLWS 2.02 2 33.63 .120
DLO 1.91 4 62.61 .120
RUN 1.35 4 44.68 .120
MAXR 1.20 3 29.55 .120
ATIF .43 1 3.56 .120
TEDU .09 2 1.49 .120
SAM 9.40 7 522.35 .119
FBRX .40 1 3.34 .119
CCJ .84 3 21.01 .117
IKT .24 1 2.04 .117
ARVN 2.76 4 93.69 .116
SBBP .12 2 2.06 .116
TESS .64 1 5.53 .115
WTER .09 2 1.57 .114
DE 4.88 8 340.84 .112
SHEN 1.68 2 29.92 .112
AGEN .10 7 6.03 .112
LIVE 1.37 3 36.42 .111
FRD 1.28 1 11.53 .111
DKS 2.98 5 134.77 .110
NGM 1.25 2 22.41 .110
GMBL .80 1 7.27 .110
LIVX .17 2 3.08 .110
DDL 2.53 1 23.14 .109
PBLA .25 1 2.28 .109
PRTA 2.11 4 76.06 .108
RIOT 1.57 2 28.73 .108
DAL 1.14 4 41.59 .108
MSFT .47 108 298.58 .108
SRNE .85 1 7.99 .106
GP .49 3 13.8 .105
REGN 8.57 8 647.06 .104
CREE 2.28 4 86.4 .104
SEMR 1.48 2 27.94 .104
APXT 1.27 1 12.11 .104
CCL .63 4 23.61 .104
CIEN .34 17 50.9 .102
ABSI 1.13 1 11.12 .101
NFLX .98 101 590.65 .101
TWST 2.44 5 120.92 .100
DELL 2.08 5 99.27 .100
HCM .93 4 36.14 .100
LBPH .92 1 9.19 .100
SSNT .66 1 6.57 .100
STX 2.76 3 82.94 .099
CLSK 1.17 1 11.76 .099
MRO .11 11 12.02 .099
AEO 1.32 2 26.71 .098
GRVY 2.33 4 93.38 .096
VSCO 1.95 3 59.99 .096
MSGE 1.88 4 76 .096
CAH 1.64 3 51.01 .096
BTWN .95 1 9.8 .096
CPSH .51 1 5.35 .095
GURE .46 1 4.8 .095
DBVT .10 5 5.08 .095
VIR 2.19 2 45.99 .094
MFNC 2.04 1 21.5 .094
AXLA .29 1 3.07 .094
TJX 2.22 3 69.53 .093
LYFT 1.70 3 54.69 .093
HPQ .88 3 27.59 .093
PRPL .70 3 22.49 .093
BKYI .32 1 3.41 .093
PRPO .09 3 2.9 .093
BBY 2.48 4 106.8 .092
MTTR 1.03 2 22.38 .092
UAA .97 2 20.76 .092
MDIA .39 2 8.4 .092
ACI .57 5 30.26 .090
VNE .55 6 34.49 .090
STEM .47 5 25.72 .090
FFHL .44 2 9.695 .090
MBII .08 1 0.89 .089
MDB 5.88 8 510.68 .088
ROLL 4.42 4 199.57 .088
LAW 2.18 2 49.25 .088
CSIQ 1.59 2 35.34 .088
JRVR 1.48 2 33.51 .088
CHRA .40 1 4.52 .088
CRON .13 4 5.9 .088
DOMO 2.40 3 82.29 .087
RRGB 1.93 1 22.1 .087
VRNT 1.94 2 44.22 .086
BKE 1.86 2 42.51 .086
ENLV .49 2 11.39 .086
DASH 2.82 7 217.66 .084
RL 2.38 4 113.25 .084
AA 1.37 3 47.95 .084
JPM 1.20 12 155.91 .084
CLNE .67 1 8.13 .082
ULBI .31 2 7.41 .082
USB 1.60 3 57.92 .081
SSL .15 9 16.51 .081
CAT 3.91 4 191.35 .080
ABNB 2.80 5 169.96 .080
XBI 2.65 4 130.62 .080
AN 2.58 4 125.6 .080
COP 1.03 5 62.26 .080
IMMR .28 2 7 .080
UWMC .55 1 6.9 .079
JD 2.03 3 75.92 .078
UBER 1.78 2 44.87 .078
PINS 1.45 3 54.18 .078
BAC 1.08 3 40.14 .078
EQ .53 1 6.73 .078
ANIX .38 1 4.86 .078
SBS .19 3 7.06 .078
AUTL .51 1 6.61 .077
XLNX 3.06 4 153.82 .076
VMW 2.68 4 138.37 .076
ARCE 1.78 1 23.13 .076
WFC .91 4 47.08 .076
INM .14 1 1.84 .076
CNFR .10 2 2.61 .076
RMBL 2.58 1 34.82 .074
ZIM 2.07 2 55 .074
TDC 1.99 2 52.94 .074
YEXT .91 1 12.32 .073
RGEN 5.79 4 313.1 .072
SEDG 5.15 4 282 .072
SITM 4.31 4 228.9 .072
LLY 4.31 4 228.3 .072
LOW 3.95 4 208.89 .072
DDS 2.64 6 209.99 .072
EAT 1.81 2 50.09 .072
CTRN 1.79 3 74.17 .072
EDIT 1.47 3 59.11 .072
APP 1.37 4 73.08 .072
C 1.23 4 68.24 .072
KZIA .41 2 11.1403 .072
MRTN .38 3 15.64 .072
RIG .12 2 3.26 .072
AEI .09 2 2.45 .072
TBLA .70 1 9.85 .071
CLOV .56 1 7.88 .071
FISV 1.58 5 108.69 .070
SFIX 1.46 2 41.01 .070
MS 1.45 5 100.8 .070
HOG 1.32 2 37.7 .070
CSCO .56 7 55.52 .070
EDU .14 1 1.99 .070
EOLS .55 1 7.95 .069
ROKU 5.65 4 324.77 .068
NEWR 2.60 2 75.57 .068
APPS 2.45 2 70.41 .068
DKNG 1.84 2 52.63 .068
BQ .08 2 2.29 .068
EVGO .55 1 8.1 .067
KIRK 1.21 1 18.27 .066
ATAI 1.09 1 16.35 .066
CGC .94 1 14.17 .066
SBH .56 2 16.67 .066
YPF .31 1 4.66 .066
SNOW 4.31 5 315.11 .065
DFH 1.18 1 17.99 .065
GT 1.09 1 16.64 .065
SONO .50 5 36.89 .065
AMGN 3.47 4 213.64 .064
ADI 2.86 4 173.85 .064
MDT 2.17 4 128.91 .064
TGT 2.11 8 241.77 .064
STRO .65 2 19.76 .064
K .51 8 63.22 .064
HWCC .34 1 5.3 .064
UNH 3.25 9 408.7 .063
FLOW 1.65 3 77.29 .063
DUOT .40 1 6.31 .063
FRO .06 9 8.18 .063
TNA 2.70 2 84.81 .062
DOCN 2.65 2 85.08 .062
DXC 2.19 1 34.78 .062
VLO 2.03 2 65.32 .062
SLV 1.32 1 20.99 .062
GBR .24 1 3.83 .062
ABCL 1.31 1 21.34 .061
WDAY 4.30 4 270.71 .060
UPS 2.33 5 185.3 .060
PKG 2.16 4 140.74 .060
GH 2.04 4 131.27 .060
DIS 1.79 6 173.65 .060
AMAT 1.73 5 138.1 .060
FITB .82 3 39.05 .060
INTC .68 5 53.5 .060
T .56 3 27.01 .060
TME .45 1 7.44 .060
LC .30 6 27.48 .060
PFGC 2.74 1 46.26 .059
SMLP 2.15 1 36.25 .059
MNSO .82 1 13.72 .059
CLDX 1.59 2 54.29 .058
SPTN .60 2 20.48 .058
GGAL .57 1 9.7 .058
THTX .22 1 3.75 .058
IRCP .17 1 2.93 .058
BYND 2.26 3 113.78 .057
ATVI 1.42 3 72.81 .057
BZUN 1.12 1 19.56 .057
BIIB 4.30 4 289.32 .056
ZS 3.95 4 277.7 .056
WSM 2.77 4 189.91 .056
HAS 2.68 2 94.31 .056
NTAP 2.52 2 89.98 .056
FANG 2.44 2 84.38 .056
TSN 2.17 2 75.48 .056
IBM 2.00 4 134.63 .056
CHKP 1.71 4 114.25 .056
QCOM 1.18 7 133.01 .056
PLTR .77 2 27.43 .056
PSTG .74 2 26.39 .056
FUBO .74 2 26.16 .056
XONE .67 2 23.32 .056
WMT .67 14 142.69 .056
ADSK 3.38 5 286.42 .055
SUPN 1.50 1 27.11 .055
ITRO .07 1 1.27 .055
KMB 2.44 3 133.44 .054
SI 1.88 3 102.02 .054
JKS 1.26 2 46.56 .054
TTCF 1.07 1 19.57 .054
YMM .89 1 16.35 .054
CPG .11 2 3.93 .054
PPBT .26 1 4.85 .053
MA 4.60 4 343.41 .052
CI 2.73 4 201.99 .052
DLTR 2.23 2 85.25 .052
STT 2.22 2 83.15 .052
ACMR 1.37 4 102.26 .052
TAP 1.23 2 45.63 .052
RSI 1.01 1 19.22 .052
ZNGA .20 2 7.6 .052
ASAN 2.05 3 119.49 .051
TTC 1.75 3 98.44 .051
YETI 1.72 3 97.99 .051
VMEO 1.70 1 32.91 .051
CRCT 1.61 1 31.11 .051
ECOM 1.37 1 26.6 .051
LL 1.01 1 19.65 .051
VIPS .66 1 12.73 .051
ARMK .56 3 32.17 .051
FL 2.53 1 50.58 .050
LOGI 2.48 2 98.02 .050
SKX 2.32 1 45.85 .050
FATE 1.76 2 68.89 .050
TWTR 1.66 2 64.25 .050
RKT .84 1 16.68 .050
SBTX .57 1 11.25 .050
KO .56 5 54.13 .050
KDMN .23 2 8.86 .050
PBR .10 5 9.98 .050
GS 3.08 7 385.47 .049
CRNC 2.46 2 102.07 .048
BHVN 2.23 3 134.01 .048
GWRE 1.92 3 117.51 .048
MYGN 1.67 1 34.47 .048
MOS 1.62 1 33.18 .048
CVS 1.40 3 83.86 .048
APPN 1.29 4 102.23 .048
LUV .83 3 50.65 .048
VXX .46 3 27.07 .048
CALA .11 1 2.26 .048
FA .96 1 20.15 .047
FTCH 1.88 1 40.16 .046
ANF 1.79 1 38.82 .046
SWI .79 1 16.84 .046
TSCO 3.34 3 211.87 .045
UHS 2.31 3 145.65 .045
TMUS 2.01 3 127.73 .045
LMT 1.95 9 341.73 .045
HD 1.71 9 335.93 .045
A 1.59 5 172.44 .045
PG 1.37 5 143.6 .045
QADB 1.34 3 87.08 .045
CHPT .93 1 20.32 .045
BBWI .64 5 66.42 .045
MRVL .61 5 62.67 .045
AMRS .60 1 13.23 .045
XLE .48 5 48.81 .045
OEG .14 1 3.05 .045
LIN 3.48 4 306.06 .044
ABT 2.75 2 124.65 .044
HON 2.39 4 217.02 .044
AVIR 1.41 1 31.57 .044
RF .86 1 19.52 .044
FLO .52 2 23.12 .044
WOOF .51 2 22.39 .044
AGNC .36 2 16.21 .044
EKSO .20 1 4.46 .044
BIOC .09 2 4.07 .044
SNDL .03 1 0.6972 .043
LPX 2.53 1 59.97 .042
CM 2.39 2 112.59 .042
PTON 2.02 2 94.55 .042
OTIS 1.81 2 84.29 .042
ROST 1.70 3 114.19 .042
BZ 1.59 1 37.56 .042
MMM 1.40 6 179.84 .042
NKE 1.22 6 157.44 .042
SJM .77 7 120.57 .042
PDCO .67 2 30.47 .042
EPU .58 2 26.37 .042
TBIO .53 3 37.36 .042
XOM .40 6 55.21 .042
ORGO .35 2 16.08 .042
MFGP .11 2 5.2 .042
VTGN .04 3 2.8 .042
JBL 2.52 1 60.33 .041
GNOG .78 1 18.88 .041
ERJ .66 1 16.06 .041
ASML 5.17 8 864.74 .040
COST 4.91 4 452.33 .040
SNPS 3.38 4 320.52 .040
LH 2.92 4 291.46 .040
EL 2.69 5 318.56 .040
SCHW 1.41 2 70.4 .040
WGO 1.39 2 66.85 .040
OLLI 1.29 2 64.45 .040
ALLO 1.04 1 25.67 .040
ATHM .86 2 41.12 .040
MU .79 4 73.97 .040
COUR 1.39 1 35.21 .039
SLB 1.08 1 27.15 .039
BEKE .69 1 17.6 .039
GBS .11 1 2.77 .039
AMKR 1.03 1 26.61 .038
EGRX 1.01 2 51.45 .038
MO .93 2 48.24 .038
LZB .64 2 33.57 .038
ET .18 2 9.25 .038
GMTX .17 1 4.45 .038
AEMD .10 2 5.06 .038
ON 1.84 1 48.6 .037
FCBP 1.08 1 29.1 .037
VIEW .21 1 5.65 .037
LAD 3.10 4 335.82 .036
TTWO 2.75 2 145.25 .036
NXPI 2.70 3 213.08 .036
SPT 2.57 2 136.41 .036
PLD 2.38 2 130.01 .036
V 2.19 4 222.75 .036
ESTC 1.65 4 166.54 .036
KNL .92 1 25.04 .036
SANA .82 1 22.38 .036
APG .76 1 20.75 .036
HRL .39 4 40.84 .036
ALAC .21 2 11.31 .036
TEO .18 1 4.99 .036
ME .16 2 8.88 .036
DEN 2.54 1 71.8 .035
SRNG .41 1 11.42 .035
AZN .33 7 58.74 .035
FENC .31 1 8.73 .035
COF 2.73 2 159.62 .034
J 2.31 2 130.54 .034
LITE 1.46 2 84.37 .034
TGTX 1.11 1 31.83 .034
SPWH .61 1 17.67 .034
SLHG .10 1 2.87 .034
IWM 2.55 3 220.9 .033
AXP 2.00 3 167.49 .033
QDEL 1.84 3 154.77 .033
OKE 1.82 1 54.85 .033
HRI 1.71 3 143.05 .033
RCUS 1.22 1 36.04 .033
HNST .37 1 10.91 .033
BKNG 10.17 8 2406.11 .032
AZO 8.37 8 1683.76 .032
SPG 2.16 2 133.64 .032
COIN 2.04 4 241.85 .032
BLDR 1.77 1 53.96 .032
BLFS 1.55 1 47.12 .032
UAL 1.50 1 45.68 .032
ABBV .93 4 106.41 .032
FOE .67 1 20.39 .032
SILK .51 4 58.93 .032
D .31 8 74.84 .032
NOK .09 2 5.56 .032
ACH .67 1 21.39 .031
MCD 2.54 3 243.13 .030
CHGG 2.22 1 73.58 .030
SNA 2.13 3 212.02 .030
INCY 2.13 1 69.59 .030
KHC 1.11 1 36.13 .030
CRM 1.02 10 259.17 .030
PLCE .92 3 83.92 .030
BP .79 1 25.65 .030
HNP .33 2 21.59 .030
MNST 2.74 1 92.57 .029
DD 1.98 1 68.27 .029
LII 2.41 4 305.7 .028
MQ .74 1 25.97 .028
LEN .73 4 98.07 .028
MOMO .16 2 11.16 .028
STE 2.09 3 215.71 .027
STZ 1.94 3 211.3 .027
AAP 1.93 3 211.21 .027
MPC 1.66 1 59.91 .027
GM 1.42 1 50.78 .027
CROX 1.41 3 155.73 .027
CTKB .66 1 23.65 .027
GRUB .15 3 15.99 .027
GOOG 4.30 26 2818.77 .026
ALXN 2.49 2 182.5 .026
RTX 2.23 1 85.27 .026
WM 2.10 2 153.42 .026
EA 1.67 2 126.4 .026
KYMR 1.63 1 62.35 .026
VZ .73 2 54.06 .026
TRIL .47 1 17.49 .026
DRN .32 2 24.4 .026
ADBE 3.54 5 626.08 .025
ATKR 2.27 1 89.62 .025
GIS 1.53 1 59.92 .025
B 1.08 1 42.13 .025
CRTO .90 1 35.02 .025
ACHV .23 1 8.91 .025
SIVB 3.90 4 607.83 .024
AKAM 2.70 1 108.66 .024
BURL 2.66 3 296.73 .024
UTHR 2.62 2 201.92 .024
UHAL 2.35 8 654.21 .024
DG 1.89 3 219.02 .024
CNC 1.57 1 62.94 .024
HHR 1.26 1 51.7 .024
GLD .71 6 165.42 .024
PCVX .65 1 26.02 .024
BIG .59 2 46.28 .024
PFE .21 6 43.95 .024
VSH .18 3 20.2 .024
NEE 1.91 1 81.9 .023
TSM 1.36 2 115.87 .022
RY 1.12 2 99 .022
BEST .02 2 1.69 .022
AIT 1.83 1 85.28 .021
PKI 1.33 3 185.05 .021
CLX 1.16 3 162.19 .021
CL .61 3 76.43 .021
BLK 5.03 4 851.05 .020
ANTM 2.14 4 375.49 .020
IYC 1.62 1 78.65 .020
NUAN 1.13 1 55.18 .020
FAST 1.02 1 53.23 .019
CNA .83 1 41.65 .019
GPK .37 1 19.14 .019
STMP 2.14 3 328.9 .018
DUK 1.84 1 98.54 .018
JNJ 1.48 2 163.93 .018
IRBO .83 1 44 .018
MRK .72 2 72.04 .018
AMOM .66 1 36.37 .018
PEP 2.63 1 154.01 .017
SELF .09 1 5.23 .017
LANC 1.43 2 168.63 .016
GE .40 4 98.54 .016
FRBK .05 1 3.05 .016
HRC .84 3 150.85 .015
PSTX .12 1 7.67 .015
PAYX 1.56 1 109.37 .014
TNET 1.38 1 95.11 .014
PNRG .79 1 54 .014
PBT .04 2 5.32 .014
CAI .78 1 55.82 .013
PYPL .31 13 272.34 .013
INTU 2.18 4 562.8 .012
HCA 1.27 3 258.25 .012
RACE .92 3 215.84 .012
CHNG .15 2 21.67 .012
ESXB .13 1 10.2 .012
KMX 1.64 1 140.51 .011
INOV .46 1 40.37 .011
KEYS 1.04 2 176.72 .010
PYPL .80 5 272.34 .010
XLV .71 2 131.57 .010
ECHO .49 1 47.72 .010
PPC .17 2 28.45 .010
SVBI .13 1 12.15 .010
GTS .33 1 35.02 .009
IEC .14 1 15.33 .009
TDG 1.87 4 629.09 .008
MSTR .94 8 599.61 .008
XLP .63 1 70.33 .008
HFBL .16 1 18.52 .008
LMRK .13 1 16.5 .007
SYKE .14 3 54 .006
ITRN .07 3 25.2 .006
PSP .06 2 15.512 .006
VOOV .73 1 142.05 .005
CLDR .08 1 15.9 .005
SAFM .85 1 190.49 .004
RAVN .16 2 57.46 .004
KIN .02 2 9.25 .004
IACB .02 2 9.89 .004
SPY 1.31 1 437.86 .002
CXP .04 1 19.06 .002
VCAR .03 1 11.6405 .002
SIC .03 1 14.42 .002
NWHM .02 1 8.99 .002
DSE .02 1 9.49 .002
SLVO .01 2 5.17 .002
ULTA .62 1 375.85 .001
DFP .03 1 28.83 .001
PMD .01 1 7.605 .001
GRU 1.18 0 4.245 YoU sHoUlDn'T SeE ThIs
QADB .80 0 87.08 YoU sHoUlDn'T SeE ThIs
SHOP .67 5 1465.9 0
XLK .10 3 154.53 0
WYNN .06 3 80.79 0
MSTR .06 118 599.61 0
ULTA .05 12 375.85 0
WYNN .04 4 80.79 0
SHOP .03 88 1465.9 0
BLNK .02 11 29.9 0
XPDI .01 3 10.16 0
INFL .01 2 29.67 0
WMPN 0 4 12.25 0
GSKY 0 1 11.39 0
RTLR -.01 7 11.29 0
EIC -.08 1 17.35 -.004
NSYS -.12 1 11.2081 -.010
