EJH 5.21 6 1.75 17.862
SCPS 3.34 7 1.9 12.299
LAIX 1.72 4 0.728 9.448
AACG 2.14 5 1.42 7.535
CPOP 2.34 5 1.71 6.840
EEIQ 4.33 5 3.37 6.420
NVOS 1.65 5 1.32 6.250
NEGG 3.07 20 12.13 5.060
DPW 1.56 5 1.6 4.875
AUVI 2.32 9 4.4 4.743
JAN 2.73 6 3.9 4.200
NRXP 2.89 8 5.515 4.192
VRPX 1.77 9 3.8 4.185
JZXN 1.63 4 1.6 4.072
EYES 1.22 6 1.85 3.954
ADGI 2.61 11 7.26 3.949
VVOS 1.65 6 2.52 3.924
FCEL .18 130 6.33 3.640
HX 1.40 6 2.34 3.588
JG 1.30 3 1.16 3.360
SIEB 1.53 5 2.3 3.325
KOSS 5.35 7 12.37 3.024
CEMI .60 8 1.62 2.960
NAOV .27 11 1.01 2.937
NURO 1.47 11 5.76 2.805
AMC 1.21 57 24.5 2.793
AAME 1.97 5 3.6137 2.725
IRNT 3.02 6 6.66 2.718
OCGN 1.04 12 4.81 2.592
BSQR .35 13 1.82 2.496
RMED .72 6 1.75 2.466
TYME .45 4 0.7294 2.464
CARV 3.92 6 9.54 2.460
AGRI .95 5 2.11 2.250
MRIN 2.01 5 4.57 2.195
BBIG .30 21 2.95 2.121
BTBT 1.45 10 6.83 2.120
LMNL .65 3 0.9217 2.115
ANPC 1.24 2 1.2 2.066
SPCE 1.26 24 14.65 2.064
INDP 2.52 5 6.12 2.055
RETO .72 2 0.7745 1.858
PHUN .35 16 3.04 1.840
AREC .62 5 1.69 1.830
JCS 1.40 3 2.31 1.818
TAOP 1.35 3 2.25 1.800
DWAC 22.11 4 49.83 1.772
SGOC 1.19 9 6.2 1.719
MARK .46 4 1.08 1.700
PBTS 1.24 1 0.7466 1.660
GME 2.99 82 147.69 1.640
WAVE 1.72 5 5.25 1.635
SAVA 2.72 28 46.94 1.596
CSCW .39 2 0.4921 1.584
TPST 2.19 5 6.92 1.580
CTIB .40 5 1.27 1.570
NCTY 2.63 5 8.4 1.565
BYSI 1.25 5 4.07 1.535
BIDU 1.88 118 142.89 1.534
SSY .91 3 1.79 1.524
EVK .60 6 2.365 1.518
RNXT 1.96 4 5.4 1.448
FTEK .69 3 1.44 1.437
PRFX .57 4 1.59 1.432
WORX .44 4 1.23 1.428
PMCB 1.11 3 2.4 1.386
GRTS 2.25 7 11.45 1.372
SPRT .81 20 11.8 1.360
SNAP .57 113 46.85 1.356
WAFU 1.50 4 4.44 1.348
AUUD .41 7 2.13 1.344
DLPN 2.14 5 8 1.335
SYPR .80 4 2.4 1.332
ERYP .79 4 2.375 1.328
NMRD 1.66 4 5.02 1.320
BLIN .41 8 2.48 1.320
BNGO .36 12 3.26 1.320
CETX 1.20 1 0.9099 1.318
SNOA 1.51 4 4.65 1.296
MOXC 1.33 4 4.11 1.292
ALYA .77 4 2.41 1.276
CRTD .39 7 2.14 1.274
LHDX 1.58 4 4.99 1.264
UPC .73 3 1.74 1.257
BNTC 1.24 3 2.97 1.251
IGC .49 3 1.18 1.245
NIO .53 77 32.3 1.232
YJ .40 2 0.65 1.230
NBRV .76 1 0.624 1.217
STAF .58 2 0.9621 1.204
RIDE .68 7 4 1.190
SOS .61 2 1.03 1.184
ANY .21 20 3.62 1.160
LODE .56 3 1.45 1.158
PALI .71 3 1.87 1.137
ACRS 2.12 7 13.19 1.120
HOFV .98 2 1.75 1.120
NVFY .73 3 1.9546 1.119
ANVS 3.73 6 19.98 1.116
EBET 3.45 6 18.9 1.092
BB .84 11 8.6 1.067
DYNT .22 5 1.03 1.065
CHCI 1.54 3 4.41 1.047
SPCB .32 2 0.615 1.040
PTIX .84 2 1.62 1.036
HGSH 1.16 2 2.25 1.030
IDEX .36 4 1.4 1.028
HOOD 1.41 14 19.13 1.022
TERN 1.53 4 5.98 1.020
ZKIN .71 2 1.4 1.014
APTO .28 4 1.11 1.008
IMPL 1.70 5 8.5 1.000
SJ 1.24 4 5 .992
MVIS 1.17 5 5.9 .990
CNET 1.11 1 1.15 .965
WHLM 1.20 4 5 .960
MTSL 1.08 3 3.37 .960
OSAT 1.21 3 3.81 .951
MEDS .53 5 2.81 .940
FULC 2.54 6 16.33 .930
HCWB 1.14 2 2.465 .924
CANF 1.04 1 1.125 .924
SPI .89 4 3.88 .916
LIZI .40 4 1.78 .896
DBGI .42 5 2.34 .895
VTNR .37 10 4.2 .880
KALV 1.44 8 13.16 .872
BBBY .90 16 16.4 .864
ASM .69 1 0.7999 .862
HGEN 1.21 3 4.24 .855
AQMS .39 3 1.37 .852
ORPH .57 4 2.68 .848
XPEV .46 84 44.47 .840
GFAI .51 2 1.24 .822
ALF 1.08 2 2.67 .808
KXIN .17 6 1.26 .804
MNOV .74 3 2.82 .786
CBAT .50 3 1.92 .780
MBRX .81 2 2.1 .770
ACIU 1.91 2 5 .764
ZEV 1.17 4 6.1 .764
VYGR 1.06 2 2.77 .764
CHNR .12 4 0.6302 .760
TIGR .50 8 5.37 .744
EYEG 1.45 1 1.95 .743
VERY 1.39 4 7.495 .740
LGHL .30 4 1.62 .740
EXPR .47 5 3.18 .735
HTBX 1.46 2 3.98 .732
XTLB 1.09 2 2.985 .730
ATXI .74 1 1.02 .725
KTTA 1.49 1 2.06 .723
DTST .84 3 3.51 .717
MOHO .11 3 0.46 .717
OPAD 1.25 4 6.97 .716
GOVX .36 7 3.51 .714
ENVB .27 3 1.13 .714
RCON .51 2 1.43 .712
GNLN .36 2 1.01 .712
LEDS 1.24 3 5.27 .705
NRBO .49 2 1.4 .700
PPSI .67 9 8.59 .693
GROM .76 2 2.21 .686
EVOL .74 2 2.18 .678
NVAX 8.92 13 168.43 .676
WEI .57 1 0.85 .670
WBX 4.49 2 13.6 .660
AVXL 2.41 5 18.17 .660
ACOR .41 4 2.5 .656
RFL .71 5 5.4 .655
DTSS .87 1 1.34 .649
ATNF .66 4 4.05 .648
NVDA 1.32 160 283.37 .640
AYRO .60 2 1.88 .638
OPTT 1.10 1 1.73 .635
SCKT .74 4 4.66 .632
AMBO .61 1 0.965899 .631
IPHA .78 4 4.94 .628
GLSI 3.27 5 26.19 .620
COHN 1.95 5 15.72 .620
AUPH 1.40 8 18.01 .616
VERB .12 8 1.54 .616
WINT .31 3 1.51 .615
GALT .44 3 2.16 .609
APRE .69 3 3.4 .606
ENG .30 3 1.48 .606
UAVS .36 3 1.8 .600
LCID 1.90 13 40.87 .598
ALEC 2.10 6 21.06 .594
OLB .77 3 3.89 .591
BABA .82 98 126.58 .588
ONCS .68 1 1.18 .576
WHLR .54 2 1.88 .574
JFU .22 3 1.15 .573
ISPC 1.43 5 12.54 .570
FLGC .19 6 1.98 .570
BFRI 1.56 2 5.5 .566
ZCMD 1.01 1 1.79 .564
DQ 3.36 7 41.93 .560
PENN 2.65 10 46.65 .560
XELB .34 2 1.21 .560
AVGR .04 7 0.4999 .560
ADMP .36 1 0.6434 .559
GRTX .50 3 2.7 .555
BILI 1.28 23 52.97 .552
TQQQ .64 138 155.5 .552
ENOB .94 5 8.49 .550
WNW 1.34 1 2.44 .549
OBLN .56 3 3.05 .549
OTLK .38 2 1.39 .546
ATOS .21 5 1.91 .545
WISH .58 3 3.19 .543
WPRT .58 2 2.14 .542
MINM .32 2 1.18 .542
MARA 1.03 20 37.33 .540
LEXX .63 4 4.65 .540
BCRX .62 10 11.43 .540
RSLS .27 4 1.99 .540
UONE .37 7 4.8 .539
XELA .09 7 1.16 .539
CRIS 1.20 2 4.45 .538
PSTV .60 1 1.12 .535
KNBE 1.80 7 23.4 .532
TRIT .34 5 3.19 .530
SYTA 1.89 1 3.59 .526
GTEC .80 4 6.2 .516
NNOX 1.69 5 16.55 .510
ENTX .77 2 3.03 .508
LWAC 1.73 5 16.98 .505
SDC .64 2 2.53 .504
SLGG .64 2 2.55 .500
HAPP .30 1 0.6001 .499
PIRS .23 7 3.2 .497
OSMT .13 4 1.05 .492
BGFV .97 10 19.62 .490
AVCT .30 2 1.22 .490
GRVI .74 3 4.53 .489
MVST .61 6 7.51 .486
MQ 1.18 7 16.98 .483
UFAB .46 2 1.905 .482
NKLA .31 15 9.51 .480
LIFE .93 4 7.78 .476
ACY .99 19 39.08 .475
WATT .32 2 1.35 .474
ENSC .55 3 3.5 .471
TSLA 3.09 156 958.51 .468
RHE 1.27 2 5.41 .468
ARAV 1.21 1 2.58 .468
RKDA .49 1 1.06 .462
BTX 1.13 2 4.91 .460
BTCM .72 4 6.29 .456
NTRB 1.15 2 5.12 .448
BPTH .95 2 4.27 .444
SLS .69 4 6.17 .444
MTP .56 1 1.26 .444
GEG .90 1 2.03 .443
SGBX .32 3 2.17 .441
ORMP .35 19 14.63 .437
BKKT 2.95 2 13.53 .436
NEXT .29 4 2.64 .436
IFRX .58 3 3.99 .435
MRNA 3.13 39 277.16 .429
MRAM 1.52 3 10.6 .429
AVIR 1.14 3 8.02 .426
ADMA .54 1 1.27 .425
BODY .47 2 2.21 .424
ABUS .22 8 4.14 .424
PEAR 2.37 1 5.61 .422
CERE 1.78 7 29.73 .413
VNET 1.13 3 8.21 .411
GMBL .88 2 4.3 .408
RAPT 1.77 7 30.48 .406
MTL .07 15 2.58 .405
EFOI .71 2 3.51 .404
KMPH 1.03 3 7.66 .402
TEDU .09 2 0.4499 .400
EYPT 5.86 1 14.69 .398
DDD .70 12 21.04 .396
TRCH .98 2 4.95 .394
BHTG .33 1 0.837 .394
DYAI .51 3 3.88 .393
PLG .24 3 1.82 .393
DOCS 2.62 8 53.18 .392
GEVO .49 4 5 .392
MDIA .50 3 3.83 .390
IPA 1.04 2 5.36 .388
ZG 3.19 7 57.57 .385
LGVN 1.37 5 17.72 .385
AFRM 2.60 16 105.77 .384
AGEN .10 12 3.11 .384
DWSN .44 2 2.3 .382
BON .62 3 4.8518 .381
UPST 2.99 19 144.95 .380
LAZR 1.16 5 15.08 .380
APPS 3.13 6 50.45 .372
LYEL 1.21 3 9.74 .372
IMMR .33 6 5.24 .372
CLSD .35 3 2.84 .369
CTSO .42 4 4.56 .368
VTSI .56 4 6.14 .364
ASTR .62 5 8.54 .360
XBIO .06 8 1.32 .360
VIVE .26 2 1.45 .358
MRKR .36 1 1.01 .356
EOSE 1.39 2 7.81 .354
NNDM .48 3 4.06 .354
SOFI .73 7 14.48 .350
ONCT .45 2 2.56 .350
NEPT .07 2 0.4 .350
AEHR .19 29 15.05 .348
ADIL .45 2 2.6 .346
BNR 1.30 3 11.3 .345
VOXX 1.16 3 10.03 .345
RLMD 1.57 4 18.22 .344
HUSN .29 4 3.35 .344
SE 4.12 19 224.72 .342
GDEV .87 3 7.61 .342
TELL .11 9 2.85 .342
IMNM 1.42 4 16.56 .340
SPLK 6.20 6 109.35 .336
KURA 1.04 4 12.3 .336
KODK .86 2 5.11 .336
M .56 16 25.78 .336
IMMP .16 7 3.31 .336
PME .26 1 0.777 .334
IMTX .98 4 11.77 .332
WIMI .27 4 3.25 .332
CCXI 3.66 3 33.17 .330
BNTX 3.21 30 276.77 .330
FGEN 1.47 3 13.43 .327
ARPO .72 1 2.2 .327
MITO .28 1 0.8544 .327
OCX .70 1 2.15 .325
ZLAB 3.42 6 62.69 .324
GRU 1.51 1 4.66 .324
QFIN .77 9 20.85 .324
SKLZ .67 4 8.19 .324
HUGE .37 1 1.14 .324
ALDX 1.09 2 6.76 .322
EVGO .45 8 11.06 .320
RSKD 1.24 2 7.77 .318
CMMB 1.24 2 7.81 .316
ZM 3.91 15 181.94 .315
RBLX 2.31 15 107.67 .315
APOP .84 5 13.17 .315
NNVC .44 3 4.19 .315
GSM .27 7 5.93 .315
FIGS 1.33 6 25.13 .312
NVCR 2.63 10 83.2 .310
MESO .65 2 4.17 .310
ENZ .54 2 3.47 .310
LMFA .35 5 5.62 .310
SNMP .11 2 0.7092 .310
TATT .65 3 6.31 .309
CAN .43 4 5.56 .308
ALTO .29 5 4.71 .305
VLDR .76 2 4.99 .304
BBLG 1.14 1 3.76 .303
JRJC .67 3 6.62 .303
ZY .78 3 7.79 .300
KBSF .46 2 3.05 .300
VERU .45 4 5.94 .300
AEI .09 2 0.6 .300
GPN 3.54 11 128.23 .297
CLF .57 11 20.47 .297
EZFL .57 1 1.93 .295
MTTR .48 14 22.3 .294
VBLT .21 3 2.14 .294
SNES .16 2 1.09 .292
LJPC .62 2 4.29 .288
HUYA .53 4 7.34 .288
AMD 1.78 22 135.6 .286
SBEA 1.45 2 10.07 .286
DBVT .07 11 2.67 .286
TASK 1.74 7 42.62 .280
KSS 1.41 10 49.5 .280
IONQ .65 7 16.1 .280
JFIN .36 2 2.57 .280
MOGO .24 4 3.41 .280
SALM .20 4 2.87 .276
OBSV .10 6 2.13 .276
OCUP .51 2 3.72 .274
BRLT 1.44 3 15.81 .273
STG 1.13 1 4.15 .272
PLUG .92 9 30.55 .270
ME .34 6 7.48 .270
PBR .30 10 10.89 .270
IGIC .70 3 7.85 .267
OSTK 2.60 7 67.22 .266
CLPS .57 1 2.14 .266
CLPS .57 1 2.14 .266
TSP 1.75 5 32.8 .265
W 6.04 9 206.11 .261
CELC 1.05 3 11.96 .261
CARA 1.57 2 11.99 .260
MOSY .55 2 4.22 .260
ERJ .39 10 14.53 .260
INFI .16 4 2.43 .260
DARE .47 1 1.82 .258
SI 4.55 8 139.21 .256
ATAI 1.29 2 10.02 .256
NLS .84 2 6.54 .256
MDNA .05 8 1.53 .256
AMEH 2.05 9 70.93 .252
EXPI 1.38 6 32.68 .252
CRDF .45 3 5.35 .252
DDS 6.58 10 254.22 .250
AMTX 1.20 3 14.44 .249
ABSI 1.25 2 10.07 .248
OXBR .30 5 6.03 .245
FENG .11 2 0.899 .244
CCJ .47 11 21.17 .242
EVGN .43 1 1.78 .241
ZIM 1.20 10 48.2 .240
ORGS .70 1 2.91 .240
FCX .41 24 37.96 .240
EDSA 1.24 1 5.17 .239
AKTX .36 1 1.51 .238
RAIL .24 4 4.02 .236
CHGG 2.17 3 27.47 .234
SQBG .73 2 6.24 .232
TLRY .47 4 8.05 .232
OVID .38 2 3.27 .232
SHOP 28.96 11 1354.28 .231
DOCN 1.74 10 74.49 .230
SQ 1.73 23 170.72 .230
STEM .68 6 17.56 .228
BIOC .22 4 3.85 .228
DLO 1.53 5 33.54 .225
LOOP .55 5 12.04 .225
CPE 1.54 7 47.23 .224
GPS .54 7 16.51 .224
CPIX .24 4 4.26 .224
AAPL .35 111 174.33 .222
FSTX 1.04 1 4.71 .220
CGC 1.01 2 9.15 .220
LAC .69 10 30.6 .220
CVV .46 2 4.15 .220
CIFR .35 3 4.78 .219
FOSL 1.09 2 9.99 .218
CELH 1.96 7 62.76 .217
DUOL 7.27 3 100.57 .216
PRTA 1.04 9 42.11 .216
NIU .93 4 17.07 .216
FB .72 108 333.74 .216
IMV .15 2 1.38 .216
XAIR 1.97 1 9.24 .213
ENSV .20 1 0.9381 .213
AXLA .26 2 2.43 .212
DKNG .99 6 27.81 .210
HHR .98 11 49.99 .209
HOL .84 3 12.35 .204
PRPL .32 6 9.15 .204
NVTS 1.62 2 15.94 .202
MSTR 14.75 8 580.38 .200
DELL 1.42 8 54.63 .200
ACHL .89 1 4.45 .200
AESE .35 1 1.75 .200
CHMA .37 2 3.76 .196
TOST 3.31 2 34 .194
BLU .80 2 8.19 .194
PUBM 6.66 1 34.58 .192
JWN .98 4 20.24 .192
ASAN .80 16 64.92 .192
GENE .13 3 2.04 .189
AMZN 6.99 94 3381.83 .188
NTEC .46 4 9.63 .188
EDTK .10 2 1.06 .188
FBRX .40 1 2.13 .187
TWTR 1.40 6 44.35 .186
GSAT .12 2 1.28 .186
RIG .09 6 2.88 .186
GIII 1.02 5 26.85 .185
ARVN 1.55 8 65.85 .184
DNUT .38 8 15.99 .184
SCYX .31 4 6.63 .184
SKT 1.17 3 18.98 .183
ACB .36 3 5.87 .183
IAC 3.19 7 122.47 .182
EQOS .46 1 2.54 .181
LYFT 1.43 5 38.98 .180
FUBO 1.01 3 16.7 .180
NBEV .19 1 1.06 .179
HIPO .25 2 2.78 .178
AZYO 1.08 1 6.1 .177
TGTX .93 3 15.59 .177
AEY .31 1 1.75 .177
TENX .21 1 1.18 .177
FUV .77 2 8.69 .176
DRN .57 8 25.6 .176
NEWR 2.93 6 98.28 .174
SEMR 1.11 3 18.95 .174
SFIX 1.08 3 18.5 .174
CLII .84 3 14.36 .174
RIOT .73 6 24.93 .174
GTT .41 1 2.36 .173
BLUW .83 2 9.63 .172
BWAY .68 2 7.83 .172
GTIM .74 1 4.32 .171
PDD 2.15 5 61.62 .170
BYND 2.00 6 69.31 .168
ISEE .62 4 14.46 .168
SOHU .47 6 16.35 .168
DNA 1.58 1 9.5 .166
BKYI .19 2 2.27 .166
DMAC .31 2 3.76 .164
JD 1.40 9 77.65 .162
DKS 1.01 18 106.14 .162
AAL .32 9 16.91 .162
AFMD .29 3 5.37 .162
LBPH .92 1 5.68 .161
HOG 1.23 5 37.82 .160
SSNT .34 2 4.22 .160
AUTL .30 3 5.63 .159
DDL 1.22 2 15.42 .158
NETE 1.04 2 13.09 .158
ENLV .49 2 6.19 .158
MITQ .36 1 2.28 .157
FLGT 2.27 6 84.92 .156
HNST .41 3 7.81 .156
MAT .63 5 20.18 .155
DE 4.88 11 348.55 .154
ALLO 1.11 2 14.3 .154
SSKN .22 1 1.42 .154
EDIT 1.47 3 28.62 .153
CALA .11 1 0.7183 .153
IRDM 1.55 4 39.92 .152
SIF 1.16 1 7.5912 .152
COTY .19 8 9.82 .152
CPG .09 8 4.71 .152
PBLA .25 1 1.65 .151
DPST 2.33 3 46.28 .150
APP 1.38 10 87.53 .150
RUN 1.10 5 35.5 .150
AA .78 10 50.46 .150
PRPO .09 3 1.8 .150
VCVC 1.46 1 9.85 .148
GAME .43 1 2.89 .148
PETZ .17 4 4.52 .148
NXTP .14 1 0.94 .148
IKT .24 1 1.64 .146
U 4.07 5 140 .145
SCR 1.05 5 35.58 .145
CRON .12 5 4.08 .145
LUV .99 6 40.24 .144
LI .76 6 31.06 .144
SONO .70 6 29.09 .144
TAL .32 2 4.41 .144
OCG .16 4 4.37 .144
OCG .05 13 4.37 .143
TISI .17 1 1.19 .142
WTER .09 2 1.26 .142
BCLI .46 1 3.24 .141
NGM 1.25 2 17.66 .140
OMER 1.00 1 7.1 .140
BQ .08 2 1.14 .140
KULR .06 7 2.92 .140
VIH 1.31 1 9.36 .139
SRNE .85 1 6.1 .139
CLOV .28 2 4.04 .138
BIGC 2.58 2 37.55 .136
GH 1.57 8 91.45 .136
JKS 1.23 5 45.29 .135
TVTX 1.19 3 26.35 .135
TDC 1.17 5 42.02 .135
DAL 1.02 5 36.53 .135
ATIF .43 1 3.179 .135
FRD 1.28 1 9.5 .134
CMTL 3.13 1 23.54 .132
KZR .82 2 12.36 .132
FLWS .75 4 22.25 .132
FTCH .67 6 29.69 .132
CYAD .56 1 4.22 .132
TESS .30 3 6.75 .132
FENC .27 2 4.08 .132
BGI .19 3 4.26 .132
DASH 2.11 10 156.43 .130
PFE .57 13 55.54 .130
CPSH .51 1 3.94 .129
RL 1.89 8 116.86 .128
SAM 9.40 7 518.5 .126
CLDX 1.61 3 37.49 .126
GRVY 1.33 7 70.09 .126
JRVR 1.10 3 26.04 .126
LEGN 1.04 6 48.54 .126
CYTK .80 6 37.12 .126
UWMC .29 3 6.75 .126
MRO .12 18 15.18 .126
AEMD .09 3 2.13 .126
ACMR 1.83 5 72.78 .125
VSCO 1.29 5 49.98 .125
THCB 1.25 1 10 .125
MAXR .83 4 26.66 .124
LIVE 1.37 3 33.15 .123
SHEN 1.11 3 26.5 .123
GP .49 3 11.79 .123
ANIX .38 1 3.08 .123
HJLI 1.27 1 10.38 .122
MBII .08 1 0.66 .121
CCL .45 5 18.15 .120
LTHM .21 15 25.37 .120
SBBP .12 2 2 .120
RGEN 4.41 7 252.53 .119
EQ .53 1 4.44 .119
RRGB .96 2 16.19 .118
DLTR 1.90 9 139.24 .117
MRUS 1.10 3 28.11 .117
MSGE 1.88 4 63.96 .116
CRCT .70 4 23.71 .116
ULBI .31 2 5.3 .116
IRIX .18 4 6.11 .116
AMRS .60 1 5.21 .115
RMBL 1.41 3 36.98 .114
PTON .78 6 39.26 .114
UBER .71 6 37.26 .114
MSFT .51 114 328.34 .114
CAT 2.86 8 201.64 .112
ESTC 1.83 7 113.79 .112
AN 1.67 8 115.98 .112
TWST 1.37 7 84.16 .112
JPM 1.29 14 159.13 .112
PINS 1.00 4 35.62 .112
HCM .93 4 32.2 .112
BZUN .80 2 14.14 .112
PATI .50 2 8.9 .112
CLNE .67 1 6.03 .111
LAD 6.41 5 279 .110
DPZ 5.62 11 523.15 .110
AEO 1.32 2 23.82 .110
ARMP .49 1 4.43 .110
FFHL .44 2 7.88 .110
KZIA .41 2 7.41 .110
LC .28 11 26.19 .110
LIVX .17 2 3.07 .110
SBS .08 10 6.89 .110
VLO 1.86 4 68.19 .108
DIS 1.86 9 149.1 .108
CAH 1.34 4 48.93 .108
BKE .89 6 48.06 .108
CHPT .53 4 19.5 .108
GT .37 6 20.51 .108
ORCL .35 36 99.89 .108
TTCF .86 2 15.96 .106
YMM .58 2 10.87 .106
PTGX 1.05 3 29.75 .105
NFLX .76 105 597.99 .105
MOS .76 5 35.81 .105
BFLY .72 1 6.82 .105
TTD .70 15 88.33 .105
SSL .08 21 15.9 .105
CRM 2.12 13 255.59 .104
KMB 1.92 8 138.09 .104
APXT 1.27 1 12.11 .104
DOMO 1.26 4 47.09 .104
XPDI .09 13 10.69 .104
GKOS 4.45 1 43.26 .102
COUR 1.32 2 25.41 .102
EAT 1.21 3 35.57 .102
XM 1.10 3 32.03 .102
VIR .79 6 46.03 .102
KR .30 17 45.58 .102
INM .14 1 1.38 .101
BHVN 2.12 5 104.05 .100
CREE 1.64 5 79.12 .100
SKX 1.09 4 43.27 .100
IMAB 1.00 5 49.4 .100
IS .76 1 7.58 .100
UAA .56 4 22.25 .100
REGN 7.44 9 670.97 .099
MDB 5.57 9 478.55 .099
PYPL 2.14 9 186.8 .099
ABCL 1.31 1 13.16 .099
LAW 1.23 3 37.25 .099
ROIV .83 1 8.36 .099
KIRK .48 3 14.51 .099
CREX .15 1 1.5018 .099
MDT 1.66 7 111.69 .098
FANG 1.55 7 104.07 .098
BBY 1.45 7 101.37 .098
RCAT .10 2 2.02 .098
TMX 4.26 1 44.15 .096
XBI 1.75 6 108.77 .096
BTWN .95 1 9.81 .096
VMEO .85 2 17.54 .096
ACI .27 12 30.25 .096
ZNGA .15 4 6.18 .096
FL .84 5 42.75 .095
MFNC 1.02 2 21.5 .094
SBTX .57 1 6.03 .094
EOLS .55 1 5.83 .094
GBR .24 1 2.55 .094
OVV 1.01 3 32.13 .093
ROKU 2.89 7 221.55 .091
SILK .52 7 39.88 .091
GURE .46 1 5.015 .091
KRYS 6.33 1 70.32 .090
SNOW 3.82 9 350.6 .090
BIIB 3.69 6 230.76 .090
FISV 1.64 6 104.23 .090
CNC 1.49 5 81.85 .090
BZ 1.22 3 39.97 .090
VMW 1.17 9 110.44 .090
USB 1.06 5 57.31 .090
WMT .78 18 144.94 .090
SPTN .74 3 24.61 .090
COP .72 9 70.68 .090
VNE .55 6 35.13 .090
CHRA .40 1 4.41 .090
LOW 2.16 11 252.46 .088
YEXT .91 1 10.28 .088
OPNT .73 4 32.6 .088
STRO .65 2 14.53 .088
CSCO .48 11 57.77 .088
FFIE .22 2 4.99 .088
C 1.06 5 60.64 .085
ENPH 2.57 7 202.32 .084
BLDR 2.17 3 76.64 .084
BCYC 1.49 3 51.87 .084
TJX 1.03 6 72.94 .084
BJ .79 7 65.82 .084
HPQ .53 6 35.6 .084
ERF .41 2 9.64 .084
CIEN .33 21 73.98 .084
BLNK .18 14 29.97 .084
CNFR .10 2 2.34 .084
APT .45 1 5.42 .083
CYTH .34 1 4.09 .083
ARCE .89 2 21.21 .082
PLTR .77 2 18.64 .082
GDYN 3.03 1 36.99 .081
FATE 1.36 3 50.17 .081
PFGC 1.21 3 43.75 .081
SLV .56 3 20.31 .081
XLE .53 9 55.42 .081
SIVB 7.01 8 676.68 .080
XMTR 3.46 1 43.09 .080
PKG 2.17 5 130.63 .080
A 1.31 10 151.88 .080
STX .84 10 102.44 .080
VTGN .03 5 1.78 .080
MNSO .82 1 10.3 .079
IWM 2.93 6 214.18 .078
SPT 1.25 6 89.77 .078
SMLP 1.07 2 27.1536 .078
WFC .66 6 48.89 .078
SLB .41 6 29.67 .078
RVI .24 2 6.1 .078
ET .11 6 8.25 .078
SITM 2.97 7 266.78 .077
LMT 2.51 11 345.64 .077
SPG 1.69 7 150.93 .077
MRK .54 11 73.72 .077
WYNN 1.62 4 83.32 .076
PLCE 1.60 4 81.54 .076
CRNC 1.55 4 78.08 .076
APPN 1.29 4 66.99 .076
MYGN .98 2 25.76 .076
GNOG .78 1 10.14 .076
T .56 3 22.29 .075
VIPS .66 1 8.85 .074
ORGO .35 2 9.33 .074
EKSO .11 2 2.96 .074
CFLT 2.29 2 62.89 .072
ROST 2.08 4 109.6 .072
CM 1.42 6 110.73 .072
DXC 1.11 2 30.8 .072
IBM 1.03 9 123.76 .072
LOGI .99 6 81.55 .072
CSIQ .58 4 30.98 .072
TBLA .70 1 9.85 .071
SLHG .10 1 1.395 .071
ADBE 4.68 10 614.86 .070
EL 3.86 7 356.76 .070
SNPS 3.62 7 345.93 .070
MA 3.58 7 340.55 .070
WSM 2.54 5 170 .070
TTC 1.42 5 98.41 .070
CTRN 1.11 5 77.68 .070
MS .74 10 98.82 .070
INTC .54 7 49.7 .070
K .49 10 63.37 .070
TME .45 1 6.38 .070
SM .68 3 29.22 .069
MRTN .38 3 16.5 .069
GMTX .17 1 2.43 .069
YPF .09 3 3.81 .069
ASML 3.16 17 754.39 .068
RSI .55 2 15.86 .068
DUOT .40 1 5.81 .068
THTX .22 1 3.22 .068
GGAL .16 4 9.33 .068
IRCP .04 4 2.25 .068
CHKP 1.25 6 111.75 .066
MO 1.00 3 45.4 .066
SUPN .95 2 28.18 .066
WOOF .43 3 19.23 .066
UNH 2.55 13 479.46 .065
XLNX 1.11 13 209.81 .065
SCHW 1.08 5 80.79 .065
ATVI .81 5 59.52 .065
VRNT .69 5 49.48 .065
PPBT .26 1 3.94 .065
THC 4.91 1 76.26 .064
CVS 1.62 4 98.78 .064
TSN 1.42 4 85.75 .064
INMD 1.10 4 65.3 .064
HWCC .34 1 5.3 .064
RRD .09 8 11.01 .064
RNG 11.84 1 185.58 .063
GS 2.93 9 388.82 .063
ZS 2.79 7 284.34 .063
SEDG 2.70 7 298.3 .063
LLY 2.28 7 249.38 .063
V 1.65 9 209.98 .063
DFH 1.18 1 18.69 .063
BIG .91 3 42.21 .063
KO .46 9 57.8 .063
EDU .14 1 2.2 .063
GBS .11 1 1.72 .063
KYMR 1.69 2 53.5 .062
AMKR .70 2 22.26 .062
BEKE .61 2 19.13 .062
OXY .06 31 28.74 .062
COIN 1.63 10 255.86 .060
VALN .80 4 51.14 .060
SJM .78 12 135.18 .060
FLXN .55 1 9.12 .060
BAC .47 6 44.13 .060
XOM .38 10 61.54 .060
VXX .35 4 21.93 .060
ON .35 12 62.98 .060
KHC .35 6 34.78 .060
FLO .28 6 26.37 .060
MOMO .19 3 9.31 .060
VIEW .13 2 4.23 .060
LL 1.01 1 16.86 .059
UAL 1.24 2 41.38 .058
KMX 2.82 3 141.31 .057
FA .96 1 16.62 .057
FITB .82 3 43.12 .057
CUE .62 1 10.86 .057
SBH .38 3 19.83 .057
SPWH .22 3 11.1 .057
INTU 4.61 8 639.48 .056
ROLL 1.78 7 199.95 .056
HON 1.76 7 206.68 .056
ECOM 1.37 1 24.31 .056
YETI 1.27 4 88.01 .056
NFE 1.27 1 22.3 .056
WM 1.17 8 162.58 .056
AMAT 1.16 8 147.73 .056
ABT 1.14 7 132.94 .056
TMUS 1.01 7 117.31 .056
JBL .92 4 63.26 .056
SWI .79 1 13.89 .056
PDCO .41 4 28.61 .056
RDUS .38 1 6.77 .056
SWN .07 4 4.74 .056
GWRE 1.30 5 111.87 .055
ALC .91 5 82.33 .055
ITRO .07 1 1.27 .055
MFGP .05 5 4.36 .055
LII 2.97 6 324.1 .054
DG 2.15 6 225.45 .054
TSCO 1.52 9 234.19 .054
ABNB 1.11 9 167.96 .054
HAS .94 6 100.4 .054
GE .86 6 92.11 .054
CRMT .72 9 107.44 .054
APG .62 2 22.89 .054
EQT .39 3 21.27 .054
TSC 1.55 1 29.13 .053
SNDL .03 1 0.5623 .053
CAR 6.00 2 226.06 .052
TRI 1.63 4 117.78 .052
TAP 1.23 2 45.87 .052
NTAP 1.16 4 86.84 .052
ACH .67 1 12.83 .052
OEG .14 1 2.69 .052
VSTM .06 2 2.25 .052
EPU .48 3 27.57 .051
AMGN 2.27 5 213.74 .050
KEYS 2.15 5 197.99 .050
EA 1.35 5 126.85 .050
OLLI 1.29 2 50.61 .050
OTIS .91 5 84.81 .050
TNA .83 5 76.2 .050
XONE .67 2 26.7 .050
RKT .41 2 15.92 .050
ADSK 2.04 7 263.22 .049
PWR 2.69 2 110.76 .048
COST 2.65 12 545.34 .048
WDAY 2.46 6 273.35 .048
COF 1.87 4 147.92 .048
DAVA 1.77 4 146.74 .048
STT 1.48 3 92.1 .048
NXPI 1.35 8 219.99 .048
LPX 1.24 3 73.71 .048
TGT 1.06 12 235.28 .048
SANA .82 1 16.75 .048
ATHM .49 3 30.29 .048
ARMK .42 4 34.22 .048
AZN .21 16 54.5 .048
AGNC .19 4 15.19 .048
EVA 1.62 2 70.04 .046
BLFS 1.55 1 33.13 .046
RF .52 2 21.83 .046
PANW 23.18 1 512.5 .045
STE 2.26 5 226.83 .045
LIN 1.72 9 334.5 .045
OKE .92 3 59.37 .045
NKE .92 9 165.4 .045
PG .85 9 158.25 .045
ANF .52 3 34.08 .045
PSTG .49 3 31.65 .045
LSI 3.13 2 141.3 .044
PKI 2.16 4 182.19 .044
MNST 1.05 4 90.37 .044
GLD .70 11 165.44 .044
NPTN .67 1 15.14 .044
TTM .13 11 31.69 .044
MMM 1.20 7 174.72 .042
EGRX 1.01 2 46.66 .042
GM .87 3 58.4 .042
QCOM .66 14 181.98 .042
RY .61 7 100.02 .042
TBIO .53 3 37.36 .042
BBWI .53 6 73.45 .042
HRL .31 7 47.9 .042
GRUB .15 3 10.54 .042
IRTC 3.69 1 89.18 .041
CI 1.83 5 216.62 .040
BURL 1.68 8 280.08 .040
ADI 1.48 5 176.28 .040
UHS 1.30 4 127.89 .040
DD .80 4 77.64 .040
VGR .61 1 15.19 .040
GIS .32 10 65.91 .040
HMHC .31 2 15.45 .040
KDMN .10 4 9.5 .040
PCTY 8.94 1 227.81 .039
WGO 1.39 2 69.69 .038
GPK .38 2 19.81 .038
FCBP 1.08 1 29.1 .037
CTKB .66 1 17.61 .037
ANTM 2.99 6 433.94 .036
AAP 1.46 6 235.39 .036
J 1.33 4 140.25 .036
LITE 1.30 3 102.59 .036
AXP 1.07 6 162.85 .036
KNL .92 1 25.04 .036
ABBV .83 6 127.29 .036
DEN .72 4 76.51 .036
LEN .70 6 111.15 .036
NOK .04 6 5.96 .036
TTWO 1.26 5 167.63 .035
UPS 1.15 7 203.74 .035
XLK .85 7 169.45 .035
LESL .77 1 21.53 .035
SRNG .41 1 11.42 .035
BP .21 5 26.55 .035
LZB .64 2 36.1 .034
ALAC .21 2 11.67 .034
LPTX .08 1 2.3 .034
AHPI .17 1 5.11 .033
BKNG 10.17 8 2124.93 .032
HCA 2.20 4 245.11 .032
CLX 1.52 4 172.67 .032
LH 1.39 8 294.66 .032
MPC .54 4 62.45 .032
MRVL .37 8 85.29 .032
ACHV .11 2 6.79 .032
RMD 8.09 1 256.46 .031
RCUS 1.22 1 39.3 .031
FOE .67 1 21.53 .031
BLK 6.24 5 902.38 .030
AKAM 1.20 3 114.24 .030
PEP 1.13 5 169.39 .030
RTX .88 3 83.5 .030
PCVX .65 1 21.56 .030
NEE .59 5 90.03 .030
CROX .51 10 153.57 .030
TEO .08 2 5.01 .030
ENIC .06 1 1.95 .030
BEST .01 3 0.9309 .030
HOLI .43 1 14.54 .029
GOOG 3.73 28 2899.41 .028
XLY 1.50 4 198.55 .028
VZ .73 2 50.65 .028
FLOW .63 4 86.36 .028
CL .61 4 82.13 .028
XLF .58 2 38.86 .028
HNP .33 2 23.21 .028
MU .33 9 83.29 .027
ATKR 1.43 2 107.62 .026
VRTX 5.31 1 209.24 .025
TRIL .47 1 18.44 .025
AZO 5.11 12 1999.54 .024
SNA 1.40 4 212.89 .024
OLN 1.34 1 54.47 .024
ALXN 1.24 4 182.5 .024
MCD .98 8 262.52 .024
AZPN .96 4 149.1 .024
QDEL .95 4 141.11 .024
STN .44 3 54.85 .024
CLSK .30 1 12.11 .024
VSH .18 3 20.39 .024
GSKY .15 2 11.63 .024
UNIT .11 3 12.78 .024
CDEV .04 4 6.23 .024
SLVO .03 4 4.89 .024
SPB 2.21 1 95.8 .023
B 1.08 1 46.25 .023
CRTO .90 1 40.31 .022
RACE .58 11 253.31 .022
ALZN .07 1 3.08 .022
JNJ 1.21 3 170.29 .021
NUAN 1.13 1 55.06 .020
HRI .96 4 163.6 .020
IRBO .83 1 40.95 .020
PLD .67 5 158.73 .020
AMOM .66 1 34.5733 .019
UHAL 1.98 9 710.17 .018
LANC 1.43 2 155.81 .018
AIT .91 2 100.17 .018
CNA .83 1 44.22 .018
DUK .41 6 102.77 .018
D .17 9 76.6 .018
HD .68 17 402.2 .017
PSTX .12 1 6.7 .017
CSPR .11 1 6.29 .017
STMP 1.59 4 329.61 .016
STZ 1.17 4 236.81 .016
UTHR .86 4 193.93 .016
IYC .39 4 81.41 .016
SELF .09 1 5.3 .016
AXON 2.25 1 145.73 .015
INCY .27 5 68.59 .015
VCLO .25 1 15.75 .015
TNET 1.38 1 93.74 .014
PAYX .94 2 122.43 .014
XLV .31 7 135.3 .014
CHNG .15 2 20.83 .014
ADMS .06 2 8.22 .014
CAI .78 1 56 .013
MGTX .27 1 20.45 .013
FRBK .05 1 3.76 .013
TDG 1.87 4 583.74 .012
TSM .54 3 116.29 .012
HRC .42 6 155.96 .012
PPC .17 2 28.21 .012
HDGE .12 3 25.28 .012
PNRG .79 1 65.9996 .011
HALO .39 1 34.64 .011
SPY 2.43 2 463.36 .010
ECHO .49 1 48.24 .010
INOV .22 2 41.06 .010
ESXB .06 2 11.3 .010
GTS .33 1 35.65 .009
IEC .14 1 15.34 .009
SVBI .13 1 13.63 .009
RTLR .02 9 10.58 .009
HFBL .16 1 19.55 .008
XLP .13 8 75.21 .008
PBT .04 2 8.8 .008
LMRK .13 1 16.44 .007
ROG 1.67 1 271.3 .006
SYKE .14 3 54 .006
FAST .11 6 63.03 .006
CXM .09 1 14.65 .006
ITRN .07 3 24.54 .006
PSP .04 3 15.34 .006
CONE .46 1 89.58 .005
JQUA .26 1 44.25 .005
CLDR .08 1 15.99 .005
SAFM .85 1 189.56 .004
VOOV .73 1 147.4 .004
TAAG .09 1 20.9494 .004
CPLG .07 1 15.45 .004
KIN .02 2 9.25 .004
RAVN .10 3 58.08 .003
IACB .01 3 7.95 .003
CXP .04 1 19.28 .002
VCAR .03 1 14.56 .002
SIC .03 1 14.49 .002
NWHM .02 1 8.99 .002
EIC .02 2 16.79 .002
DSE .02 1 9.49 .002
ULTA .62 1 389.65 .001
PMD .01 1 7.34 .001
ULTA .05 12 389.65 0
EPAY .02 2 49.37 0
INFL .01 2 29.86 0
DFP .01 3 27.81 0
WMPN 0 4 12.18 0
QQC 0 2 32.6952 0
QADB 0 4 87.54 0
PAE 0 1 9.92 0
ONON 0 1 51.42 0
NLSP 0 1 1.27 0
LHAA 0 1 9.81 0
HWBK 0 1 24.03 0
FRO 0 16 6.61 0
DVD 0 1 3.59 0
APWC 0 1 2.99 0
NSYS -.12 1 10.27 -.011
