EJH 5.21 6 3 10.416
LAIX 1.72 4 0.8766 7.848
SCPS 3.34 7 3.87 6.041
EEIQ 4.33 5 4.14 5.225
NVOS 1.65 5 1.7501 4.710
NEGG 3.07 20 13.66 4.480
AACG 2.14 5 2.42 4.420
VRPX 1.77 9 4.23 3.762
CPOP 2.34 5 3.14 3.725
AUVI 2.56 8 5.63 3.632
DPW 1.56 5 2.44 3.195
JZXN 1.63 4 2.17 3.004
JAN 3.24 5 6.27 2.580
FCEL .17 129 8.11 2.580
SIEB 1.53 5 3.09 2.475
EYES 1.22 6 3.07 2.382
JG 1.30 3 1.64 2.376
AAME 1.97 5 4.19 2.350
KOSS 5.35 7 17.06 2.191
NRXP 3.86 6 10.64 2.172
CEMI .75 7 2.44 2.149
BSQR .35 13 2.3 1.976
NURO 1.47 11 8.35 1.936
NAOV .27 11 1.64 1.804
DWAC 39.61 2 45.5 1.740
GRTS 3.14 5 9.03 1.735
TYME .45 4 1.04 1.728
IRNT 3.52 5 10.27 1.710
AMC 1.21 57 39.24 1.710
SAVA 3.02 26 46.56 1.664
INDP 2.52 5 7.71 1.630
SGOC 1.19 9 6.9 1.548
CSCW .39 2 0.5152 1.512
SPCE 1.26 24 20.15 1.488
CARV 3.92 6 15.87 1.482
MRIN 2.01 5 7.07 1.420
SPRT .81 20 11.8 1.360
SJ 1.24 4 3.65 1.356
HGSH 1.16 2 1.7098 1.356
EVK .60 6 2.67 1.344
RMED .72 6 3.22 1.338
TAOP 1.35 3 3.03 1.335
GME 2.99 82 181.71 1.312
AREC .62 5 2.47 1.255
CRTD .90 4 2.92 1.232
CETX 1.20 1 1.03 1.165
WAVE 1.72 5 7.47 1.150
PMCB 1.11 3 2.9 1.146
NCTY 2.63 5 11.48 1.145
NMRD 1.66 4 5.86 1.132
AUUD .54 5 2.47 1.090
LHDX 1.58 4 5.87 1.076
ALYA 1.03 3 2.89 1.068
BTBT 1.30 9 11 1.062
SSY .91 3 2.58 1.056
BIDU 1.78 117 180.6 1.053
JCS 1.40 3 4.03 1.041
PBTS 1.24 1 1.2 1.033
LMNL .65 3 1.93 1.008
CHCI 1.54 3 4.59 1.005
BBIG .30 20 5.99 1.000
BNTC 1.24 3 3.72 .999
AGRI .76 3 2.28 .999
IGC .49 3 1.47 .999
WAFU 1.50 4 6.05 .988
BBBY 1.07 13 14.29 .962
MTSL 1.08 3 3.37 .960
NVFY .73 3 2.32 .942
UPC .73 3 2.34 .933
PRFX .77 3 2.5 .924
CTIB .64 3 2.08 .921
ACRS 2.12 7 16.09 .917
OCGN 1.10 7 8.46 .910
DLPN 2.14 5 11.83 .900
NIO .48 75 39.97 .900
NVAX 13.77 9 138.79 .891
FTEK .69 3 2.32 .891
WORX .44 4 1.99 .884
ANPC 1.24 2 2.83 .876
PTIX .84 2 1.93 .870
SYPR .80 4 3.74 .852
WHLM 1.20 4 5.65 .848
BLIN .41 8 3.87 .840
RIDE .85 5 5.07 .835
BNGO .36 12 5.2 .828
MOXC 1.33 4 6.44 .824
IMPL 1.70 5 10.34 .820
YJ .40 2 0.9801 .816
BB .84 11 11.3 .814
VVOS .78 4 3.86 .808
HOFV .98 2 2.43 .806
TPST 2.19 5 13.56 .805
XPEV .46 80 43.5 .800
CNET 1.11 1 1.39 .798
SNAP .58 112 75.11 .784
RETO .66 1 0.857 .770
XELA .21 6 1.63 .768
PALI .71 3 2.8 .759
ANVS 3.73 6 29.39 .756
ASM .69 1 0.918 .751
EBET 3.45 6 27.59 .750
SNOA 1.43 3 5.7 .750
GRTX .50 3 2.01 .744
SPCB .32 2 0.8727 .732
EYEG 1.45 1 1.99 .728
NVDA 1.21 144 226.92 .720
IDEX .36 4 1.99 .720
OSAT 1.21 3 5.13 .705
DYNT .22 5 1.55 .705
LODE .56 3 2.42 .693
NBRV .76 1 1.125 .675
AVXL 2.41 5 17.98 .670
ADGI 3.21 7 33.65 .665
CANF 1.04 1 1.57 .662
KALV 1.44 8 17.45 .656
VERY 1.39 4 8.5036 .652
PHUN .20 5 1.53 .650
OPAD 1.25 4 7.76 .644
MVIS 1.51 4 9.43 .640
STAF .58 2 1.81 .640
TERN 1.53 4 9.62 .636
CBAT .70 2 2.22 .630
FULC 2.54 6 24.4 .624
SPI 1.06 3 5.08 .624
DTST .84 3 4.07 .618
MNOV 1.12 2 3.7 .604
WEI .57 1 0.944 .603
MEDS .53 5 4.385 .600
ZCMD 1.01 1 1.69 .597
VTNR .43 7 5.11 .588
TSLA 4.22 146 894 .584
AQMS .39 3 2.03 .576
XTLB 1.09 2 3.81 .572
MBRX .81 2 2.83 .572
ZEV 1.49 3 7.96 .561
ENOB 1.18 4 8.48 .556
ATXI .74 1 1.33 .556
HGEN 1.21 3 6.53 .555
EXPR .47 5 4.23 .555
ORPH .57 4 4.12 .552
OBLN .56 3 3.05 .549
IPHA .78 4 5.69 .548
LGHL .66 2 2.41 .546
VYGR 1.06 2 3.91 .542
TQQQ .63 135 144.95 .540
GOVX .35 6 3.92 .534
ALEC 2.10 6 23.73 .528
HOOD 1.85 12 41.28 .528
EVOL .74 2 2.83 .522
ZKIN .71 2 2.71 .522
APTO .39 3 2.23 .522
HTBX 1.46 2 5.6 .520
OPTT 1.10 1 2.12 .518
NRBO .49 2 1.89 .518
MOHO .11 3 0.6401 .513
HUSN .29 4 2.25 .512
ANY .23 16 7.05 .512
LWAC 1.73 5 16.98 .505
XELB .34 2 1.36 .500
OXBR .30 5 2.98 .500
MVST 1.01 4 8.09 .496
GTEC 1.57 2 6.35 .494
TIGR .73 6 8.89 .492
FLGC .55 4 4.53 .484
LEDS 1.24 3 7.71 .480
ATNF .90 3 5.62 .480
LIZI .40 4 3.33 .480
ERYP 1.39 2 5.92 .468
SOS .61 2 2.61 .466
COHN 1.95 5 20.93 .465
WINT .31 3 2.02 .459
GLSI 3.27 5 35.56 .455
KXIN .17 6 2.25 .450
ADMA .54 1 1.21 .446
ACY .99 19 42.6 .437
ENVB .27 3 1.85 .435
VERB .12 8 2.19 .432
KNBE 2.06 5 23.95 .430
GEG .90 1 2.09 .430
DTSS .87 1 2.02 .430
WHLR .54 2 2.53 .426
DWSN .96 1 2.28 .421
FGEN 1.47 3 10.6 .414
AYRO .60 2 2.91 .412
PME .26 1 0.6299 .412
RCON .51 2 2.5 .408
GALT .44 3 3.22 .408
AMBO .61 1 1.5001 .406
APRE .69 3 5.11 .405
SLGG .64 2 3.2 .400
DBGI .31 4 3.1 .400
JFU .22 3 1.65 .399
NTRB 1.15 2 5.82 .394
TRCH .98 2 4.95 .394
BABA .78 98 177.42 .392
LIFE 1.09 3 8.57 .381
CHNR .12 4 1.26 .380
RAPT 1.77 7 32.4 .378
ONCS .68 1 1.8 .377
ALF 1.08 2 5.72 .376
ACOR .41 4 4.36 .376
ENG .30 3 2.4 .375
GROM 1.32 1 3.55 .371
ATOS .21 5 2.83 .370
LEXX .84 3 6.78 .369
MINM .32 2 1.74 .366
PIRS .23 7 4.41 .364
AVGR .04 7 0.7548 .364
BCRX .66 8 14.61 .360
OTLK .38 2 2.11 .360
GRVI .74 3 6.17 .357
NNOX 1.69 5 23.69 .355
RSLS .27 4 3.05 .352
NKLA .28 14 11.08 .350
NEXT .29 4 3.33 .348
GRU 1.51 1 4.36 .346
PSTV .60 1 1.73 .346
MRNA 3.93 31 339.57 .341
WNW 1.34 1 3.93 .340
OBSV .18 5 2.61 .340
RHE 1.27 2 7.51 .338
WPRT .58 2 3.43 .338
GNLN .36 2 2.12 .338
ENTX .77 2 4.57 .336
DYAI .51 3 4.53 .336
AEHR .35 21 21.85 .336
BILI 1.28 22 82.62 .330
ENZ .54 2 3.27 .330
CRIS 1.20 2 7.29 .328
SCKT .74 4 8.98 .328
LJPC .62 2 3.76 .328
ARPO .72 1 2.2 .327
IPA 1.04 2 6.36 .326
HAPP .30 1 0.919 .326
ARAV 1.21 1 3.715 .325
DQ 3.36 7 72.41 .322
CERE 1.78 7 38.69 .322
VOXX 1.16 3 10.85 .318
UFAB .46 2 2.88 .318
WATT .32 2 2.01 .318
DARE .47 1 1.48 .317
KMPH 1.03 3 9.74 .315
MTP .56 1 1.78 .314
ADMP .36 1 1.15 .313
CCXI 3.66 3 35.01 .312
IMNM 1.42 4 18.14 .312
BTCM .72 4 9.33 .308
DDD 1.09 8 27.98 .304
SLS .91 3 9.06 .300
KBSF .46 2 3.05 .300
WISH .58 3 5.82 .297
ENSC .72 1 2.44 .295
BNR 1.30 3 13.18 .294
GDEV .87 3 8.85 .294
TATT .65 3 6.58 .294
GEVO .49 4 6.7 .292
SKLZ .97 3 9.94 .291
UAVS .83 1 2.85 .291
APOP .84 5 14.44 .290
AGEN .15 10 5.13 .290
NVCR 3.93 9 121.99 .288
TRIT .58 3 6.06 .285
CTSO .42 4 6.04 .276
BPTH 1.44 1 5.24 .274
VBLT .32 2 2.35 .272
OSMT .13 4 1.9 .272
BNTX 5.27 15 286.36 .270
LMFA .35 5 6.42 .270
AVIR 1.14 3 12.75 .267
ALDX 1.09 2 8.14 .266
DOCS 3.04 6 67.87 .264
RLMD 1.57 4 23.62 .264
XBIO .06 8 1.8 .264
LYEL 1.21 3 13.89 .261
AFRM 4.06 10 155.34 .260
NEPT .07 2 0.538 .260
GSM .27 7 7.25 .259
LAZR 1.40 3 16.16 .258
NNVC .44 3 5.09 .258
PLG .61 1 2.37 .257
QFIN .76 8 23.51 .256
IMTX 1.15 3 13.42 .255
BHTG .33 1 1.3 .253
DDS 6.22 9 221.76 .252
EOSE 1.39 2 11.03 .252
TELL .13 7 3.54 .252
NNDM .48 3 5.73 .249
RNXT .73 2 5.88 .248
HUGE .37 1 1.49 .248
IGIC .70 3 8.49 .246
FLGT 4.22 5 84.82 .245
AVCT .60 1 2.44 .245
KODK .86 2 7.05 .242
OCUP 1.04 1 4.31 .241
TSP 1.75 5 36.26 .240
CARA 1.57 2 12.99 .240
ONCT .45 2 3.72 .240
INFI .16 4 2.65 .240
RKDA .49 1 2.05 .239
KSS 1.63 7 47.3 .238
KURA 1.39 3 17.48 .237
BTX 1.13 2 9.62 .234
CLF .57 9 21.16 .234
MRKR .36 1 1.54 .233
STG 1.13 1 4.87 .232
SQBG .73 2 6.24 .232
ADIL .45 2 3.85 .232
OCG .23 4 3.91 .232
BON .62 3 7.98 .231
PBR .34 7 10.05 .231
FCX .42 23 38.42 .230
MITO .28 1 1.22 .229
BYSI 1.25 3 16.37 .228
VIVE .26 2 2.28 .228
CRDF 1.40 1 6.18 .226
ZM 4.40 14 274.78 .224
CMMB 1.24 2 11.13 .222
SNMP .11 2 0.9884 .222
ORMP .40 13 22.38 .221
OCG .07 13 3.91 .221
SDC .64 2 5.81 .220
ASTR .53 4 9.51 .220
WIMI .46 2 4.15 .220
JRJC .67 3 9.13 .219
IMMP .32 3 4.36 .219
VTSI .98 2 8.92 .218
AESE .35 1 1.61 .217
COTY .43 4 7.91 .216
AAPL .40 107 149.48 .214
AKTX .36 1 1.69 .213
KULR .52 1 2.45 .212
GPN 3.44 10 159.99 .210
ZY .78 3 10.99 .210
VERU .59 3 8.34 .210
SNES .16 2 1.51 .210
FB .94 104 341.88 .208
PLUG .89 8 33.67 .208
OVID .38 2 3.62 .208
LOOP .89 3 12.81 .207
ZLAB 3.42 6 99.72 .204
HOL .84 3 12.35 .204
W 7.31 7 243.83 .203
MESO 1.26 1 6.3 .200
SKT 1.17 3 17.54 .198
OCX .70 1 3.52 .198
SE 5.17 14 363.3 .196
TASK 1.74 7 61.46 .196
UONE .44 4 8.86 .196
CAN .43 4 8.68 .196
CHMA .37 2 3.76 .196
RAIL .24 4 4.88 .196
IMV .15 2 1.54 .194
GPS .75 6 22.93 .192
EZFL .57 1 2.97 .191
MTL .17 5 4.44 .190
NTEC .46 4 9.63 .188
AZYO 1.08 1 5.75 .187
AMZN 8.18 93 3435.01 .186
MDIA .50 3 8.03 .186
CLSD .35 3 5.6 .186
VNET 1.13 3 18.43 .183
CVV .46 2 5.05 .182
AMTX 1.20 3 19.85 .180
BODY .47 2 5.19 .180
CELC 1.05 3 17.58 .177
CLPS .56 1 3.15 .177
CLPS .56 1 3.15 .177
DKS 2.02 11 123.95 .176
CLII .84 3 14.36 .174
MARK .08 2 0.9101 .174
GTT .41 1 2.36 .173
BLUW .83 2 9.63 .172
MAT 1.16 3 20.33 .171
TEDU .09 2 1.05 .170
BGFV .70 6 24.38 .168
JFIN .36 2 4.24 .168
FENG .11 2 1.31 .166
ZG 3.17 5 93.32 .165
RBLX 2.77 5 83.19 .165
OPNT 1.39 3 25.12 .165
HUYA .53 3 9.57 .165
BWAY 1.35 1 8.2 .164
OSTK 2.20 6 80.96 .162
EXPI 1.38 6 51.06 .162
ARMP .49 1 3.1 .158
EVGN .43 1 2.71 .158
ENSV .20 1 1.27 .157
GIII 1.11 4 28.29 .156
UPST 4.14 14 354.34 .154
EDSA 1.24 1 8.14 .152
PRTA 1.18 8 61.15 .152
AAL .38 8 19.89 .152
MDNA .05 8 2.53 .152
GTIM .74 1 4.9 .151
DLO 1.53 5 50.83 .150
FSTX 1.04 1 6.91 .150
KR .40 15 39.3 .150
GSAT .12 2 1.59 .150
IRDM 1.55 4 41.23 .148
VCVC 1.46 1 9.85 .148
BCLI .46 1 3.1 .148
ARVN 1.91 7 88.09 .147
FUV 1.54 1 10.46 .147
ORGS .70 1 4.73 .147
ALTO .28 3 5.7 .147
DMAC .31 2 4.22 .146
CELH 2.77 5 95.31 .145
FIGS 1.12 5 37.52 .145
SCR 1.05 5 35.58 .145
SCYX .79 1 5.45 .144
ACB .36 3 7.37 .144
TVTX 1.19 3 25.23 .141
SIF 1.16 1 8.18 .141
AFMD .87 1 6.15 .141
OLB .65 1 4.58 .141
DNUT .63 3 13.13 .141
FBRX .40 1 2.82 .141
IAC 3.19 7 153.11 .140
DLTR 2.90 5 102.45 .140
NETE 1.05 1 7.46 .140
MTTR .70 4 20 .140
M .54 7 26.27 .140
AEY .31 1 2.21 .140
RIG .11 5 3.91 .140
EDTK .10 2 1.42 .140
VIH 1.31 1 9.36 .139
SQ 1.73 23 265.08 .138
NIU 1.17 3 25.19 .138
ALLO 1.11 2 15.94 .138
ISEE .62 4 17.91 .136
CCJ .71 5 26.02 .135
IRIX .35 3 7.76 .135
TTD 1.62 7 81.06 .133
DPZ 5.62 11 467.96 .132
LEGN 1.79 4 53.55 .132
AMD 1.50 11 119.33 .132
VLDR .86 1 6.47 .132
GMBL .80 1 6.04 .132
TLRY .52 3 11.56 .132
IKT .24 1 1.81 .132
MOSY .76 1 5.81 .130
LTHM .35 10 25.68 .130
TAL .32 2 4.89 .130
TENX .21 1 1.61 .130
SRNE .85 1 6.56 .129
GENE .13 3 2.98 .129
SI 4.86 4 148.38 .128
NGM 1.25 2 19.25 .128
CYTK 1.17 4 36.21 .128
AMEH 1.16 8 71.92 .128
NBEV .19 1 1.49 .127
SAM 9.40 7 517.22 .126
RIOT 1.25 3 29.44 .126
CIEN .40 18 53.46 .126
THCB 1.25 1 10 .125
LYFT 1.57 4 49.57 .124
MOGO .23 3 5.53 .123
HJLI 1.27 1 10.38 .122
ACHL .89 1 7.32 .121
DUOL 7.27 3 178.14 .120
SPLK 4.15 5 168.83 .120
LIVE 1.37 3 33.665 .120
LI 1.29 3 32.04 .120
MAXR 1.20 3 29.93 .120
ZIM 1.19 5 49.42 .120
JWN 1.19 3 29.28 .120
TESS .64 1 5.32 .120
SOHU .47 6 22.6 .120
RRD .26 3 6.5 .120
SBBP .12 2 2 .120
SEMR 1.48 2 25.03 .118
NLS 1.33 1 11.2 .118
PBLA .25 1 2.11 .118
REGN 7.44 9 569.37 .117
MARA .50 13 50.91 .117
SSKN .22 1 1.88 .117
SBS .15 5 6.45 .115
EDIT 1.47 3 38.47 .114
BGI .23 2 3.97 .114
LBPH .92 1 8.11 .113
SSNT .66 1 5.82 .113
DE 4.88 8 342.93 .112
RGEN 4.41 7 270.76 .112
GH 1.57 8 109.52 .112
DAL 1.14 4 40.4 .112
HCM .93 4 32.17 .112
AA .81 7 49.99 .112
CCL .63 4 22.33 .112
ENLV .49 2 8.75 .112
ACI .43 8 29.51 .112
HIPO .25 2 4.41 .112
ERJ .64 3 17.05 .111
MSFT .41 111 310.76 .111
PDD 2.15 5 97.15 .110
LIVX .17 2 3.07 .110
RMBL 1.41 3 38.24 .108
CAH 1.34 4 49.06 .108
WTER .09 2 1.64 .108
PRPO .09 3 2.47 .108
AEO 1.32 2 24.73 .106
AUTL .31 2 5.79 .106
ENPH 3.89 5 179.8 .105
SHEN 1.11 3 30.93 .105
NFLX .76 105 653.16 .105
GP .49 3 13.67 .105
MSGE 1.88 4 69.96 .104
AN 1.67 8 126 .104
APXT 1.27 1 12.11 .104
CLDX 1.61 3 46.5 .102
CPSH .51 1 4.97 .102
ORCL .37 34 96.3 .102
AXLA .29 1 2.82 .102
ATIF .43 1 4.24 .101
CREE 1.64 5 79.12 .100
MRUS 1.44 2 28.6 .100
RUN 1.35 4 52.96 .100
FLWS .75 4 29.86 .100
STEM .47 5 22.39 .100
BKYI .32 1 3.2 .100
PTGX 1.05 3 31.05 .099
PRPL .70 3 21.13 .099
ARCE .89 2 18 .098
BTWN .95 1 9.85 .096
DBVT .09 6 5.58 .096
ABSI 1.13 1 11.86 .095
DDL 1.22 2 25.58 .094
MFNC 1.02 2 21.5 .094
RRGB .96 2 20.36 .094
UAA .97 2 20.93 .092
FRD 1.28 1 13.99 .091
LAD 6.41 5 337.38 .090
CAT 3.19 6 202.14 .090
XBI 2.27 5 123.84 .090
DELL 1.74 6 112.98 .090
BKE 1.30 3 43.18 .090
VNE .55 6 35.3 .090
HX .28 3 9.14 .090
AEI .09 2 1.98 .090
MBII .08 1 0.8987 .089
MDB 5.88 8 509.43 .088
VLO 1.86 4 82 .088
CTRN 1.77 4 77.24 .088
VSCO 1.28 4 56.35 .088
BAC 1.06 4 46.83 .088
PATI .50 2 11.3501 .088
ULBI .31 2 7 .088
CSIQ 1.12 3 38.21 .087
EQ .53 1 6.03 .087
ANIX .38 1 4.33 .087
FFHL .44 2 10.2 .086
BBY 2.06 5 117.6 .085
ACMR 1.83 5 105.72 .085
JD 1.44 5 83.97 .085
CHRA .40 1 4.68 .085
DASH 2.82 7 218.82 .084
DIS 2.12 7 171.34 .084
GRVY 1.33 7 103.66 .084
VRNT 1.32 3 46.64 .084
JPM 1.20 12 169.5 .084
STX 1.06 7 82.24 .084
LUV 1.03 4 48.66 .084
CRON .13 4 5.95 .084
SFIX 1.46 2 34.86 .082
GURE .46 1 5.55 .082
EAT 1.21 3 44.31 .081
PKG 2.17 5 134.75 .080
RL 1.95 5 121.49 .080
MDT 1.95 5 121.65 .080
TWTR 1.34 4 65.4 .080
TJX 1.32 4 64.68 .080
ABCL 1.31 1 16.3 .080
USB 1.25 4 62.18 .080
HPQ .63 4 30.57 .080
CPG .08 5 4.95 .080
XLNX 2.27 6 173.74 .078
OVV 1.51 2 38.39 .078
BCYC 1.49 3 56.3 .078
UBER 1.22 3 46.47 .078
PFGC 1.21 3 46.12 .078
IMMR .28 2 7.03 .078
MRO .10 13 16.18 .078
TWST 1.37 7 120.25 .077
FRO .07 11 9.21 .077
CLNE .67 1 8.74 .076
UWMC .55 1 7.17 .076
KZIA .41 2 10.77 .076
SPT 1.96 5 125.55 .075
TMUS 1.78 5 116.85 .075
APPS 1.42 5 89.86 .075
DKNG 1.24 3 48.92 .075
LAW 1.23 3 48.68 .075
WMT .77 15 146.81 .075
SONO .50 5 32.41 .075
AEMD .09 3 3.58 .075
JRVR 1.48 2 39.07 .074
BQ .08 2 2.16 .074
INM .14 1 1.91 .073
SIVB 7.01 8 705.14 .072
ROKU 4.06 6 333.83 .072
IWM 2.93 6 227.95 .072
ROST 2.08 4 110.71 .072
MS .97 8 100.28 .072
WFC .91 4 50.33 .072
CSCO .52 8 55.69 .072
DRN .48 4 25.81 .072
CNFR .10 2 2.706 .072
ATAI 1.09 1 15.17 .071
YEXT .91 1 12.74 .071
TBLA .70 1 9.85 .071
CLOV .56 1 7.86 .071
BIIB 4.00 5 270.21 .070
SITM 3.41 5 227.88 .070
PYPL 2.56 7 243.21 .070
VMW 2.32 5 164.7 .070
A 1.64 7 156.94 .070
FISV 1.58 5 110.16 .070
FANG 1.53 5 108.93 .070
ASAN 1.41 7 136.02 .070
HOG 1.32 2 36.81 .070
DFH 1.18 1 16.73 .070
IMAB 1.00 5 67 .070
CRCT .96 2 27.29 .070
SLV .79 2 22.35 .070
RCAT .10 2 2.8 .070
THC 4.91 1 70.45 .069
PINS 1.45 3 61.35 .069
CPE 1.16 3 50.23 .069
TSN 1.42 4 81.19 .068
C 1.23 4 70.51 .068
STRO .65 2 18.75 .068
SLB .60 4 34.3 .068
SBH .56 2 16.35 .068
EOLS .55 1 8.05 .068
EVGO .55 1 8.17 .067
DUOT .40 1 5.96 .067
YPF .31 1 4.59 .067
SNPS 3.69 6 321.01 .066
UNH 3.07 11 442.28 .066
LLY 2.73 6 241.17 .066
FATE 1.36 3 59.48 .066
TDC 1.32 3 57.73 .066
CLSK 1.17 1 17.64 .066
RFL 1.04 2 31.31 .066
CGC .94 1 14.04 .066
MRTN .38 3 16.64 .066
WSM 2.54 5 188.62 .065
BYND 1.46 5 108.62 .065
COP 1.03 5 74.59 .065
TTM .45 5 33.57 .065
SSL .10 13 17.31 .065
SNOW 2.91 8 342.05 .064
TSCO 1.77 8 210.42 .064
CRNC 1.55 4 94.69 .064
NEWR 1.30 4 77.91 .064
AMAT 1.16 8 133.34 .064
APP .81 8 96.3 .064
XOM .52 8 62.69 .064
K .51 8 61.68 .064
ORGO .35 2 10.82 .064
HWCC .34 1 5.3 .064
T .56 3 25.76 .063
VXX .46 3 21.22 .063
DXC 1.11 2 34.97 .062
PLTR .77 2 24.78 .062
THTX .22 1 3.53 .062
SBTX .57 1 9.29 .061
SHOP 16.27 6 1496.71 .060
SEDG 3.89 5 309.03 .060
KYMR 1.69 2 54.77 .060
TTC 1.60 4 100.16 .060
IBM 1.35 6 128.33 .060
CHKP 1.25 6 123.66 .060
BZ 1.15 2 38.16 .060
SMLP 1.07 2 35.1 .060
FL .99 3 48.88 .060
MYGN .98 2 32.5 .060
INTC .68 5 56 .060
SOFI .64 2 20.99 .060
TTCF 1.07 1 18.12 .059
FLXN .55 1 9.3 .059
GBR .24 1 4.02 .059
XONE .67 2 22.92 .058
EDU .14 1 2.41 .058
LPX 1.24 3 64.9 .057
BZUN 1.12 1 19.53 .057
CIFR .48 1 8.31 .057
CALA .11 1 1.92 .057
KEYS 2.52 4 176.45 .056
KMB 1.88 4 131.28 .056
LOW 1.83 7 227.42 .056
CM 1.70 4 120.3 .056
HAS 1.30 4 92.46 .056
PSTG .74 2 26.26 .056
SILK .52 7 58.71 .056
ASML 4.13 11 787.56 .055
NXPI 2.32 5 201.25 .055
HRL .48 5 41.66 .055
AZN .33 11 61.22 .055
PPBT .26 1 4.65 .055
ITRO .07 1 1.27 .055
LII 2.97 6 310.6 .054
ADSK 2.96 6 305.68 .054
ZS 2.89 6 305.69 .054
ABNB 1.58 6 170.5 .054
ATVI 1.42 3 78.7 .054
TAP 1.23 2 44.45 .054
GT 1.09 1 19.97 .054
FITB .82 3 45.08 .054
CRMT .72 9 117.87 .054
TME .45 1 8.32 .054
LL 1.01 1 18.78 .053
DOCN 1.29 4 95.41 .052
APPN 1.29 4 98.66 .052
YETI 1.27 4 92.72 .052
DOMO 1.26 4 92.95 .052
SCHW 1.13 4 82.24 .052
YMM .89 1 16.96 .052
SPTN .60 2 22.89 .052
SUPN 1.50 1 29.38 .051
ECOM 1.37 1 26.73 .051
VIPS .66 1 12.78 .051
GBS .11 1 2.15 .051
AMGN 2.27 5 208.99 .050
TSC 1.55 1 31 .050
VMEO .85 2 33.4 .050
MNSO .82 1 16.12 .050
SJM .67 10 121.8 .050
KIRK .60 2 23.75 .050
GGAL .57 1 11.4 .050
KO .56 5 54.35 .050
RSI .55 2 21.18 .050
ZNGA .20 2 7.8 .050
IRCP .07 2 2.76 .050
ROLL 1.78 7 229.49 .049
RKT .84 1 16.9 .049
EKSO .20 1 4.07 .049
GS 2.81 8 407.59 .048
HON 1.95 6 224.52 .048
BHVN 1.74 4 136.88 .048
UPS 1.72 6 199.44 .048
CVS 1.40 3 86.86 .048
NTAP 1.16 4 92.74 .048
MNST 1.05 4 85.25 .048
FUBO .74 2 29.92 .048
XLE .47 6 57.41 .048
FLO .41 3 25.01 .048
LC .24 8 34.79 .048
OEG .14 1 2.86 .048
VTGN .03 4 2.34 .048
WDAY 2.61 5 281.01 .045
V 2.27 5 230.24 .045
EA 2.20 3 140.63 .045
LMT 1.95 9 373.14 .045
STT 1.48 3 98.14 .045
GLD 1.00 9 166.75 .045
FA .96 1 21.26 .045
MOS .65 3 42.17 .045
EPU .48 3 30.33 .045
GMTX .17 1 3.7 .045
COF 1.87 4 165.69 .044
DAVA 1.77 4 149.44 .044
ABT 1.40 4 125.05 .044
JBL 1.39 2 62.63 .044
JKS 1.26 2 56.86 .044
AMKR 1.03 1 23.16 .044
FTCH .94 2 42.13 .044
MU .79 4 68.64 .044
GNOG .78 1 17.61 .044
ARMK .42 4 37.11 .044
BIOC .09 2 3.92 .044
LIN 2.33 6 311.31 .042
MMM 1.20 7 182.12 .042
PG 1.11 6 139.33 .042
CHPT .93 1 22.02 .042
SWI .79 1 18.6 .042
SKX .66 3 45.67 .042
AMRS .60 1 14.17 .042
TBIO .53 3 37.36 .042
BBWI .53 6 69.05 .042
WOOF .51 2 23.71 .042
MRVL .51 6 67.07 .042
SPWH .38 2 17.74 .042
AGNC .36 2 16.6 .042
VIEW .21 1 4.91 .042
SNDL .03 1 0.6985 .042
COUR 1.39 1 33.36 .041
SANA .82 1 19.92 .041
MA 2.96 5 356.21 .040
CI 1.83 5 216.23 .040
BURL 1.68 8 280.87 .040
ADI 1.48 5 178.81 .040
WGO 1.39 2 68.73 .040
INCY 1.38 2 65.87 .040
GWRE 1.32 4 123.34 .040
NFE 1.27 1 31.58 .040
NKE .89 8 162.18 .040
OTIS .88 4 85.35 .040
TNA .83 5 93.37 .040
PDCO .67 2 31.99 .040
KDMN .10 4 9.42 .040
MFGP .07 3 5.18 .039
OLLI 1.29 2 66.99 .038
OKE 1.26 2 64.31 .038
EGRX 1.01 2 51.72 .038
MO .93 2 48.23 .038
ON .92 2 46.32 .038
HNST .37 1 9.56 .038
FCBP 1.08 1 29.1 .037
ACH .67 1 17.65 .037
ADBE 4.10 6 638.66 .036
COST 3.15 6 477.23 .036
ANTM 2.99 6 430.41 .036
EL 2.10 6 317.77 .036
DG 2.03 4 218.94 .036
ESTC 1.65 4 169.55 .036
MCD 1.62 6 241.4 .036
BLFS 1.55 1 42.99 .036
UHS 1.30 4 137.35 .036
HD 1.21 12 364.62 .036
TGT 1.11 9 254.21 .036
KNL .92 1 25.04 .036
LOGI .87 4 90.29 .036
RF .86 1 23.28 .036
DEN .72 4 78 .036
LZB .64 2 33.88 .036
GIS .62 4 62.49 .036
VIR .39 4 39.93 .036
ALAC .21 2 11.43 .036
LH 1.59 7 279.81 .035
SRNG .41 1 11.42 .035
FENC .31 1 8.79 .035
LITE 1.46 2 84.88 .034
RCUS 1.22 1 35.05 .034
MPC 1.19 2 67.03 .034
TGTX 1.11 1 31.81 .034
BLDR 1.03 2 58.55 .034
APG .76 1 21.81 .034
ANF .67 2 38.46 .034
HNP .33 2 19.17 .034
TEO .18 1 5.28 .034
AZO 6.70 11 1807.68 .033
XM 1.53 1 45.97 .033
AKAM 1.20 3 108.55 .033
CRM 1.06 11 289.81 .033
PLCE .92 3 82.51 .033
BP .33 3 29.44 .033
NOK .07 3 5.95 .033
BKNG 10.17 8 2411.13 .032
HCA 2.20 4 260 .032
UAL 1.50 1 46.72 .032
ABBV .93 4 108.76 .032
ATHM .86 2 50.96 .032
D .31 8 77.29 .032
ALZN .07 1 2.18 .032
FOE .67 1 21.03 .031
BLK 6.24 5 903.72 .030
COIN 1.85 5 300.01 .030
ATKR 1.43 2 89.9 .030
KHC 1.11 1 36.38 .030
CHGG .96 2 61.42 .030
ME .16 2 10.33 .030
SWN .15 1 4.94 .030
SLHG .10 1 3.33 .030
GOOG 3.73 28 2855.61 .028
AAP 1.82 4 233.71 .028
TTWO 1.42 4 182.06 .028
PLD 1.05 4 144.94 .028
QDEL .95 4 133.98 .028
PCVX .65 1 22.52 .028
MRK .63 4 81.17 .028
FLOW .63 4 78.83 .028
ACHV .23 1 8.13 .028
OXY .04 28 32.8 .028
BEKE .69 1 25.06 .027
CTKB .66 1 23.93 .027
MQ .26 3 27.47 .027
VSH .18 3 19.58 .027
GRUB .15 3 16.25 .027
RTX 1.21 2 91.61 .026
DD .99 2 72.24 .026
VZ .73 2 53.39 .026
TRIL .47 1 17.86 .026
UNIT .38 1 14.4 .026
B 1.08 1 42.3 .025
AXP 1.02 5 177.47 .025
LEN .59 5 101.42 .025
RY .57 5 106.97 .025
STE 1.42 4 232.28 .024
SNA 1.40 4 212.51 .024
ALXN 1.24 4 182.5 .024
J 1.23 3 136.87 .024
AZPN .96 4 159.93 .024
CRTO .90 1 37.45 .024
CL .61 3 74.89 .024
BIG .59 2 45.8 .024
QCOM .47 8 133.05 .024
FAST .39 4 56.1 .024
PFE .21 6 42.86 .024
ET .06 4 9.89 .024
CNC 1.57 1 68.99 .022
TSM 1.36 2 116.29 .022
NEE .95 2 83.81 .022
GM .69 2 58.41 .022
ADMS .18 1 8 .022
MOMO .16 2 13.45 .022
PKI 1.33 3 176.5 .021
PEP 1.25 3 159.18 .021
CLX 1.16 3 160.06 .021
HHR .45 3 56.29 .021
INTU 2.61 5 578.35 .020
STZ 1.17 4 218.41 .020
NUAN 1.13 1 55.13 .020
HRI .96 4 183.96 .020
IYC .84 2 82.19 .020
CROX .67 5 148.6 .020
UHAL 1.98 9 724.89 .018
JNJ 1.48 2 163.4 .018
AIT .91 2 100.26 .018
IRBO .83 1 45.12 .018
CNA .83 1 45.85 .018
XLP .43 3 70.74 .018
PSTX .12 1 6.42 .018
XPDI .04 6 11 .018
AMOM .66 1 36.9017 .017
GPK .37 1 20.6 .017
SELF .09 1 5.1301 .017
STMP 1.59 4 329.61 .016
LANC 1.43 2 171.77 .016
KMX 1.24 2 141.9 .016
DUK .92 2 103 .016
UTHR .86 4 190.66 .016
XLK .65 4 158.96 .016
WM .58 5 161.88 .015
HRC .48 5 154.5 .015
FRBK .05 1 3.15 .015
VSTM .04 1 2.61 .015
TNET 1.38 1 96.95 .014
CHNG .15 2 21.13 .014
ABUS .06 1 4.11 .014
CAI .78 1 55.92 .013
PAYX 1.56 1 122.38 .012
RACE .92 3 224.61 .012
PNRG .79 1 64 .012
GE .40 4 103.15 .012
PTON .37 4 94.83 .012
BEST .01 3 2.19 .012
INOV .46 1 40.77 .011
ESXB .13 1 11.52 .011
TRI .68 2 118.52 .010
ECHO .49 1 48.07 .010
PPC .17 2 29.05 .010
SVBI .13 1 12.77 .010
GTS .33 1 35.2 .009
IEC .14 1 15.34 .009
SLVO .02 3 5.38 .009
TDG 1.87 4 650 .008
MSTR .94 8 735.43 .008
XLV .37 4 131.14 .008
HFBL .16 1 18.9 .008
PBT .04 2 8.5 .008
LMRK .13 1 16.43 .007
SYKE .14 3 54 .006
ITRN .07 3 25.93 .006
PSP .06 2 16.14 .006
CLDR .08 1 15.99 .005
SAFM .85 1 187.88 .004
VOOV .73 1 147.75 .004
SPG .16 4 143.96 .004
TAAG .09 1 20.83 .004
KIN .02 2 9.25 .004
IACB .02 2 9.94 .004
RAVN .10 3 57.82 .003
SPY 1.31 1 453.59 .002
CXP .04 1 19.14 .002
VCAR .03 1 12.6435 .002
SIC .03 1 14.49 .002
NWHM .02 1 8.99 .002
DSE .02 1 9.49 .002
ULTA .62 1 371.88 .001
PMD .01 1 8.25 .001
WYNN .06 3 91.08 0
MSTR .06 118 735.43 0
ULTA .05 12 371.88 0
WYNN .04 4 91.08 0
BLNK .02 11 29.22 0
RTLR .01 8 12.51 0
INFL .01 2 31.42 0
DFP .01 2 28.7 0
WMPN 0 4 12.26 0
QADB 0 4 87.5 0
GSKY 0 1 11.99 0
EIC -.08 1 19.27 -.004
NSYS -.12 1 10.97 -.010
