SHOP 28.96 11 1368.08 .231
PANW 23.18 1 540.29 .042
DWAC 22.11 4 49.83 1.772
MSTR 14.75 8 598.59 .192
CCMP 11.86 1 195.5 .060
RNG 11.84 1 181.95 .065
BKNG 10.17 8 2130.38 .032
SAM 9.40 7 524.93 .119
PCTY 8.94 1 228.54 .039
NVAX 8.92 13 168.43 .676
RMD 8.09 1 256.46 .031
REGN 7.44 9 657.93 .099
DUOL 7.27 3 101.7 .213
SIVB 7.01 8 699.53 .080
AMZN 6.99 94 3466.3 .188
PUBM 6.66 1 35.14 .189
DDS 6.58 10 260.1 .250
LAD 6.41 5 284.16 .110
KRYS 6.33 1 72.45 .087
BLK 6.24 5 914.91 .030
SPLK 6.20 6 112.82 .324
W 6.04 9 207.29 .261
CAR 6.00 2 226.56 .052
EYPT 5.86 1 14.65 .400
DPZ 5.62 11 523.92 .110
MDB 5.57 9 508.41 .090
KOSS 5.35 7 12.54 2.982
VRTX 5.31 1 209.24 .025
EJH 5.21 6 1.76 17.760
AZO 5.11 12 2048.59 .024
THC 4.91 1 78.19 .062
DE 4.88 11 343.94 .154
INTU 4.61 8 639.48 .056
ASML 4.59 18 754.39 .108
SI 4.55 8 146.95 .240
ADBE 4.50 11 614.86 .077
WBX 4.49 2 14.15 .634
GKOS 4.45 1 44.01 .101
RGEN 4.41 7 261.83 .112
EEIQ 4.33 5 3.3 6.560
SE 4.12 19 226.5 .342
CARV 3.92 6 10.08 2.328
ZM 3.91 15 183.73 .315
EL 3.86 7 365.12 .070
GOOG 3.73 28 2947.37 .028
ANVS 3.73 6 20.3 1.098
IRTC 3.69 1 95.44 .038
BIIB 3.69 6 230.76 .090
CCXI 3.66 3 34.75 .315
SNPS 3.62 7 361.3 .070
U 3.60 6 140.74 .150
MA 3.58 7 346.35 .070
GPN 3.54 11 128.06 .297
XMTR 3.46 1 44.34 .078
EBET 3.45 6 17.96 1.152
ZLAB 3.42 6 54.9 .372
DQ 3.36 7 41.83 .560
SCPS 3.34 7 1.98 11.802
TOST 3.31 2 33.43 .198
SNOW 3.29 10 360.34 .090
GLSI 3.27 5 26.19 .620
ZG 3.19 7 59.91 .371
IAC 3.19 7 125.02 .175
ROKU 3.14 8 203.94 .120
MRNA 3.13 39 283.28 .429
LSI 3.13 2 145.19 .042
CMTL 3.13 1 23.88 .131
APPS 3.13 6 53.76 .348
NEGG 3.07 20 12.03 5.100
GDYN 3.03 1 37.94 .079
IRNT 3.02 6 6.8 2.664
BNTX 3.02 31 287.05 .310
UPST 2.99 19 154.23 .361
GME 2.99 82 148.59 1.640
ANTM 2.99 6 443.56 .036
SITM 2.97 7 278.02 .070
LII 2.97 6 322.26 .054
BKKT 2.95 2 13.76 .428
NEWR 2.93 6 102.6 .168
IWM 2.93 6 214.18 .078
GS 2.93 9 388.82 .063
NRXP 2.89 8 5.45 4.240
TSLA 2.87 157 975.99 .314
CAT 2.86 8 202.55 .112
KMX 2.82 3 141.99 .057
JAN 2.73 6 4.08 4.014
SAVA 2.72 28 45.78 1.652
SEDG 2.70 7 305.5 .056
PWR 2.69 2 112.16 .046
PENN 2.65 10 46.5 .560
COST 2.65 12 565.48 .048
NVCR 2.63 10 83.2 .310
NCTY 2.63 5 8.59 1.530
DOCS 2.62 8 53.18 .392
ADGI 2.61 11 7.26 3.949
OSTK 2.60 7 67.93 .266
BIGC 2.58 2 37.55 .136
ENPH 2.57 7 204.04 .084
UNH 2.55 13 494.38 .065
WSM 2.54 5 171.6 .070
FULC 2.54 6 16.33 .930
INDP 2.52 5 6.34 1.985
LMT 2.51 11 344.42 .077
CRM 2.49 14 260.04 .126
WDAY 2.46 6 279.22 .048
SPY 2.43 2 470.6 .010
AVXL 2.41 5 19.14 .625
LLY 2.39 8 275.28 .064
PEAR 2.37 1 5.61 .422
CPOP 2.34 5 1.69 6.920
DPST 2.33 3 47.26 .147
AUVI 2.32 9 4.14 5.040
TMX 2.30 2 44.15 .104
CFLT 2.29 2 63.86 .070
ZS 2.27 9 307.24 .063
FLGT 2.27 6 89.82 .150
AMGN 2.27 5 219.25 .050
STE 2.26 5 229.06 .045
GRTS 2.25 7 12.1 1.295
AXON 2.25 1 145.73 .015
SPB 2.21 1 97.01 .022
HCA 2.20 4 253.83 .032
TPST 2.19 5 7.05 1.550
AFRM 2.19 17 110.98 .323
PKG 2.17 5 130.63 .080
CHGG 2.17 3 27.89 .231
BLDR 2.17 3 78.26 .081
PKI 2.16 4 190.56 .044
PDD 2.15 5 59.13 .180
KEYS 2.15 5 204.01 .050
DG 2.15 6 226.12 .054
PYPL 2.14 9 190.66 .099
DLPN 2.14 5 8 1.335
AACG 2.14 5 1.34 7.985
BHVN 2.12 5 115.1 .090
ACRS 2.12 7 13.71 1.078
DASH 2.11 10 156.24 .130
ALEC 2.10 6 22.66 .552
ROST 2.08 4 108.82 .076
AMEH 2.05 9 73.13 .252
ADSK 2.04 7 271.73 .049
MRIN 2.01 5 4.7 2.135
BYND 2.00 6 66.79 .174
UHAL 1.98 9 720.67 .018
XAIR 1.97 1 9.77 .201
AAME 1.97 5 3.54 2.780
RNXT 1.96 4 5.48 1.428
CELH 1.96 7 64.93 .210
COHN 1.95 5 15.6 .625
ACIU 1.91 2 5.23 .730
LCID 1.90 13 40.81 .598
DLTR 1.90 9 140.05 .117
SYTA 1.89 1 3.63 .520
RL 1.89 8 115.85 .128
MSGE 1.88 4 64.29 .116
BIDU 1.88 118 141.41 1.534
TDG 1.87 4 582.59 .012
COF 1.87 4 147.92 .048
VLO 1.86 4 68.24 .108
DIS 1.86 9 150.4 .108
ESTC 1.83 7 118.37 .105
CI 1.83 5 217.46 .040
ACMR 1.83 5 73.24 .120
KNBE 1.80 7 23.86 .525
ROLL 1.78 7 202.75 .056
CERE 1.78 7 30.65 .406
AMD 1.78 22 146.5 .264
VRPX 1.77 9 3.85 4.131
RAPT 1.77 7 31.63 .385
DAVA 1.77 4 144.31 .048
HON 1.76 7 209.76 .056
XBI 1.75 6 113.39 .090
TSP 1.75 5 33.19 .260
TASK 1.74 7 46.85 .259
DOCN 1.74 10 78.37 .220
SQ 1.73 23 173.8 .207
LWAC 1.73 5 16.98 .505
WAVE 1.72 5 5.19 1.655
LIN 1.72 9 341.36 .045
LAIX 1.72 4 0.701 9.812
IMPL 1.70 5 8.98 .945
SPG 1.69 7 152.04 .077
NNOX 1.69 5 17.63 .475
KYMR 1.69 2 53.5 .062
BURL 1.68 8 278.92 .048
ROG 1.67 1 270.59 .006
AN 1.67 8 116.2 .112
NMRD 1.66 4 4.49 1.476
VVOS 1.65 6 2.52 3.924
V 1.65 9 209.98 .063
NVOS 1.65 5 1.29 6.395
FISV 1.64 6 103.66 .090
CREE 1.64 5 79.12 .100
TRI 1.63 4 117.72 .052
JZXN 1.63 4 1.66 3.924
COIN 1.63 10 258.3 .060
WYNN 1.62 4 83.32 .076
NVTS 1.62 2 16.12 .200
KMB 1.62 9 138.3 .099
EVA 1.62 2 71.09 .044
CVS 1.62 4 100.55 .064
CLDX 1.61 3 38.46 .123
PLCE 1.60 4 82.52 .076
STMP 1.59 4 329.61 .016
LHDX 1.58 4 5.3 1.192
DNA 1.58 1 10.85 .145
RLMD 1.57 4 20.18 .308
GH 1.57 8 96.54 .128
CARA 1.57 2 12.48 .250
DPW 1.56 5 1.6 4.875
TSC 1.55 1 29.48 .052
IRDM 1.55 4 41.33 .148
FANG 1.55 7 103.75 .098
CRNC 1.55 4 69.2 .088
BLFS 1.55 1 34.75 .044
ARVN 1.55 8 69.2 .176
CPE 1.54 7 48.32 .217
CHCI 1.54 3 4.36 1.059
TERN 1.53 4 5.98 1.020
SIEB 1.53 5 2.3 3.325
DLO 1.53 5 33.69 .225
TSCO 1.52 9 236.97 .054
MRAM 1.52 3 10.6 .429
ISPC 1.52 6 12.54 .726
CLX 1.52 4 172.67 .032
SNOA 1.51 4 4.7 1.284
GRU 1.51 1 4.545 .332
XLY 1.50 4 201.07 .028
WAFU 1.50 4 4.3 1.392
RBLX 1.49 16 97.95 .240
KTTA 1.49 1 1.97 .756
CNC 1.49 5 83.33 .085
BCYC 1.49 3 51.8 .084
ZIM 1.48 11 49.4 .319
STT 1.48 3 91.86 .048
ADI 1.48 5 179.53 .040
NURO 1.47 11 5.69 2.838
FGEN 1.47 3 14.27 .309
EDIT 1.47 3 29.94 .147
VCVC 1.46 1 9.85 .148
HTBX 1.46 2 4.06 .718
AAP 1.46 6 239.14 .036
SBEA 1.45 2 10.13 .286
EYEG 1.45 1 1.95 .743
BTBT 1.45 10 7.3 1.980
BBY 1.45 7 102.49 .098
MT 1.44 1 31.55 .045
KALV 1.44 8 13.57 .848
FATE 1.44 4 54.67 .104
BRLT 1.44 3 15.81 .273
LYFT 1.43 5 38.42 .185
LANC 1.43 2 158.82 .018
ATKR 1.43 2 107.62 .026
TTC 1.42 5 98.41 .070
IMNM 1.42 4 16.44 .344
DELL 1.42 8 56.04 .200
CM 1.42 6 111.66 .072
RMBL 1.41 3 37.42 .111
KSS 1.41 10 49.18 .280
HOOD 1.41 14 19.5 1.008
TWTR 1.40 6 44.07 .186
SNA 1.40 4 216.68 .024
JCS 1.40 3 2.36 1.779
HX 1.40 6 2.24 3.750
WGO 1.39 2 69.69 .038
VERY 1.39 4 7.9 .700
LH 1.39 8 294.66 .032
EOSE 1.39 2 7.93 .350
TNET 1.38 1 95.37 .014
EXPI 1.38 6 34.59 .234
APP 1.38 10 88.56 .150
TWST 1.37 7 89.41 .105
LIVE 1.37 3 32.91 .123
LGVN 1.37 5 17.33 .395
ECOM 1.37 1 24.64 .055
TAOP 1.35 3 2.29 1.767
NXPI 1.35 8 229.38 .040
EA 1.35 5 128.9 .050
WNW 1.34 1 2.45 .546
OLN 1.34 1 55.43 .024
CAH 1.34 4 49.21 .108
MOXC 1.33 4 4.57 1.164
J 1.33 4 140.08 .036
GRVY 1.33 7 69.76 .133
FIGS 1.33 6 25.03 .318
COUR 1.32 2 25.45 .102
AEO 1.32 2 23.87 .110
VIH 1.31 1 9.36 .139
ABCL 1.31 1 12.99 .100
A 1.31 10 154.31 .080
UHS 1.30 4 129.41 .040
NVDA 1.30 161 304.59 .644
LITE 1.30 3 104.3 .036
JG 1.30 3 1.12 3.480
GWRE 1.30 5 114.1 .055
BNR 1.30 3 10.68 .363
VSCO 1.29 5 49.98 .125
OLLI 1.29 2 49.18 .052
JPM 1.29 14 157.94 .112
ATAI 1.29 2 6.82 .378
APPN 1.29 4 69.8 .072
JD 1.28 10 77.65 .160
FRD 1.28 1 9.02 .141
BILI 1.28 23 50.71 .575
YETI 1.27 4 88.19 .056
RHE 1.27 2 6.7 .378
NFE 1.27 1 22.3 .056
HJLI 1.27 1 10.38 .122
APXT 1.27 1 12.11 .104
AKAM 1.27 4 114.24 .044
TTWO 1.26 5 167.63 .035
SPCE 1.26 24 14.77 2.040
DOMO 1.26 4 49.16 .100
THCB 1.25 1 10 .125
SPT 1.25 6 95.29 .078
OPAD 1.25 4 6.99 .712
NGM 1.25 2 18.52 .134
CHKP 1.25 6 113.41 .066
BYSI 1.25 5 4.32 1.445
ABSI 1.25 2 10.18 .244
UAL 1.24 2 41.5 .058
TGT 1.24 12 235.28 .060
SJ 1.24 4 4.82 1.028
RSKD 1.24 2 7.96 .310
PBTS 1.24 1 0.7658 1.619
LPX 1.24 3 75.76 .048
LOW 1.24 11 257.54 .044
LEDS 1.24 3 5.25 .708
EDSA 1.24 1 5.34 .232
CMMB 1.24 2 7.28 .340
BNTC 1.24 3 2.89 1.287
ANPC 1.24 2 1.2 2.066
ALXN 1.24 4 182.5 .024
TAP 1.23 2 44.92 .054
LAW 1.23 3 36.95 .099
JKS 1.23 5 44.74 .135
HOG 1.23 5 37.93 .160
RCUS 1.22 1 40.52 .030
EYES 1.22 6 1.88 3.888
DDL 1.22 2 14.46 .168
BZ 1.22 3 38.08 .096
PFGC 1.21 3 43.45 .081
OSAT 1.21 3 3.74 .969
LYEL 1.21 3 9 .402
HGEN 1.21 3 4.44 .816
EAT 1.21 3 35.93 .099
ARAV 1.21 1 2.66 .454
WHLM 1.20 4 5 .960
MMM 1.20 7 175.78 .042
JNJ 1.20 4 171.14 .028
CRIS 1.20 2 4.45 .538
CETX 1.20 1 0.8592 1.396
AMTX 1.20 3 15.06 .237
TVTX 1.19 3 29.15 .120
SGOC 1.19 9 6.2 1.719
AMC 1.19 60 24.66 2.880
MQ 1.18 7 17.1 .483
DFH 1.18 1 18.7 .063
ZEV 1.17 4 6.23 .748
WM 1.17 8 162.53 .056
VMW 1.17 9 110.44 .090
TDC 1.17 5 42.02 .135
STZ 1.17 4 241.04 .016
SKT 1.17 3 19.29 .180
MVIS 1.17 5 5.9 .990
VOXX 1.16 3 10.41 .333
SIF 1.16 1 7.33 .158
NTAP 1.16 4 88.7 .052
LAZR 1.16 5 15.07 .380
HGSH 1.16 2 2.43 .954
AMAT 1.16 8 147.73 .056
UPS 1.15 7 205.77 .035
NTRB 1.15 2 5 .460
HCWB 1.14 2 2.74 .832
BBLG 1.14 1 3.76 .303
AVIR 1.14 3 8.02 .426
ABT 1.14 7 135.56 .056
VNET 1.13 3 8.14 .414
STG 1.13 1 4.65 .243
PEP 1.13 5 171.57 .030
NUAN 1.13 1 55.09 .020
BTX 1.13 2 5.06 .446
XLNX 1.11 13 217.73 .065
SHEN 1.11 3 26.5 .123
SEMR 1.11 3 20.24 .162
PMCB 1.11 3 2.56 1.299
DXC 1.11 2 30.8 .072
CTRN 1.11 5 76.86 .070
CNET 1.11 1 1.18 .940
ALLO 1.11 2 15.37 .144
ABNB 1.11 9 168.14 .054
XM 1.10 3 31.6 .102
RUN 1.10 5 36.01 .150
OPTT 1.10 1 1.9 .578
MRUS 1.10 3 30.49 .108
JRVR 1.10 3 26.11 .126
INMD 1.10 4 67.4 .064
XTLB 1.09 2 2.93 .744
SKX 1.09 4 43.04 .100
FOSL 1.09 2 10.04 .216
ALDX 1.09 2 7.1 .306
SFIX 1.08 3 18.46 .174
SCHW 1.08 5 81.6 .065
MTSL 1.08 3 3.37 .960
FCBP 1.08 1 29.1 .037
B 1.08 1 44.59 .024
AZYO 1.08 1 5.87 .183
ALF 1.08 2 2.67 .808
SMLP 1.07 2 27.1536 .078
AXP 1.07 6 162.24 .036
VYGR 1.06 2 2.92 .726
USB 1.06 5 56.74 .090
C 1.06 5 60.64 .085
SCR 1.05 5 35.58 .145
PTGX 1.05 3 30.54 .102
MNST 1.05 4 91.21 .044
MDT 1.05 8 104.94 .080
CELC 1.05 3 13.44 .234
PRTA 1.04 9 45.16 .207
OCGN 1.04 12 5.42 2.292
NETE 1.04 2 13.09 .158
LEGN 1.04 6 41.14 .150
KURA 1.04 4 12.3 .336
IPA 1.04 2 5.38 .386
FSTX 1.04 1 4.88 .213
CANF 1.04 1 1.19 .873
AUPH 1.04 10 19.87 .520
TSN 1.03 5 85.75 .060
TJX 1.03 6 73.06 .084
MARA 1.03 20 38.73 .520
KMPH 1.03 3 7.86 .393
IBM 1.03 9 123.11 .072
MFNC 1.02 2 21.5 .094
GIII 1.02 5 26.85 .185
DAL 1.02 5 36.61 .135
ZCMD 1.01 1 1.77 .570
TMUS 1.01 7 118.42 .056
OVV 1.01 3 32.02 .093
LL 1.01 1 17.05 .059
FUBO 1.01 3 17.21 .174
EGRX 1.01 2 52.3 .038
DKS 1.01 18 106.11 .162
CGC 1.01 2 9.27 .216
PINS 1.00 4 36.05 .108
OMER 1.00 1 7.3 .136
MO 1.00 3 45.96 .063
IMAB 1.00 5 46.97 .105
LUV .99 6 40.11 .144
LOGI .99 6 83 .066
DKNG .99 6 28.67 .204
ACY .99 19 39.08 .475
TRCH .98 2 4.95 .394
MYGN .98 2 27 .072
MCD .98 8 264.52 .024
JWN .98 4 20.43 .188
IMTX .98 4 12.43 .312
HOFV .98 2 1.77 1.106
HHR .98 11 50.72 .209
BGFV .97 10 19.55 .490
RRGB .96 2 15.93 .120
HRI .96 4 164.34 .020
FA .96 1 16.98 .056
AZPN .96 4 150.03 .024
SUPN .95 2 28.18 .066
QDEL .95 4 150.11 .024
BTWN .95 1 9.81 .096
BPTH .95 2 4.21 .450
AGRI .95 5 2.16 2.195
PAYX .94 2 125.28 .014
HAS .94 6 101.4 .054
ENOB .94 5 8.12 .575
TGTX .93 3 16.72 .165
NIU .93 4 16.58 .224
LIFE .93 4 8.06 .460
HCM .93 4 31.9 .116
PLUG .92 9 31.36 .261
OKE .92 3 59.56 .045
NKE .92 9 163.9 .045
LBPH .92 1 5.95 .154
KNL .92 1 25.04 .036
JBL .92 4 63.78 .056
YEXT .91 1 10.28 .088
SSY .91 3 1.79 1.524
OTIS .91 5 84.92 .050
BIG .91 3 42.44 .063
AIT .91 2 102.92 .016
GEG .90 1 1.95 .461
CRTO .90 1 40.79 .022
BBBY .90 16 16.3 .880
SPI .89 4 3.98 .892
BKE .89 6 48.83 .108
ARCE .89 2 21.73 .080
ACHL .89 1 4.46 .199
RTX .88 3 83.5 .030
GMBL .88 2 4.32 .406
GM .87 3 58.61 .042
GDEV .87 3 7.5 .348
DTSS .87 1 1.28 .679
UTHR .86 4 195.62 .016
TTCF .86 2 16.52 .104
KODK .86 2 5.14 .334
GE .86 6 92.08 .054
XLK .85 7 173.94 .028
VMEO .85 2 17.98 .094
SRNE .85 1 6.1 .139
SAFM .85 1 190.45 .004
BFRI .85 3 6.95 .366
STX .84 10 104.53 .080
PTIX .84 2 1.73 .970
NLS .84 2 6.51 .258
HOL .84 3 12.35 .204
FL .84 5 42.77 .095
DTST .84 3 3.4 .741
CLII .84 3 14.36 .174
APOP .84 5 13.17 .315
TNA .83 5 79.89 .050
ROIV .83 1 8.97 .092
MAXR .83 4 26.66 .124
IRBO .83 1 41.85 .019
CNA .83 1 44.17 .018
BLUW .83 2 9.63 .172
ABBV .83 6 130.23 .036
SANA .82 1 17.01 .048
MNSO .82 1 10.32 .079
KZR .82 2 12.8 .128
FITB .82 3 43.12 .057
BABA .82 98 122.47 .588
SPRT .81 20 11.8 1.360
MBRX .81 2 2.1 .770
ATVI .81 5 60.26 .065
VALN .80 4 50.98 .060
SYPR .80 4 2.34 1.364
GTEC .80 4 6.41 .496
DD .80 4 77.64 .040
CYTK .80 6 38.61 .120
BZUN .80 2 13.78 .116
ASAN .80 16 69.65 .176
AA .80 11 50.46 .165
VIR .79 6 46.03 .102
SWI .79 1 14.12 .055
PNRG .79 1 65 .012
ERYP .79 4 2.3 1.372
BJ .79 7 67.8 .077
ZY .78 3 8.12 .288
WMT .78 18 145.77 .090
SJM .78 12 134.73 .060
PTON .78 6 38.5 .120
IPHA .78 4 5.15 .604
GNOG .78 1 10.43 .074
CAI .78 1 56 .013
QFIN .77 9 20.41 .333
PLTR .77 2 18.86 .080
OLB .77 3 4.04 .570
FUV .77 2 8.88 .172
ENTX .77 2 3.03 .508
ALYA .77 4 2.45 1.256
VLDR .76 2 4.99 .304
NFLX .76 105 605.04 .105
NBRV .76 1 0.6201 1.225
MOS .76 5 36.38 .100
LI .76 6 30.44 .144
IS .76 1 7.9 .096
GROM .76 2 2.2 .690
FLWS .75 4 22.23 .132
SPTN .74 3 25.18 .087
SCKT .74 4 4.66 .632
MS .74 10 99.43 .070
MNOV .74 3 2.87 .771
GTIM .74 1 4.32 .171
GRVI .74 3 4.27 .519
EVOL .74 2 2.22 .666
BB .74 12 8.93 .984
ATXI .74 1 0.9101 .813
VZ .73 2 50.55 .028
VOOV .73 1 148.65 .004
UPC .73 3 1.74 1.257
SQBG .73 2 6.24 .232
SOFI .73 7 15.16 .336
RIOT .73 6 25.87 .168
OPNT .73 4 33.72 .084
NVFY .73 3 1.87 1.170
RMED .72 6 1.65 2.616
RETO .72 2 0.7745 1.858
DEN .72 4 74.59 .036
CRMT .72 9 108.15 .054
COP .72 9 70.71 .090
BTCM .72 4 6.47 .444
BFLY .72 1 7.11 .101
ARPO .72 1 2.2 .327
ZKIN .71 2 1.52 .934
UBER .71 6 37.83 .108
RFL .71 5 5.33 .665
PALI .71 3 1.87 1.137
EFOI .71 2 3.74 .378
TTD .70 15 91.43 .105
TBLA .70 1 9.85 .071
SONO .70 6 29.09 .144
ORGS .70 1 2.96 .236
OCX .70 1 2.29 .305
LEN .70 6 113.09 .036
IGIC .70 3 7.86 .267
GLD .70 11 166.15 .044
DDD .70 12 21.42 .384
CRCT .70 4 23.81 .116
AMKR .70 2 22.26 .062
VRNT .69 5 50.48 .065
TQQQ .69 139 165.79 .556
SLS .69 4 6.17 .444
LAC .69 10 30.8 .220
FTEK .69 3 1.47 1.407
ASM .69 1 0.7844 .879
APRE .69 3 3.44 .600
STEM .68 6 17.92 .222
SM .68 3 29.64 .066
RIDE .68 7 4.11 1.155
ONCS .68 1 1.22 .557
HD .68 17 407.81 .017
BWAY .68 2 8.5 .160
ALC .68 6 84.82 .048
XONE .67 2 26.7 .050
SKLZ .67 4 8.12 .328
PPSI .67 9 8.92 .675
PLD .67 5 158.73 .020
NPTN .67 1 15.19 .044
JRJC .67 3 6.67 .300
FTCH .67 6 30.87 .126
FOE .67 1 21.53 .031
CLNE .67 1 6.03 .111
ACH .67 1 12.83 .052
WFC .66 6 48.94 .078
VIPS .66 1 8.8 .075
QCOM .66 14 189.28 .042
PG .66 11 158.25 .044
CTKB .66 1 18.34 .035
ATNF .66 4 4.07 .648
AMOM .66 1 35.4169 .018
TATT .65 3 6.31 .309
STRO .65 2 15.45 .084
PCVX .65 1 22.39 .029
MESO .65 2 4.97 .260
LMNL .65 3 0.95 2.052
IONQ .65 7 16.1 .280
FB .65 108 341.66 .108
SLGG .64 2 2.64 .484
SDC .64 2 2.7 .474
LZB .64 2 36.66 .034
MAT .63 5 20.18 .155
LEXX .63 4 4.49 .560
FLOW .63 4 86.36 .028
ULTA .62 1 394.61 .001
LJPC .62 2 4.21 .294
ISEE .62 4 15.37 .160
CUE .62 1 11.24 .055
BON .62 3 4.8 .387
BCRX .62 10 11.87 .520
ASTR .62 5 8.54 .360
AREC .62 5 1.69 1.830
APG .62 2 22.89 .054
VGR .61 1 15.63 .039
SOS .61 2 1.06 1.150
RY .61 7 101.47 .042
MVST .61 6 7.5 .486
BEKE .61 2 18.68 .064
AMBO .61 1 0.965899 .631
PSTV .60 1 1.12 .535
EVK .60 6 2.365 1.518
CEMI .60 8 1.7 2.816
AYRO .60 2 1.9 .630
AMRS .60 1 5.39 .111
NEE .59 5 92 .030
YMM .58 2 10.32 .112
XLF .58 2 38.97 .028
WPRT .58 2 2.21 .524
WISH .58 3 3.19 .543
STAF .58 2 0.9604 1.206
RACE .58 11 260.47 .022
M .58 17 25.78 .374
IFRX .58 3 4.13 .420
CSIQ .58 4 31 .072
WEI .57 1 0.84 .678
SNAP .57 113 46.85 1.356
SBTX .57 1 6.03 .094
PRFX .57 4 1.59 1.432
PFE .57 14 55.54 .140
ORPH .57 4 2.74 .832
EZFL .57 1 2.04 .279
DRN .57 8 26.69 .168
CLPS .57 1 2.12 .268
CLPS .57 1 2.12 .268
CLF .57 11 19.82 .308
VTSI .56 4 6.52 .340
UAA .56 4 22.37 .100
T .56 3 22.29 .075
SLV .56 3 20.31 .081
OBLN .56 3 3.05 .549
MTP .56 1 1.14 .491
LODE .56 3 1.48 1.134
CYAD .56 1 4.1 .136
VNE .55 6 35.06 .090
RSI .55 2 15.98 .068
MOSY .55 2 4.45 .246
LOOP .55 5 12.04 .225
FLXN .55 1 9.12 .060
EOLS .55 1 5.81 .094
ENSC .55 3 4.11 .399
WHLR .54 2 1.79 .602
TSM .54 3 120.4 .012
MRK .54 11 75.29 .077
MPC .54 4 62.48 .032
INTC .54 7 49.7 .070
GPS .54 7 16.63 .224
ENZ .54 2 3.48 .310
ADMA .54 1 1.28 .421
XLE .53 9 55.15 .081
TBIO .53 3 37.36 .042
NIO .53 77 30.79 1.309
MEDS .53 5 2.81 .940
HUYA .53 4 7.34 .288
HPQ .53 6 36.26 .084
EQ .53 1 4.74 .111
CHPT .53 4 19.89 .104
BBWI .53 6 73.45 .042
SILK .52 7 40.16 .084
RF .52 2 21.87 .046
ANF .52 3 34.37 .045
RCON .51 2 1.48 .688
OCUP .51 2 3.83 .266
MSFT .51 116 328.34 .116
GFAI .51 2 1.21 .842
DYAI .51 3 4.04 .378
CROX .51 10 151.33 .030
CPSH .51 1 3.93 .129
BLU .51 3 8 .189
TIGR .50 8 5.31 .752
PATI .50 2 8.7 .114
MDIA .50 3 3.7 .405
GRTX .50 3 2.9 .516
CBAT .50 3 1.9 .789
RKDA .49 1 1 .490
PSTG .49 3 31.65 .045
NRBO .49 2 1.4 .700
K .49 10 63.5 .070
IGC .49 3 1.18 1.245
GP .49 3 12 .120
GEVO .49 4 5.19 .376
ENLV .49 2 6.56 .148
ECHO .49 1 48.24 .010
ATHM .49 3 29.4 .048
ARMP .49 1 4.77 .102
NNDM .48 3 4.06 .354
MTTR .48 14 22.33 .294
KIRK .48 3 15.05 .093
EPU .48 3 27.14 .051
CSCO .48 11 59.93 .088
TRIL .47 1 18.44 .025
TLRY .47 4 8.14 .228
SOHU .47 6 16.39 .168
EXPR .47 5 3.12 .750
DARE .47 1 1.84 .255
CCJ .47 11 22.15 .231
BODY .47 2 2.26 .414
BAC .47 6 44.13 .060
XPEV .46 84 43.18 .840
UFAB .46 2 1.905 .482
NTEC .46 4 9.63 .188
MARK .46 4 1.08 1.700
KO .46 9 58.06 .063
KBSF .46 2 3.05 .300
GURE .46 1 4.6 .100
EQOS .46 1 2.5 .184
CVV .46 2 4.14 .222
BCLI .46 1 3.29 .139
VERU .45 4 6.22 .288
TYME .45 4 0.7403 2.428
TME .45 1 6.36 .070
ONCT .45 2 2.55 .352
FCX .45 25 37.25 .300
EVGO .45 8 11.16 .320
CRDF .45 3 5.77 .231
CCL .45 5 17.89 .125
APT .45 1 5.35 .084
ADIL .45 2 2.69 .334
WORX .44 4 1.25 1.408
STN .44 3 55.22 .021
NNVC .44 3 4.17 .315
LESL .44 2 21.18 .040
GALT .44 3 2.16 .609
FFHL .44 2 7.79 .112
DWSN .44 2 2.3 .382
WOOF .43 3 18.85 .066
HOLI .43 1 12.83 .033
GAME .43 1 2.86 .150
EVGN .43 1 1.78 .241
CAN .43 4 5.5 .312
ATIF .43 1 3.19 .134
HRC .42 6 155.96 .012
DBGI .42 5 2.49 .840
CTSO .42 4 4.43 .376
ARMK .42 4 34.21 .048
SRNG .41 1 11.42 .035
SLB .41 6 29.31 .078
RKT .41 2 15.62 .052
PDCO .41 4 28.74 .056
KZIA .41 2 7.35 .110
HNST .41 3 7.86 .156
GTT .41 1 2.36 .173
ERF .41 2 9.73 .084
DUK .41 6 103.82 .018
BLIN .41 8 2.48 1.320
AUUD .41 7 2.08 1.379
ACOR .41 4 2.59 .632
YJ .40 2 0.6282 1.272
LIZI .40 4 1.78 .896
FBRX .40 1 2.02 .198
DUOT .40 1 5.81 .068
CTIB .40 5 1.27 1.570
CHRA .40 1 4.38 .091
IYC .39 4 82.38 .016
HALO .39 1 36.93 .010
ERJ .39 10 14.63 .260
EQT .39 3 20.97 .054
CSCW .39 2 0.477 1.634
CRTD .39 7 2.14 1.274
AQMS .39 3 1.38 .846
XOM .38 10 61.27 .060
SBH .38 3 19.83 .057
RDUS .38 1 6.77 .056
OVID .38 2 3.27 .232
OTLK .38 2 1.45 .524
MRTN .38 3 16.93 .066
GPK .38 2 20.01 .036
DNUT .38 8 16 .184
CL .38 6 82.13 .024
ANIX .38 1 3.08 .123
VTNR .37 10 4.35 .850
UONE .37 7 5.06 .511
MRVL .37 8 88.37 .032
HUGE .37 1 1.13 .327
GT .37 6 20.46 .108
CHMA .37 2 3.76 .196
UAVS .36 3 1.9 .567
MRKR .36 1 1 .360
MITQ .36 1 2.24 .160
JFIN .36 2 2.64 .272
IDEX .36 4 1.47 .976
GOVX .36 7 3.51 .714
GNLN .36 2 1.01 .712
BNGO .36 12 3.42 1.260
AKTX .36 1 1.5003 .239
ADMP .36 1 0.6516 .552
ACB .36 3 5.78 .186
VXX .35 4 20.43 .068
PHUN .35 16 3.1 1.792
ORMP .35 19 15.09 .437
ORGO .35 2 9.33 .074
ORCL .35 36 103.65 .108
ON .35 12 62.98 .060
LMFA .35 5 5.9 .295
KHC .35 6 34.88 .060
CLSD .35 3 2.94 .357
CIFR .35 3 5.16 .201
BSQR .35 13 1.85 2.457
AESE .35 1 1.85 .189
AAPL .35 111 179.3 .111
XELB .34 2 1.18 .576
TRIT .34 5 3.19 .530
SSNT .34 2 4.22 .160
ME .34 6 7.6 .264
HWCC .34 1 5.3 .064
CYTH .34 1 4.03 .084
MU .33 9 85.66 .027
IMMR .33 6 5.86 .336
HNP .33 2 24.43 .026
GTS .33 1 35.66 .009
CIEN .33 21 74.5 .084
BHTG .33 1 0.837 .394
WATT .32 2 1.41 .452
TAL .32 2 4.37 .146
SPCB .32 2 0.5933 1.078
SGBX .32 3 2.17 .441
PRPL .32 6 9.35 .204
MINM .32 2 1.16 .550
GIS .32 10 67.34 .040
AAL .32 9 16.99 .162
XLV .31 7 135.3 .014
WINT .31 3 1.58 .588
ULBI .31 2 5.4 .114
SCYX .31 4 7.1 .172
NKLA .31 15 9.71 .465
HRL .31 7 48.59 .042
HMHC .31 2 15.7 .038
DMAC .31 2 3.76 .164
AEY .31 1 1.83 .169
TESS .30 3 6.81 .132
PBR .30 10 10.87 .270
OXBR .30 5 6.46 .230
LGHL .30 4 1.71 .700
KR .30 17 46.22 .102
HAPP .30 1 0.58 .517
ENG .30 3 1.55 .579
CLSK .30 1 12.51 .023
BBIG .30 21 2.95 2.121
AVCT .30 2 1.53 .392
AUTL .30 3 5.64 .159
UWMC .29 3 6.22 .138
NEXT .29 4 2.73 .424
HUSN .29 4 2.995 .384
ALTO .29 5 4.85 .295
AFMD .29 3 5.65 .153
MITO .28 1 0.839 .333
LC .28 11 26.9 .110
FLO .28 6 26.7 .060
CLOV .28 2 4.13 .134
APTO .28 4 1.11 1.008
WIMI .27 4 3.19 .336
RSLS .27 4 2.09 .516
NAOV .27 11 1.08 2.750
MGTX .27 1 21.05 .012
INCY .27 5 71.99 .015
GSM .27 7 6.01 .308
FENC .27 2 4.08 .132
ENVB .27 3 1.06 .762
ACI .27 12 30.25 .096
VIVE .26 2 1.45 .358
PPBT .26 1 4.14 .062
PME .26 1 0.6845 .379
JQUA .26 1 45.06 .005
AXLA .26 2 2.36 .220
VCLO .25 1 15.75 .015
PBLA .25 1 1.65 .151
HIPO .25 2 2.85 .174
CONE .25 2 89.64 .004
RVI .24 2 6.06 .078
RAIL .24 4 4.1 .232
PLG .24 3 1.81 .396
MOGO .24 4 3.39 .280
IKT .24 1 1.67 .143
GBR .24 1 2.58 .093
CPIX .24 4 4.7 .204
PIRS .23 7 3.26 .490
THTX .22 1 3.26 .067
SSKN .22 1 1.42 .154
SPWH .22 3 11.19 .057
JFU .22 3 1.19 .552
INOV .22 2 41.06 .010
FFIE .22 2 4.99 .088
DYNT .22 5 1 1.100
BIOC .22 4 3.94 .220
ABUS .22 8 4.09 .424
VBLT .21 3 2.1 .300
TENX .21 1 1.15 .182
LTHM .21 15 25.52 .120
BP .21 5 26.62 .035
AZN .21 16 55.72 .048
ATOS .21 5 1.97 .530
ANY .21 20 3.75 1.120
ALAC .21 2 11.63 .036
SALM .20 4 2.89 .276
ENSV .20 1 0.9599 .208
NBEV .19 1 1.07 .177
MOMO .19 3 9.1 .060
FLGC .19 6 2.04 .558
COTY .19 8 9.97 .152
BKYI .19 2 2.22 .170
BGI .19 3 4.7 .120
ALZN .19 2 2.59 .146
AGNC .19 4 15.17 .048
AEHR .19 29 15.05 .348
VSH .18 3 20.67 .024
IRIX .18 4 6.11 .116
FCEL .18 130 6.53 3.510
BLNK .18 14 30.13 .070
TISI .17 1 1.23 .138
PPC .17 2 28.3 .012
PETZ .17 4 4.85 .140
LIVX .17 2 3.07 .110
KXIN .17 6 1.26 .804
GMTX .17 2 2.99 .112
D .17 9 78.2 .018
AHPI .17 1 5.48 .031
SNES .16 2 1.04 .306
OCG .16 4 4.4 .144
INFI .16 4 2.43 .260
IMMP .16 7 3.31 .336
HFBL .16 1 20.382 .007
GGAL .16 4 9.5 .064
ZNGA .15 4 6.36 .092
IMV .15 2 1.38 .216
GSKY .15 2 11.51 .026
GRUB .15 3 10.57 .042
CREX .15 1 1.5018 .099
CHNG .15 2 21.08 .014
SYKE .14 3 54 .006
OEG .14 1 2.67 .052
NXTP .14 1 0.9608 .145
INM .14 1 1.48 .094
IEC .14 1 15.34 .009
EDU .14 1 2.2 .063
XLP .13 8 75.97 .008
VIEW .13 2 4.1 .062
TTM .13 11 32.15 .044
SVBI .13 1 13.63 .009
OSMT .13 4 1.06 .488
GENE .13 3 2.04 .189
VERB .12 8 1.54 .616
SBBP .12 2 2 .120
PSTX .12 1 6.79 .017
MRO .12 18 15.15 .126
HDGE .12 3 25.31 .012
GSAT .12 2 1.32 .180
CRON .12 5 4.11 .145
CHNR .12 4 0.6302 .760
UNIT .11 3 12.94 .024
TELL .11 9 3.01 .324
SNMP .11 2 0.7092 .310
MOHO .11 3 0.4586 .717
GBS .11 1 1.69 .065
FENG .11 2 0.8413 .260
FAST .11 6 63.65 .006
ET .11 6 8.36 .078
EKSO .11 2 2.96 .074
CSPR .11 1 6.67 .016
CALA .11 1 0.7091 .155
ACHV .11 2 7.1 .030
SLHG .10 1 1.48 .067
RCAT .10 2 2.29 .086
RAVN .10 3 58.08 .003
OBSV .10 6 2.24 .264
KDMN .10 4 9.5 .040
EDTK .10 2 1.01 .198
CNFR .10 2 2.37 .084
AGEN .10 12 3.31 .360
YPF .09 3 3.82 .069
XPDI .09 13 10.69 .104
XELA .09 7 1.13 .553
WTER .09 2 1.34 .134
TEDU .09 2 0.4141 .434
TAAG .09 1 20.9494 .004
SELF .09 1 5.14 .017
RIG .09 6 2.93 .180
PRPO .09 3 1.8 .150
CXM .09 1 15.11 .005
CPG .09 8 4.7 .152
AEMD .09 3 2.09 .129
AEI .09 2 0.62 .290
TEO .08 2 4.94 .032
SBS .08 10 7.03 .110
MBII .08 1 0.69 .115
LPTX .08 1 2.5 .032
CLDR .08 1 15.99 .005
BQ .08 2 1.145 .138
VSTM .07 3 2.25 .093
SWN .07 4 4.76 .056
RRD .07 10 11.01 .060
NEPT .07 2 0.3791 .368
MTL .07 16 2.58 .432
LMRK .07 2 16.46 .008
ITRO .07 1 1.27 .055
ITRN .07 3 25.01 .006
DBVT .07 11 2.7 .275
CPLG .07 1 15.5 .004
XBIO .06 8 1.42 .336
SSL .06 22 15.6 .066
OXY .06 31 28.52 .062
KULR .06 8 3.09 .152
ESXB .06 2 11.3 .010
ENIC .06 1 1.97 .030
ADMS .06 2 8.22 .014
ULTA .05 12 394.61 0
OCG .05 13 4.4 .143
MFGP .05 5 4.41 .055
MDNA .05 8 1.57 .248
FRBK .05 1 3.56 .014
PSP .04 3 15.34 .006
PBT .04 2 8.81 .008
NOK .04 6 6.13 .036
IRCP .04 4 2.11 .072
CXP .04 1 19.28 .002
CDEV .04 4 6.27 .024
AVGR .04 7 0.5031 .553
VTGN .03 5 1.86 .080
VCAR .03 1 14.94 .002
SNDL .03 1 0.5602 .053
SLVO .03 4 4.89 .024
SIC .03 1 14.49 .002
RTLR .02 9 10.53 .009
NWHM .02 1 8.99 .002
KIN .02 2 9.25 .004
EPAY .02 2 50.36 0
EIC .02 2 16.79 .002
DSE .02 1 9.49 .002
PMD .01 1 7.24 .001
INFL .01 2 30.04 0
IACB .01 3 7.95 .003
DFP .01 3 27.58 0
BEST .01 3 0.9168 .030
WMPN 0 4 12.05 0
QQC 0 2 32.6952 0
QADB 0 4 87.54 0
PAE 0 1 9.93 0
ONON 0 1 51.42 0
NLSP 0 1 1.2386 0
LHAA 0 1 9.81 0
HWBK 0 1 24.03 0
FRO 0 16 6.62 0
DVD 0 1 3.59 0
APWC 0 1 2.99 0
NSYS -.12 1 10.3 -.011
