EJH 5.21 6 2.49 12.552
LAIX 1.72 4 0.8714 7.892
SCPS 3.34 7 4.05 5.768
EEIQ 4.33 5 4.18 5.175
NVOS 1.65 5 1.7801 4.630
AACG 2.14 5 2.39 4.475
NEGG 3.07 20 14.38 4.260
CPOP 2.34 5 3 3.900
AUVI 2.56 8 5.44 3.760
DPW 1.56 5 2.27 3.435
VRPX 1.77 9 4.7 3.384
JZXN 1.63 4 2.08 3.132
FCEL .17 129 6.92 3.096
JAN 3.24 5 6.04 2.680
JG 1.30 3 1.57 2.484
EYES 1.22 6 2.98 2.454
SIEB 1.53 5 3.21 2.380
AAME 1.97 5 4.38 2.245
CEMI .75 7 2.45 2.142
NRXP 3.86 6 10.92 2.118
SGOC 1.48 8 5.95 1.984
BSQR .35 13 2.3 1.976
KOSS 5.35 7 19.18 1.946
TYME .45 4 0.9777 1.840
AMC 1.20 56 36.82 1.792
NURO 1.69 10 9.67 1.740
GRTS 3.14 5 9.2 1.705
INDP 2.52 5 7.55 1.665
RMED 1.25 4 3.19 1.564
TAOP 1.35 3 2.64 1.533
IRNT 3.52 5 11.57 1.520
NAOV .27 11 1.95 1.518
SAVA 3.02 26 51.88 1.508
CSCW .39 2 0.5299 1.470
SJ 1.24 4 3.41 1.452
HGSH 1.16 2 1.645 1.410
EVK .60 6 2.56 1.404
GME 2.99 82 175.82 1.394
CARV 3.92 6 17.06 1.374
MRIN 2.01 5 7.36 1.365
SPRT .81 20 11.8 1.360
CETX 1.20 1 0.8977 1.336
BIDU 1.78 117 159.47 1.287
SPCE 1.26 24 23.51 1.272
AREC .72 4 2.3 1.252
AGRI .76 3 1.86 1.224
NCTY 2.63 5 10.94 1.200
FTEK 1.03 2 1.76 1.170
PBTS 1.24 1 1.06 1.169
BBIG .39 19 6.39 1.159
WAVE 1.72 5 7.44 1.155
NMRD 1.66 4 5.85 1.132
YJ .40 2 0.709 1.128
ALYA 1.03 3 2.75 1.122
AUUD .54 5 2.43 1.110
BTBT 1.30 9 10.68 1.089
LHDX 1.58 4 5.79 1.088
PHUN .20 5 0.9282 1.075
SSY .91 3 2.55 1.068
PMCB 1.11 3 3.13 1.062
BNTC 1.24 3 3.57 1.041
IGC .49 3 1.43 1.026
CHCI 1.54 3 4.57 1.008
CTIB .64 3 1.94 .987
BB .84 11 9.34 .979
LMNL .65 3 2 .975
NIO .48 75 35.51 .975
WAFU 1.50 4 6.2 .964
BBBY 1.07 13 14.45 .962
MTSL 1.08 3 3.37 .960
XPEV .46 80 37.71 .960
UPC .73 3 2.34 .933
NVFY .73 3 2.37 .924
CNET 1.11 1 1.22 .909
EBET 3.45 6 22.92 .900
VVOS .78 4 3.5 .888
PTIX .84 2 1.91 .878
PRFX .77 3 2.64 .873
WORX .44 4 2.03 .864
ACRS 2.12 7 17.25 .854
OCGN 1.30 6 9.11 .852
WHLM 1.20 4 5.63 .852
ASM .69 1 0.8108 .851
ANPC 1.24 2 2.95 .840
IMPL 1.70 5 10.135 .835
RIDE .85 5 5.12 .830
CRTD .66 3 2.4 .825
BLIN .41 8 3.98 .824
ANVS 3.73 6 27.13 .822
DLPN 2.14 5 13.09 .815
BNGO .36 12 5.36 .804
SNAP .58 112 75.26 .784
RETO .66 1 0.8465 .779
PALI .71 3 2.75 .774
SNOA 1.43 3 5.6 .765
HOFV .98 2 2.57 .762
NVAX 13.77 9 163.22 .756
IDEX .36 4 1.9 .756
SYPR 1.07 3 4.26 .753
WEI .57 1 0.76 .750
XELA .21 6 1.67 .750
OSAT 1.21 3 4.86 .744
EYEG 1.45 1 1.97 .736
TSLA 4.22 146 805.72 .730
TPST 2.19 5 15.15 .720
MOXC 1.33 4 7.35 .720
NVDA 1.21 144 206.71 .720
SPCB .32 2 0.8943 .714
DYNT .22 5 1.6 .685
LODE .84 2 2.45 .684
EVOL 1.45 1 2.13 .680
SPI 1.06 3 4.68 .678
AVXL 2.41 5 17.84 .675
TQQQ .63 135 123.38 .675
CANF 1.04 1 1.56 .666
NBRV .76 1 1.16 .655
STAF .58 2 1.8 .644
KALV 1.44 8 17.89 .640
ADGI 3.21 7 34.95 .637
DTST .84 3 3.97 .633
MVIS 1.51 4 9.52 .632
SCKT 1.43 3 6.85 .624
ENOB 1.18 4 7.53 .624
MNOV 1.12 2 3.61 .620
ZCMD 1.01 1 1.64 .615
VERY 1.39 4 9.2591 .600
MOHO .11 3 0.5501 .597
CBAT .70 2 2.37 .590
LGHL .66 2 2.23 .590
OPAD 1.25 4 8.45 .588
ANY .28 15 7.03 .585
MBRX .81 2 2.77 .584
MEDS .53 5 4.59 .575
SOS .61 2 2.12 .574
TERN 1.53 4 10.69 .572
HGEN 1.21 3 6.36 .570
ATXI .74 1 1.31 .564
ORPH .73 3 3.98 .549
OBLN .56 3 3.05 .549
VTNR .43 7 5.46 .546
ZEV 1.49 3 8.21 .543
HOOD 1.85 12 40.53 .540
XTLB 1.09 2 4.04 .538
FULC 2.54 6 28.44 .534
NRBO .49 2 1.84 .532
OPTT 1.10 1 2.07 .531
MVST 1.01 4 7.65 .528
GOVX .35 6 3.97 .528
XELB .34 2 1.29 .526
ALEC 2.10 6 23.93 .522
IPHA .78 4 5.96 .520
OXBR .30 5 2.89 .515
ZKIN .71 2 2.77 .512
GTEC 1.57 2 6.19 .506
LWAC 1.73 5 16.98 .505
LIZI .40 4 3.17 .504
HTBX 1.46 2 5.81 .502
APTO .55 2 2.19 .502
JCS 1.40 3 8.41 .498
ATNF .90 3 5.39 .498
COHN 1.95 5 19.8688 .490
DBGI .48 3 2.93 .489
ADMA .54 1 1.12 .482
VYGR 1.06 2 4.4 .480
LEDS 1.24 3 7.77 .477
DTSS .87 1 1.84 .472
HUSN .29 4 2.45 .472
KNBE 2.06 5 22 .465
ERYP 1.39 2 5.99 .464
AMBO .61 1 1.33 .458
KXIN .21 5 2.39 .435
GRVI .74 3 5.18 .426
TIGR .73 6 10.15 .426
AEHR .41 20 19.26 .420
DWSN .96 1 2.29 .419
GLSI 3.27 5 38.93 .415
RCON 1.01 1 2.43 .415
FGEN 1.47 3 10.62 .414
GEG .90 1 2.17 .414
ENG .53 2 2.55 .414
MINM .32 2 1.55 .412
LMFA .35 5 4.22 .410
ENVB .27 3 1.98 .408
WINT .31 3 2.28 .405
JFU .22 3 1.62 .405
ACY .99 19 46.77 .399
BILI 1.28 22 69 .396
TRCH .98 2 4.95 .394
AYRO 1.18 1 3 .393
BABA .78 98 166.78 .392
AQMS .43 2 2.2 .390
RSLS .54 2 2.79 .386
CERE 1.78 7 32.23 .385
WHLR .54 2 2.82 .382
PME .26 1 0.68 .382
WATT .77 1 2.03 .379
RAPT 1.77 7 32.3 .378
SLGG 1.26 1 3.33 .378
CHNR .12 4 1.27 .376
NNOX 1.69 5 22.37 .375
APRE .69 3 5.51 .375
ALF 1.08 2 5.89 .366
GALT .44 3 3.58 .366
WNW 1.34 1 3.68 .364
LEXX .84 3 6.9 .363
ONCS .68 1 1.87 .363
MRNA 3.78 30 311.13 .360
DQ 3.36 7 65.66 .357
AVGR .04 7 0.7771 .357
ACOR .41 4 4.56 .356
PIRS .28 6 4.73 .354
BCRX .66 8 14.71 .352
FLGC .62 3 5.29 .351
LIFE 1.09 3 9.47 .345
SKLZ .97 3 8.4 .345
HAPP .30 1 0.8701 .344
WPRT .58 2 3.38 .342
WISH .58 3 5.08 .342
OTLK .38 2 2.22 .342
ATOS .26 4 3.03 .340
IPA 1.04 2 6.12 .338
PSTV .60 1 1.77 .338
RHE 1.27 2 7.54 .336
ENTX .77 2 4.58 .336
NEXT .37 3 3.29 .336
ADMP .36 1 1.07 .336
NKLA .28 14 11.36 .336
GNLN .36 2 2.17 .330
ARPO .72 1 2.2 .327
MTP .56 1 1.71 .327
IMNM 1.42 4 17.42 .324
ARAV 1.21 1 3.76 .321
DDD 1.09 8 26.62 .320
CRIS 1.20 2 7.54 .318
TELL .19 6 3.52 .318
NVCR 3.93 9 110.88 .315
KMPH 1.03 3 9.73 .315
VOXX 1.16 3 11.05 .312
BTCM .72 4 9.16 .312
NTRB 1.15 2 7.4 .310
LJPC .62 2 4 .310
FCX .50 22 34.61 .308
SLS .91 3 8.92 .306
OBSV .21 4 2.75 .304
CCXI 3.66 3 36 .303
BON .62 3 6.2 .300
KBSF .46 2 3.05 .300
AFRM 4.66 9 140.67 .297
VBLT .32 2 2.16 .296
DARE .47 1 1.59 .295
BNTX 5.17 14 243.77 .294
GDEV .87 3 8.83 .294
VERB .09 7 2.11 .294
ENSC .72 1 2.45 .293
TATT .65 3 6.64 .291
TRIT .58 3 5.96 .291
DYAI .51 3 5.24 .291
QFIN .76 8 21 .288
GEVO .49 4 6.75 .288
UFAB .46 2 3.19 .288
UAVS .83 1 2.9 .286
NNVC .44 3 4.63 .285
BPTH 1.44 1 5.07 .284
ENZ .54 2 3.81 .282
CTSO .42 4 5.99 .280
LYEL 1.21 3 13.15 .276
GRU 1.18 1 4.265 .276
DDS 6.22 9 201.02 .270
CMMB 1.24 2 9.12 .270
EXPR .31 4 4.56 .268
KULR .52 1 1.96 .265
CAN .43 4 6.47 .264
LAZR 1.40 3 16.01 .261
BHTG .33 1 1.26 .261
PLG .61 1 2.36 .258
XBIO .06 8 1.87 .256
FLGT 4.22 5 82.1 .255
NNDM .48 3 5.62 .255
KSS 1.63 7 44.89 .252
IMTX 1.15 3 13.55 .252
ALDX 1.09 2 8.6 .252
ASTR .53 4 8.38 .252
OSMT .13 4 2.05 .252
IGIC .70 3 8.42 .249
BTX 1.13 2 9.06 .248
KODK .86 2 6.89 .248
RNXT .73 2 5.88 .248
HUGE .37 1 1.49 .248
NEPT .07 2 0.5606 .248
IMMP .32 3 3.88 .246
RLMD 1.57 4 25.43 .244
STG 1.13 1 4.66 .242
VIVE .52 1 2.14 .242
DOCS 3.04 6 75.25 .240
BYSI 1.25 3 15.6 .240
APOP .84 5 17.33 .240
ADIL .45 2 3.74 .240
OCUP 1.04 1 4.35 .239
ZM 4.40 14 255.49 .238
GSM .27 7 7.77 .238
BNR 1.30 3 16.31 .237
RKDA .49 1 2.07 .236
INFI .16 4 2.69 .236
AVCT .60 1 2.55 .235
PLUG .89 8 29.78 .232
SQBG .73 2 6.24 .232
LOOP .89 3 11.44 .231
TSP 1.75 5 37.92 .230
CARA 1.57 2 13.74 .228
KURA 1.39 3 18.24 .228
ORMP .46 12 23.24 .228
AKTX .36 1 1.6 .225
MESO 1.26 1 5.62 .224
ONCT .45 2 4.05 .222
GPN 3.44 10 150.99 .220
COTY .43 4 7.69 .220
MRKR .36 1 1.64 .219
EOSE 1.39 2 12.69 .218
HX .42 2 3.82 .218
W 7.31 7 234.27 .217
RAIL .24 4 4.42 .216
AAPL .40 107 141.51 .214
SNES .16 2 1.49 .214
VNET 1.13 3 15.87 .213
OCG .21 4 3.91 .212
CRDF 1.40 1 6.62 .211
SE 5.17 14 324.9 .210
TASK 2.03 6 56.45 .210
SDC .64 2 6.05 .210
FB .94 104 323.77 .208
SKT 1.17 3 16.83 .207
OCX .70 1 3.37 .207
VERU .59 3 8.49 .207
AESE .35 1 1.7 .205
ZLAB 3.42 6 99.53 .204
HOL .84 3 12.35 .204
SNMP .11 2 1.07 .204
OVID .38 2 3.73 .202
CLPS .56 1 2.79 .200
CLPS .56 1 2.79 .200
CVV .46 2 4.5824 .200
UONE .44 4 8.66 .200
GPS .75 6 22.69 .198
MITO .28 1 1.415 .197
CHMA .37 2 3.76 .196
OCG .06 13 3.91 .195
AGEN .12 9 5.64 .189
NTEC .46 4 9.63 .188
AMZN 8.18 93 3247.33 .186
EXPI 1.38 6 43.46 .186
ZY .78 3 12.46 .186
MDIA .50 3 8.06 .186
CLSD .35 3 5.6 .186
RBLX 2.77 5 74.35 .185
ISEE 1.48 2 16.04 .184
IMV .15 2 1.62 .184
JFIN .36 2 3.97 .180
TEDU .09 2 1.0088 .178
CELC 1.05 3 17.57 .177
WIMI .69 1 3.89 .177
AMTX 1.20 3 20.4 .174
CLII .84 3 14.36 .174
BGFV .70 6 23.49 .174
BODY .47 2 5.35 .174
BWAY 1.35 1 7.7706 .173
GTT .41 1 2.36 .173
BLUW .83 2 9.63 .172
EZFL .57 1 3.31 .172
FENG .11 2 1.27 .172
AZYO 1.08 1 6.3 .171
ZG 3.17 5 91.91 .170
UPST 4.14 14 333.05 .168
OSTK 2.20 6 76.92 .168
TTD 2.07 6 72.75 .168
M .64 6 22.78 .168
MARA .59 12 40.86 .168
HUYA .53 3 9.42 .168
MDNA .05 8 2.37 .168
EVGN .43 1 2.58 .166
MTL .25 3 4.48 .165
ALLO 1.11 2 13.43 .164
SQ 1.73 23 237.41 .161
EDSA 1.24 1 7.7 .161
IRDM 1.55 4 37.95 .160
GIII 1.11 4 27.65 .160
VTSI .98 2 12.18 .160
OPNT 1.39 3 25.85 .159
MARK .08 2 1.01 .158
PBR .29 6 10.93 .156
IAC 3.19 7 141.16 .154
ARVN 1.91 7 83.81 .154
DMAC .31 2 4.07 .152
FIGS 1.12 5 36.8 .150
SCR 1.05 5 34.77 .150
TLRY .52 3 10.28 .150
ALTO .28 3 5.56 .150
GSAT .12 2 1.58 .150
VCVC 1.46 1 9.85 .148
FSTX 1.04 1 7.02 .148
SCYX .79 1 5.33 .148
RIOT 1.25 3 25.51 .147
AFMD .87 1 5.89 .147
ACB .36 3 7.26 .147
BCLI .46 1 3.14 .146
GENE .22 2 3 .146
DLTR 2.90 5 98.1 .145
GTIM .74 1 5.085 .145
DKS 1.91 9 114.68 .144
NLS 1.33 1 9.22 .144
ORGS .70 1 4.85 .144
MTTR .70 4 19.25 .144
FBRX .40 1 2.77 .144
AAL .38 8 20.29 .144
BGI .23 2 3.19 .144
EDTK .10 2 1.37 .144
GRTX 1.18 1 8.28 .142
FUV 1.54 1 10.89 .141
FLWS 1.34 3 28.49 .141
ARMP .49 1 3.4644 .141
CELH 2.77 5 97.22 .140
DLO 1.53 5 53.64 .140
CCJ .71 5 24.49 .140
KR .42 14 39.83 .140
VLDR .86 1 6.17 .139
ENSV .20 1 1.4294 .139
LI 1.29 3 28.03 .138
NIU 1.17 3 24.9 .138
AA 1.14 6 47.78 .138
MOSY .76 1 5.49 .138
IRIX .35 3 7.53 .138
PRTA 1.18 8 65.64 .136
NETE 1.05 1 7.69 .136
TAL .32 2 4.7 .136
AEY .31 1 2.27 .136
TVTX 1.19 3 26.04 .135
SIF 1.16 1 8.53 .135
OLB .65 1 4.78 .135
MOGO .23 3 5.02 .135
SEMR 1.48 2 22.05 .134
MAT 1.28 2 19.07 .134
VIH 1.31 1 9.86 .132
JWN 1.19 3 26.72 .132
DNUT .63 3 14.27 .132
NBEV .19 1 1.43 .132
SPLK 4.15 5 155.66 .130
AMD 1.45 10 105.04 .130
SRNE .85 1 6.52 .130
LTHM .35 10 25.43 .130
AMEH 1.16 8 71.36 .128
DUOL 7.27 3 170.74 .126
SOHU .47 6 21.77 .126
CIEN .40 18 51.9 .126
THCB 1.25 1 10 .125
ZIM 1.19 5 46.61 .125
PBLA .25 1 2 .125
LEGN 1.79 4 56.91 .124
CYTK 1.17 4 36.71 .124
MAXR 1.20 3 28.69 .123
IKT .24 1 1.94 .123
HJLI 1.27 1 10.38 .122
NGM 1.25 2 20.49 .122
TESS .64 1 5.21 .122
DPZ 5.62 11 480.05 .121
SI 4.86 4 160.1 .120
GH 1.57 8 103.57 .120
CLF .33 8 21.73 .120
SBBP .12 2 2 .120
SAM 9.40 7 525.19 .119
RGEN 4.41 7 251.03 .119
REGN 7.44 9 544.44 .117
EDIT 1.47 3 37.53 .117
LIVE 1.37 3 34.31 .117
GMBL .80 1 6.79 .117
RRD .26 3 6.57 .117
LYFT 1.57 4 52.55 .116
HCM .93 4 31.74 .116
TENX .21 1 1.8 .116
JRJC .70 1 6.07 .115
SSKN .22 1 1.93 .113
DE 4.88 8 330.6 .112
ABSI 1.13 1 10.01 .112
MSFT .41 111 292.88 .111
ENPH 3.89 5 169.84 .110
PDD 2.15 5 93.52 .110
LIVX .17 2 3.07 .110
WTER .09 2 1.61 .110
MSGE 1.88 4 68.75 .108
RMBL 1.41 3 39.1 .108
RUN 1.35 4 48.89 .108
CAH 1.34 4 48.06 .108
AEO 1.32 2 24.41 .108
GP .49 3 13.48 .108
DBVT .09 6 4.93 .108
SSNT .66 1 6.14 .107
GRVY 1.33 7 87.31 .105
SHEN 1.11 3 31.37 .105
NFLX .76 105 624.94 .105
PRPO .09 3 2.54 .105
APXT 1.27 1 12.11 .104
DAL 1.14 4 43.54 .104
ENLV .49 2 9.29 .104
CPSH .51 1 4.92 .103
CLDX 1.61 3 46.88 .102
FRD 1.28 1 12.48 .102
LBPH .92 1 9 .102
ORCL .37 34 95.57 .102
AXLA .29 1 2.85 .101
CREE 1.64 5 79.12 .100
VSCO 1.28 4 50.37 .100
DDL 1.22 2 24.06 .100
ACHL .89 1 8.86 .100
CCL .63 4 24.33 .100
STEM .47 5 22.55 .100
ATIF .43 1 4.29 .100
BKYI .32 1 3.19 .100
AUTL .31 2 6.2 .100
PTGX 1.05 3 31.72 .099
PRPL .70 3 20.6 .099
DASH 2.82 7 199 .098
MDB 5.88 8 470.94 .096
APPS 1.99 4 82.5 .096
DELL 1.74 6 103.75 .096
BAC 1.06 4 43.54 .096
BTWN .95 1 9.81 .096
HPQ .88 3 27.49 .096
CRON .13 4 5.39 .096
LAD 6.41 5 330 .095
INM .14 1 1.47 .095
MRUS 1.44 2 30.5 .094
MFNC 1.02 2 21.5 .094
UAA .97 2 20.34 .094
BKE 1.30 3 40.9 .093
VLO 1.86 4 78.92 .092
CTRN 1.77 4 73.78 .092
TWST 1.37 7 103.86 .091
STX 1.06 7 79.01 .091
ACI .39 7 28.35 .091
XBI 2.27 5 124.61 .090
BBY 2.06 5 112.66 .090
CSIQ 1.12 3 36.37 .090
ARCE .89 2 19.48 .090
VNE .55 6 35.62 .090
RRGB .96 2 21.75 .088
ERJ .84 2 18.81 .088
EQ .53 1 5.97 .088
CIFR .48 1 5.41 .088
ULBI .31 2 7.01 .088
AVIR 1.14 3 38.39 .087
ATAI 1.09 1 12.43 .087
SFIX 1.46 2 33.8 .086
ABCL 1.31 1 15.12 .086
UWMC .55 1 6.38 .086
GURE .46 1 5.3 .086
FFHL .44 2 10.1 .086
AEI .09 2 2.08 .086
SPT 1.96 5 114.79 .085
ACMR 1.83 5 104 .085
JD 1.44 5 81.03 .085
CHRA .40 1 4.69 .085
XLNX 2.27 6 155.91 .084
DIS 2.12 7 173.13 .084
VRNT 1.32 3 46.3 .084
JPM 1.20 12 165.36 .084
MS 1.19 7 97.78 .084
PATI .50 2 11.74 .084
ANIX .38 1 4.55 .083
MBII .08 1 0.9569 .083
IMMR .28 2 6.78 .082
BCYC 1.49 3 54.51 .081
PINS 1.45 3 52.52 .081
CLSK 1.17 1 14.34 .081
YEXT .91 1 11.22 .081
SIVB 7.01 8 683.89 .080
UNH 3.56 10 403.24 .080
SITM 3.41 5 209.36 .080
CAT 3.14 5 189.92 .080
RL 1.95 5 115.06 .080
TJX 1.32 4 62.97 .080
USB 1.25 4 61.66 .080
WFC .91 4 45.31 .080
SONO .50 5 31.16 .080
DRN .48 4 23.1 .080
SBS .14 4 6.89 .080
IWM 2.93 6 221.52 .078
OVV 1.51 2 38 .078
LAW 1.23 3 46.6 .078
UBER 1.22 3 46.72 .078
MRO .10 13 15.88 .078
A 1.64 7 147.95 .077
AMAT 1.44 7 126.76 .077
FRO .07 11 8.85 .077
ROST 2.08 4 108.14 .076
JRVR 1.48 2 38.89 .076
LUV 1.03 4 51.51 .076
KZIA .41 2 10.6 .076
VMW 2.32 5 146.56 .075
PKG 2.17 5 139.53 .075
MDT 1.95 5 122.93 .075
TMUS 1.78 5 116.28 .075
FISV 1.58 5 104.3 .075
DKNG 1.24 3 48.94 .075
PFGC 1.21 3 47.72 .075
WMT .77 15 139.38 .075
DFH 1.18 1 15.87 .074
SLV .79 2 20.93 .074
CNFR .10 2 2.7 .074
CLNE .67 1 9.11 .073
SNPS 3.69 6 292.04 .072
SNOW 2.91 8 312.94 .072
TWTR 1.52 3 61.45 .072
EAT 1.21 3 49.3 .072
CSCO .52 8 54.28 .072
MRTN .38 3 15.22 .072
CPG .12 3 4.98 .072
CGC .94 1 13.13 .071
TBLA .70 1 9.85 .071
EOLS .55 1 7.69 .071
BIIB 4.00 5 285.26 .070
WSM 2.54 5 172.95 .070
TSCO 2.08 7 197.29 .070
HOG 1.32 2 36.81 .070
AN 1.24 7 117.18 .070
COP 1.03 5 73.41 .070
IMAB 1.00 5 66.78 .070
SBH .56 2 15.87 .070
FATE 1.36 3 59.07 .069
CLOV .56 1 8.02 .069
TTC 1.60 4 93.62 .068
CRNC 1.55 4 87.59 .068
TSN 1.42 4 79.24 .068
NEWR 1.30 4 74.14 .068
C 1.23 4 70.64 .068
BZ 1.15 2 33.07 .068
CRCT .96 2 27.9 .068
EVGO .55 1 8.04 .068
BQ .08 2 2.34 .068
YPF .31 1 4.59 .067
SHOP 16.27 6 1357.22 .066
LLY 2.73 6 232.78 .066
TDC 1.32 3 57.53 .066
DXC 1.11 2 33.27 .066
RFL 1.04 2 30.78 .066
STRO .65 2 19.22 .066
SOFI .64 2 18.97 .066
DUOT .40 1 6.0264 .066
ORGO .35 2 10.35 .066
IRCP .17 1 2.54 .066
SEDG 3.89 5 298.41 .065
ZS 3.84 5 277.72 .065
FANG 1.53 5 110 .065
INTC .68 5 52.17 .065
PLTR .77 2 23.69 .064
XOM .52 8 61.24 .064
K .51 8 62.36 .064
HWCC .34 1 5.3 .064
EDU .14 1 2.16 .064
FL .99 3 46.98 .063
SLB .71 3 32.88 .063
T .56 3 25.62 .063
SILK .52 7 55.43 .063
KYMR 1.69 2 52.93 .062
YMM .89 1 14.2 .062
VMEO .85 2 26.76 .062
THTX .22 1 3.5 .062
SBTX .57 1 9.22 .061
ADSK 2.96 6 275.91 .060
KEYS 2.52 4 161.31 .060
NXPI 2.32 5 183.19 .060
DOCN 1.29 4 85.86 .060
CHKP 1.25 6 122.41 .060
ASAN 1.17 6 110.15 .060
CPE 1.16 3 56.13 .060
MYGN .98 2 31.64 .060
AZN .39 10 60.27 .060
SSL .11 12 18.38 .060
BZUN 1.12 1 18.81 .059
TTCF 1.07 1 17.97 .059
FLXN .55 1 9.3 .059
PPBT .26 1 4.39 .059
GT 1.09 1 18.66 .058
PSTG .74 2 25.18 .058
XONE .67 2 22.65 .058
VIPS .66 1 11.24 .058
TME .45 1 7.75 .058
GBR .24 1 4.1 .058
GS 2.81 8 391.2 .056
KMB 1.88 4 132.58 .056
LOW 1.83 7 209.8 .056
ROLL 1.78 7 216.39 .056
CM 1.70 4 116.64 .056
HAS 1.30 4 88.05 .056
APPN 1.29 4 90.22 .056
YETI 1.27 4 84.74 .056
DOMO 1.26 4 89.36 .056
SMLP 1.07 2 37.58 .056
FUBO .74 2 25.81 .056
LC .24 8 31.2 .056
AEMD .10 2 3.51 .056
ASML 4.13 11 725.05 .055
AMGN 2.27 5 201.89 .055
GGAL .57 1 10.35 .055
HRL .48 5 42.31 .055
ITRO .07 1 1.27 .055
LII 2.97 6 297.76 .054
PYPL 2.31 6 255.85 .054
UPS 1.72 6 181.99 .054
ABNB 1.58 6 172.75 .054
ATVI 1.42 3 74.92 .054
LPX 1.24 3 65.76 .054
LL 1.01 1 18.42 .054
RKT .84 1 15.29 .054
MNSO .82 1 15.11 .054
FITB .82 3 43.29 .054
CRMT .72 9 115.49 .054
RSI .55 2 19.89 .054
VXX .46 3 24.61 .054
ZNGA .20 2 7.33 .054
RIG .07 3 3.78 .054
BYND 1.46 4 106.96 .052
TAP 1.23 2 45.77 .052
FTCH .94 2 35.31 .052
MQ .60 2 22.72 .052
KIRK .60 2 22.32 .052
ECOM 1.37 1 26.5 .051
TTM .59 3 33.93 .051
CALA .11 1 2.12 .051
WDAY 2.61 5 257.19 .050
V 2.27 5 224.05 .050
IBM 1.51 5 140.47 .050
SKX 1.05 2 41.23 .050
SJM .67 10 122 .050
SPTN .60 2 23.08 .050
KO .56 5 54.23 .050
GBS .11 1 2.18 .050
SUPN 1.50 1 30.02 .049
APP .69 7 87.18 .049
EA 2.20 3 136.67 .048
BHVN 1.74 4 134.19 .048
BURL 1.68 8 267.63 .048
STT 1.48 3 90.63 .048
CVS 1.40 3 83.79 .048
JKS 1.26 2 51.73 .048
NTAP 1.16 4 90.24 .048
AMRS .60 1 12.25 .048
BBWI .53 6 65.71 .048
EPU .48 3 28.47 .048
XLE .47 6 56.41 .048
FLO .41 3 25.07 .048
EKSO .20 1 4.19 .047
OEG .14 1 2.94 .047
FA .96 1 20.85 .046
CHPT .93 1 19.99 .046
WOOF .51 2 22.16 .046
BIOC .09 2 3.87 .046
ROKU 3.09 5 320 .045
HON 2.02 5 214.33 .045
LMT 1.95 9 358.12 .045
CI 1.83 5 202.1 .045
ADI 1.48 5 164.02 .045
AMKR 1.03 1 22.42 .045
TNA .83 5 85.89 .045
MOS .65 3 41.45 .045
ARMK .56 3 36.89 .045
VTGN .04 3 2.51 .045
SNDL .03 1 0.6629 .045
COF 1.87 4 167.65 .044
DAVA 1.77 4 148.41 .044
ABT 1.40 4 117.32 .044
JBL 1.39 2 62 .044
COUR 1.39 1 31.09 .044
GWRE 1.32 4 119.22 .044
MNST 1.05 4 87.94 .044
MU .79 4 66.72 .044
GNOG .78 1 17.69 .044
AGNC .36 2 16.2 .044
GMTX .17 1 3.79 .044
ADBE 4.10 6 580.69 .042
COST 3.15 6 446.87 .042
ANTM 2.99 6 377.49 .042
LIN 2.33 6 295.81 .042
INCY 1.38 2 64.36 .042
OLLI 1.29 2 61.04 .042
MMM 1.20 7 175.53 .042
PG 1.11 6 142.11 .042
ON .92 2 42.35 .042
TBIO .53 3 37.36 .042
MRVL .51 6 65.29 .042
SPWH .38 2 17.67 .042
SANA .82 1 19.68 .041
VIEW .21 1 5.12 .041
MA 2.96 5 345.34 .040
ESTC 1.65 4 162.57 .040
BLFS 1.55 1 38.45 .040
UHS 1.30 4 128.85 .040
OKE 1.26 2 62.95 .040
NKE .89 8 153.35 .040
SWI .79 1 19.61 .040
DEN .72 4 70.38 .040
PDCO .67 2 32.49 .040
HNST .37 1 9.22 .040
ME .16 2 7.88 .040
SLHG .10 1 2.5 .040
OTIS 1.10 3 81.94 .039
SCHW 1.03 3 77.27 .039
RF .86 1 22.05 .039
GIS .81 3 62.14 .039
KDMN .12 3 8.9 .039
MFGP .07 3 5.13 .039
RCUS 1.22 1 31.66 .038
MO .93 2 47.15 .038
ACH .67 1 17.32 .038
LZB .64 2 33.17 .038
NFE 1.27 1 33.67 .037
FCBP 1.08 1 29.1 .037
APG .76 1 20.19 .037
EL 2.10 6 309.08 .036
DG 2.03 4 208.26 .036
MCD 1.62 6 244.52 .036
AXP 1.59 4 174.91 .036
WGO 1.39 2 75.59 .036
CROX 1.26 4 130.09 .036
HD 1.21 12 337.8 .036
MPC 1.19 2 64.74 .036
TGT 1.11 9 242.09 .036
BLDR 1.03 2 55.45 .036
EGRX 1.01 2 55.2 .036
KNL .92 1 25.04 .036
LOGI .87 4 87.52 .036
VIR .39 4 40.94 .036
ALAC .21 2 11.4423 .036
BLK 6.24 5 836.19 .035
COIN 1.85 5 249.33 .035
LH 1.59 7 273.98 .035
SRNG .41 1 11.42 .035
TEO .18 1 5.05 .035
LITE 1.46 2 84.62 .034
TGTX 1.11 1 32.61 .034
ATHM .86 2 50.24 .034
ANF .67 2 38.75 .034
AZO 6.70 11 1677.29 .033
AKAM 1.20 3 105.27 .033
PLCE .92 3 82.25 .033
BEKE .69 1 20.6 .033
BP .33 3 29.1 .033
NOK .07 3 5.95 .033
BKNG 10.17 8 2464.7 .032
AAP 1.82 4 212.01 .032
ATKR 1.43 2 88.15 .032
TTWO 1.42 4 169.38 .032
ABBV .93 4 108.57 .032
GLD .70 8 164.66 .032
FOE .67 1 20.82 .032
FLOW .63 4 72.3 .032
HNP .33 2 19.77 .032
FENC .31 1 9.48 .032
D .31 8 72.52 .032
UAL 1.50 1 49.67 .030
KHC 1.11 1 36.78 .030
CRM 1.02 10 279 .030
CHGG .96 2 62.6 .030
CTKB .66 1 21.44 .030
PFE .21 6 41.85 .030
GRUB .15 3 14.96 .030
XPDI .07 5 10.18 .030
GOOG 3.73 28 2734.26 .028
PLD 1.05 4 132.29 .028
QDEL .95 4 134.78 .028
VZ .73 2 51.33 .028
LEN .73 4 94.53 .028
MRK .63 4 79.59 .028
FAST .39 4 53.83 .028
OXY .04 28 33.01 .028
J 1.23 3 133 .027
ACHV .23 1 8.41 .027
VSH .18 3 19.11 .027
RTX 1.21 2 89.72 .026
DD .99 2 71.71 .026
PCVX .65 1 24.91 .026
TRIL .47 1 17.58 .026
RY .57 5 102.91 .025
CNC 1.57 1 63.04 .024
STE 1.42 4 218.21 .024
SNA 1.40 4 214.6 .024
TSM 1.36 2 109.2 .024
ALXN 1.24 4 182.5 .024
B 1.08 1 43.28 .024
NEE .95 2 78.87 .024
CRTO .90 1 36.67 .024
HHR .68 2 55.85 .024
CL .61 3 75.67 .024
BIG .59 2 46.46 .024
QCOM .47 8 122.95 .024
MOMO .16 2 12.38 .024
ET .06 4 9.9 .024
GM .69 2 57.69 .022
ADMS .18 1 8.08 .022
PKI 1.33 3 166.66 .021
PEP 1.25 3 156.93 .021
CLX 1.16 3 162.96 .021
INTU 2.61 5 527.05 .020
STZ 1.17 4 218.84 .020
NUAN 1.13 1 55.08 .020
HRI .96 4 177.22 .020
AZPN .96 4 164.03 .020
IYC .84 2 79.75 .020
BEST .02 2 1.89 .020
IRBO .83 1 42.34 .019
GPK .37 1 18.79 .019
UHAL 1.98 9 696 .018
JNJ 1.48 2 157.69 .018
KMX 1.24 2 131.56 .018
DUK .92 2 101.65 .018
AIT .91 2 94.98 .018
CNA .83 1 44.74 .018
AMOM .66 1 34.84 .018
XLP .43 3 70.98 .018
PSTX .12 1 6.68 .017
STMP 1.59 4 329.61 .016
LANC 1.43 2 171.86 .016
UTHR .86 4 189.93 .016
WM .75 4 154.46 .016
XLK .65 4 150.34 .016
HRC .64 4 151.91 .016
PTON .37 4 85.85 .016
SELF .09 1 5.335 .016
FRBK .05 1 3 .016
HCA 1.27 3 242.51 .015
TNET 1.38 1 98.36 .014
CHNG .15 2 20.65 .014
PAYX 1.56 1 117.33 .013
CAI .78 1 55.96 .013
RACE .92 3 215.62 .012
PNRG .79 1 63.55 .012
GE .40 4 102.72 .012
PBT .04 2 6.08 .012
INOV .46 1 40.72 .011
ESXB .13 1 11.27 .011
TRI .68 2 115.26 .010
ECHO .49 1 48.12 .010
PPC .17 2 28.88 .010
SVBI .13 1 12.99 .010
GTS .33 1 35.05 .009
IEC .14 1 15.34 .009
SLVO .02 3 5.14 .009
TDG 1.87 4 631.23 .008
MSTR .94 8 710.65 .008
XLV .37 4 125.34 .008
HFBL .16 1 18.5001 .008
LMRK .13 1 16.51 .007
SYKE .14 3 54 .006
ITRN .07 3 27.09 .006
PSP .06 2 15.12 .006
VOOV .73 1 142.82 .005
CLDR .08 1 15.99 .005
SAFM .85 1 188.36 .004
SPG .16 4 134.77 .004
KIN .02 2 9.25 .004
IACB .02 2 9.91 .004
SPY 1.31 1 433.62 .003
RAVN .10 3 57.8 .003
CXP .04 1 19.13 .002
VCAR .03 1 11.8 .002
SIC .03 1 14.44 .002
NWHM .02 1 8.99 .002
DSE .02 1 9.49 .002
ULTA .62 1 386.92 .001
DFP .03 1 28.51 .001
PMD .01 1 8.33 .001
WYNN .06 3 91.64 0
MSTR .06 118 710.65 0
ULTA .05 12 386.92 0
WYNN .04 4 91.64 0
BLNK .02 11 28.55 0
RTLR .01 8 12 0
INFL .01 2 31 0
WMPN 0 4 12.45 0
QADB 0 4 87.35 0
GSKY 0 1 11.42 0
EIC -.08 1 18.53 -.004
NSYS -.12 1 11.85 -.010
