EJH 5.21 6 2.74 11.406
LAIX 1.72 4 0.8899 7.728
SCPS 3.34 7 4.01 5.824
AACG 2.67 4 2.37 4.504
CPOP 3.24 4 2.94 4.408
NVOS 1.65 5 1.89 4.365
NEGG 3.07 20 14.74 4.160
DPW 1.56 5 2.3 3.390
AUVI 3.42 6 6.75 3.036
VRPX 1.77 9 5.35 2.970
FCEL .17 129 7.65 2.838
JZXN 1.63 4 2.51 2.596
AAME 2.47 4 4 2.468
JAN 3.24 5 6.9 2.345
EEIQ 5.44 4 9.4 2.312
NRXP 3.86 6 10.06 2.298
SIEB 2.59 3 3.5 2.220
KOSS 5.35 7 16.85 2.219
JG 1.96 2 1.77 2.214
EYES 1.22 6 3.42 2.136
SGOC 1.48 8 5.99 1.976
CEMI .75 7 2.7 1.939
INDP 4.08 4 8.72 1.868
BSQR .35 13 2.55 1.781
AMC 1.23 55 39.3 1.705
TYME .45 4 1.14 1.576
HGSH 1.16 2 1.53 1.516
NAOV .27 11 1.97 1.507
TAOP 1.35 3 2.74 1.476
BTBT 1.92 7 9.14 1.470
CSCW .39 2 0.5399 1.444
AREC .72 4 2 1.440
RMED 1.60 3 3.35 1.431
GRTS 3.97 4 11.52 1.376
SPRT .81 20 11.8 1.360
SJ 1.24 4 3.71 1.336
CARV 3.92 6 17.63 1.332
BIDU 1.78 117 156.94 1.287
NCTY 2.63 5 10.26 1.280
GME 2.99 82 189.48 1.230
ALYA 1.03 3 2.56 1.206
EVK .60 6 3.05 1.176
LGHL 1.46 1 1.29 1.131
SAVA 3.25 24 68.53 1.128
SPCE 1.29 22 25 1.122
BBIG .49 16 6.98 1.120
FTEK 1.03 2 1.84 1.118
WAVE 2.15 4 7.68 1.116
YJ .40 2 0.72 1.110
AUUD .54 5 2.46 1.095
SSY .91 3 2.51 1.086
NMRD 1.66 4 6.16 1.076
NURO 1.31 9 11.51 1.017
BNTC 1.24 3 3.69 1.008
PMCB 1.11 3 3.3 1.008
PHUN .20 5 0.9908 1.005
CETX 1.20 1 1.2 1.000
AGRI 2.32 1 2.37 .978
NIO .48 75 36.77 .975
MTSL 1.08 3 3.37 .960
CTIB .64 3 2 .960
IGC .49 3 1.53 .960
XPEV .46 80 36.12 .960
MRIN 2.01 5 10.5 .955
OCGN 1.45 5 7.67 .945
PBTS 1.24 1 1.33 .932
CHCI 1.54 3 5.03 .918
WAFU 1.94 3 6.42 .906
NVFY .73 3 2.42 .903
BB .84 11 10.14 .902
UPC .73 3 2.46 .888
WHLM 1.59 3 5.5 .867
CNET 1.11 1 1.28 .867
PALI .71 3 2.45 .867
DLPN 2.68 4 12.4 .864
RETO .66 1 0.771 .856
PTIX .84 2 1.97 .852
SYPR 1.65 2 3.88 .850
NVDA 1.39 139 216.6 .834
ASM .69 1 0.8274 .833
LHDX 1.58 4 7.59 .832
SNOA 1.43 3 5.35 .801
ACRS 2.12 7 18.8 .784
SNAP .58 112 80.08 .784
LMNL .65 3 2.53 .768
TPST 2.81 4 14.88 .752
WORX .44 4 2.34 .752
EYEG 1.45 1 1.93 .751
PRFX 2.29 1 3.1 .738
BLIN .45 7 4.27 .735
WEI .57 1 0.7899 .721
TSLA 4.08 144 791.36 .720
VVOS .78 4 4.36 .712
ANPC 1.24 2 3.49 .710
EVOL 1.45 1 2.05 .707
DYNT .22 5 1.56 .705
BNGO .36 11 5.54 .704
EBET 4.40 5 31.22 .700
MOXC 1.77 3 7.69 .690
CRTD .66 3 2.88 .687
OSAT 1.82 2 5.31 .684
IDEX .36 4 2.13 .676
KALV 2.54 5 18.9 .670
ENOB 1.70 3 7.64 .666
HOFV .98 2 2.99 .654
VERY 1.85 3 8.5 .651
SCKT 1.43 3 6.65 .645
SPCB .32 2 1 .640
ZCMD 1.01 1 1.608 .628
AVXL 2.41 5 19.23 .625
IRNT 4.02 4 25.83 .620
CANF 1.04 1 1.68 .619
IMPL 2.05 4 13.25 .616
ANY .38 11 6.73 .616
ANVS 3.73 6 36.46 .612
BBBY 1.22 12 23.77 .612
XELA .21 6 2.07 .606
NBRV .76 1 1.26 .603
HGEN 1.21 3 6.35 .570
SPI 1.60 2 5.62 .568
MNOV 1.12 2 3.96 .564
MOHO .11 3 0.585 .564
STAF .58 2 2.07 .560
VTNR .51 6 5.45 .558
DTST .84 3 4.56 .552
LODE 1.63 1 2.96 .550
OBLN .56 3 3.05 .549
RIDE .85 5 7.78 .545
TERN 1.53 4 11.17 .544
CBAT .70 2 2.58 .542
SOS .61 2 2.27 .536
MBRX 1.60 1 3.03 .528
XTLB 1.09 2 4.14 .526
FULC 2.86 5 27.26 .520
ALEC 2.50 5 23.99 .520
MEDS .53 5 5.13 .515
NVAX 14.88 8 231.04 .512
LWAC 2.17 4 16.98 .508
AEHR .48 16 15.09 .496
ZEV 1.49 3 8.98 .495
ORPH .73 3 4.42 .495
OXBR .30 5 3.01 .495
HOOD 1.85 12 44.76 .492
OPAD 1.25 4 10.1 .492
OPTT 1.10 1 2.24 .491
WINT .31 3 1.9 .489
COHN 2.68 4 21.86 .488
DBGI .48 3 2.95 .486
HTBX 1.46 2 6.02 .484
MVIS 1.51 4 12.57 .480
BABA .88 96 150.18 .480
GTEC 1.57 2 6.59 .476
ZKIN .71 2 2.98 .476
HUSN .29 4 2.42 .476
ATNF .90 3 5.77 .465
ERYP 1.39 2 6.01 .462
ADGI 3.43 6 45.1 .456
ATXI .74 1 1.62 .456
LIZI .40 4 3.48 .456
KNBE 2.69 4 23.87 .448
LEDS 1.87 2 8.39 .444
IPHA .78 4 7.08 .440
APTO .55 2 2.5 .440
ADMA .54 1 1.23 .439
APRE 2.02 1 4.64 .435
GRVI .74 3 5.13 .432
AQMS .43 2 1.99 .432
JCS 1.40 3 9.74 .429
DQ 3.36 7 54.21 .427
GLSI 4.33 4 40.61 .424
MVST 1.01 4 9.45 .424
HX .78 1 1.88 .414
XELB .34 2 1.65 .412
FGEN 1.47 3 10.81 .405
AMBO .61 1 1.53 .398
DWSN .96 1 2.42 .396
TQQQ .54 132 138.37 .396
TRCH .98 2 4.95 .394
GEG .90 1 2.29 .393
DTSS .87 1 2.21 .393
RAPT 3.42 4 34.6 .392
SLGG 1.26 1 3.26 .386
CHNR .12 4 1.26 .380
BILI 1.28 22 71.36 .374
ENG .53 2 2.83 .374
RSLS 1.08 1 2.9 .372
NEXT .37 3 2.97 .372
JFU .22 3 1.78 .369
LEXX .84 3 6.85 .366
KXIN .21 5 2.89 .360
KMPH 1.70 2 9.5 .356
WHLR .54 2 3.03 .356
ENVB .27 3 2.28 .354
VERB .11 6 1.85 .354
ADMP .36 1 1.03 .349
WATT .77 1 2.23 .345
NNOX 2.21 4 25.65 .344
ACOR .41 4 4.73 .344
RCON 1.01 1 2.95 .342
OTLK .78 1 2.28 .342
LIFE 1.69 2 9.9 .340
GDEV 2.41 1 7.17 .336
BCRX .87 6 15.38 .336
TATT .65 3 5.78 .336
MINM .32 2 1.9 .336
AVGR .04 7 0.82 .336
GOVX .29 5 4.33 .330
AFRM 5.30 8 128.37 .328
ARPO .72 1 2.2 .327
NKLA .28 14 11.95 .322
CERE 2.10 5 32.47 .320
WPRT .58 2 3.61 .320
GALT .44 3 4.14 .318
AYRO 1.18 1 3.72 .317
PSTV .60 1 1.89 .317
IPA 1.04 2 6.63 .312
BTCM .72 4 9.15 .312
PLG .61 1 1.95 .312
PME .26 1 0.8382 .310
LMFA .33 4 4.25 .308
VBLT .32 2 2.07 .308
ALF 1.08 2 7.07 .304
LJPC .62 2 4.07 .304
WNW 1.34 1 4.42 .303
ENZ .54 2 3.59 .300
HAPP .30 1 0.9986 .300
ATOS .26 4 3.45 .300
MTP .56 1 1.895 .295
ENTX .77 2 5.21 .294
ONCS .68 1 2.33 .291
RHE 1.27 2 8.72 .290
ARAV 1.21 1 4.16 .290
DDD 1.09 8 29.79 .288
NNVC .75 2 5.19 .288
TRIT .58 3 5.99 .288
TIGR .66 5 11.53 .285
CRIS 1.20 2 8.43 .284
CAN .43 4 6.02 .284
KBSF .46 2 3.25 .282
QFIN .76 8 21.13 .280
WISH .58 3 6.18 .279
VOXX 1.74 2 12.57 .276
GNLN .36 2 2.61 .274
SLS .91 3 9.99 .273
BPTH 1.44 1 5.28 .272
ACY 1.08 17 63.95 .272
GRU 1.18 1 4.355 .270
UFAB .46 2 3.4 .270
GEVO .49 4 7.3 .268
DARE .47 1 1.75 .268
PIRS .31 5 5.77 .265
LYEL 1.69 2 12.84 .262
ORMP .62 10 23.82 .260
IMTX 1.15 3 13.28 .258
DYAI .51 3 5.9 .258
NRBO .49 2 3.78 .258
OBSV .28 3 3.25 .258
UAVS .83 1 3.27 .253
SKLZ .97 3 11.42 .252
ALDX 1.09 2 8.76 .248
PLUG .89 8 28.4 .248
IGIC 2.12 1 8.68 .244
LOOP 1.57 2 12.78 .244
KULR .52 1 2.15 .241
LAZR 1.40 3 17.41 .240
BON 2.06 1 8.59 .239
KODK 1.72 1 7.21 .238
BYSI 1.25 3 15.7 .237
IMMP .32 3 4.04 .237
RLMD 1.57 4 26.5 .236
BTX 1.13 2 9.52 .236
RKDA .49 1 2.07 .236
EXPR .31 4 5.24 .236
NNDM .48 3 6.13 .234
SQBG .73 2 6.24 .232
HUGE .37 1 1.59 .232
BHTG .33 1 1.43 .230
TSP 1.75 5 38.84 .225
ZM 4.40 14 272.88 .224
XBIO .06 8 2.12 .224
UONE .59 3 7.93 .222
OVID .38 2 3.4 .222
TELL .18 5 4.09 .220
SDC .64 2 5.95 .214
VIVE .52 1 2.42 .214
AAPL .40 107 145.37 .214
BNR 1.96 2 18.38 .212
COTY .43 4 8.1 .212
KSS 1.96 6 56 .210
AMTX 1.20 3 17 .210
NEPT .07 2 0.6645 .210
FLGC .64 2 6.12 .208
AKTX .36 1 1.73 .208
AVCT .60 1 2.892 .207
RNXT .73 2 7.02 .206
SKT 1.76 2 17.2 .204
FB .87 102 353.58 .204
HOL .84 3 12.35 .204
FCX .44 17 33.91 .204
RAIL .24 4 4.68 .204
CMMB 1.24 2 12.23 .202
SNES .16 2 1.57 .202
BNTX 6.26 10 307.09 .200
GPN 4.22 8 163.61 .200
MESO 1.26 1 6.29 .200
CVV .46 2 4.6 .200
OCG .21 4 4.17 .200
SE 6.34 11 336.26 .198
CLPS .56 1 2.82 .198
CLPS .56 1 2.82 .198
ADIL .45 2 4.52 .198
MITO .28 1 1.41 .198
STG 1.13 1 5.72 .197
EOSE 1.39 2 14.06 .196
ONCT .45 2 4.59 .196
CHMA .37 2 3.76 .196
APOP .84 5 21.37 .195
MRKR .36 1 1.84 .195
CARA 1.57 2 16.04 .194
AESE .35 1 1.8 .194
OCUP 1.04 1 5.38 .193
VTSI 1.97 1 10.33 .190
CRDF 1.40 1 7.39 .189
VNET 1.13 3 17.7 .189
VERU .59 3 9.36 .189
NTEC .46 4 9.63 .188
HUYA .53 3 8.42 .186
AMZN 8.07 92 3405.8 .184
NVCR 2.99 8 125.69 .184
MTL .25 3 4.09 .183
MRNA 2.88 26 408.84 .182
OCG .06 13 4.17 .182
ENSC .72 1 3.96 .181
ZG 4.16 4 91.08 .180
DOCS 3.99 4 87.56 .180
OSMT .18 3 2.98 .180
OCX .70 1 3.91 .179
TASK 3.03 4 68.34 .176
MARA .58 11 35.17 .176
SNMP .11 2 1.24 .176
W 7.31 7 285.36 .175
SCR 2.08 3 35.39 .174
CLII .84 3 14.36 .174
ZY .78 3 13.23 .174
GTT .41 1 2.36 .173
CELC 1.58 2 18.36 .172
BLUW .83 2 9.63 .172
INFI .16 4 3.65 .172
IMV .15 2 1.74 .172
IMNM 2.21 2 25.9 .170
BGI .47 1 2.75 .170
UPST 4.78 12 331.99 .168
RBLX 3.40 4 79.99 .168
SQ 2.23 21 258.11 .168
ISEE 1.48 2 17.5 .168
OPNT 1.39 3 24.53 .168
ACB .36 3 6.385 .168
GSM .26 6 8.99 .168
FENG .11 2 1.3 .168
WIMI .69 1 4.15 .166
ZLAB 3.76 5 112.74 .165
PRTA 2.60 5 77.39 .165
TTD 2.55 5 75.79 .165
ALTO .28 3 5.06 .165
EDTK .10 2 1.21 .164
FIGS 2.11 3 39.02 .162
JFIN .36 2 4.4 .162
CLSD .35 3 6.4 .162
RRD .40 2 4.95 .160
KURA 1.66 2 21 .158
OSTK 2.20 6 84.03 .156
EDSA 1.24 1 8 .155
ENSV .20 1 1.29 .155
CLF .48 7 21.18 .154
BWAY 1.35 1 8.79 .153
CTSO .41 3 8.03 .153
IAC 5.23 4 135.22 .152
GIII 2.35 2 30.84 .152
OLB .65 1 4.3 .151
BGFV .70 6 26.93 .150
LTHM .60 6 23.86 .150
EVGN .43 1 2.85 .150
PDD 3.58 4 96.32 .148
VCVC 1.46 1 9.85 .148
BODY .47 2 6.3 .148
DMAC .31 2 4.16 .148
MOSY .76 1 5.24 .145
CELH 3.33 4 92.26 .144
AMD 1.97 8 108.16 .144
LI 1.94 2 26.91 .144
TVTX 1.79 2 24.71 .144
NIU 1.17 3 24.19 .144
AZYO 1.08 1 7.5 .144
FLGT 3.14 4 87.57 .140
IRDM 1.55 4 43.29 .140
GRTX 1.18 1 8.4 .140
KR .42 14 40.19 .140
AFMD .87 1 6.22 .139
GTIM .74 1 5.31 .139
ORGS .70 1 5.02 .139
TAL .32 2 4.62 .138
MOGO .23 3 4.92 .138
GSAT .12 2 1.72 .138
SCYX .79 1 5.73 .137
SPLK 5.11 4 148.8 .136
JRJC .70 1 5.11 .136
AAL .38 8 21.47 .136
ORCL .37 34 91.04 .136
MDNA .05 8 2.8 .136
DPZ 7.66 9 487.23 .135
ARMP .49 1 3.62 .135
IRIX .35 3 7.62 .135
FSTX 1.04 1 7.71 .134
BCLI .46 1 3.43 .134
GENE .22 2 3.27 .134
TENX .21 1 1.56 .134
MARK .08 2 1.18 .134
SOHU .47 6 21.14 .132
NBEV .19 1 1.43 .132
NLS 1.33 1 10.23 .130
MAT 1.28 2 19.43 .130
VLDR .86 1 6.59 .130
M .64 5 24.32 .130
GPS .64 5 24.58 .130
TEDU .09 2 1.38 .130
DNUT .63 3 14.34 .129
ASTR .41 3 9.34 .129
AEY .31 1 2.4 .129
VIH 1.31 1 10.16 .128
FUV 1.54 1 12.16 .126
SIF 1.16 1 9.16 .126
TLRY .52 3 12.22 .126
THCB 1.25 1 10 .125
ENPH 4.87 4 155.06 .124
EXPI 2.14 3 51.71 .123
LEGN 1.93 3 46.99 .123
FBRX .40 1 3.3 .121
IKT .24 1 1.98 .121
CYTK 1.42 3 34.91 .120
ACHL .89 1 7.36 .120
CCJ .84 3 20.95 .120
SAM 9.40 7 523.9 .119
HJLI 1.27 1 10.59 .119
AGEN .10 7 5.68 .119
MAXR 1.20 3 30.33 .117
JWN 1.19 3 29.82 .117
DLO 1.91 4 64.67 .116
SEMR 1.48 2 25.26 .116
RUN 1.35 4 45.03 .116
TESS .64 1 5.54 .115
FLWS 1.34 3 34.45 .114
NETE 1.05 1 9.19 .114
PBLA .25 1 2.19 .114
SSKN .22 1 1.93 .113
STX 2.52 4 86.91 .112
RIOT 1.57 2 27.77 .112
NGM 1.25 2 22.21 .112
SBBP .12 2 2.14 .112
WTER .09 2 1.6 .112
TWST 2.44 5 110.17 .110
ATIF .43 1 3.93 .109
SHEN 1.68 2 30.62 .108
MSFT .47 108 294.17 .108
FRD 1.28 1 12.02 .106
GMBL .80 1 7.49 .106
ARVN 1.87 5 87.18 .105
REGN 8.57 8 619.07 .104
DE 4.88 8 352.42 .104
CREE 2.28 4 84.97 .104
RMBL 2.04 2 38.86 .104
APXT 1.27 1 12.11 .104
DAL 1.14 4 43.78 .104
SRNE .85 1 8.14 .104
SSNT .66 1 6.33 .104
LIVX .17 2 3.26 .104
LIVE 1.37 3 39.67 .102
DDL 1.22 2 23.57 .102
CIEN .34 17 52.54 .102
NFLX .98 101 592.64 .101
GRVY 1.86 5 91.65 .100
CLSK 1.17 1 11.63 .100
OXY .15 25 30.19 .100
VSCO 1.95 3 58.37 .099
MTTR 1.03 2 20.87 .098
LBPH .92 1 9.36 .098
GURE .46 1 4.65 .098
MDB 5.88 8 483.04 .096
ROLL 3.70 6 220.47 .096
VIR 2.19 2 45.04 .096
ABSI 1.13 1 11.68 .096
BTWN .95 1 9.87 .096
HCM .93 4 37.3 .096
CPSH .51 1 5.31 .096
GP .49 3 15.04 .096
DELL 2.08 5 104.87 .095
DBVT .10 5 5.01 .095
MFNC 2.04 1 21.5 .094
AEO 1.32 2 27.81 .094
AXLA .29 1 3.07 .094
TJX 2.22 3 71.14 .093
CAH 1.64 3 51.5 .093
CCL .63 4 26.38 .092
DASH 2.82 7 216.73 .091
LYFT 1.70 3 55.98 .090
CSIQ 1.59 2 34.67 .090
UAA .97 2 21.24 .090
HPQ .88 3 28.71 .090
PRPL .70 3 23.01 .090
ACI .57 5 30.85 .090
VNE .55 6 34.85 .090
FFHL .44 2 9.67 .090
PRPO .09 3 2.98 .090
BBY 2.48 4 110.18 .088
MSGE 1.88 4 81.79 .088
ENLV .49 2 10.94 .088
BKYI .32 1 3.62 .088
CRON .13 4 5.89 .088
MRO .11 11 13.66 .088
LAW 2.18 2 49.63 .086
JRVR 1.48 2 34.04 .086
CHRA .40 1 4.64 .086
RGEN 5.32 5 307.37 .085
STEM .47 5 26.26 .085
DOMO 2.40 3 82.82 .084
VRNT 1.94 2 45.71 .084
BKE 1.86 2 44.05 .084
CRMT 1.76 6 125.56 .084
JPM 1.20 12 166.98 .084
PATI .50 2 11.8016 .084
ULBI .31 2 7.44 .082
MBII .08 1 0.9799 .081
ABNB 2.80 5 174.26 .080
XBI 2.65 4 131.91 .080
AN 2.58 4 124.41 .080
RL 2.38 4 117.97 .080
ANIX .38 1 4.8 .079
JD 2.03 3 76.43 .078
USB 1.60 3 61.1 .078
PINS 1.45 3 53.77 .078
AA 1.37 3 51.56 .078
EQ .53 1 6.76 .078
SBS .19 3 7.09 .078
DIS 2.12 7 178.26 .077
RRGB 1.93 1 24.97 .077
DKS 1.55 7 130.82 .077
UWMC .55 1 7.06 .077
LLY 4.31 4 226.4 .076
CAT 3.91 4 200 .076
XLNX 3.06 4 159.67 .076
ARCE 1.78 1 23.13 .076
WFC .91 4 47.56 .076
IMMR .28 2 7.32 .076
INM .14 1 1.83 .076
SITM 3.41 5 224.58 .075
GH 1.98 5 125.72 .075
EDIT 1.47 3 57.84 .075
COP 1.03 5 66.71 .075
ZIM 2.07 2 55.1 .074
UBER 1.78 2 47.25 .074
CNFR .10 2 2.67 .074
SEDG 5.15 4 280.52 .072
SNOW 4.03 6 311.2 .072
LOW 3.95 4 210.63 .072
UNH 3.25 9 405.27 .072
PFGC 1.82 2 49.21 .072
BAC 1.08 3 43.26 .072
YEXT .91 1 12.47 .072
CLNE .67 1 9.28 .072
SSL .15 9 17.43 .072
EDU .14 1 1.94 .072
TBLA .70 1 9.85 .071
AUTL .51 1 7.12 .071
DDS 2.22 7 203.85 .070
TDC 1.99 2 55.65 .070
DKNG 1.84 2 51.39 .070
FISV 1.58 5 109.14 .070
AMEH 1.50 5 100.41 .070
IMAB 1.00 5 70.02 .070
EOLS .55 1 7.8 .070
SONO .50 5 34.91 .070
KZIA .41 2 11.64 .070
AEI .09 2 2.54 .070
ATAI 1.09 1 15.68 .069
CLOV .56 1 8.1 .069
MRTN .38 3 16.07 .069
ROKU 5.65 4 321.24 .068
VMW 2.68 4 149.15 .068
EAT 1.81 2 53.01 .068
SFIX 1.46 2 42.79 .068
HOG 1.32 2 38.18 .068
C 1.23 4 72.26 .068
MDIA .39 2 11.15 .068
YPF .31 1 4.55 .068
NEWR 1.67 3 73.92 .066
STRO .65 2 19.3 .066
BQ .08 2 2.37 .066
MS 1.45 5 105.1 .065
APP 1.06 5 76.7 .065
WDAY 4.30 4 263.78 .064
AMGN 3.47 4 213.11 .064
ADI 2.86 4 176.91 .064
APPS 2.45 2 75.77 .064
MDT 2.17 4 128.75 .064
FL 1.59 2 49.35 .064
DFH 1.18 1 18.2 .064
HWCC .34 1 5.3 .064
CTRN 1.79 3 82.4 .063
FLOW 1.65 3 75.68 .063
SLV 1.32 1 20.94 .063
CGC .94 1 14.71 .063
CSCO .56 7 56.22 .063
DUOT .40 1 6.265 .063
ABCL 1.31 1 20.99 .062
BZUN 1.12 1 17.99 .062
SBH .56 2 17.69 .062
TME .45 1 7.22 .062
DXC 2.19 1 35.51 .061
BIIB 4.30 4 286.62 .060
SPT 2.66 3 131.95 .060
UPS 2.33 5 186.84 .060
DEN 2.30 2 75.02 .060
PKG 2.16 4 143.63 .060
CRNC 2.13 3 103.42 .060
NTAP 1.88 3 93.86 .060
AMAT 1.73 5 142.74 .060
CHKP 1.48 5 116.66 .060
INTC .68 5 54.66 .060
T .56 3 27.4 .060
EVGO .55 1 9.03 .060
LC .30 6 29.22 .060
RIG .12 2 3.89 .060
KIRK 1.21 1 20.2 .059
LPX 1.87 2 63.76 .058
GT 1.09 1 18.66 .058
MNSO .82 1 14.11 .058
GGAL .57 1 9.69 .058
IRCP .17 1 2.9 .058
BYND 2.26 3 113.38 .057
SMLP 2.15 1 37.21 .057
ZS 3.95 4 272.73 .056
TSCO 3.14 4 210.31 .056
GS 2.81 8 399.81 .056
WSM 2.77 4 194.46 .056
TSN 2.17 2 76.86 .056
VLO 2.03 2 70.78 .056
IBM 2.00 4 138.56 .056
CLDX 1.59 2 55.01 .056
JKS 1.26 2 44.04 .056
QCOM 1.18 7 133.48 .056
PLTR .77 2 27.47 .056
FUBO .74 2 25.75 .056
XONE .67 2 23.72 .056
WMT .67 14 142.25 .056
SPTN .60 2 21.41 .056
K .51 8 64 .056
THTX .22 1 3.92 .056
ADSK 3.38 5 294.06 .055
TTCF 1.07 1 19.28 .055
YMM .89 1 16 .055
VIPS .66 1 11.93 .055
SILK .63 5 56.23 .055
PPBT .26 1 4.7 .055
ITRO .07 1 1.27 .055
ASML 5.22 9 835.31 .054
KMB 2.44 3 132.43 .054
ABT 2.28 3 120.58 .054
FATE 1.76 2 64.36 .054
HAS 1.73 3 94.07 .054
YETI 1.72 3 92.43 .054
ATVI 1.42 3 75.08 .054
FITB .82 3 43.6 .054
PSTG .74 2 27.1 .054
VXX .46 3 24.82 .054
FRO .06 9 8.88 .054
SKX 2.32 1 43.74 .053
SUPN 1.50 1 27.96 .053
CI 2.73 4 206.61 .052
VMEO 1.70 1 32.32 .052
RSI 1.01 1 19.4 .052
SBTX .57 1 10.92 .052
KDMN .23 2 8.84 .052
ZNGA .20 2 7.56 .052
ASAN 2.05 3 113.99 .051
SI 1.88 3 110.57 .051
TTC 1.75 3 97.97 .051
MYGN 1.67 1 32.53 .051
TNA 1.63 3 91.96 .051
DOCN 1.41 3 81.73 .051
ECOM 1.37 1 26.85 .051
LOGI 2.48 2 96.78 .050
FANG 2.44 2 95.48 .050
DLTR 2.23 2 86.87 .050
STT 2.22 2 88.47 .050
TWTR 1.66 2 65.37 .050
TAP 1.23 2 48.8 .050
LL 1.01 1 19.9 .050
KO .56 5 53.61 .050
RKT .84 1 16.99 .049
MA 4.60 4 356.77 .048
BHVN 2.23 3 132.88 .048
CVS 1.40 3 85.74 .048
ACMR 1.37 4 108.67 .048
APPN 1.29 4 106.45 .048
ARMK .56 3 33.89 .048
AZN .37 8 58.72 .048
AEMD .10 2 4.16 .048
CRCT 1.61 1 34.55 .046
FA .96 1 20.57 .046
CPG .11 2 4.65 .046
UHS 2.31 3 144.65 .045
TMUS 2.01 3 127.78 .045
LMT 1.95 9 353.36 .045
GWRE 1.92 3 120.59 .045
FTCH 1.88 1 40.93 .045
HD 1.71 9 341.41 .045
A 1.59 5 166.38 .045
PG 1.37 5 141.66 .045
QADB 1.34 3 87.16 .045
CHPT .93 1 20.47 .045
LUV .83 3 52.96 .045
SWI .79 1 17.46 .045
BBWI .64 5 68.63 .045
MRVL .61 5 63.07 .045
XLE .48 5 52.71 .045
GBR .24 1 5.32 .045
CALA .11 1 2.4 .045
PBR .10 5 10.45 .045
BURL 3.49 4 307.84 .044
LIN 3.48 4 309.21 .044
IWM 2.66 4 226.44 .044
MNST 2.10 2 91.79 .044
ANF 1.79 1 40.37 .044
BZ 1.59 1 35.79 .044
JBL 1.39 2 62.36 .044
FLO .52 2 23.38 .044
WOOF .51 2 22.39 .044
AGNC .36 2 16.24 .044
ORGO .35 2 15.46 .044
MOS 1.62 1 36.84 .043
EKSO .20 1 4.6 .043
GBS .11 1 2.54 .043
TTWO 2.17 3 148.65 .042
PTON 2.02 2 92.07 .042
OTIS 1.81 2 84.23 .042
ROST 1.70 3 116.6 .042
MMM 1.40 6 181.79 .042
NKE 1.02 7 148.04 .042
GNOG .78 1 18.43 .042
SJM .77 7 119.93 .042
PDCO .67 2 30.65 .042
EPU .58 2 27.07 .042
TBIO .53 3 37.36 .042
OEG .14 1 3.28 .042
BIOC .09 2 4.19 .042
AVIR 1.41 1 33.76 .041
COUR 1.39 1 33.57 .041
AMRS .60 1 14.61 .041
SNDL .03 1 0.7275 .041
COST 4.91 4 460.56 .040
SNPS 3.38 4 313.4 .040
LH 2.92 4 290.73 .040
EL 2.69 5 318.68 .040
HON 2.39 4 217.9 .040
CM 2.39 2 115.32 .040
NXPI 2.35 4 216.69 .040
ESTC 1.65 4 163.58 .040
WGO 1.39 2 68.46 .040
OLLI 1.29 2 64.22 .040
ALLO 1.04 1 25.74 .040
ATHM .86 2 42.74 .040
MU .79 4 75.18 .040
RF .86 1 21.76 .039
BEKE .69 1 17.62 .039
VTGN .04 3 2.87 .039
AMKR 1.03 1 27.04 .038
MO .93 2 48.74 .038
MFGP .11 2 5.64 .038
ON 1.84 1 49.48 .037
FCBP 1.08 1 29.1 .037
SANA .82 1 21.84 .037
ERJ .66 1 17.42 .037
GMTX .17 1 4.51 .037
SLHG .10 1 2.7 .037
PLD 2.38 2 126.19 .036
MCD 2.26 4 248.11 .036
V 2.19 4 229.6 .036
QDEL 1.84 3 141.6 .036
SCHW 1.41 2 77.38 .036
TGT 1.11 9 238.58 .036
EGRX 1.01 2 54.88 .036
KNL .92 1 25.04 .036
APG .76 1 21.03 .036
ACH .67 1 18.49 .036
LZB .64 2 35.08 .036
XOM .40 6 59.3 .036
HRL .39 4 40.94 .036
ALAC .21 2 11.3012 .036
TEO .18 1 4.94 .036
ET .18 2 9.63 .036
ME .16 2 8.72 .036
BLFS 1.55 1 44.21 .035
SLB 1.08 1 30.19 .035
SRNG .41 1 11.42 .035
SPWH .61 1 17.86 .034
HNST .37 1 10.82 .034
VIEW .21 1 6.1 .034
AXP 2.00 3 176.77 .033
FENC .31 1 9.35 .033
BKNG 10.17 8 2476.52 .032
AZO 6.83 8 1691.33 .032
LAD 3.10 4 351.88 .032
J 2.31 2 138.27 .032
SPG 2.16 2 134.15 .032
COIN 2.04 4 232.24 .032
BLDR 1.77 1 54.9 .032
LITE 1.46 2 85.99 .032
RCUS 1.22 1 37.68 .032
TGTX 1.11 1 34.52 .032
ABBV .93 4 107.72 .032
FOE .67 1 20.39 .032
HNP .33 2 20.62 .032
D .31 8 73.81 .032
CHGG 2.22 1 72.1 .030
INCY 2.13 1 69.26 .030
OKE 1.82 1 58.9 .030
COF 1.82 3 169.76 .030
HRI 1.71 3 163.1 .030
UAL 1.50 1 49.08 .030
KHC 1.11 1 36.84 .030
CRM 1.02 10 279.68 .030
PLCE .92 3 85.44 .030
NOK .09 2 5.63 .030
BP .79 1 27.08 .029
LII 2.41 4 308.23 .028
DD 1.98 1 70.11 .028
AKAM 1.62 2 109.02 .028
MQ .74 1 26.01 .028
LEN .73 4 99.5 .028
DRN .32 2 22.5 .028
MOMO .16 2 10.95 .028
GOOG 4.33 27 2830.02 .027
SNA 2.13 3 216.89 .027
STE 2.09 3 215.02 .027
STZ 1.94 3 211.67 .027
UTHR 1.84 3 195.28 .027
ALXN 1.66 3 182.5 .027
CROX 1.41 3 153.59 .027
GRUB .15 3 15.35 .027
WM 2.10 2 152.05 .026
MPC 1.66 1 63.09 .026
GM 1.42 1 53.24 .026
VZ .73 2 54.47 .026
CTKB .66 1 25.09 .026
TRIL .47 1 17.73 .026
ADBE 3.54 5 603.65 .025
RTX 2.23 1 87.34 .025
KYMR 1.63 1 63.59 .025
GIS 1.53 1 59.65 .025
AAP 1.93 3 218.46 .024
NEE 1.91 1 78.76 .024
DG 1.89 3 216.76 .024
PEP 1.88 2 152.72 .024
EA 1.67 2 131.98 .024
CNC 1.57 1 63.83 .024
HHR 1.26 1 51.07 .024
B 1.08 1 43.74 .024
CRTO .90 1 36.05 .024
GLD .71 6 163.64 .024
PCVX .65 1 26.18 .024
CL .61 3 76.01 .024
ACHV .23 1 9.45 .024
PFE .21 6 43.57 .024
VSH .18 3 21.03 .024
ATKR 2.27 1 99.91 .022
TSM 1.36 2 116.15 .022
RY 1.12 2 101.35 .022
BIG .59 2 49.54 .022
PKI 1.33 3 176.55 .021
CLX 1.16 3 164.87 .021
BLK 5.03 4 875.47 .020
SIVB 3.90 4 674.41 .020
ANTM 2.14 4 388.48 .020
IYC 1.62 1 79.94 .020
NUAN 1.13 1 55.12 .020
BEST .02 2 1.86 .020
AIT 1.83 1 91.96 .019
CNA .83 1 42.83 .019
STMP 2.14 3 329.3 .018
UHAL 1.98 9 664.59 .018
DUK 1.84 1 97.63 .018
JNJ 1.48 2 163.17 .018
FAST 1.02 1 53.98 .018
IRBO .83 1 44.13 .018
MRK .72 2 73.36 .018
AMOM .66 1 36.37 .018
GPK .37 1 19.72 .018
SELF .09 1 5.1 .017
LANC 1.43 2 171.03 .016
HRC .84 3 149.29 .015
PSTX .12 1 7.61 .015
FRBK .05 1 3.13 .015
PAYX 1.56 1 108.77 .014
TNET 1.38 1 95.55 .014
PNRG .79 1 56.2 .014
CHNG .15 2 21.31 .014
PBT .04 2 5.45 .014
CAI .78 1 55.86 .013
PYPL .31 13 273.39 .013
INTU 2.18 4 567.01 .012
HCA 1.27 3 255.55 .012
RACE .92 3 216.55 .012
GE .40 4 105.35 .012
KMX 1.64 1 145.24 .011
INOV .46 1 40.4 .011
ESXB .13 1 10.92 .011
KEYS 1.04 2 176.83 .010
PYPL .80 5 273.39 .010
XLV .71 2 130.1 .010
ECHO .49 1 48 .010
PPC .17 2 28.85 .010
SVBI .13 1 12.49 .010
GTS .33 1 34.99 .009
IEC .14 1 15.33 .009
TDG 1.87 4 648.82 .008
MSTR .94 8 594.75 .008
XLP .63 1 70.3 .008
HFBL .16 1 18.52 .008
LMRK .13 1 16.48 .007
SYKE .14 3 54 .006
ITRN .07 3 25.86 .006
PSP .06 2 15.45 .006
VOOV .73 1 145.17 .005
CLDR .08 1 15.9 .005
SAFM .85 1 187.47 .004
RAVN .16 2 57.64 .004
KIN .02 2 9.25 .004
IACB .02 2 9.92 .004
SPY 1.31 1 442.64 .002
CXP .04 1 19.02 .002
VCAR .03 1 11.8918 .002
SIC .03 1 14.4 .002
NWHM .02 1 8.99 .002
DSE .02 1 9.49 .002
SLVO .01 2 5.15 .002
ULTA .62 1 381.13 .001
DFP .03 1 28.765 .001
PMD .01 1 8.32 .001
SHOP .67 5 1443.81 0
XLK .10 3 155.19 0
WYNN .06 3 85.38 0
MSTR .06 118 594.75 0
ULTA .05 12 381.13 0
WYNN .04 4 85.38 0
SHOP .03 88 1443.81 0
BLNK .02 11 29.93 0
XPDI .01 3 10.04 0
INFL .01 2 30.14 0
WMPN 0 4 12.21 0
GSKY 0 1 11.7 0
RTLR -.01 7 11.75 0
EIC -.08 1 17.56 -.004
NSYS -.12 1 12.09 -.009
