EJH 5.21 6 2.39 13.074
LAIX 1.72 4 0.87 7.908
SCPS 3.34 7 3.25 7.189
EEIQ 4.33 5 3.88 5.575
AACG 2.14 5 2.05 5.215
NVOS 1.65 5 1.59 5.185
CPOP 2.34 5 2.71 4.315
NRXP 3.30 7 5.41 4.263
AUVI 2.56 8 5.09 4.016
DPW 1.56 5 1.95 4.000
VRPX 1.77 9 4 3.978
NEGG 3.07 20 18 3.400
VVOS 1.68 6 3.13 3.216
EYES 1.22 6 2.34 3.126
JAN 3.24 5 5.21 3.105
JZXN 1.63 4 2.25 2.896
HX 1.40 6 3.17 2.646
JG 1.30 3 1.56 2.499
KOSS 5.35 7 15.39 2.429
SIEB 1.53 5 3.2 2.390
CEMI .60 8 2.02 2.376
AAME 1.97 5 4.22 2.330
NURO 1.47 11 6.96 2.321
NAOV .27 11 1.29 2.299
FCEL .18 130 10.24 2.210
TYME .45 4 0.8336 2.156
INDP 2.52 5 5.93 2.120
AGRI .95 5 2.26 2.100
BSQR .35 13 2.22 2.041
IRNT 3.02 6 10.47 1.728
SGOC 1.19 9 6.2 1.719
CARV 3.92 6 13.73 1.710
RMED .72 6 2.52 1.710
MRIN 2.01 5 5.89 1.705
SPCE 1.26 24 17.91 1.680
OCGN 1.04 12 7.65 1.620
SAVA 2.72 28 47.07 1.596
AMC 1.21 57 42.13 1.596
AREC .62 5 1.98 1.565
DWAC 30.01 3 58.5 1.536
BBIG .30 20 3.97 1.500
GRTS 2.64 6 10.89 1.452
CSCW .39 2 0.5431 1.436
ANPC 1.24 2 1.78 1.392
BTBT 1.45 10 10.54 1.370
SPRT .81 20 11.8 1.360
LMNL .65 3 1.44 1.353
NMRD 1.66 4 4.99 1.328
MARK .46 4 1.42 1.292
WAVE 1.72 5 6.65 1.290
BIDU 1.78 117 154.36 1.287
PHUN .40 12 3.76 1.272
AUUD .41 7 2.26 1.267
TAOP 1.35 3 3.2 1.263
PMCB 1.11 3 2.7 1.233
ANY .39 18 5.7 1.224
RNXT 1.96 4 6.43 1.216
BNTC 1.24 3 3.16 1.176
SSY .91 3 2.33 1.170
DLPN 2.14 5 9.18 1.165
EVK .60 6 3.09 1.164
GME 2.99 82 210 1.148
PRFX .77 3 2.03 1.137
WORX .44 4 1.55 1.132
SNAP .57 113 53.47 1.130
ALYA .77 4 2.73 1.128
PBTS 1.24 1 1.11 1.117
CTIB .40 5 1.79 1.115
SNOA 1.51 4 5.44 1.108
JCS 1.40 3 3.81 1.101
ACRS 2.12 7 13.48 1.099
ADGI 3.21 7 20.55 1.092
ERYP .89 3 2.45 1.089
NCTY 2.63 5 12.31 1.065
MOXC 1.33 4 5.04 1.052
HGSH 1.16 2 2.23 1.040
WAFU 1.50 4 5.86 1.020
SYPR .80 4 3.13 1.020
BLIN .41 8 3.25 1.008
TPST 2.19 5 11.06 .990
FTEK .69 3 2.09 .990
NIO .54 76 39.67 .988
CETX 1.20 1 1.22 .983
NVFY .73 3 2.247 .972
IGC .49 3 1.52 .966
MTSL 1.08 3 3.37 .960
YJ .40 2 0.833 .960
CRTD .39 7 2.87 .945
UPC .73 3 2.34 .933
RIDE .68 7 5.12 .924
PALI .71 3 2.32 .918
BNGO .36 12 4.72 .912
HOFV .98 2 2.15 .910
PTIX .84 2 1.86 .902
SOS .61 2 1.36 .896
GRTX .50 3 1.69 .885
LHDX 1.58 4 7.19 .876
WHLM 1.20 4 5.4799 .872
FULC 2.54 6 17.44 .870
BB .84 11 10.63 .869
PPSI 1.31 5 7.75 .845
LODE .56 3 2.02 .831
CNET 1.11 1 1.35 .822
DYNT .22 5 1.34 .820
ANVS 3.73 6 28.23 .792
SPCB .32 2 0.8084 .790
CANF 1.04 1 1.32 .787
CHCI 1.54 3 5.86 .786
IDEX .36 4 1.87 .768
HCWB 1.14 2 3 .760
OSAT 1.21 3 4.81 .753
IMPL 1.70 5 11.3 .750
XPEV .46 83 48.3 .747
NBRV .76 1 1.02 .745
SJ 1.24 4 6.66 .744
EYEG 1.45 1 1.95 .743
ATNF .90 3 3.65 .738
TERN 1.53 4 8.39 .728
STAF .58 2 1.59 .728
CBAT .50 3 2.11 .708
MBRX .81 2 2.29 .706
VTNR .37 9 4.72 .702
VERY 1.39 4 8 .692
NVAX 10.57 12 183.99 .684
MEDS .53 5 3.87 .680
ACIU 1.91 2 5.64 .676
MVIS 1.17 5 8.62 .675
DBGI .42 5 3.18 .660
WEI .57 1 0.87 .655
MNOV 1.12 2 3.43 .652
ASM .69 1 1.06 .650
KALV 1.44 8 17.63 .648
HOOD 1.41 14 30.53 .644
XTLB 1.09 2 3.43 .634
EBET 3.45 6 32.79 .630
HTBX 1.46 2 4.7 .620
FLGC .46 5 3.69 .620
VYGR 1.06 2 3.42 .618
BBBY .96 15 22.9 .615
IPHA .78 4 5.08 .612
AQMS .39 3 1.94 .603
HGEN 1.21 3 6.05 .600
EVOL .74 2 2.46 .600
LIZI .40 4 2.68 .596
OPAD 1.25 4 8.43 .592
GFAI .51 2 1.7467 .582
GOVX .36 7 4.31 .581
ORPH .57 4 3.91 .580
DTST .84 3 4.35 .579
NRBO .49 2 1.69 .578
WBX 8.99 1 15.56 .577
TIGR .50 8 6.86 .576
AVXL 2.41 5 20.94 .575
ZKIN .71 2 2.49 .570
LGHL .30 4 2.1 .568
OPTT 1.10 1 1.94 .567
GTEC 1.57 2 5.54 .566
RFL .71 5 6.28 .565
EXPR .47 5 4.15 .565
ALEC 2.10 6 22.22 .564
WINT .31 3 1.68 .552
OBLN .56 3 3.05 .549
COHN 1.95 5 17.79 .545
ATXI .74 1 1.36 .544
ZEV 1.17 4 8.65 .540
ZCMD 1.01 1 1.89 .534
MOHO .11 3 0.6179 .534
LEDS 1.24 3 7.03 .528
VERB .12 8 1.8 .528
KNBE 1.80 7 24.25 .518
RSLS .27 4 2.1 .512
HUSN .29 4 2.28 .508
RCON .51 2 2.01 .506
LWAC 1.73 5 16.98 .505
SCKT .74 4 5.85 .504
BCRX .68 9 12.01 .504
KXIN .17 6 2.01 .504
ALF 1.08 2 4.29 .502
JFU .22 3 1.34 .492
SPI .89 4 7.25 .488
PENN 2.65 10 54.96 .480
GROM .76 2 3.18 .476
AMBO .61 1 1.28 .476
XELB .34 2 1.43 .474
ENVB .27 3 1.71 .471
TSLA 3.39 155 1089.01 .465
NVDA 1.10 155 292.61 .465
GALT .44 3 2.83 .465
ACOR .41 4 3.51 .464
APRE .69 3 4.47 .462
AYRO .60 2 2.59 .462
DTSS .87 1 1.89 .460
OLB .77 3 5.09 .453
WHLR .54 2 2.4 .450
GEG .90 1 2.01 .447
GRVI .74 3 4.96 .447
CRIS 1.20 2 5.4 .444
UONE .37 7 5.85 .441
GLSI 3.27 5 36.92 .440
MINM .32 2 1.46 .438
WPRT .58 2 2.66 .436
ENSC .72 1 1.66 .433
ENTX .77 2 3.55 .432
BPTH .95 2 4.4 .430
ATOS .21 5 2.44 .430
CHNR .12 4 1.12 .428
PIRS .23 7 3.71 .427
ENOB 1.18 4 11.08 .424
APTO .28 4 2.62 .424
NNOX 1.69 5 20.01 .420
ONCS .68 1 1.62 .419
ACY .99 19 43.52 .418
UAVS .36 3 2.58 .417
GNLN .36 2 1.73 .416
LEXX .84 3 6.08 .414
XELA .09 7 1.51 .413
TQQQ .56 137 174.19 .411
DYAI .51 3 3.76 .405
MVST .61 6 9.02 .402
MARA 1.03 20 50.95 .400
OTLK .38 2 1.9 .400
ADMP .36 1 0.905 .397
ENG .30 3 2.26 .396
TRCH .98 2 4.95 .394
AVIR 1.14 3 8.69 .393
BABA .78 98 161.58 .392
BTCM .72 4 7.31 .392
SGBX .32 3 2.45 .390
SLS .69 4 7.07 .388
OBSV .18 5 2.32 .385
LIFE 1.09 3 8.48 .384
IPA 1.04 2 5.48 .378
AVGR .04 7 0.73 .378
DWSN .44 2 2.33 .376
NKLA .31 15 12.39 .375
MRNA 2.92 34 251.41 .374
ZG 3.78 6 60.12 .372
NTRB 1.15 2 6.16 .372
WATT .32 2 1.72 .372
PME .26 1 0.7 .371
KMPH 1.03 3 8.35 .369
RHE 1.27 2 6.88 .368
WISH .58 3 4.77 .363
PSTV .60 1 1.66 .361
FGEN 1.47 3 12.25 .360
ADMA .54 1 1.5 .360
OXBR .30 5 4.11 .360
WNW 1.34 1 3.73 .359
UFAB .46 2 2.59 .354
IFRX .61 3 5.22 .348
HAPP .30 1 0.861 .348
MTP .56 1 1.61 .347
SDC .64 2 3.69 .346
MRAM 2.30 2 13.34 .344
DQ 3.36 7 68.15 .343
RAPT 1.77 7 35.84 .343
SLGG .64 2 3.73 .342
BKKT 2.95 2 17.33 .340
MQ 1.18 7 24.18 .336
BODY .47 2 2.83 .332
BILI 1.28 22 81.03 .330
BGFV .97 10 28.69 .330
BON .62 3 5.6 .330
CERE 1.78 7 37.14 .329
LYEL 1.21 3 11.1 .327
ARPO .72 1 2.2 .327
ARAV 1.21 1 3.71 .326
IMNM 1.42 4 17.42 .324
DDD .70 12 25.61 .324
AVCT .60 1 1.86 .322
IMMP .18 7 3.89 .322
GRU 1.51 1 4.7 .321
IMTX .98 4 12.25 .320
EYPT 5.86 1 18.4 .318
APOP .84 5 13.17 .315
GPN 3.54 11 125.51 .308
BBLG 1.14 1 3.69 .308
ENZ .54 2 3.5 .308
GSM .27 7 6.03 .308
GDEV .87 3 8.5 .306
OSMT .13 4 1.71 .304
XBIO .06 8 1.55 .304
JRJC .67 3 6.59 .303
TATT .65 3 6.47 .300
GEVO .49 4 6.47 .300
KBSF .46 2 3.05 .300
BTX 1.13 2 7.56 .298
DOCS 2.62 8 69.52 .296
RLMD 1.57 4 21.06 .296
TRIT .34 5 5.71 .295
APPS 3.13 6 62.83 .294
OCUP 1.04 1 3.53 .294
GMBL .88 2 6.13 .286
CLF .57 11 21.48 .286
LAZR 1.16 5 20.16 .285
VBLT .21 3 2.21 .285
LJPC .62 2 4.36 .284
NEXT .29 4 4.08 .284
SBEA 1.45 2 10.25 .282
IMMR .33 6 7.02 .282
LMFA .35 5 6.25 .280
MITO .28 1 1 .280
BYSI 1.25 3 13.32 .279
VOXX 1.16 3 12.46 .279
CCXI 3.66 3 39.52 .276
NNDM .48 3 5.18 .276
NNVC .44 3 4.76 .276
CTSO .42 4 6.07 .276
INFI .16 4 2.31 .276
BHTG .33 1 1.2 .275
ALTO .29 5 5.24 .275
DARE .47 1 1.72 .273
ADIL .45 2 3.3 .272
MTL .11 10 3.97 .270
RKDA .49 1 1.82 .269
TEDU .09 2 0.6716 .268
CRDF 1.40 1 5.23 .267
SPLK 5.99 6 136.06 .264
EOSE 1.39 2 10.51 .264
ALDX 1.09 2 8.25 .264
MRKR .36 1 1.36 .264
VIVE .26 2 1.96 .264
PLG .24 3 2.75 .261
BNTX 3.78 20 274.06 .260
CMMB 1.24 2 9.63 .256
NEPT .07 2 0.5451 .256
PRPL .68 5 13.15 .255
BRLT 2.17 2 17.07 .254
KODK .86 2 6.75 .254
DBVT .07 11 3.03 .253
QFIN .77 9 26.83 .252
VLDR .76 2 6.05 .250
ONCT .45 2 3.59 .250
ZY .78 3 9.29 .249
IGIC .70 3 8.42 .249
STG 1.13 1 4.55 .248
SALM .20 4 3.18 .248
TELL .12 8 3.79 .248
FIGS 1.33 6 32.25 .246
SOFI .73 7 20.57 .245
SKLZ .67 4 10.88 .244
KURA 1.39 3 17.22 .240
BNR 1.30 3 16.16 .240
FCX .41 24 38.87 .240
PBR .31 8 10.04 .240
RETO .66 1 2.77 .238
OCX .70 1 2.95 .237
MDIA .50 3 6.29 .237
ZLAB 3.42 6 86.01 .234
SQBG .73 2 6.24 .232
CLSD .35 3 4.49 .231
NVCR 2.63 10 113.32 .230
EVGO .61 6 15.7 .228
WIMI .27 4 4.69 .228
HUGE .37 1 1.63 .226
CHGG 2.17 3 28.6 .225
SE 4.69 16 314.41 .224
ZM 4.40 14 263.71 .224
RAIL .24 4 4.23 .224
TSP 1.75 5 39.24 .220
AKTX .36 1 1.64 .219
EZFL .57 1 2.61 .218
DELL 1.75 7 56 .217
UPST 2.84 18 226.37 .216
ERJ .41 8 15.16 .216
AAPL .32 108 153.49 .216
FB .71 107 340.77 .214
OVID .38 2 3.53 .214
SNES .16 2 1.5 .212
AFRM 2.25 15 151.72 .210
CARA 1.57 2 14.84 .210
ATAI 1.29 2 12.2 .210
NLS .84 2 7.93 .210
W 6.80 8 258.81 .208
SNMP .11 2 1.05 .208
VNET 1.13 3 16.35 .207
MOSY .55 2 5.29 .206
RSKD 1.24 2 12.08 .204
HOL .84 3 12.35 .204
ASTR .53 4 10.23 .204
VERU .45 4 8.67 .204
VTSI .39 4 7.54 .204
TASK 1.74 7 59.17 .203
ABSI 1.25 2 12.34 .202
DLO 1.53 5 38.03 .200
EXPI 1.38 6 40.82 .198
DNUT .50 6 14.98 .198
KSS 1.63 7 56.48 .196
LOOP .74 4 14.9 .196
CHMA .37 2 3.76 .196
JFIN .36 2 3.65 .196
OCG .23 4 4.68 .196
MESO .65 2 6.65 .194
AMTX 1.20 3 18.53 .192
PLUG .92 9 41.99 .189
AEHR .18 27 23.25 .189
EDSA 1.24 1 6.58 .188
NTEC .46 4 9.63 .188
RBLX 2.21 11 124.7 .187
AMZN 8.18 93 3549 .186
GPS .75 6 23.76 .186
ORGS .70 1 3.76 .186
CLPS .57 1 3.0591 .186
CLPS .57 1 3.0591 .186
EVGN .43 1 2.3 .186
ME .34 6 10.81 .186
CELC 1.05 3 17.05 .183
OCG .07 13 4.68 .182
AZYO 1.08 1 5.98 .180
STEM .68 6 22.07 .180
M .50 11 30.84 .176
CVV .46 2 5.18 .176
CELH 1.96 7 77 .175
VIR 1.21 5 33.65 .175
CLII .84 3 14.36 .174
AXLA .26 2 2.96 .174
FENG .11 2 1.26 .174
GTT .41 1 2.36 .173
PUBM 6.66 1 38.5 .172
BLUW .83 2 9.63 .172
IMV .15 2 1.73 .172
HUYA .53 3 9.14 .171
DKS 1.82 13 135.02 .169
ENSV .20 1 1.18 .169
OSTK 2.60 7 106.67 .168
SKT 1.17 3 20.8 .168
FSTX 1.04 1 6.16 .168
DMAC .31 2 3.67 .168
MOGO .24 4 5.71 .168
RIG .09 6 3.2 .168
MDNA .05 8 2.29 .168
TWTR 1.69 5 50.61 .165
BWAY .68 2 8.25 .164
AMEH 2.04 9 112.83 .162
CGC 1.01 2 12.35 .162
DKNG .99 6 36.62 .162
IAC 3.19 7 134.8 .161
ARVN 1.91 7 81.56 .161
SQ 1.73 23 231.85 .161
PRTA 1.18 8 56.5 .160
AA .78 10 47.92 .160
CCJ .53 8 26.18 .160
CAN .43 4 10.49 .160
DUOL 7.27 3 135.04 .159
NETE 1.04 2 13.09 .158
ACHL .89 1 5.6 .158
SIF 1.16 1 7.37 .157
AESE .35 1 2.24 .156
TENX .21 1 1.34 .156
EDTK .10 2 1.28 .156
ORMP .32 14 27.25 .154
SHOP 29.01 9 1637.81 .153
DDS 6.22 9 351.92 .153
MAT 1.16 3 22.72 .153
AEY .31 1 2.02 .153
NBEV .19 1 1.24 .153
MSTR 14.75 8 753 .152
ISEE .62 4 16.18 .152
TLRY .47 4 12.34 .152
GSAT .12 2 1.56 .152
GTIM .74 1 4.89 .151
DE 5.37 10 353.52 .150
RIOT 1.02 5 33.63 .150
SOHU .47 6 18.16 .150
GENE .13 3 2.57 .150
IRDM 1.55 4 41.39 .148
VCVC 1.46 1 9.85 .148
LBPH .92 1 6.18 .148
NIU 1.17 3 23.84 .147
TAL .32 2 4.36 .146
BGI .23 2 3.12 .146
SCR 1.05 5 35.58 .145
NEWR 2.93 6 119.84 .144
FLGT 2.27 6 93.56 .144
BYND 2.00 6 80.47 .144
AAL .32 9 19.86 .144
FOSL 1.09 2 15.19 .142
SRNE .85 1 6.01 .141
BCLI .46 1 3.25 .141
KULR .17 3 3.6 .141
TOST 3.31 2 47 .140
LYFT 1.43 5 49.71 .140
LI .91 5 32.18 .140
IONQ .65 7 31 .140
ACI .48 10 34.11 .140
UWMC .39 2 5.52 .140
VIH 1.31 1 9.36 .139
FUV .77 2 11.04 .138
AUPH .69 6 29.2 .138
HNST .41 3 8.86 .138
FBRX .40 1 2.88 .138
GIII 1.11 4 32.62 .136
SSKN .22 1 1.61 .136
COTY .19 8 10.81 .136
FUBO 1.01 3 22 .135
MTTR .44 9 28.95 .135
ACB .36 3 7.89 .135
SSL .15 15 16.63 .135
BKYI .19 2 2.81 .134
SAM 9.40 7 483.24 .133
DLTR 2.57 7 131.57 .133
CIEN .44 19 61.75 .133
ASAN 1.51 12 131.6 .132
AUTL .30 3 6.74 .132
PRPO .09 3 2.01 .132
AGEN .04 12 3.53 .132
ARMP .49 1 3.75 .130
MITQ .36 1 2.75 .130
HIPO .25 2 3.83 .130
XAIR 1.97 1 15.25 .129
IRIX .25 4 7.59 .128
MRO .14 16 16.09 .128
WTER .09 2 1.39 .128
SEMR 1.48 2 23.39 .126
ZIM 1.15 6 52.8 .126
SONO .70 6 33.07 .126
AFMD .43 2 6.73 .126
CIFR .35 3 8.15 .126
THCB 1.25 1 10 .125
DAL 1.02 5 40.71 .125
NGM 1.25 2 20.1 .124
PETZ .17 4 5.4 .124
HJLI 1.27 1 10.38 .122
SCYX .41 2 6.68 .122
IKT .24 1 1.98 .121
SI 4.14 6 198.99 .120
LIVE 1.37 3 34.05 .120
TVTX 1.19 3 29.23 .120
LUV .99 6 47.4 .120
CYTK .96 5 39.27 .120
OPNT .73 4 24.03 .120
PBLA .25 1 2.07 .120
SBBP .12 2 2 .120
CALA .11 1 0.9152 .120
KR .30 17 41.4 .119
EDIT 1.47 3 36.8 .117
APP 1.46 9 105.42 .117
SHEN 1.11 3 27.85 .117
CMTL 3.13 1 26.83 .116
ALLO 1.11 2 19.02 .116
HCM .93 4 31.19 .116
PDD 2.15 5 89.77 .115
MRUS 1.10 3 28.53 .114
ENLV .49 2 8.53 .114
CPG .09 6 4.64 .114
MSFT .39 113 339.12 .113
CAT 2.86 8 201.42 .112
GH 1.57 8 105.33 .112
AMD 1.19 16 151.34 .112
PFE .72 8 51.41 .112
ATIF .43 1 3.82 .112
SBS .09 8 6.33 .112
AEI .09 2 1.6 .112
DPZ 5.62 11 531.48 .110
TESS .34 2 6.12 .110
LIVX .17 2 3.07 .110
VMW 2.23 6 123.3 .108
CLDX 1.61 3 43.82 .108
CAH 1.34 4 49.33 .108
LEGN 1.04 6 55.73 .108
CPSH .51 1 4.71 .108
TISI .17 1 1.56 .108
NXTP .14 1 1.29 .108
LAD 6.41 5 299.44 .105
RGEN 4.41 7 280 .105
GRVY 1.33 7 87.47 .105
CPE 1.27 5 57.78 .105
JWN 1.19 3 33.19 .105
NFLX .76 105 691.69 .105
CCL .45 5 21.33 .105
ORCL .36 35 95.33 .105
CRON .12 5 5.55 .105
AN 1.67 8 120.86 .104
APXT 1.27 1 12.11 .104
CRCT .70 4 25.99 .104
SSNT .34 2 6.51 .104
LTHM .25 13 29.8 .104
GT 1.16 2 22.74 .102
LAC .57 6 32.92 .102
ULBI .31 2 6.02 .102
MSGE 1.88 4 73.12 .100
VLO 1.86 4 73.45 .100
CREE 1.64 5 79.12 .100
JRVR 1.48 2 29.49 .100
VSCO 1.28 4 50.51 .100
RRGB .96 2 19.13 .100
MOS .76 5 36.39 .100
REGN 7.44 9 641.83 .099
DIS 1.86 9 157.33 .099
RMBL 1.41 3 41.62 .099
MBII .08 1 0.8052 .099
TGTX 1.35 2 27.18 .098
AEO 1.32 2 26.72 .098
LCID .76 7 52.55 .098
CLOV .28 2 5.61 .098
EQ .53 1 5.41 .097
CNC 2.42 3 75.37 .096
FISV 1.64 6 100.88 .096
SFIX 1.46 2 30.2 .096
DDL 1.22 2 25.12 .096
MAXR .83 4 33.34 .096
UBER .71 6 44.11 .096
PATI .50 2 10.4 .096
GP .49 3 15.08 .096
ANIX .38 1 3.95 .096
TJX 1.44 5 73.55 .095
RUN 1.10 5 55.14 .095
BTWN .95 1 9.99 .095
MFNC 1.02 2 21.5 .094
FFHL .44 2 9.31 .094
BQ .08 2 1.69 .094
AEMD .09 3 2.88 .093
FRD 1.28 1 13.87 .092
HOG .90 4 37.97 .092
ARCE .89 2 19.28 .092
TTCF .86 2 18.3 .092
BJ .79 7 59.97 .091
XBI 2.27 5 122.93 .090
PYPL 2.14 9 206.27 .090
BHVN 2.12 5 116.35 .090
DASH 2.11 10 229.46 .090
ACMR 1.83 5 100.76 .090
XM 1.66 2 36.72 .090
EAT 1.21 3 40.3 .090
SPTN .74 3 24.11 .090
VNE .55 6 35.63 .090
FLO .50 5 26.87 .090
EQOS .46 1 5.06 .090
CHRA .40 1 4.43 .090
LC .39 10 41.38 .090
CDEV .32 2 7.1 .090
GKOS 4.45 1 49.67 .089
DOCN 1.47 8 129 .088
ABCL 1.31 1 14.82 .088
SKX 1.09 4 47.59 .088
BAC 1.06 4 46.32 .088
FLWS .75 4 34.01 .088
UAA .78 3 26.27 .087
OVV 1.51 2 34.33 .086
RRD .16 5 9.21 .085
BIIB 3.69 6 258.38 .084
KMB 1.96 6 134.41 .084
TMUS 1.73 6 116.98 .084
JKS 1.37 4 63.09 .084
USB 1.25 4 58.65 .084
JPM 1.20 12 163.05 .084
PTGX 1.05 3 36.41 .084
PINS 1.00 4 46 .084
ON .81 7 62.4 .084
CLNE .67 1 7.92 .084
YPF .17 2 3.97 .084
ZNGA .15 4 6.96 .084
ABUS .14 2 3.29 .084
AMRS .60 1 7.24 .082
TDC 1.32 3 47.76 .081
PFGC 1.21 3 44.77 .081
EOLS .55 1 6.78 .081
MDB 5.88 8 570 .080
BIGC 4.50 1 55.87 .080
GDYN 3.03 1 37.49 .080
PKG 2.17 5 134.59 .080
MDT 1.95 5 117.83 .080
IBM 1.20 8 118.06 .080
BFLY .72 1 9 .080
HPQ .63 4 30.93 .080
CNFR .10 2 2.47 .080
YEXT .91 1 11.5 .079
RL 1.69 6 125.86 .078
JD 1.15 6 83.15 .078
INTC .70 6 50.23 .078
YMM .58 2 14.83 .078
RVI .24 2 6.07 .078
INM .14 1 1.78 .078
RCAT .10 2 2.52 .078
ROKU 2.89 7 245.11 .077
TWST 1.37 7 115.99 .077
TTD .85 11 107.5 .077
XPDI .11 11 13.98 .077
KZR 1.01 1 13.27 .076
BBY 2.06 5 132.86 .075
BCYC 1.49 3 58.39 .075
FATE 1.36 3 53.48 .075
BKE 1.30 3 51.58 .075
PTON .74 5 48.4 .075
COUR 1.32 2 35.54 .074
VMEO .85 2 22.43 .074
SIVB 7.01 8 745.26 .072
ENPH 3.10 6 254.86 .072
IWM 2.93 6 235.86 .072
V 2.00 8 205.06 .072
CTRN 1.77 4 94.31 .072
C 1.23 4 66.85 .072
SMLP 1.07 2 29.5 .072
LOGI .99 6 79.6 .072
WFC .91 4 49.84 .072
MS .82 9 97.68 .072
SJM .78 12 127.8 .072
SLB .60 4 32.06 .072
CSCO .52 8 56.76 .072
TBLA .70 1 9.85 .071
GBR .24 1 3.38 .071
EL 3.86 7 354.46 .070
SITM 2.97 7 275.69 .070
LMT 2.70 10 341.99 .070
FANG 1.53 5 107.24 .070
IMAB 1.00 5 67.58 .070
HHR .89 5 62.05 .070
VRNT .69 5 48.53 .070
STRO .65 2 18.49 .070
SBTX .57 1 8.12 .070
SILK .52 7 47.79 .070
GURE .46 1 6.48 .070
KZIA .41 2 11.47 .070
LAW 1.23 3 51.54 .069
ROST 2.08 4 116.52 .068
TSN 1.42 4 82.59 .068
CLSK 1.17 1 17.16 .068
DXC 1.11 2 32.14 .068
MYGN .98 2 28.33 .068
SLV .79 2 23.17 .068
PLTR .77 2 22.49 .068
WMT .68 17 141.94 .068
DRN .48 4 26.86 .068
UNH 3.07 11 448.95 .066
MO 1.00 3 44.42 .066
T .56 3 24.66 .066
VXX .46 3 20.52 .066
ORGO .35 2 10.54 .066
ATVI .86 5 64.2 .065
VIPS .66 1 10.03 .065
FTCH .62 5 45.11 .065
VTGN .03 5 2.2 .065
ABNB 1.72 8 204.33 .064
A 1.32 8 161.54 .064
DFH 1.18 1 18.21 .064
FL .92 4 55.59 .064
HWCC .34 1 5.3 .064
BZUN 1.12 1 17.72 .063
STX .76 9 101.25 .063
K .44 9 62.41 .063
MRTN .38 3 17.39 .063
THTX .22 1 3.48 .063
EDU .14 1 2.2 .063
THC 4.91 1 78.78 .062
XMTR 3.46 1 55.69 .062
EKSO .11 2 3.49 .062
SNPS 3.69 6 353.92 .060
WSM 2.54 5 209.95 .060
NXPI 2.38 6 220.58 .060
TTC 1.60 4 104.85 .060
ABT 1.33 6 128.62 .060
APPN 1.29 4 85.99 .060
CHKP 1.25 6 115.07 .060
COP .78 6 71.97 .060
FLXN .55 1 9.12 .060
PPBT .26 1 4.29 .060
SWN .16 2 5.21 .060
GBS .11 1 1.81 .060
IRCP .04 4 2.51 .060
FRO .04 12 7.6 .060
BZ 1.15 2 38.87 .058
LL 1.01 1 17.35 .058
CYTH .34 1 5.86 .058
CHPT .54 3 27.69 .057
DUOT .40 1 6.965 .057
DPST 3.25 1 58.03 .056
SNOW 2.91 8 398 .056
GS 2.81 8 391.55 .056
LLY 2.28 7 261.18 .056
ROLL 1.78 7 217.43 .056
TSCO 1.77 8 226.33 .056
CRNC 1.55 4 106 .056
DOMO 1.26 4 86.78 .056
AMAT 1.16 8 155.98 .056
INCY .93 4 65.02 .056
GNOG .78 1 13.7 .056
AMKR .70 2 24.83 .056
CSIQ .58 4 39 .056
GGAL .57 1 10.06 .056
AMGN 2.27 5 205.82 .055
CM 1.34 5 117.82 .055
HAS 1.13 5 100.71 .055
HRL .48 5 42.62 .055
TME .45 1 8.06 .055
ITRO .07 1 1.27 .055
SEDG 3.56 6 365 .054
MA 3.51 6 359.17 .054
LII 2.97 6 322.14 .054
KYMR 1.69 2 62.59 .054
SPT 1.25 6 131.17 .054
LPX 1.24 3 66.94 .054
FITB .82 3 44.2 .054
PDCO .62 3 33.7 .054
BEKE .61 2 22.31 .054
EQT .58 2 21.39 .054
KO .51 6 55.91 .054
SBH .38 3 20.52 .054
OEG .14 1 2.56 .054
NTAP 1.16 4 87.96 .052
SCHW 1.13 4 81.42 .052
PSTG .74 2 27.71 .052
RKT .41 2 15.59 .052
FFIE .22 2 8.44 .052
CFLT 4.09 1 79.82 .051
EVA 3.59 1 69.07 .051
TSC 1.55 1 29.88 .051
ACH .67 1 12.94 .051
SLHG .10 1 1.93 .051
ECOM 1.37 1 27.34 .050
GWRE 1.30 5 120.34 .050
UAL 1.24 2 48.74 .050
TAP 1.23 2 47.72 .050
MNSO .82 1 16.15 .050
XONE .67 2 26.7 .050
APG .62 2 24.7 .050
RSI .55 2 21.27 .050
HON 1.76 7 220.49 .049
RNG 11.84 1 243.77 .048
ASML 3.98 12 879.12 .048
ADSK 2.96 6 330.55 .048
ZS 2.89 6 356 .048
KEYS 2.52 4 194.35 .048
COF 1.87 4 151.95 .048
BURL 1.68 8 275.78 .048
YETI 1.27 4 102.7 .048
TGT 1.06 12 252.05 .048
FA .96 1 19.79 .048
PG .95 8 147.1 .048
KHC .88 2 36.56 .048
GE .86 6 100.67 .048
SWI .79 1 16.45 .048
MRK .56 8 82.6 .048
GIS .55 6 63.12 .048
EPU .48 3 29.57 .048
XLE .47 6 57.23 .048
AGNC .26 3 15.95 .048
GMTX .17 1 3.51 .048
VIEW .21 1 4.4 .047
KIRK .60 2 25.26 .046
BIOC .09 2 3.78 .046
STE 2.26 5 234 .045
COIN 2.02 9 346.52 .045
SUPN 1.50 1 32.85 .045
STT 1.48 3 96.19 .045
CVS 1.40 3 92.73 .045
LOW 1.37 9 245.73 .045
NFE 1.27 1 27.99 .045
CRMT .72 9 123.37 .045
XOM .33 9 64.31 .045
AZN .18 15 57.73 .045
U 4.31 2 191.8 .044
PKI 2.16 4 187.39 .044
XLNX 1.06 11 216.18 .044
MNST 1.05 4 89.39 .044
NPTN .67 1 15.22 .044
ARMK .42 4 38.08 .044
CAR 12.01 1 274.9 .043
LIN 2.33 6 331 .042
JBL 1.39 2 64.14 .042
WM 1.29 6 165.41 .042
MMM 1.20 7 183.34 .042
OKE .92 3 63.55 .042
MU .55 6 77.02 .042
TBIO .53 3 37.36 .042
BBWI .53 6 74.6 .042
ATHM .49 3 34.24 .042
MOMO .19 3 13.45 .042
BLNK .18 14 46.13 .042
SM 1.36 1 32.86 .041
WDAY 2.61 5 300.9 .040
CI 1.83 5 216.98 .040
DAVA 1.77 4 163.94 .040
EA 1.51 4 137.33 .040
UHS 1.30 4 127.26 .040
EGRX 1.01 2 49.96 .040
NKE .89 8 171.35 .040
OTIS .88 4 85.57 .040
TNA .83 5 101.26 .040
DD .80 4 79.52 .040
GLD .79 10 173.94 .040
WOOF .51 2 24.72 .040
BP .28 4 27.43 .040
KDMN .10 4 9.5 .040
ET .08 5 8.98 .040
SNDL .03 1 0.7452 .040
GM .87 3 64.61 .039
CUE .62 1 15.65 .039
WGO 1.39 2 72.7 .038
OLLI 1.29 2 67.28 .038
HNP .33 2 17.03 .038
HMHC .31 2 16.22 .038
VSTM .06 2 3.15 .038
FCBP 1.08 1 29.1 .037
SANA .82 1 21.87 .037
VGR .61 1 16.42 .037
ANTM 2.99 6 429.68 .036
HCA 2.20 4 243.25 .036
ESTC 1.65 4 182.21 .036
ALC 1.58 2 83.53 .036
RACE 1.31 9 266.28 .036
KNL .92 1 25.04 .036
MRVL .51 6 73.64 .036
SPWH .22 3 17.68 .036
ALAC .21 2 11.63 .036
TTM .15 9 34.94 .036
NOK .04 6 5.83 .036
LH 1.59 7 289.73 .035
ADI 1.48 5 187.04 .035
TTWO 1.26 5 174 .035
UPS 1.15 7 207.85 .035
RF .86 1 23.9 .035
ABBV .85 5 117.35 .035
LESL .77 1 21.75 .035
RY .61 7 104.63 .035
SRNG .41 1 11.42 .035
LZB .64 2 36.53 .034
AZO 6.70 11 1893.84 .033
CRM 1.06 11 308.02 .033
GRUB .15 3 13.36 .033
BKNG 10.17 8 2366.38 .032
CLX 1.52 4 169.25 .032
DEN .72 4 82.6 .032
D .31 8 75.35 .032
FOE .67 1 21.36 .031
FENC .31 1 9.75 .031
ALZN .07 1 2.2 .031
RMD 8.01 1 262.53 .030
BLK 6.24 5 931.54 .030
LITE 1.46 2 91.47 .030
DG 1.43 5 222.88 .030
AKAM 1.20 3 110.54 .030
PEP 1.13 5 163.37 .030
QCOM .67 10 183.54 .030
OXY .05 30 30.76 .030
BLFS 1.55 1 52 .029
CTKB .66 1 22.69 .029
GOOG 3.73 28 2981.24 .028
PWR 3.42 1 118.5 .028
ADBE 3.16 7 670.67 .028
AAP 1.82 4 231.92 .028
RCUS 1.22 1 43.54 .028
BLDR 1.03 2 69.25 .028
HD .85 14 394.85 .028
VZ .73 2 51.73 .028
ANF .67 2 45.33 .028
FLOW .63 4 80.13 .028
CL .61 4 77.58 .028
ACHV .11 2 7.84 .028
TEO .08 2 5.37 .028
TRI 1.16 3 120.48 .027
MPC .62 3 62.7 .027
RTX 1.21 2 87.45 .026
HOLI .44 1 16.74 .026
AXP 1.02 5 176.21 .025
PCVX .65 1 25.01 .025
LEN .59 5 110.38 .025
DUK .57 5 98.99 .025
TRIL .47 1 18.44 .025
COST 1.90 8 529.37 .024
ATKR 1.43 2 111.6 .024
SNA 1.40 4 215.76 .024
ALXN 1.24 4 182.5 .024
J 1.23 3 145.41 .024
INMD 1.16 2 94.15 .024
PLD 1.05 4 150.38 .024
MCD .98 8 252.69 .024
AZPN .96 4 150.87 .024
QDEL .95 4 149.02 .024
CROX .88 6 176.98 .024
BIG .59 2 48.34 .024
FAST .39 4 61.23 .024
XLP .34 6 72.57 .024
VSH .18 3 21.56 .024
GSKY .15 2 11.59 .024
BEST .01 3 1.15 .024
B 1.08 1 45.21 .023
OLN 1.34 1 63.4 .021
JNJ 1.21 3 163.28 .021
CRTO .90 1 41.53 .021
IYC .68 3 86.08 .021
UNIT .11 3 13.98 .021
INTU 2.61 5 635.06 .020
SPB 2.21 1 105.76 .020
NUAN 1.13 1 55.33 .020
HRI .96 4 187.87 .020
NEE .95 2 87.78 .020
MFGP .03 4 5.41 .020
UHAL 1.98 9 748 .018
CNA .83 1 44.69 .018
SPG .58 6 167.49 .018
XLV .44 6 133.73 .018
IRBO .83 1 46.19 .017
AMOM .66 1 38.0401 .017
STMP 1.59 4 329.61 .016
LANC 1.43 2 161.43 .016
KMX 1.24 2 147.3 .016
STZ 1.17 4 237.01 .016
AIT .91 2 105.2 .016
UTHR .86 4 199.41 .016
PSTX .12 1 7.11 .016
CSPR .11 1 6.65 .016
SELF .09 1 5.5 .016
XLK .67 5 168.39 .015
PAYX .94 2 125.85 .014
CHNG .15 2 20.68 .014
ADMS .06 2 8.17 .014
FRBK .05 1 3.45 .014
XLY 2.79 1 208.15 .013
AXON 2.25 1 172.89 .013
CAI .78 1 55.96 .013
MGTX .27 1 19.87 .013
TNET 1.38 1 107.03 .012
TSM .54 3 119.06 .012
HRC .42 6 156.18 .012
PNRG .79 1 67.071 .011
ECHO .49 1 48.24 .010
INOV .22 2 40.84 .010
PPC .17 2 28.74 .010
ESXB .13 1 12.02 .010
GTS .33 1 35.6 .009
IEC .14 1 15.34 .009
SVBI .13 1 13.63 .009
SLVO .02 3 5.54 .009
TDG 1.87 4 658.93 .008
STN .48 1 56.51 .008
PLCE .27 4 104.55 .008
HFBL .16 1 20 .008
LMRK .13 1 16.22 .008
PBT .04 2 8.37 .008
ROG 1.67 1 269.94 .006
SYKE .14 3 54 .006
ITRN .07 3 27.75 .006
PSP .04 3 16.6 .006
CLDR .08 1 15.99 .005
SAFM .85 1 187 .004
VOOV .73 1 148.5 .004
CONE .44 1 89.34 .004
TAAG .09 1 20.9494 .004
CPLG .07 1 15.52 .004
KIN .02 2 9.25 .004
RAVN .10 3 57.84 .003
IACB .01 3 9.97 .003
SPY 1.31 1 468.14 .002
CXP .04 1 19.17 .002
SIC .03 1 14.49 .002
NWHM .02 1 8.99 .002
EIC .02 2 17.92 .002
DSE .02 1 9.49 .002
ULTA .62 1 405.65 .001
VCAR .03 1 16.69 .001
PMD .01 1 8.79 .001
WYNN .06 3 95 0
ULTA .05 12 405.65 0
WYNN .04 4 95 0
VALN .03 1 47.53 0
RTLR .01 8 11 0
INFL .01 2 31.54 0
HDGE .01 1 24.23 0
DFP .01 2 28.68 0
WMPN 0 4 12.17 0
QQC 0 1 33.87 0
QADB 0 4 87.54 0
PAE 0 1 9.93 0
ONON 0 1 51.42 0
NLSP 0 1 2.09 0
LHAA 0 1 9.775 0
IS 0 1 9.96 0
HWBK 0 1 25.44 0
GPK 0 2 21.19 0
EPAY 0 1 46.72 0
DVD 0 1 3.59 0
APWC 0 1 2.99 0
NSYS -.12 1 9.8653 -.012
