SHOP 16.27 6 1357.22 .066
NVAX 13.77 9 163.22 .756
BKNG 10.17 8 2464.7 .032
SAM 9.40 7 525.19 .119
AMZN 8.18 93 3247.33 .186
REGN 7.44 9 544.44 .117
W 7.31 7 234.27 .217
DUOL 7.27 3 170.74 .126
SIVB 7.01 8 683.89 .080
AZO 6.70 11 1677.29 .033
LAD 6.41 5 330 .095
BLK 6.24 5 836.19 .035
DDS 6.22 9 201.02 .270
MDB 5.88 8 470.94 .096
DPZ 5.62 11 480.05 .121
KOSS 5.35 7 19.18 1.946
EJH 5.21 6 2.49 12.552
SE 5.17 14 324.9 .210
BNTX 5.17 14 243.77 .294
DE 4.88 8 330.6 .112
SI 4.86 4 160.1 .120
AFRM 4.66 9 140.67 .297
RGEN 4.41 7 251.03 .119
ZM 4.40 14 255.49 .238
EEIQ 4.33 5 4.18 5.175
TSLA 4.22 146 805.72 .730
FLGT 4.22 5 82.1 .255
SPLK 4.15 5 155.66 .130
UPST 4.14 14 333.05 .168
ASML 4.13 11 725.05 .055
ADBE 4.10 6 580.69 .042
BIIB 4.00 5 285.26 .070
NVCR 3.93 9 110.88 .315
CARV 3.92 6 17.06 1.374
SEDG 3.89 5 298.41 .065
ENPH 3.89 5 169.84 .110
NRXP 3.86 6 10.92 2.118
ZS 3.84 5 277.72 .065
MRNA 3.78 30 311.13 .360
GOOG 3.73 28 2734.26 .028
ANVS 3.73 6 27.13 .822
SNPS 3.69 6 292.04 .072
CCXI 3.66 3 36 .303
UNH 3.56 10 403.24 .080
IRNT 3.52 5 11.57 1.520
EBET 3.45 6 22.92 .900
GPN 3.44 10 150.99 .220
ZLAB 3.42 6 99.53 .204
SITM 3.41 5 209.36 .080
DQ 3.36 7 65.66 .357
SCPS 3.34 7 4.05 5.768
GLSI 3.27 5 38.93 .415
JAN 3.24 5 6.04 2.680
ADGI 3.21 7 34.95 .637
IAC 3.19 7 141.16 .154
ZG 3.17 5 91.91 .170
COST 3.15 6 446.87 .042
GRTS 3.14 5 9.2 1.705
CAT 3.14 5 189.92 .080
ROKU 3.09 5 320 .045
NEGG 3.07 20 14.38 4.260
DOCS 3.04 6 75.25 .240
SAVA 3.02 26 51.88 1.508
GME 2.99 82 175.82 1.394
ANTM 2.99 6 377.49 .042
LII 2.97 6 297.76 .054
MA 2.96 5 345.34 .040
ADSK 2.96 6 275.91 .060
IWM 2.93 6 221.52 .078
SNOW 2.91 8 312.94 .072
DLTR 2.90 5 98.1 .145
DASH 2.82 7 199 .098
GS 2.81 8 391.2 .056
RBLX 2.77 5 74.35 .185
CELH 2.77 5 97.22 .140
LLY 2.73 6 232.78 .066
NCTY 2.63 5 10.94 1.200
WDAY 2.61 5 257.19 .050
INTU 2.61 5 527.05 .020
AUVI 2.56 8 5.44 3.760
WSM 2.54 5 172.95 .070
FULC 2.54 6 28.44 .534
KEYS 2.52 4 161.31 .060
INDP 2.52 5 7.55 1.665
AVXL 2.41 5 17.84 .675
CPOP 2.34 5 3 3.900
LIN 2.33 6 295.81 .042
VMW 2.32 5 146.56 .075
NXPI 2.32 5 183.19 .060
PYPL 2.31 6 255.85 .054
XLNX 2.27 6 155.91 .084
XBI 2.27 5 124.61 .090
V 2.27 5 224.05 .050
AMGN 2.27 5 201.89 .055
OSTK 2.20 6 76.92 .168
EA 2.20 3 136.67 .048
TPST 2.19 5 15.15 .720
PKG 2.17 5 139.53 .075
PDD 2.15 5 93.52 .110
DLPN 2.14 5 13.09 .815
AACG 2.14 5 2.39 4.475
DIS 2.12 7 173.13 .084
ACRS 2.12 7 17.25 .854
EL 2.10 6 309.08 .036
ALEC 2.10 6 23.93 .522
TSCO 2.08 7 197.29 .070
ROST 2.08 4 108.14 .076
TTD 2.07 6 72.75 .168
KNBE 2.06 5 22 .465
BBY 2.06 5 112.66 .090
TASK 2.03 6 56.45 .210
DG 2.03 4 208.26 .036
HON 2.02 5 214.33 .045
MRIN 2.01 5 7.36 1.365
APPS 1.99 4 82.5 .096
UHAL 1.98 9 696 .018
AAME 1.97 5 4.38 2.245
SPT 1.96 5 114.79 .085
RL 1.95 5 115.06 .080
MDT 1.95 5 122.93 .075
LMT 1.95 9 358.12 .045
COHN 1.95 5 19.8688 .490
DKS 1.91 9 114.68 .144
ARVN 1.91 7 83.81 .154
MSGE 1.88 4 68.75 .108
KMB 1.88 4 132.58 .056
TDG 1.87 4 631.23 .008
COF 1.87 4 167.65 .044
VLO 1.86 4 78.92 .092
HOOD 1.85 12 40.53 .540
COIN 1.85 5 249.33 .035
LOW 1.83 7 209.8 .056
CI 1.83 5 202.1 .045
ACMR 1.83 5 104 .085
AAP 1.82 4 212.01 .032
LEGN 1.79 4 56.91 .124
TMUS 1.78 5 116.28 .075
ROLL 1.78 7 216.39 .056
CERE 1.78 7 32.23 .385
BIDU 1.78 117 159.47 1.287
VRPX 1.77 9 4.7 3.384
RAPT 1.77 7 32.3 .378
DAVA 1.77 4 148.41 .044
CTRN 1.77 4 73.78 .092
TSP 1.75 5 37.92 .230
DELL 1.74 6 103.75 .096
BHVN 1.74 4 134.19 .048
SQ 1.73 23 237.41 .161
LWAC 1.73 5 16.98 .505
WAVE 1.72 5 7.44 1.155
UPS 1.72 6 181.99 .054
LAIX 1.72 4 0.8714 7.892
IMPL 1.70 5 10.135 .835
CM 1.70 4 116.64 .056
NURO 1.69 10 9.67 1.740
NNOX 1.69 5 22.37 .375
KYMR 1.69 2 52.93 .062
BURL 1.68 8 267.63 .048
NMRD 1.66 4 5.85 1.132
NVOS 1.65 5 1.7801 4.630
ESTC 1.65 4 162.57 .040
CREE 1.64 5 79.12 .100
A 1.64 7 147.95 .077
KSS 1.63 7 44.89 .252
JZXN 1.63 4 2.08 3.132
MCD 1.62 6 244.52 .036
CLDX 1.61 3 46.88 .102
TTC 1.60 4 93.62 .068
STMP 1.59 4 329.61 .016
LH 1.59 7 273.98 .035
AXP 1.59 4 174.91 .036
LHDX 1.58 4 5.79 1.088
FISV 1.58 5 104.3 .075
ABNB 1.58 6 172.75 .054
RLMD 1.57 4 25.43 .244
LYFT 1.57 4 52.55 .116
GTEC 1.57 2 6.19 .506
GH 1.57 8 103.57 .120
CNC 1.57 1 63.04 .024
CARA 1.57 2 13.74 .228
PAYX 1.56 1 117.33 .013
DPW 1.56 5 2.27 3.435
IRDM 1.55 4 37.95 .160
CRNC 1.55 4 87.59 .068
BLFS 1.55 1 38.45 .040
FUV 1.54 1 10.89 .141
CHCI 1.54 3 4.57 1.008
TERN 1.53 4 10.69 .572
SIEB 1.53 5 3.21 2.380
FANG 1.53 5 110 .065
DLO 1.53 5 53.64 .140
TWTR 1.52 3 61.45 .072
OVV 1.51 2 38 .078
MVIS 1.51 4 9.52 .632
IBM 1.51 5 140.47 .050
WAFU 1.50 4 6.2 .964
UAL 1.50 1 49.67 .030
SUPN 1.50 1 30.02 .049
ZEV 1.49 3 8.21 .543
BCYC 1.49 3 54.51 .081
STT 1.48 3 90.63 .048
SGOC 1.48 8 5.95 1.984
SEMR 1.48 2 22.05 .134
JRVR 1.48 2 38.89 .076
JNJ 1.48 2 157.69 .018
ISEE 1.48 2 16.04 .184
ADI 1.48 5 164.02 .045
FGEN 1.47 3 10.62 .414
EDIT 1.47 3 37.53 .117
VCVC 1.46 1 9.85 .148
SFIX 1.46 2 33.8 .086
LITE 1.46 2 84.62 .034
HTBX 1.46 2 5.81 .502
BYND 1.46 4 106.96 .052
PINS 1.45 3 52.52 .081
EYEG 1.45 1 1.97 .736
EVOL 1.45 1 2.13 .680
AMD 1.45 10 105.04 .130
MRUS 1.44 2 30.5 .094
KALV 1.44 8 17.89 .640
JD 1.44 5 81.03 .085
BPTH 1.44 1 5.07 .284
AMAT 1.44 7 126.76 .077
SNOA 1.43 3 5.6 .765
SCKT 1.43 3 6.85 .624
LANC 1.43 2 171.86 .016
ATKR 1.43 2 88.15 .032
TTWO 1.42 4 169.38 .032
TSN 1.42 4 79.24 .068
STE 1.42 4 218.21 .024
IMNM 1.42 4 17.42 .324
ATVI 1.42 3 74.92 .054
RMBL 1.41 3 39.1 .108
SNA 1.40 4 214.6 .024
LAZR 1.40 3 16.01 .261
JCS 1.40 3 8.41 .498
CVS 1.40 3 83.79 .048
CRDF 1.40 1 6.62 .211
ABT 1.40 4 117.32 .044
WGO 1.39 2 75.59 .036
VERY 1.39 4 9.2591 .600
OPNT 1.39 3 25.85 .159
KURA 1.39 3 18.24 .228
JBL 1.39 2 62 .044
ERYP 1.39 2 5.99 .464
EOSE 1.39 2 12.69 .218
COUR 1.39 1 31.09 .044
TNET 1.38 1 98.36 .014
INCY 1.38 2 64.36 .042
EXPI 1.38 6 43.46 .186
TWST 1.37 7 103.86 .091
LIVE 1.37 3 34.31 .117
ECOM 1.37 1 26.5 .051
TSM 1.36 2 109.2 .024
FATE 1.36 3 59.07 .069
TAOP 1.35 3 2.64 1.533
RUN 1.35 4 48.89 .108
BWAY 1.35 1 7.7706 .173
WNW 1.34 1 3.68 .364
FLWS 1.34 3 28.49 .141
CAH 1.34 4 48.06 .108
PKI 1.33 3 166.66 .021
NLS 1.33 1 9.22 .144
MOXC 1.33 4 7.35 .720
GRVY 1.33 7 87.31 .105
VRNT 1.32 3 46.3 .084
TJX 1.32 4 62.97 .080
TDC 1.32 3 57.53 .066
HOG 1.32 2 36.81 .070
GWRE 1.32 4 119.22 .044
AEO 1.32 2 24.41 .108
VIH 1.31 1 9.86 .132
SPY 1.31 1 433.62 .003
ABCL 1.31 1 15.12 .086
UHS 1.30 4 128.85 .040
OCGN 1.30 6 9.11 .852
NEWR 1.30 4 74.14 .068
JG 1.30 3 1.57 2.484
HAS 1.30 4 88.05 .056
BTBT 1.30 9 10.68 1.089
BNR 1.30 3 16.31 .237
BKE 1.30 3 40.9 .093
OLLI 1.29 2 61.04 .042
LI 1.29 3 28.03 .138
DOCN 1.29 4 85.86 .060
APPN 1.29 4 90.22 .056
VSCO 1.28 4 50.37 .100
MAT 1.28 2 19.07 .134
FRD 1.28 1 12.48 .102
BILI 1.28 22 69 .396
YETI 1.27 4 84.74 .056
RHE 1.27 2 7.54 .336
NFE 1.27 1 33.67 .037
HJLI 1.27 1 10.38 .122
HCA 1.27 3 242.51 .015
APXT 1.27 1 12.11 .104
SPCE 1.26 24 23.51 1.272
SLGG 1.26 1 3.33 .378
OKE 1.26 2 62.95 .040
MESO 1.26 1 5.62 .224
JKS 1.26 2 51.73 .048
DOMO 1.26 4 89.36 .056
CROX 1.26 4 130.09 .036
USB 1.25 4 61.66 .080
THCB 1.25 1 10 .125
RMED 1.25 4 3.19 1.564
RIOT 1.25 3 25.51 .147
PEP 1.25 3 156.93 .021
OPAD 1.25 4 8.45 .588
NGM 1.25 2 20.49 .122
CHKP 1.25 6 122.41 .060
BYSI 1.25 3 15.6 .240
SJ 1.24 4 3.41 1.452
PBTS 1.24 1 1.06 1.169
LPX 1.24 3 65.76 .054
LEDS 1.24 3 7.77 .477
KMX 1.24 2 131.56 .018
EDSA 1.24 1 7.7 .161
DKNG 1.24 3 48.94 .075
CMMB 1.24 2 9.12 .270
BNTC 1.24 3 3.57 1.041
ANPC 1.24 2 2.95 .840
AN 1.24 7 117.18 .070
ALXN 1.24 4 182.5 .024
TAP 1.23 2 45.77 .052
LAW 1.23 3 46.6 .078
J 1.23 3 133 .027
C 1.23 4 70.64 .068
UBER 1.22 3 46.72 .078
RCUS 1.22 1 31.66 .038
EYES 1.22 6 2.98 2.454
DDL 1.22 2 24.06 .100
RTX 1.21 2 89.72 .026
PFGC 1.21 3 47.72 .075
OSAT 1.21 3 4.86 .744
NVDA 1.21 144 206.71 .720
LYEL 1.21 3 13.15 .276
HGEN 1.21 3 6.36 .570
HD 1.21 12 337.8 .036
EAT 1.21 3 49.3 .072
ARAV 1.21 1 3.76 .321
WHLM 1.20 4 5.63 .852
MMM 1.20 7 175.53 .042
MAXR 1.20 3 28.69 .123
JPM 1.20 12 165.36 .084
CRIS 1.20 2 7.54 .318
CETX 1.20 1 0.8977 1.336
AMTX 1.20 3 20.4 .174
AMC 1.20 56 36.82 1.792
AKAM 1.20 3 105.27 .033
ZIM 1.19 5 46.61 .125
TVTX 1.19 3 26.04 .135
MS 1.19 7 97.78 .084
MPC 1.19 2 64.74 .036
JWN 1.19 3 26.72 .132
PRTA 1.18 8 65.64 .136
GRU 1.18 1 4.265 .276
GRTX 1.18 1 8.28 .142
ENOB 1.18 4 7.53 .624
DFH 1.18 1 15.87 .074
AYRO 1.18 1 3 .393
STZ 1.17 4 218.84 .020
SKT 1.17 3 16.83 .207
NIU 1.17 3 24.9 .138
CYTK 1.17 4 36.71 .124
CLSK 1.17 1 14.34 .081
ASAN 1.17 6 110.15 .060
VOXX 1.16 3 11.05 .312
SIF 1.16 1 8.53 .135
NTAP 1.16 4 90.24 .048
HGSH 1.16 2 1.645 1.410
CPE 1.16 3 56.13 .060
CLX 1.16 3 162.96 .021
AMEH 1.16 8 71.36 .128
NTRB 1.15 2 7.4 .310
IMTX 1.15 3 13.55 .252
BZ 1.15 2 33.07 .068
DAL 1.14 4 43.54 .104
AVIR 1.14 3 38.39 .087
AA 1.14 6 47.78 .138
VNET 1.13 3 15.87 .213
STG 1.13 1 4.66 .242
NUAN 1.13 1 55.08 .020
BTX 1.13 2 9.06 .248
ABSI 1.13 1 10.01 .112
MNOV 1.12 2 3.61 .620
FIGS 1.12 5 36.8 .150
CSIQ 1.12 3 36.37 .090
BZUN 1.12 1 18.81 .059
TGTX 1.11 1 32.61 .034
TGT 1.11 9 242.09 .036
SHEN 1.11 3 31.37 .105
PMCB 1.11 3 3.13 1.062
PG 1.11 6 142.11 .042
KHC 1.11 1 36.78 .030
GIII 1.11 4 27.65 .160
DXC 1.11 2 33.27 .066
CNET 1.11 1 1.22 .909
ALLO 1.11 2 13.43 .164
OTIS 1.10 3 81.94 .039
OPTT 1.10 1 2.07 .531
XTLB 1.09 2 4.04 .538
LIFE 1.09 3 9.47 .345
GT 1.09 1 18.66 .058
DDD 1.09 8 26.62 .320
ATAI 1.09 1 12.43 .087
ALDX 1.09 2 8.6 .252
MTSL 1.08 3 3.37 .960
FCBP 1.08 1 29.1 .037
B 1.08 1 43.28 .024
AZYO 1.08 1 6.3 .171
ALF 1.08 2 5.89 .366
TTCF 1.07 1 17.97 .059
SYPR 1.07 3 4.26 .753
SMLP 1.07 2 37.58 .056
BBBY 1.07 13 14.45 .962
VYGR 1.06 2 4.4 .480
STX 1.06 7 79.01 .091
SPI 1.06 3 4.68 .678
BAC 1.06 4 43.54 .096
SKX 1.05 2 41.23 .050
SCR 1.05 5 34.77 .150
PTGX 1.05 3 31.72 .099
PLD 1.05 4 132.29 .028
NETE 1.05 1 7.69 .136
MNST 1.05 4 87.94 .044
CELC 1.05 3 17.57 .177
RFL 1.04 2 30.78 .066
OCUP 1.04 1 4.35 .239
IPA 1.04 2 6.12 .338
FSTX 1.04 1 7.02 .148
CANF 1.04 1 1.56 .666
SCHW 1.03 3 77.27 .039
LUV 1.03 4 51.51 .076
KMPH 1.03 3 9.73 .315
FTEK 1.03 2 1.76 1.170
COP 1.03 5 73.41 .070
BLDR 1.03 2 55.45 .036
AMKR 1.03 1 22.42 .045
ALYA 1.03 3 2.75 1.122
MFNC 1.02 2 21.5 .094
CRM 1.02 10 279 .030
ZCMD 1.01 1 1.64 .615
RCON 1.01 1 2.43 .415
MVST 1.01 4 7.65 .528
LL 1.01 1 18.42 .054
EGRX 1.01 2 55.2 .036
IMAB 1.00 5 66.78 .070
FL .99 3 46.98 .063
DD .99 2 71.71 .026
ACY .99 19 46.77 .399
VTSI .98 2 12.18 .160
TRCH .98 2 4.95 .394
MYGN .98 2 31.64 .060
HOFV .98 2 2.57 .762
UAA .97 2 20.34 .094
SKLZ .97 3 8.4 .345
RRGB .96 2 21.75 .088
HRI .96 4 177.22 .020
FA .96 1 20.85 .046
DWSN .96 1 2.29 .419
CRCT .96 2 27.9 .068
CHGG .96 2 62.6 .030
AZPN .96 4 164.03 .020
QDEL .95 4 134.78 .028
NEE .95 2 78.87 .024
BTWN .95 1 9.81 .096
MSTR .94 8 710.65 .008
FTCH .94 2 35.31 .052
FB .94 104 323.77 .208
CGC .94 1 13.13 .071
MO .93 2 47.15 .038
HCM .93 4 31.74 .116
CHPT .93 1 19.99 .046
ABBV .93 4 108.57 .032
RACE .92 3 215.62 .012
PLCE .92 3 82.25 .033
ON .92 2 42.35 .042
LBPH .92 1 9 .102
KNL .92 1 25.04 .036
DUK .92 2 101.65 .018
YEXT .91 1 11.22 .081
WFC .91 4 45.31 .080
SSY .91 3 2.55 1.068
SLS .91 3 8.92 .306
AIT .91 2 94.98 .018
GEG .90 1 2.17 .414
CRTO .90 1 36.67 .024
ATNF .90 3 5.39 .498
YMM .89 1 14.2 .062
PLUG .89 8 29.78 .232
NKE .89 8 153.35 .040
LOOP .89 3 11.44 .231
ARCE .89 2 19.48 .090
ACHL .89 1 8.86 .100
HPQ .88 3 27.49 .096
LOGI .87 4 87.52 .036
GDEV .87 3 8.83 .294
DTSS .87 1 1.84 .472
AFMD .87 1 5.89 .147
VLDR .86 1 6.17 .139
UTHR .86 4 189.93 .016
RF .86 1 22.05 .039
KODK .86 2 6.89 .248
ATHM .86 2 50.24 .034
VMEO .85 2 26.76 .062
SRNE .85 1 6.52 .130
SAFM .85 1 188.36 .004
RIDE .85 5 5.12 .830
RKT .84 1 15.29 .054
PTIX .84 2 1.91 .878
LODE .84 2 2.45 .684
LEXX .84 3 6.9 .363
IYC .84 2 79.75 .020
HOL .84 3 12.35 .204
ERJ .84 2 18.81 .088
DTST .84 3 3.97 .633
CLII .84 3 14.36 .174
BB .84 11 9.34 .979
APOP .84 5 17.33 .240
UAVS .83 1 2.9 .286
TNA .83 5 85.89 .045
IRBO .83 1 42.34 .019
CNA .83 1 44.74 .018
BLUW .83 2 9.63 .172
SANA .82 1 19.68 .041
MNSO .82 1 15.11 .054
FITB .82 3 43.29 .054
SPRT .81 20 11.8 1.360
MBRX .81 2 2.77 .584
GIS .81 3 62.14 .039
GMBL .80 1 6.79 .117
SWI .79 1 19.61 .040
SLV .79 2 20.93 .074
SCYX .79 1 5.33 .148
PNRG .79 1 63.55 .012
MU .79 4 66.72 .044
ZY .78 3 12.46 .186
VVOS .78 4 3.5 .888
IPHA .78 4 5.96 .520
GNOG .78 1 17.69 .044
CAI .78 1 55.96 .013
BABA .78 98 166.78 .392
WMT .77 15 139.38 .075
WATT .77 1 2.03 .379
PRFX .77 3 2.64 .873
PLTR .77 2 23.69 .064
ENTX .77 2 4.58 .336
QFIN .76 8 21 .288
NFLX .76 105 624.94 .105
NBRV .76 1 1.16 .655
MOSY .76 1 5.49 .138
APG .76 1 20.19 .037
AGRI .76 3 1.86 1.224
WM .75 4 154.46 .016
GPS .75 6 22.69 .198
CEMI .75 7 2.45 2.142
PSTG .74 2 25.18 .058
GTIM .74 1 5.085 .145
GRVI .74 3 5.18 .426
FUBO .74 2 25.81 .056
ATXI .74 1 1.31 .564
VZ .73 2 51.33 .028
VOOV .73 1 142.82 .005
UPC .73 3 2.34 .933
TIGR .73 6 10.15 .426
SQBG .73 2 6.24 .232
RNXT .73 2 5.88 .248
ORPH .73 3 3.98 .549
NVFY .73 3 2.37 .924
LEN .73 4 94.53 .028
ENSC .72 1 2.45 .293
DEN .72 4 70.38 .040
CRMT .72 9 115.49 .054
BTCM .72 4 9.16 .312
ARPO .72 1 2.2 .327
AREC .72 4 2.3 1.252
ZKIN .71 2 2.77 .512
SLB .71 3 32.88 .063
PALI .71 3 2.75 .774
CCJ .71 5 24.49 .140
TBLA .70 1 9.85 .071
PRPL .70 3 20.6 .099
ORGS .70 1 4.85 .144
OCX .70 1 3.37 .207
MTTR .70 4 19.25 .144
JRJC .70 1 6.07 .115
IGIC .70 3 8.42 .249
GLD .70 8 164.66 .032
CBAT .70 2 2.37 .590
BGFV .70 6 23.49 .174
WIMI .69 1 3.89 .177
GM .69 2 57.69 .022
BEKE .69 1 20.6 .033
ASM .69 1 0.8108 .851
APRE .69 3 5.51 .375
APP .69 7 87.18 .049
TRI .68 2 115.26 .010
ONCS .68 1 1.87 .363
INTC .68 5 52.17 .065
HHR .68 2 55.85 .024
XONE .67 2 22.65 .058
SJM .67 10 122 .050
PDCO .67 2 32.49 .040
FOE .67 1 20.82 .032
CLNE .67 1 9.11 .073
ANF .67 2 38.75 .034
ACH .67 1 17.32 .038
VIPS .66 1 11.24 .058
SSNT .66 1 6.14 .107
RETO .66 1 0.8465 .779
LGHL .66 2 2.23 .590
CTKB .66 1 21.44 .030
CRTD .66 3 2.4 .825
BCRX .66 8 14.71 .352
AMOM .66 1 34.84 .018
XLK .65 4 150.34 .016
TATT .65 3 6.64 .291
STRO .65 2 19.22 .066
PCVX .65 1 24.91 .026
OLB .65 1 4.78 .135
MOS .65 3 41.45 .045
LMNL .65 3 2 .975
TESS .64 1 5.21 .122
SOFI .64 2 18.97 .066
SDC .64 2 6.05 .210
M .64 6 22.78 .168
LZB .64 2 33.17 .038
HRC .64 4 151.91 .016
CTIB .64 3 1.94 .987
TQQQ .63 135 123.38 .675
MRK .63 4 79.59 .028
FLOW .63 4 72.3 .032
DNUT .63 3 14.27 .132
CCL .63 4 24.33 .100
ULTA .62 1 386.92 .001
LJPC .62 2 4 .310
FLGC .62 3 5.29 .351
BON .62 3 6.2 .300
SOS .61 2 2.12 .574
PLG .61 1 2.36 .258
CL .61 3 75.67 .024
AMBO .61 1 1.33 .458
SPTN .60 2 23.08 .050
PSTV .60 1 1.77 .338
MQ .60 2 22.72 .052
KIRK .60 2 22.32 .052
EVK .60 6 2.56 1.404
AVCT .60 1 2.55 .235
AMRS .60 1 12.25 .048
VERU .59 3 8.49 .207
TTM .59 3 33.93 .051
MARA .59 12 40.86 .168
BIG .59 2 46.46 .024
WPRT .58 2 3.38 .342
WISH .58 3 5.08 .342
TRIT .58 3 5.96 .291
STAF .58 2 1.8 .644
SNAP .58 112 75.26 .784
WEI .57 1 0.76 .750
SBTX .57 1 9.22 .061
RY .57 5 102.91 .025
GGAL .57 1 10.35 .055
EZFL .57 1 3.31 .172
T .56 3 25.62 .063
SBH .56 2 15.87 .070
OBLN .56 3 3.05 .549
MTP .56 1 1.71 .327
KO .56 5 54.23 .050
CLPS .56 1 2.79 .200
CLPS .56 1 2.79 .200
CLOV .56 1 8.02 .069
ARMK .56 3 36.89 .045
VNE .55 6 35.62 .090
UWMC .55 1 6.38 .086
RSI .55 2 19.89 .054
FLXN .55 1 9.3 .059
EVGO .55 1 8.04 .068
EOLS .55 1 7.69 .071
APTO .55 2 2.19 .502
WHLR .54 2 2.82 .382
RSLS .54 2 2.79 .386
ENZ .54 2 3.81 .282
AUUD .54 5 2.43 1.110
ADMA .54 1 1.12 .482
TBIO .53 3 37.36 .042
MEDS .53 5 4.59 .575
HUYA .53 3 9.42 .168
EQ .53 1 5.97 .088
ENG .53 2 2.55 .414
BBWI .53 6 65.71 .048
ASTR .53 4 8.38 .252
XOM .52 8 61.24 .064
VIVE .52 1 2.14 .242
TLRY .52 3 10.28 .150
SILK .52 7 55.43 .063
KULR .52 1 1.96 .265
CSCO .52 8 54.28 .072
WOOF .51 2 22.16 .046
MRVL .51 6 65.29 .042
K .51 8 62.36 .064
DYAI .51 3 5.24 .291
CPSH .51 1 4.92 .103
SONO .50 5 31.16 .080
PATI .50 2 11.74 .084
MDIA .50 3 8.06 .186
FCX .50 22 34.61 .308
RKDA .49 1 2.07 .236
NRBO .49 2 1.84 .532
IGC .49 3 1.43 1.026
GP .49 3 13.48 .108
GEVO .49 4 6.75 .288
ENLV .49 2 9.29 .104
ECHO .49 1 48.12 .010
ARMP .49 1 3.4644 .141
NNDM .48 3 5.62 .255
NIO .48 75 35.51 .975
HRL .48 5 42.31 .055
EPU .48 3 28.47 .048
DRN .48 4 23.1 .080
DBGI .48 3 2.93 .489
CIFR .48 1 5.41 .088
XLE .47 6 56.41 .048
TRIL .47 1 17.58 .026
STEM .47 5 22.55 .100
SOHU .47 6 21.77 .126
QCOM .47 8 122.95 .024
DARE .47 1 1.59 .295
BODY .47 2 5.35 .174
XPEV .46 80 37.71 .960
VXX .46 3 24.61 .054
UFAB .46 2 3.19 .288
ORMP .46 12 23.24 .228
NTEC .46 4 9.63 .188
KBSF .46 2 3.05 .300
INOV .46 1 40.72 .011
GURE .46 1 5.3 .086
CVV .46 2 4.5824 .200
BCLI .46 1 3.14 .146
TYME .45 4 0.9777 1.840
TME .45 1 7.75 .058
ONCT .45 2 4.05 .222
ADIL .45 2 3.74 .240
WORX .44 4 2.03 .864
UONE .44 4 8.66 .200
NNVC .44 3 4.63 .285
GALT .44 3 3.58 .366
FFHL .44 2 10.1 .086
XLP .43 3 70.98 .018
VTNR .43 7 5.46 .546
EVGN .43 1 2.58 .166
COTY .43 4 7.69 .220
CAN .43 4 6.47 .264
ATIF .43 1 4.29 .100
AQMS .43 2 2.2 .390
KR .42 14 39.83 .140
HX .42 2 3.82 .218
CTSO .42 4 5.99 .280
SRNG .41 1 11.42 .035
MSFT .41 111 292.88 .111
KZIA .41 2 10.6 .076
GTT .41 1 2.36 .173
FLO .41 3 25.07 .048
BLIN .41 8 3.98 .824
AEHR .41 20 19.26 .420
ACOR .41 4 4.56 .356
YJ .40 2 0.709 1.128
LIZI .40 4 3.17 .504
GE .40 4 102.72 .012
FBRX .40 1 2.77 .144
DUOT .40 1 6.0264 .066
CIEN .40 18 51.9 .126
CHRA .40 1 4.69 .085
AAPL .40 107 141.51 .214
VIR .39 4 40.94 .036
FAST .39 4 53.83 .028
CSCW .39 2 0.5299 1.470
BBIG .39 19 6.39 1.159
AZN .39 10 60.27 .060
ACI .39 7 28.35 .091
SPWH .38 2 17.67 .042
OVID .38 2 3.73 .202
OTLK .38 2 2.22 .342
MRTN .38 3 15.22 .072
ANIX .38 1 4.55 .083
AAL .38 8 20.29 .144
XLV .37 4 125.34 .008
PTON .37 4 85.85 .016
ORCL .37 34 95.57 .102
NEXT .37 3 3.29 .336
HUGE .37 1 1.49 .248
HNST .37 1 9.22 .040
GPK .37 1 18.79 .019
CHMA .37 2 3.76 .196
MRKR .36 1 1.64 .219
JFIN .36 2 3.97 .180
IDEX .36 4 1.9 .756
GNLN .36 2 2.17 .330
BNGO .36 12 5.36 .804
AKTX .36 1 1.6 .225
AGNC .36 2 16.2 .044
ADMP .36 1 1.07 .336
ACB .36 3 7.26 .147
ORGO .35 2 10.35 .066
LTHM .35 10 25.43 .130
LMFA .35 5 4.22 .410
IRIX .35 3 7.53 .138
GOVX .35 6 3.97 .528
CLSD .35 3 5.6 .186
BSQR .35 13 2.3 1.976
AESE .35 1 1.7 .205
XELB .34 2 1.29 .526
HWCC .34 1 5.3 .064
HNP .33 2 19.77 .032
GTS .33 1 35.05 .009
CLF .33 8 21.73 .120
BP .33 3 29.1 .033
BHTG .33 1 1.26 .261
VBLT .32 2 2.16 .296
TAL .32 2 4.7 .136
SPCB .32 2 0.8943 .714
MINM .32 2 1.55 .412
IMMP .32 3 3.88 .246
BKYI .32 1 3.19 .100
YPF .31 1 4.59 .067
WINT .31 3 2.28 .405
ULBI .31 2 7.01 .088
FENC .31 1 9.48 .032
EXPR .31 4 4.56 .268
DMAC .31 2 4.07 .152
D .31 8 72.52 .032
AUTL .31 2 6.2 .100
AEY .31 1 2.27 .136
OXBR .30 5 2.89 .515
HAPP .30 1 0.8701 .344
PBR .29 6 10.93 .156
HUSN .29 4 2.45 .472
AXLA .29 1 2.85 .101
PIRS .28 6 4.73 .354
NKLA .28 14 11.36 .336
MITO .28 1 1.415 .197
IMMR .28 2 6.78 .082
ANY .28 15 7.03 .585
ALTO .28 3 5.56 .150
NAOV .27 11 1.95 1.518
GSM .27 7 7.77 .238
ENVB .27 3 1.98 .408
RRD .26 3 6.57 .117
PPBT .26 1 4.39 .059
PME .26 1 0.68 .382
ATOS .26 4 3.03 .340
PBLA .25 1 2 .125
MTL .25 3 4.48 .165
RAIL .24 4 4.42 .216
LC .24 8 31.2 .056
IKT .24 1 1.94 .123
GBR .24 1 4.1 .058
MOGO .23 3 5.02 .135
BGI .23 2 3.19 .144
ACHV .23 1 8.41 .027
THTX .22 1 3.5 .062
SSKN .22 1 1.93 .113
JFU .22 3 1.62 .405
GENE .22 2 3 .146
DYNT .22 5 1.6 .685
XELA .21 6 1.67 .750
VIEW .21 1 5.12 .041
TENX .21 1 1.8 .116
PFE .21 6 41.85 .030
OCG .21 4 3.91 .212
OBSV .21 4 2.75 .304
KXIN .21 5 2.39 .435
ALAC .21 2 11.4423 .036
ZNGA .20 2 7.33 .054
PHUN .20 5 0.9282 1.075
ENSV .20 1 1.4294 .139
EKSO .20 1 4.19 .047
TELL .19 6 3.52 .318
NBEV .19 1 1.43 .132
VSH .18 3 19.11 .027
TEO .18 1 5.05 .035
ADMS .18 1 8.08 .022
PPC .17 2 28.88 .010
LIVX .17 2 3.07 .110
IRCP .17 1 2.54 .066
GMTX .17 1 3.79 .044
FCEL .17 129 6.92 3.096
SPG .16 4 134.77 .004
SNES .16 2 1.49 .214
MOMO .16 2 12.38 .024
ME .16 2 7.88 .040
INFI .16 4 2.69 .236
HFBL .16 1 18.5001 .008
IMV .15 2 1.62 .184
GRUB .15 3 14.96 .030
CHNG .15 2 20.65 .014
SYKE .14 3 54 .006
SBS .14 4 6.89 .080
OEG .14 1 2.94 .047
INM .14 1 1.47 .095
IEC .14 1 15.34 .009
EDU .14 1 2.16 .064
SVBI .13 1 12.99 .010
OSMT .13 4 2.05 .252
LMRK .13 1 16.51 .007
ESXB .13 1 11.27 .011
CRON .13 4 5.39 .096
SBBP .12 2 2 .120
PSTX .12 1 6.68 .017
KDMN .12 3 8.9 .039
GSAT .12 2 1.58 .150
CPG .12 3 4.98 .072
CHNR .12 4 1.27 .376
AGEN .12 9 5.64 .189
SSL .11 12 18.38 .060
SNMP .11 2 1.07 .204
MOHO .11 3 0.5501 .597
GBS .11 1 2.18 .050
FENG .11 2 1.27 .172
CALA .11 1 2.12 .051
SLHG .10 1 2.5 .040
RAVN .10 3 57.8 .003
MRO .10 13 15.88 .078
EDTK .10 2 1.37 .144
CNFR .10 2 2.7 .074
AEMD .10 2 3.51 .056
WTER .09 2 1.61 .110
VERB .09 7 2.11 .294
TEDU .09 2 1.0088 .178
SELF .09 1 5.335 .016
PRPO .09 3 2.54 .105
DBVT .09 6 4.93 .108
BIOC .09 2 3.87 .046
AEI .09 2 2.08 .086
MBII .08 1 0.9569 .083
MARK .08 2 1.01 .158
CLDR .08 1 15.99 .005
BQ .08 2 2.34 .068
XPDI .07 5 10.18 .030
RIG .07 3 3.78 .054
NOK .07 3 5.95 .033
NEPT .07 2 0.5606 .248
MFGP .07 3 5.13 .039
ITRO .07 1 1.27 .055
ITRN .07 3 27.09 .006
FRO .07 11 8.85 .077
XBIO .06 8 1.87 .256
WYNN .06 3 91.64 0
PSP .06 2 15.12 .006
OCG .06 13 3.91 .195
MSTR .06 118 710.65 0
ET .06 4 9.9 .024
ULTA .05 12 386.92 0
MDNA .05 8 2.37 .168
FRBK .05 1 3 .016
WYNN .04 4 91.64 0
VTGN .04 3 2.51 .045
PBT .04 2 6.08 .012
OXY .04 28 33.01 .028
CXP .04 1 19.13 .002
AVGR .04 7 0.7771 .357
VCAR .03 1 11.8 .002
SNDL .03 1 0.6629 .045
SIC .03 1 14.44 .002
DFP .03 1 28.51 .001
SLVO .02 3 5.14 .009
NWHM .02 1 8.99 .002
KIN .02 2 9.25 .004
IACB .02 2 9.91 .004
DSE .02 1 9.49 .002
BLNK .02 11 28.55 0
BEST .02 2 1.89 .020
RTLR .01 8 12 0
PMD .01 1 8.33 .001
INFL .01 2 31 0
WMPN 0 4 12.45 0
QADB 0 4 87.35 0
GSKY 0 1 11.42 0
EIC -.08 1 18.53 -.004
NSYS -.12 1 11.85 -.010
