20201117
20201120
20201123
20201124
20201125
20201130
20201201
20201203
20201204
20201207
20201208
20201209
20201214
20201215
20201217
20201222
20201223
20201224
20201230
20201231
20210104
20210105
20210106
20210107
20210108
20210111
20210112
20210113
20210114
20210115
20210119
20210120
20210121
20210122
20210125
20210126
20210127
20210128
20210129
20210201
20210202
20210203
20210204
20210205
20210208
20210209
20210210
20210216
20210217
20210218
20210219
20210222
20210223
20210224
20210225
20210301
20210302
20210303
20210304
20210305
20210308
20210309
20210310
20210311
20210312
20210315
20210316
20210317
20210318
20210319
20210322
20210323
20210324
20210325
20210326
20210330
20210331
20210401
20210405
20210406
20210407
20210408
20210409
20210412
20210413
20210414
20210415
20210416
20210419
20210420
20210421
20210422
20210423
20210426
20210427
20210428
20210429
20210902
20210903
20210907
20210908
20210909
20210910
20210913
20210914
20210915
20210916
20210917
20210920
20210921
20210922
20210923
20210924
20210927
20210928
20210929
20211001
20211004
20211005
20211006
20211007
20211008
20211011
20211012
20211013
20211014
20211015
20211019
20211020
20211021
20211022
20211025
20211026
20211027
20211028
20211029
20211101
20211102
20211103
20211104
20211105
20211108
20211109
20211110
20211111
20211112
20211115
20211116
20211117
20211118
20211119
20211122
20211123
20211124
20211129
20211130
20211201
20211202
20211203
20211207
20211208
20211209
20211210
20211214
20211215
20211216
20211228
20211229
20220111
20220126
20220223
20220321
20220503
20220505
20220506
20220509
20220510
20220511
20220512
20220513
20220517
20220531
20220601
20220602
20220603
20220606
20220607
20220608
20220609
20220610
20220613
20220614
20220615
20220616
20220617
20220621
20220622
20220623
20220624
20220627
20220628
20220629
20220630
20220701
20220705
20220706
20220707
20220708
20220711
20220712
20220713
20220714
20220715
20220718
20220719
20220720
20220721
20220722
20220725
20220727
20220728
20220729
20220801
20220802
20220803
20220804
20220805
20220808
20220810
20220811
